0.00 0.00 0.00 0.00 0.00 0.00 0.00 0.00 0.00 0.00 0.00 0.00 0.00 0.00 0.00 0.00 0.00 0.00 0.00 0.00 0.00 0.00 0.00 0.00 0.00 0.00 0.00 0.00 0.00 0.00 0.00 0.00 0.00 0.00 0.00 0.00 0.00 0.00 0.00 0.00 0.00 0.00 0.00 0.00 0.00 0.00 0.00 0.00 0.00 0.00 0.00 0.00 0.00 0.00 0.00 0.00 0.00 0.00 0.00 0.00 0.00 0.00 0.00 0.00 0.00 0.00 0.00 0.00 0.00 0.00 0.00 0.00 0.00 0.00 0.00 0.00 0.00 0.00 0.00 0.00 0.00 0.00 0.00 0.00 0.00 0.00 
0.00 0.00 0.00 0.00 0.00 0.00 0.00 0.00 0.00 0.00 0.00 0.00 0.00 0.00 0.00 0.00 0.00 0.00 0.00 0.00 0.00 0.00 0.00 0.00 0.00 0.00 0.00 0.00 0.00 0.00 0.00 0.00 0.00 0.00 0.00 0.00 0.00 0.00 0.00 0.00 0.00 0.00 0.00 0.00 0.00 0.00 0.00 0.00 0.00 0.00 0.00 0.00 0.00 0.00 0.00 0.00 0.00 0.00 0.00 0.00 0.00 0.00 0.00 0.00 0.00 0.00 0.00 0.00 0.00 0.00 0.00 0.00 0.00 0.00 0.00 0.00 0.00 0.00 0.00 0.00 0.00 0.00 0.00 0.00 0.00 0.00 
0.00 0.00 0.00 0.00 0.00 0.00 0.00 0.00 0.00 0.00 0.00 0.00 0.00 0.00 0.00 0.00 0.00 0.00 0.00 0.00 0.00 0.00 0.00 0.00 0.00 0.00 0.00 0.00 0.00 0.00 0.00 0.00 0.00 0.00 0.00 0.00 0.00 0.00 0.00 0.00 0.00 0.00 0.00 0.00 0.00 0.00 0.00 0.00 0.00 0.00 0.00 0.00 0.00 0.00 0.00 0.00 0.00 0.00 0.00 0.00 0.00 0.00 0.00 0.00 0.00 0.00 0.00 0.00 0.00 0.00 0.00 0.00 0.00 0.00 0.00 0.00 0.00 0.00 0.00 0.00 0.00 0.00 0.00 0.00 0.00 0.00 
0.00 0.00 0.00 0.00 0.00 0.00 0.00 0.00 1282.57 2567.20 2569.44 3216.35 3219.84 3223.00 3225.45 3226.99 3227.54 3227.05 3225.51 3222.91 3219.23 3214.49 3208.68 3201.82 3193.92 3184.97 3174.99 3163.98 3151.95 3138.92 3124.88 3109.85 3093.83 3076.82 3058.85 3039.90 3020.00 2999.15 2977.36 2954.64 2931.00 2906.45 2881.01 2854.70 2827.54 2799.54 2770.74 2741.17 2710.85 2679.84 2648.19 2615.93 2583.16 2549.93 2516.33 2482.47 2448.46 2414.42 2380.50 2346.85 2313.64 2281.02 2249.16 2218.21 2188.29 2159.53 2131.99 2105.75 2080.85 2057.29 2035.12 2014.37 1995.14 1977.73 1962.93 1558.16 1551.37 773.01 0.00 0.00 0.00 0.00 0.00 0.00 0.00 0.00 
0.00 0.00 0.00 0.00 0.00 0.00 0.00 2559.49 3204.51 3852.97 3859.07 3864.83 3869.69 3873.65 3876.57 3878.38 3878.99 3878.37 3876.50 3873.36 3868.95 3863.27 3856.32 3848.11 3838.65 3827.95 3816.01 3802.85 3788.47 3772.88 3756.09 3738.12 3718.96 3698.62 3677.13 3654.48 3630.69 3605.76 3579.71 3552.56 3524.31 3494.99 3464.61 3433.20 3400.78 3367.37 3333.02 3297.77 3261.65 3224.71 3187.03 3148.67 3109.70 3070.22 3030.33 2990.16 2949.82 2909.49 2869.31 2829.46 2790.12 2751.47 2713.70 2676.96 2641.42 2607.18 2574.35 2543.01 2513.19 2484.93 2458.24 2433.15 2409.68 2387.87 2367.77 2348.88 2332.37 1929.53 1535.64 0.00 0.00 0.00 0.00 0.00 0.00 0.00 
0.00 0.00 0.00 0.00 0.00 1275.04 2552.93 3840.13 3848.79 4499.73 4507.90 5159.16 5165.67 5170.96 5174.82 5177.18 5177.95 5177.08 5174.56 5170.36 5164.47 5156.90 5147.65 5136.73 5124.15 5109.92 5094.04 5076.53 5057.41 5036.68 5014.35 4990.45 4964.97 4937.93 4909.34 4879.23 4847.59 4814.45 4779.83 4743.74 4706.20 4667.24 4626.88 4585.16 4542.11 4497.76 4452.18 4405.40 4357.50 4308.54 4258.60 4207.79 4156.20 4103.95 4051.20 3998.09 3944.79 3891.51 3838.45 3785.83 3733.88 3682.83 3632.91 3584.33 3537.28 3491.91 3448.34 3406.69 3367.00 3329.33 3293.69 3260.11 3228.60 3199.20 3172.12 2753.84 2732.01 2323.61 2306.67 1526.28 761.26 0.00 0.00 0.00 0.00 0.00 
0.00 0.00 0.00 0.00 0.00 2547.48 3832.28 4483.32 4494.42 5147.41 5157.24 5165.99 5495.57 5501.28 5505.42 5507.91 5508.70 5507.76 5505.06 5500.59 5494.34 5486.31 5476.50 5464.93 5451.59 5436.51 5419.69 5401.14 5380.88 5358.92 5335.27 5309.94 5282.95 5254.31 5224.03 5192.14 5158.63 5123.54 5086.88 5048.68 5008.94 4967.71 4925.02 4880.88 4835.36 4788.48 4740.31 4690.89 4640.31 4588.63 4535.95 4482.36 4427.98 4372.95 4317.40 4261.51 4205.45 4149.42 4093.63 4038.32 3983.71 3930.02 3877.50 3826.34 3776.73 3728.84 3682.79 3638.68 3596.57 3556.50 3518.50 3482.57 3448.71 3416.97 3188.48 3160.08 3133.79 2720.75 2698.91 2295.69 1519.61 379.14 0.00 0.00 0.00 0.00 
0.00 0.00 0.00 0.00 2539.86 3822.22 4473.62 5127.38 5140.49 5795.27 5806.45 5816.22 5824.37 5830.66 5835.14 5837.81 5838.66 5837.67 5834.81 5830.07 5823.46 5814.97 5804.60 5792.37 5778.28 5762.35 5744.58 5724.98 5703.58 5680.38 5655.40 5628.64 5600.13 5569.88 5537.91 5504.22 5468.84 5431.78 5393.08 5352.74 5310.80 5267.28 5222.23 5175.66 5127.64 5078.21 5027.42 4975.34 4922.04 4867.61 4812.14 4755.74 4698.53 4640.65 4582.25 4523.51 4464.61 4405.76 4347.18 4289.09 4231.73 4175.33 4120.13 4066.33 4014.12 3963.67 3915.09 3868.49 3823.94 3781.45 3741.03 3702.64 3666.20 3631.46 3597.89 3565.94 3535.90 3118.74 3092.93 2685.08 2283.57 1513.02 0.00 0.00 0.00 0.00 
0.00 0.00 0.00 1266.85 3174.58 3823.48 4476.26 5131.03 5786.67 5800.27 5812.22 6466.40 6475.13 6482.03 6487.00 6489.99 6490.94 6489.84 6486.67 6481.41 6474.07 6464.64 6453.13 6439.55 6423.92 6406.23 6386.51 6364.77 6341.01 6315.27 6287.54 6257.86 6226.22 6192.65 6157.17 6119.79 6080.54 6039.43 5996.49 5951.74 5905.22 5856.95 5806.99 5755.35 5702.11 5647.31 5591.01 5533.29 5474.23 5413.92 5352.47 5290.01 5226.66 5162.58 5097.94 5032.93 4967.76 4902.64 4837.82 4773.55 4710.08 4647.67 4586.56 4526.99 4469.15 4413.23 4359.36 4307.63 4258.13 4210.87 4165.85 4123.05 4082.41 4043.89 4007.56 3579.79 3547.75 3516.82 3101.99 2692.18 2288.09 1891.47 753.88 0.00 0.00 0.00 
0.00 0.00 0.00 2531.73 3810.98 4462.64 5117.79 5774.74 5790.44 6447.25 6460.03 6471.22 6480.32 6487.40 6492.47 6495.50 6496.48 6495.39 6492.22 6486.97 6479.63 6470.21 6458.72 6445.17 6429.56 6411.91 6392.22 6370.52 6346.81 6321.12 6293.45 6263.82 6232.25 6198.75 6163.35 6126.05 6086.88 6045.87 6003.03 5958.40 5912.00 5863.87 5814.05 5762.57 5709.50 5654.89 5598.80 5541.31 5482.50 5422.46 5361.31 5299.16 5236.15 5172.44 5108.18 5043.58 4978.83 4914.15 4849.77 4785.93 4722.89 4660.88 4600.14 4540.90 4483.35 4427.65 4373.93 4322.30 4272.80 4225.46 4180.25 4137.13 4096.00 4056.71 4019.00 3982.30 3947.77 3525.90 3494.89 3081.37 2673.67 2273.08 1505.49 0.00 0.00 0.00 
0.00 0.00 0.00 2529.93 3811.36 4464.19 5119.90 5777.30 5793.59 6450.62 6463.77 6475.06 6484.35 6491.57 6496.72 6499.80 6500.80 6499.72 6496.56 6491.31 6483.98 6474.57 6463.10 6449.56 6433.97 6416.34 6396.69 6375.02 6351.35 6325.69 6298.07 6268.49 6236.96 6203.52 6168.17 6130.94 6091.84 6050.91 6008.15 5963.61 5917.30 5869.28 5819.57 5768.22 5715.29 5660.83 5604.90 5547.59 5488.97 5429.15 5368.23 5306.33 5243.58 5180.15 5116.20 5051.92 4987.49 4923.14 4859.10 4795.60 4732.88 4671.18 4610.73 4551.74 4494.40 4438.87 4385.27 4333.69 4284.20 4236.78 4191.43 4148.05 4106.52 4066.67 4028.28 3991.24 3955.76 3533.41 3501.18 3086.71 2677.91 2275.40 1504.09 0.00 0.00 0.00 
0.00 0.00 0.00 3162.94 3811.38 5103.32 5121.38 5779.12 6437.55 6452.89 6466.30 6477.76 6487.21 6494.53 6499.74 6502.85 6503.86 6502.79 6499.63 6494.39 6487.07 6477.67 6466.20 6452.68 6437.10 6419.49 6399.86 6378.21 6354.56 6328.94 6301.34 6271.79 6240.31 6206.90 6171.60 6134.41 6095.36 6054.48 6011.78 5967.30 5921.07 5873.12 5823.49 5772.24 5719.40 5665.05 5609.24 5552.05 5493.58 5433.90 5373.14 5311.42 5248.87 5185.64 5121.90 5057.84 4993.64 4929.53 4865.73 4802.47 4739.98 4678.49 4618.24 4559.42 4502.23 4446.81 4393.29 4341.76 4292.26 4244.80 4199.34 4155.79 4114.01 4073.78 4034.83 3997.28 3961.07 3925.97 3505.58 3090.40 3062.05 2276.99 1881.14 0.00 0.00 0.00 
0.00 0.00 0.00 3162.66 3811.53 5104.05 5442.19 5780.15 6438.78 6454.19 6467.71 6479.28 6811.86 6819.41 6824.80 6828.03 6829.08 6827.95 6824.63 6819.12 6811.43 6801.56 6789.52 6775.31 6758.96 6740.46 6719.85 6697.12 6672.29 6645.38 6616.41 6585.38 6552.32 6517.25 6480.18 6441.13 6400.13 6357.20 6312.37 6265.67 6217.13 6166.78 6114.68 6060.86 6005.39 5948.32 5889.72 5829.68 5768.28 5705.63 5641.83 5577.02 5511.34 5444.95 5378.03 5310.76 5243.35 5176.03 5109.03 5042.60 4976.97 4912.40 4849.12 4787.36 4727.29 4669.09 4612.89 4558.78 4506.82 4457.02 4409.37 4363.81 4320.29 4278.71 4038.50 4000.57 3964.04 3928.76 3507.99 3092.49 3063.64 2657.62 1881.22 0.00 0.00 0.00 
0.00 0.00 0.00 3162.84 3811.73 5104.28 5442.41 5780.38 6439.03 6454.44 6467.95 6479.53 6812.11 6819.66 6825.06 6828.28 6829.34 6828.20 6824.88 6819.37 6811.67 6801.80 6789.76 6775.56 6759.20 6740.71 6720.09 6697.36 6672.54 6645.63 6616.66 6585.63 6552.58 6517.51 6480.44 6441.40 6400.40 6357.48 6312.65 6265.96 6217.42 6167.08 6114.98 6061.18 6005.71 5948.65 5890.07 5830.03 5768.65 5706.01 5642.22 5577.43 5511.77 5445.39 5378.48 5311.23 5243.84 5176.53 5109.55 5043.13 4977.52 4912.96 4849.69 4787.93 4727.87 4669.68 4613.48 4559.38 4507.41 4457.61 4409.94 4364.37 4320.82 4279.21 4038.97 4001.01 3964.44 3929.11 3508.29 3092.74 3063.86 2657.79 1881.35 0.00 0.00 0.00 
0.00 0.00 0.00 3163.47 3811.97 5103.99 5122.04 5779.82 6438.28 6453.62 6467.04 6478.50 6487.95 6495.28 6500.49 6503.60 6504.61 6503.54 6500.38 6495.13 6487.80 6478.40 6466.93 6453.40 6437.83 6420.22 6400.59 6378.95 6355.31 6329.69 6302.10 6272.56 6241.08 6207.69 6172.39 6135.21 6096.18 6055.31 6012.63 5968.16 5921.95 5874.02 5824.41 5773.18 5720.37 5666.05 5610.27 5553.12 5494.68 5435.04 5374.32 5312.64 5250.13 5186.95 5123.26 5059.24 4995.09 4931.03 4867.27 4804.05 4741.60 4680.15 4619.93 4561.14 4503.97 4448.57 4395.06 4343.53 4294.03 4246.55 4201.06 4157.46 4115.62 4075.29 4036.24 3998.58 3962.24 3927.02 3506.48 3091.14 3062.71 2277.49 1881.53 0.00 0.00 0.00 
0.00 0.00 0.00 2530.65 3812.32 4465.22 5120.99 5778.46 5794.73 6451.84 6464.99 6476.30 6485.59 6492.82 6497.98 6501.06 6502.05 6500.97 6497.80 6492.54 6485.21 6475.80 6464.32 6450.78 6435.19 6417.56 6397.91 6376.25 6352.59 6326.94 6299.33 6269.76 6238.25 6204.83 6169.50 6132.28 6093.21 6052.29 6009.56 5965.05 5918.77 5870.78 5821.11 5769.81 5716.92 5662.50 5606.63 5549.37 5490.81 5431.05 5370.19 5308.36 5245.70 5182.34 5118.47 5054.26 4989.92 4925.65 4861.68 4798.26 4735.61 4673.97 4613.57 4554.63 4497.32 4441.82 4388.24 4336.67 4287.17 4239.73 4194.32 4150.86 4109.23 4069.23 4030.66 3993.41 3957.74 3535.06 3502.67 3087.93 2678.91 2276.22 1504.63 0.00 0.00 0.00 
0.00 0.00 0.00 2532.65 3812.26 4464.04 5119.30 5776.34 5792.02 6448.94 6461.73 6472.95 6482.07 6489.17 6494.25 6497.28 6498.25 6497.14 6493.96 6488.70 6481.35 6471.93 6460.43 6446.88 6431.27 6413.62 6393.94 6372.25 6348.56 6322.88 6295.22 6265.61 6234.06 6200.58 6165.20 6127.93 6088.80 6047.81 6005.01 5960.42 5914.06 5865.98 5816.21 5764.79 5711.78 5657.23 5601.22 5543.80 5485.07 5425.12 5364.07 5302.02 5239.11 5175.51 5111.37 5046.88 4982.24 4917.67 4853.40 4789.67 4726.72 4664.80 4604.14 4544.97 4487.47 4431.81 4378.12 4326.50 4277.00 4229.63 4184.37 4141.14 4099.85 4060.34 4022.37 3985.35 3950.52 3528.21 3496.96 3083.05 2675.04 2274.18 1506.18 0.00 0.00 0.00 
0.00 0.00 0.00 1267.41 3175.98 3825.08 4478.01 5132.92 5788.68 5802.28 5814.26 6468.63 6477.40 6484.33 6489.31 6492.29 6493.23 6492.11 6488.92 6483.64 6476.29 6466.85 6455.33 6441.76 6426.12 6408.44 6388.73 6367.00 6343.26 6317.53 6289.83 6260.16 6228.55 6195.01 6159.56 6122.22 6083.00 6041.93 5999.04 5954.34 5907.88 5859.67 5809.77 5758.21 5705.04 5650.32 5594.12 5536.50 5477.54 5417.35 5356.03 5293.69 5230.48 5166.54 5102.05 5037.19 4972.16 4907.19 4842.52 4778.38 4715.04 4652.75 4591.75 4532.26 4474.50 4418.63 4364.80 4313.11 4263.60 4216.32 4171.24 4128.32 4087.49 4048.68 4011.97 3583.52 3551.08 3519.77 3104.41 2694.11 2289.61 1892.64 754.31 0.00 0.00 0.00 
0.00 0.00 0.00 0.00 2541.19 3824.14 4475.75 5129.65 5142.71 5797.71 5808.94 5818.79 5827.03 5833.36 5837.85 5840.51 5841.34 5840.31 5837.43 5832.67 5826.04 5817.53 5807.16 5794.93 5780.84 5764.91 5747.15 5727.57 5706.19 5683.01 5658.05 5631.32 5602.84 5572.62 5540.68 5507.03 5471.70 5434.69 5396.04 5355.76 5313.88 5270.43 5225.45 5178.97 5131.04 5081.70 5031.02 4979.05 4925.88 4871.58 4816.25 4760.00 4702.95 4645.24 4587.02 4528.45 4469.73 4411.06 4352.65 4294.72 4237.52 4181.27 4126.19 4072.50 4020.38 3970.00 3921.48 3874.93 3830.39 3787.90 3747.44 3708.95 3672.30 3637.21 3603.09 3570.56 3539.98 3122.01 3095.84 2687.39 2285.37 1514.14 0.00 0.00 0.00 0.00 
0.00 0.00 0.00 0.00 0.00 2549.16 3834.54 4485.70 4496.74 5150.02 5159.94 5168.84 5498.71 5504.48 5508.61 5511.07 5511.82 5510.83 5508.10 5503.60 5497.32 5489.27 5479.46 5467.88 5454.55 5439.48 5422.67 5404.14 5383.90 5361.96 5338.34 5313.04 5286.09 5257.49 5227.25 5195.40 5161.95 5126.91 5090.31 5052.17 5012.51 4971.36 4928.74 4884.71 4839.28 4792.52 4744.46 4695.18 4644.74 4593.22 4540.70 4487.29 4433.10 4378.26 4322.92 4267.24 4211.39 4155.58 4100.00 4044.89 3990.46 3936.95 3884.57 3833.55 3784.05 3736.25 3690.27 3646.22 3604.16 3564.12 3526.12 3490.13 3456.10 3423.97 3194.42 3165.21 3138.24 2724.19 2701.93 2298.01 1521.03 379.46 0.00 0.00 0.00 0.00 
0.00 0.00 0.00 0.00 0.00 1276.15 2555.01 3842.45 3851.04 4502.37 4510.66 5162.51 5169.36 5174.69 5178.51 5180.79 5181.49 5180.57 5177.99 5173.76 5167.84 5160.26 5151.00 5140.08 5127.50 5113.28 5097.42 5079.93 5060.83 5040.13 5017.83 4993.96 4968.52 4941.52 4912.99 4882.92 4851.34 4818.26 4783.71 4747.69 4710.23 4671.35 4631.09 4589.47 4546.54 4502.32 4456.87 4410.24 4362.50 4313.72 4263.97 4213.36 4161.98 4109.96 4057.45 4004.58 3951.54 3898.50 3845.69 3793.31 3741.58 3690.74 3641.00 3592.58 3545.65 3500.39 3456.92 3415.34 3375.72 3338.12 3302.55 3269.02 3237.49 3207.79 3179.31 2759.20 2736.61 2327.03 2309.66 1528.04 762.06 0.00 0.00 0.00 0.00 0.00 
0.00 0.00 0.00 0.00 0.00 0.00 639.52 2560.95 3206.49 3855.46 3861.75 3867.79 4518.09 4522.52 4525.79 4527.77 4528.39 4527.60 4525.35 4521.65 4516.47 4509.82 4501.70 4492.13 4481.09 4468.61 4454.70 4439.36 4422.60 4404.43 4384.87 4363.93 4341.60 4317.92 4292.87 4266.49 4238.78 4209.74 4179.41 4147.79 4114.90 4080.76 4045.40 4008.83 3971.10 3932.23 3892.27 3851.26 3809.25 3766.31 3722.50 3677.90 3632.62 3586.75 3540.41 3493.74 3446.89 3400.03 3353.36 3307.05 3261.33 3216.40 3172.47 3129.73 3088.36 3048.50 3010.27 2973.77 2939.07 2906.22 2875.26 2846.24 2819.27 2794.55 2374.19 2354.12 2336.82 1932.73 1537.93 0.00 0.00 0.00 0.00 0.00 0.00 0.00 
0.00 0.00 0.00 0.00 0.00 0.00 0.00 0.00 1283.44 2569.02 2571.39 3219.04 3222.99 3226.18 3228.54 3230.00 3230.47 3229.93 3228.34 3225.70 3222.00 3217.25 3211.44 3204.58 3196.67 3187.74 3177.77 3166.78 3154.77 3141.76 3127.75 3112.75 3096.75 3079.79 3061.85 3042.94 3023.09 3002.28 2980.55 2957.88 2934.31 2909.83 2884.47 2858.25 2831.17 2803.28 2774.59 2745.14 2714.96 2684.10 2652.60 2620.52 2587.92 2554.88 2521.49 2487.84 2454.04 2420.22 2386.52 2353.08 2320.05 2287.61 2255.91 2225.08 2195.28 2166.60 2139.14 2112.97 2088.14 2064.68 2042.62 2022.01 2002.88 1985.27 1968.78 1562.02 1554.68 774.52 0.00 0.00 0.00 0.00 0.00 0.00 0.00 0.00 
0.00 0.00 0.00 0.00 0.00 0.00 0.00 0.00 0.00 0.00 0.00 0.00 645.86 646.21 646.56 646.80 646.86 646.74 646.41 645.88 645.14 644.19 643.03 641.66 640.08 638.30 636.31 634.12 631.72 629.13 626.33 623.34 620.15 616.76 613.18 609.41 605.45 601.30 596.97 592.45 587.75 582.87 577.82 572.59 567.20 561.64 555.93 550.07 544.07 537.93 531.67 525.29 518.82 512.26 505.64 498.97 492.27 485.58 478.91 472.29 465.76 459.34 453.06 446.95 441.04 435.35 429.89 424.68 419.75 415.11 410.79 406.88 403.53 401.20 0.00 0.00 0.00 0.00 0.00 0.00 0.00 0.00 0.00 0.00 0.00 0.00 
0.00 0.00 0.00 0.00 0.00 0.00 0.00 0.00 0.00 0.00 0.00 0.00 0.00 0.00 0.00 0.00 0.00 0.00 0.00 0.00 0.00 0.00 0.00 0.00 0.00 0.00 0.00 0.00 0.00 0.00 0.00 0.00 0.00 0.00 0.00 0.00 0.00 0.00 0.00 0.00 0.00 0.00 0.00 0.00 0.00 0.00 0.00 0.00 0.00 0.00 0.00 0.00 0.00 0.00 0.00 0.00 0.00 0.00 0.00 0.00 0.00 0.00 0.00 0.00 0.00 0.00 0.00 0.00 0.00 0.00 0.00 0.00 0.00 0.00 0.00 0.00 0.00 0.00 0.00 0.00 0.00 0.00 0.00 0.00 0.00 0.00 
0.00 0.00 0.00 0.00 0.00 0.00 0.00 0.00 0.00 0.00 0.00 0.00 0.00 0.00 0.00 0.00 0.00 0.00 0.00 0.00 0.00 0.00 0.00 0.00 0.00 0.00 0.00 0.00 0.00 0.00 0.00 0.00 0.00 0.00 0.00 0.00 0.00 0.00 0.00 0.00 0.00 0.00 0.00 0.00 0.00 0.00 0.00 0.00 0.00 0.00 0.00 0.00 0.00 0.00 0.00 0.00 0.00 0.00 0.00 0.00 0.00 0.00 0.00 0.00 0.00 0.00 0.00 0.00 0.00 0.00 0.00 0.00 0.00 0.00 0.00 0.00 0.00 0.00 0.00 0.00 0.00 0.00 0.00 0.00 0.00 0.00 
0.00 0.00 0.00 0.00 0.00 0.00 0.00 0.00 0.00 0.00 0.00 0.00 0.00 0.00 0.00 0.00 0.00 0.00 0.00 0.00 0.00 0.00 0.00 0.00 0.00 0.00 0.00 0.00 0.00 0.00 0.00 0.00 0.00 0.00 0.00 0.00 0.00 0.00 0.00 0.00 0.00 0.00 0.00 0.00 0.00 0.00 0.00 0.00 0.00 0.00 0.00 0.00 0.00 0.00 0.00 0.00 0.00 0.00 0.00 0.00 0.00 0.00 0.00 0.00 0.00 0.00 0.00 0.00 0.00 0.00 0.00 0.00 0.00 0.00 0.00 0.00 0.00 0.00 0.00 0.00 0.00 0.00 0.00 0.00 0.00 0.00 
