0.00 0.00 0.00 0.00 0.00 0.00 0.00 0.00 0.00 0.00 0.00 0.00 0.00 0.00 0.00 0.00 0.00 0.00 0.00 0.00 0.00 0.00 0.00 0.00 0.00 0.00 0.00 0.00 0.00 0.00 0.00 0.00 0.00 0.00 0.00 0.00 0.00 0.00 0.00 0.00 0.00 0.00 0.00 0.00 0.00 0.00 0.00 0.00 0.00 0.00 0.00 0.00 0.00 0.00 0.00 0.00 0.00 0.00 0.00 0.00 0.00 0.00 0.00 0.00 0.00 0.00 0.00 0.00 0.00 0.00 0.00 0.00 0.00 0.00 0.00 0.00 0.00 0.00 0.00 0.00 0.00 0.00 0.00 0.00 0.00 0.00 
0.00 0.00 0.00 0.00 0.00 0.00 0.00 0.00 0.00 0.00 0.00 0.00 0.00 0.00 0.00 0.00 0.00 0.00 0.00 0.00 0.00 0.00 0.00 0.00 0.00 0.00 0.00 0.00 0.00 0.00 0.00 0.00 0.00 0.00 0.00 0.00 0.00 0.00 0.00 0.00 0.00 0.00 0.00 0.00 0.00 0.00 0.00 0.00 0.00 0.00 0.00 0.00 0.00 0.00 0.00 0.00 0.00 0.00 0.00 0.00 0.00 0.00 0.00 0.00 0.00 0.00 0.00 0.00 0.00 0.00 0.00 0.00 0.00 0.00 0.00 0.00 0.00 0.00 0.00 0.00 0.00 0.00 0.00 0.00 0.00 0.00 
0.00 0.00 0.00 0.00 0.00 0.00 0.00 0.00 0.00 0.00 0.00 0.00 0.00 0.00 0.00 0.00 0.00 0.00 0.00 0.00 0.00 0.00 0.00 0.00 0.00 0.00 0.00 0.00 0.00 0.00 0.00 0.00 0.00 0.00 0.00 0.00 0.00 0.00 0.00 0.00 0.00 0.00 0.00 0.00 0.00 0.00 0.00 0.00 0.00 0.00 0.00 0.00 0.00 0.00 0.00 0.00 0.00 0.00 0.00 0.00 0.00 0.00 0.00 0.00 0.00 0.00 0.00 0.00 0.00 0.00 0.00 0.00 0.00 0.00 0.00 0.00 0.00 0.00 0.00 0.00 0.00 0.00 0.00 0.00 0.00 0.00 
0.00 0.00 0.00 0.00 0.00 0.00 0.00 0.00 1136.98 2281.11 2288.31 2874.04 2885.51 2897.10 2907.96 2917.68 2926.09 2933.09 2938.63 2942.71 2945.34 2946.53 2946.33 2944.77 2941.88 2937.72 2932.34 2925.78 2918.11 2909.37 2899.62 2888.94 2877.37 2864.98 2851.85 2838.03 2823.59 2808.62 2793.17 2777.32 2761.14 2744.69 2728.06 2711.29 2694.47 2677.64 2660.87 2644.22 2627.72 2611.43 2595.38 2579.62 2564.18 2549.07 2534.33 2519.97 2506.00 2492.43 2479.26 2466.50 2454.13 2442.15 2430.55 2419.31 2408.42 2397.85 2387.59 2377.60 2367.88 2358.41 2349.17 2340.20 2331.54 2323.39 2316.24 1846.87 1843.59 920.59 0.00 0.00 0.00 0.00 0.00 0.00 0.00 0.00 
0.00 0.00 0.00 0.00 0.00 0.00 0.00 2258.90 2836.70 3422.94 3438.86 3455.14 3470.30 3484.48 3497.43 3508.94 3518.88 3527.15 3533.71 3538.56 3541.70 3543.15 3542.95 3541.13 3537.75 3532.86 3526.52 3518.78 3509.71 3499.37 3487.85 3475.20 3461.50 3446.83 3431.26 3414.89 3397.78 3380.01 3361.69 3342.88 3323.67 3304.14 3284.38 3264.46 3244.45 3224.43 3204.47 3184.63 3164.97 3145.54 3126.39 3107.57 3089.11 3071.04 3053.39 3036.19 3019.43 3003.15 2987.33 2971.98 2957.10 2942.68 2928.69 2915.13 2901.98 2889.20 2876.79 2864.71 2852.93 2841.44 2830.22 2819.28 2808.62 2798.29 2788.33 2778.53 2769.54 2299.95 1835.41 0.00 0.00 0.00 0.00 0.00 0.00 0.00 
0.00 0.00 0.00 0.00 0.00 1115.97 2240.56 3386.77 3406.72 3998.48 4019.11 4615.54 4635.49 4654.22 4671.27 4686.42 4699.49 4710.38 4719.04 4725.44 4729.60 4731.54 4731.30 4728.93 4724.51 4718.08 4709.73 4699.54 4687.59 4673.96 4658.76 4642.06 4623.98 4604.61 4584.05 4562.42 4539.81 4516.34 4492.11 4467.24 4441.84 4416.00 4389.85 4363.47 4336.98 4310.46 4284.00 4257.69 4231.61 4205.82 4180.40 4155.39 4130.85 4106.82 4083.33 4060.41 4038.09 4016.37 3995.27 3974.78 3954.90 3935.61 3916.90 3898.75 3881.13 3864.01 3847.36 3831.15 3815.34 3799.90 3784.82 3770.08 3755.68 3741.64 3728.08 3251.20 3239.11 2766.16 2755.92 1830.30 914.22 0.00 0.00 0.00 0.00 0.00 
0.00 0.00 0.00 0.00 0.00 2225.84 3364.29 3953.50 3978.78 4575.27 4599.93 4623.58 4934.58 4954.50 4972.57 4988.55 5002.32 5013.79 5022.91 5029.67 5034.07 5036.15 5035.93 5033.49 5028.87 5022.16 5013.42 5002.74 4990.20 4975.91 4959.94 4942.41 4923.42 4903.06 4881.45 4858.71 4834.93 4810.24 4784.75 4758.57 4731.83 4704.62 4677.06 4649.27 4621.33 4593.35 4565.43 4537.66 4510.10 4482.85 4455.95 4429.49 4403.50 4378.04 4353.14 4328.82 4305.12 4282.05 4259.61 4237.80 4216.63 4196.08 4176.12 4156.75 4137.93 4119.63 4101.81 4084.45 4067.50 4050.93 4034.70 4018.80 4003.19 3987.89 3739.91 3724.82 3710.18 3234.49 3221.20 2750.08 1826.48 456.24 0.00 0.00 0.00 0.00 
0.00 0.00 0.00 0.00 2205.85 3338.03 3926.89 4521.99 4551.76 5152.44 5180.52 5207.03 5231.40 5253.14 5272.49 5289.48 5304.06 5316.18 5325.81 5332.95 5337.61 5339.82 5339.64 5337.11 5332.30 5325.28 5316.14 5304.96 5291.82 5276.84 5260.09 5241.70 5221.77 5200.40 5177.72 5153.83 5128.86 5102.92 5076.14 5048.63 5020.51 4991.90 4962.92 4933.67 4904.27 4874.82 4845.42 4816.15 4787.11 4758.37 4730.00 4702.07 4674.63 4647.73 4621.40 4595.69 4570.61 4546.18 4522.41 4499.29 4476.84 4455.02 4433.83 4413.24 4393.23 4373.76 4354.78 4336.27 4318.18 4300.47 4283.08 4265.97 4249.07 4232.22 4215.17 4198.20 4181.47 3703.35 3687.63 3213.54 2742.89 1822.48 0.00 0.00 0.00 0.00 
0.00 0.00 0.00 1094.41 2755.35 3337.33 3928.42 4525.21 5125.65 5157.71 5187.39 5791.21 5817.37 5841.34 5862.84 5881.73 5897.93 5911.38 5922.07 5929.99 5935.17 5937.64 5937.45 5934.67 5929.37 5921.62 5911.52 5899.17 5884.65 5868.09 5849.58 5829.24 5807.20 5783.57 5758.48 5732.05 5704.43 5675.73 5646.09 5615.64 5584.51 5552.84 5520.75 5488.37 5455.80 5423.18 5390.60 5358.16 5325.97 5294.11 5262.65 5231.66 5201.22 5171.36 5142.14 5113.59 5085.73 5058.59 5032.17 5006.47 4981.50 4957.23 4933.65 4910.73 4888.43 4866.74 4845.59 4824.94 4804.75 4784.96 4765.52 4746.38 4727.47 4708.78 4690.32 4208.18 4190.21 4172.11 3694.38 3218.90 2746.40 2278.39 909.63 0.00 0.00 0.00 
0.00 0.00 0.00 2184.55 3307.68 3895.57 4492.04 5093.89 5129.30 5734.58 5766.50 5796.61 5823.69 5848.07 5869.76 5888.73 5904.95 5918.40 5929.07 5936.98 5942.16 5944.65 5944.50 5941.77 5936.54 5928.88 5918.88 5906.64 5892.25 5875.82 5857.46 5837.28 5815.40 5791.95 5767.03 5740.79 5713.35 5684.84 5655.39 5625.14 5594.20 5562.71 5530.80 5498.59 5466.19 5433.72 5401.29 5368.99 5336.92 5305.16 5273.80 5242.90 5212.52 5182.72 5153.54 5125.02 5097.18 5070.03 5043.60 5017.88 4992.87 4968.55 4944.91 4921.92 4899.55 4877.76 4856.50 4835.73 4815.40 4795.44 4775.79 4756.39 4737.15 4717.97 4698.73 4679.12 4659.80 4178.86 4159.88 3682.11 3207.28 2736.57 1817.61 0.00 0.00 0.00 
0.00 0.00 0.00 2180.14 3306.67 3896.48 4493.64 5096.22 5132.67 5738.28 5770.87 5801.13 5828.63 5853.31 5875.16 5894.20 5910.44 5923.89 5934.56 5942.47 5947.65 5950.15 5950.03 5947.34 5942.15 5934.56 5924.64 5912.48 5898.19 5881.87 5863.62 5843.56 5821.81 5798.49 5773.72 5747.62 5720.32 5691.96 5662.66 5632.55 5601.76 5570.41 5538.64 5506.56 5474.29 5441.94 5409.62 5377.43 5345.45 5313.78 5282.49 5251.66 5221.34 5191.58 5162.43 5133.93 5106.10 5078.95 5052.51 5026.77 5001.73 4977.38 4953.69 4930.65 4908.21 4886.34 4865.00 4844.13 4823.68 4803.59 4783.77 4764.16 4744.64 4725.12 4705.45 4685.59 4665.66 4184.37 4164.56 3686.12 3210.46 2738.34 1816.59 0.00 0.00 0.00 
0.00 0.00 0.00 2725.97 3305.30 4456.27 4494.68 5097.92 5704.56 5740.55 5773.79 5804.40 5832.25 5857.11 5879.05 5898.13 5914.38 5927.82 5938.48 5946.38 5951.56 5954.07 5953.96 5951.30 5946.15 5938.60 5928.73 5916.63 5902.41 5886.16 5867.99 5848.02 5826.36 5803.13 5778.45 5752.46 5725.26 5697.00 5667.81 5637.80 5607.11 5575.87 5544.19 5512.21 5480.03 5447.76 5415.52 5383.40 5351.49 5319.88 5288.64 5257.85 5227.57 5197.84 5168.72 5140.23 5112.40 5085.26 5058.81 5033.06 5008.00 4983.62 4959.90 4936.82 4914.34 4892.42 4871.01 4850.07 4829.54 4809.35 4789.42 4769.66 4749.96 4730.18 4710.17 4690.00 4669.64 4649.02 4167.82 3688.93 3670.18 2739.57 2271.50 0.00 0.00 0.00 
0.00 0.00 0.00 2725.04 3304.97 4457.00 4777.42 5098.92 5706.01 5742.05 5775.52 5806.37 6125.13 6150.70 6173.46 6193.34 6210.32 6224.38 6235.54 6243.81 6249.23 6251.85 6251.72 6248.90 6243.49 6235.55 6225.18 6212.47 6197.53 6180.46 6161.38 6140.41 6117.66 6093.27 6067.35 6040.05 6011.50 5981.82 5951.16 5919.65 5887.43 5854.62 5821.36 5787.77 5753.97 5720.09 5686.23 5652.50 5619.00 5585.80 5553.00 5520.67 5488.87 5457.65 5427.07 5397.16 5367.94 5339.44 5311.67 5284.63 5258.32 5232.72 5207.81 5183.57 5159.97 5136.95 5114.48 5092.50 5070.95 5049.76 5028.87 5008.20 4987.67 4967.20 4712.78 4692.38 4671.83 4651.06 4169.61 3690.51 3671.42 3196.92 2271.57 0.00 0.00 0.00 
0.00 0.00 0.00 2725.46 3305.43 4457.51 4777.91 5099.41 5706.52 5742.54 5776.00 5806.84 6125.60 6151.16 6173.90 6193.77 6210.73 6224.78 6235.92 6244.18 6249.59 6252.20 6252.06 6249.24 6243.82 6235.88 6225.50 6212.80 6197.86 6180.79 6161.72 6140.75 6118.01 6093.62 6067.71 6040.42 6011.87 5982.20 5951.54 5920.04 5887.82 5855.02 5821.76 5788.18 5754.39 5720.52 5686.66 5652.94 5619.43 5586.24 5553.45 5521.12 5489.32 5458.10 5427.52 5397.61 5368.39 5339.89 5312.12 5285.08 5258.76 5233.16 5208.25 5184.01 5160.40 5137.38 5114.91 5092.92 5071.36 5050.17 5029.27 5008.58 4988.04 4967.55 4713.10 4692.68 4672.10 4651.30 4169.83 3690.69 3671.58 3197.05 2271.67 0.00 0.00 0.00 
0.00 0.00 0.00 2727.20 3306.64 4457.77 4496.11 5099.41 5706.07 5742.02 5775.24 5805.82 5833.64 5858.48 5880.38 5899.42 5915.62 5929.01 5939.63 5947.49 5952.64 5955.11 5954.98 5952.30 5947.14 5939.58 5929.70 5917.61 5903.39 5887.15 5868.99 5849.04 5827.39 5804.18 5779.52 5753.54 5726.37 5698.13 5668.95 5638.96 5608.29 5577.07 5545.41 5513.44 5481.28 5449.03 5416.80 5384.69 5352.79 5321.19 5289.97 5259.18 5228.90 5199.18 5170.06 5141.57 5113.75 5086.60 5060.15 5034.40 5009.33 4984.95 4961.22 4938.13 4915.64 4893.70 4872.29 4851.33 4830.78 4810.57 4790.60 4770.80 4751.05 4731.21 4711.13 4690.89 4670.45 4649.75 4168.46 3689.47 3670.67 2739.95 2271.80 0.00 0.00 0.00 
0.00 0.00 0.00 2181.84 3308.86 3898.78 4496.02 5098.68 5135.03 5740.74 5773.29 5803.51 5830.98 5855.60 5877.39 5896.36 5912.52 5925.89 5936.48 5944.32 5949.44 5951.89 5951.73 5949.01 5943.80 5936.20 5926.27 5914.12 5899.83 5883.53 5865.30 5845.26 5823.54 5800.24 5775.50 5749.43 5722.17 5693.84 5664.57 5634.49 5603.74 5572.42 5540.68 5508.63 5476.39 5444.06 5411.76 5379.59 5347.63 5315.98 5284.71 5253.88 5223.57 5193.82 5164.68 5136.17 5108.34 5081.20 5054.75 5029.01 5003.96 4979.60 4955.90 4932.84 4910.39 4888.50 4867.14 4846.25 4825.77 4805.63 4785.76 4766.08 4746.48 4726.85 4707.07 4687.08 4667.03 4185.52 4165.62 3687.01 3211.20 2738.96 1817.01 0.00 0.00 0.00 
0.00 0.00 0.00 2186.68 3310.61 3898.70 4495.31 5097.29 5132.58 5737.99 5769.86 5799.94 5826.99 5851.31 5872.91 5891.77 5907.87 5921.19 5931.76 5939.57 5944.66 5947.08 5946.88 5944.11 5938.84 5931.17 5921.17 5908.93 5894.55 5878.15 5859.81 5839.67 5817.82 5794.41 5769.54 5743.34 5715.95 5687.48 5658.08 5627.87 5596.98 5565.54 5533.67 5501.50 5469.14 5436.70 5404.30 5372.03 5339.99 5308.26 5276.92 5246.03 5215.67 5185.88 5156.70 5128.18 5100.34 5073.19 5046.75 5021.02 4996.00 4971.67 4948.02 4925.01 4902.61 4880.80 4859.51 4838.71 4818.34 4798.32 4778.61 4759.11 4739.75 4720.43 4701.01 4681.20 4661.70 4180.47 4161.35 3683.33 3208.29 2737.41 1818.14 0.00 0.00 0.00 
0.00 0.00 0.00 1095.71 2758.52 3340.88 3932.22 4529.20 5129.81 5161.78 5191.43 5795.52 5821.66 5845.55 5866.93 5885.67 5901.70 5914.99 5925.52 5933.31 5938.38 5940.75 5940.50 5937.66 5932.33 5924.57 5914.46 5902.12 5887.62 5871.08 5852.61 5832.32 5810.32 5786.74 5761.71 5735.34 5707.77 5679.14 5649.56 5619.17 5588.11 5556.50 5524.46 5492.13 5459.62 5427.04 5394.50 5362.10 5329.95 5298.11 5266.68 5235.72 5205.29 5175.44 5146.23 5117.68 5089.82 5062.67 5036.24 5010.54 4985.55 4961.26 4937.66 4914.72 4892.40 4870.67 4849.49 4828.81 4808.57 4788.72 4769.20 4749.94 4730.89 4712.00 4693.29 4210.70 4192.50 4174.17 3696.09 3220.30 2747.53 2279.28 909.96 0.00 0.00 0.00 
0.00 0.00 0.00 0.00 2208.87 3342.28 3931.48 4526.77 4556.34 5157.37 5185.45 5212.02 5236.44 5258.11 5277.30 5294.08 5308.44 5320.35 5329.79 5336.77 5341.30 5343.41 5343.15 5340.56 5335.72 5328.68 5319.54 5308.37 5295.26 5280.31 5263.61 5245.27 5225.39 5204.09 5181.47 5157.66 5132.76 5106.89 5080.18 5052.74 5024.70 4996.16 4967.24 4938.06 4908.72 4879.32 4849.97 4820.75 4791.74 4763.04 4734.70 4706.79 4679.37 4652.49 4626.17 4600.46 4575.38 4550.94 4527.16 4504.04 4481.56 4459.73 4438.52 4417.90 4397.86 4378.35 4359.35 4340.80 4322.66 4304.89 4287.43 4270.21 4253.13 4236.04 4218.64 4201.32 4184.26 3705.63 3689.69 3215.20 2744.22 1823.33 0.00 0.00 0.00 0.00 
0.00 0.00 0.00 0.00 0.00 2229.56 3369.17 3958.48 3983.52 4580.51 4605.27 4629.14 4940.58 4960.41 4978.23 4993.92 5007.40 5018.60 5027.49 5034.06 5038.31 5040.26 5039.96 5037.46 5032.80 5026.07 5017.34 5006.68 4994.18 4979.92 4964.01 4946.55 4927.62 4907.34 4885.81 4863.15 4839.45 4814.85 4789.45 4763.36 4736.69 4709.57 4682.09 4654.37 4626.50 4598.59 4570.73 4543.01 4515.50 4488.29 4461.43 4435.00 4409.03 4383.58 4358.69 4334.38 4310.68 4287.60 4265.15 4243.33 4222.14 4201.56 4181.58 4162.18 4143.32 4124.99 4107.14 4089.74 4072.75 4056.13 4039.84 4023.84 4008.07 3992.49 3743.83 3728.25 3713.20 3236.87 3223.33 2751.75 1827.54 456.48 0.00 0.00 0.00 0.00 
0.00 0.00 0.00 0.00 0.00 1118.42 2245.09 3391.50 3411.24 4003.74 4024.58 4622.12 4642.67 4661.17 4677.81 4692.53 4705.22 4715.78 4724.16 4730.35 4734.33 4736.14 4735.81 4733.39 4728.92 4722.49 4714.15 4703.98 4692.07 4678.50 4663.36 4646.74 4628.74 4609.46 4588.99 4567.45 4544.94 4521.57 4497.45 4472.68 4447.37 4421.63 4395.57 4369.28 4342.87 4316.42 4290.04 4263.79 4237.76 4212.02 4186.64 4161.66 4137.15 4113.13 4089.66 4066.75 4044.42 4022.70 4001.58 3981.07 3961.17 3941.85 3923.11 3904.93 3887.27 3870.12 3853.43 3837.19 3821.34 3805.88 3790.76 3775.97 3761.47 3747.16 3732.78 3254.77 3242.21 2768.53 2758.03 1831.57 914.80 0.00 0.00 0.00 0.00 0.00 
0.00 0.00 0.00 0.00 0.00 0.00 563.03 2261.40 2840.55 3427.88 3444.13 3460.94 4056.40 4071.95 4086.32 4099.17 4110.29 4119.57 4126.94 4132.36 4135.85 4137.40 4137.07 4134.89 4130.90 4125.18 4117.78 4108.76 4098.21 4086.20 4072.80 4058.09 4042.18 4025.13 4007.04 3988.01 3968.13 3947.48 3926.18 3904.32 3881.98 3859.27 3836.28 3813.11 3789.83 3766.53 3743.29 3720.19 3697.29 3674.66 3652.35 3630.41 3608.89 3587.83 3567.24 3547.17 3527.62 3508.61 3490.15 3472.23 3454.84 3437.99 3421.65 3405.81 3390.44 3375.51 3361.01 3346.90 3333.16 3319.77 3306.72 3294.02 3281.71 3269.89 2792.51 2782.01 2772.54 2302.16 1837.01 0.00 0.00 0.00 0.00 0.00 0.00 0.00 
0.00 0.00 0.00 0.00 0.00 0.00 0.00 0.00 1138.62 2284.67 2292.18 2879.33 2891.68 2903.04 2913.46 2922.75 2930.78 2937.48 2942.78 2946.68 2949.16 2950.26 2949.99 2948.38 2945.48 2941.32 2935.95 2929.42 2921.78 2913.10 2903.41 2892.79 2881.29 2868.98 2855.92 2842.19 2827.84 2812.95 2797.58 2781.82 2765.72 2749.36 2732.80 2716.11 2699.35 2682.59 2665.88 2649.27 2632.82 2616.57 2600.56 2584.83 2569.40 2554.32 2539.58 2525.22 2511.25 2497.67 2484.49 2471.71 2459.32 2447.32 2435.70 2424.43 2413.51 2402.91 2392.62 2382.62 2372.89 2363.41 2354.18 2345.21 2336.54 2328.19 2320.05 1849.43 1845.82 921.61 0.00 0.00 0.00 0.00 0.00 0.00 0.00 0.00 
0.00 0.00 0.00 0.00 0.00 0.00 0.00 0.00 0.00 0.00 0.00 0.00 581.01 582.34 584.01 585.67 587.18 588.46 589.49 590.26 590.75 590.97 590.92 590.60 590.03 589.21 588.15 586.86 585.35 583.64 581.72 579.62 577.34 574.90 572.32 569.60 566.75 563.80 560.76 557.63 554.44 551.19 547.91 544.59 541.26 537.93 534.61 531.31 528.04 524.80 521.61 518.48 515.40 512.39 509.45 506.58 503.79 501.07 498.43 495.87 493.39 490.98 488.65 486.39 484.19 482.06 480.00 477.99 476.04 474.16 472.35 470.64 469.13 468.04 0.00 0.00 0.00 0.00 0.00 0.00 0.00 0.00 0.00 0.00 0.00 0.00 
0.00 0.00 0.00 0.00 0.00 0.00 0.00 0.00 0.00 0.00 0.00 0.00 0.00 0.00 0.00 0.00 0.00 0.00 0.00 0.00 0.00 0.00 0.00 0.00 0.00 0.00 0.00 0.00 0.00 0.00 0.00 0.00 0.00 0.00 0.00 0.00 0.00 0.00 0.00 0.00 0.00 0.00 0.00 0.00 0.00 0.00 0.00 0.00 0.00 0.00 0.00 0.00 0.00 0.00 0.00 0.00 0.00 0.00 0.00 0.00 0.00 0.00 0.00 0.00 0.00 0.00 0.00 0.00 0.00 0.00 0.00 0.00 0.00 0.00 0.00 0.00 0.00 0.00 0.00 0.00 0.00 0.00 0.00 0.00 0.00 0.00 
0.00 0.00 0.00 0.00 0.00 0.00 0.00 0.00 0.00 0.00 0.00 0.00 0.00 0.00 0.00 0.00 0.00 0.00 0.00 0.00 0.00 0.00 0.00 0.00 0.00 0.00 0.00 0.00 0.00 0.00 0.00 0.00 0.00 0.00 0.00 0.00 0.00 0.00 0.00 0.00 0.00 0.00 0.00 0.00 0.00 0.00 0.00 0.00 0.00 0.00 0.00 0.00 0.00 0.00 0.00 0.00 0.00 0.00 0.00 0.00 0.00 0.00 0.00 0.00 0.00 0.00 0.00 0.00 0.00 0.00 0.00 0.00 0.00 0.00 0.00 0.00 0.00 0.00 0.00 0.00 0.00 0.00 0.00 0.00 0.00 0.00 
0.00 0.00 0.00 0.00 0.00 0.00 0.00 0.00 0.00 0.00 0.00 0.00 0.00 0.00 0.00 0.00 0.00 0.00 0.00 0.00 0.00 0.00 0.00 0.00 0.00 0.00 0.00 0.00 0.00 0.00 0.00 0.00 0.00 0.00 0.00 0.00 0.00 0.00 0.00 0.00 0.00 0.00 0.00 0.00 0.00 0.00 0.00 0.00 0.00 0.00 0.00 0.00 0.00 0.00 0.00 0.00 0.00 0.00 0.00 0.00 0.00 0.00 0.00 0.00 0.00 0.00 0.00 0.00 0.00 0.00 0.00 0.00 0.00 0.00 0.00 0.00 0.00 0.00 0.00 0.00 0.00 0.00 0.00 0.00 0.00 0.00 
