0.00 0.00 0.00 0.00 0.00 0.00 0.00 0.00 0.00 0.00 0.00 0.00 0.00 0.00 0.00 0.00 0.00 0.00 0.00 0.00 0.00 0.00 0.00 0.00 0.00 0.00 0.00 0.00 0.00 0.00 0.00 0.00 0.00 0.00 0.00 0.00 0.00 0.00 0.00 0.00 0.00 0.00 0.00 0.00 0.00 0.00 0.00 0.00 0.00 0.00 0.00 0.00 0.00 0.00 0.00 0.00 0.00 0.00 0.00 0.00 0.00 0.00 0.00 0.00 0.00 0.00 0.00 0.00 0.00 0.00 0.00 0.00 0.00 0.00 0.00 0.00 0.00 0.00 0.00 0.00 0.00 0.00 0.00 0.00 0.00 0.00 
0.00 0.00 0.00 0.00 0.00 0.00 0.00 0.00 0.00 0.00 0.00 0.00 0.00 0.00 0.00 0.00 0.00 0.00 0.00 0.00 0.00 0.00 0.00 0.00 0.00 0.00 0.00 0.00 0.00 0.00 0.00 0.00 0.00 0.00 0.00 0.00 0.00 0.00 0.00 0.00 0.00 0.00 0.00 0.00 0.00 0.00 0.00 0.00 0.00 0.00 0.00 0.00 0.00 0.00 0.00 0.00 0.00 0.00 0.00 0.00 0.00 0.00 0.00 0.00 0.00 0.00 0.00 0.00 0.00 0.00 0.00 0.00 0.00 0.00 0.00 0.00 0.00 0.00 0.00 0.00 0.00 0.00 0.00 0.00 0.00 0.00 
0.00 0.00 0.00 0.00 0.00 0.00 0.00 0.00 0.00 0.00 0.00 0.00 0.00 0.00 0.00 0.00 0.00 0.00 0.00 0.00 0.00 0.00 0.00 0.00 0.00 0.00 0.00 0.00 0.00 0.00 0.00 0.00 0.00 0.00 0.00 0.00 0.00 0.00 0.00 0.00 0.00 0.00 0.00 0.00 0.00 0.00 0.00 0.00 0.00 0.00 0.00 0.00 0.00 0.00 0.00 0.00 0.00 0.00 0.00 0.00 0.00 0.00 0.00 0.00 0.00 0.00 0.00 0.00 0.00 0.00 0.00 0.00 0.00 0.00 0.00 0.00 0.00 0.00 0.00 0.00 0.00 0.00 0.00 0.00 0.00 0.00 
0.00 0.00 0.00 0.00 0.00 0.00 0.00 0.00 818.67 1653.33 1671.52 2127.01 2162.74 2203.33 2246.53 2291.13 2336.38 2381.73 2426.82 2471.37 2515.18 2558.11 2600.05 2640.93 2680.68 2719.28 2756.69 2792.91 2827.92 2861.72 2894.32 2925.73 2955.95 2985.00 3012.90 3039.67 3065.32 3089.88 3113.38 3135.82 3157.25 3177.67 3197.11 3215.61 3233.17 3249.82 3265.59 3280.49 3294.55 3307.79 3320.22 3331.86 3342.73 3352.84 3362.22 3370.86 3378.78 3386.00 3392.51 3398.34 3403.48 3407.94 3411.73 3414.84 3417.29 3419.06 3420.17 3420.61 3420.39 3419.52 3418.02 3415.92 3413.29 3410.28 3407.22 2722.77 2721.12 1359.92 0.00 0.00 0.00 0.00 0.00 0.00 0.00 0.00 
0.00 0.00 0.00 0.00 0.00 0.00 0.00 1610.03 2037.16 2484.56 2522.73 2566.61 2612.70 2661.61 2712.65 2765.08 2818.23 2871.59 2924.73 2977.34 3029.17 3080.04 3129.82 3178.39 3225.69 3271.66 3316.26 3359.46 3401.26 3441.63 3480.59 3518.15 3554.30 3589.07 3622.47 3654.52 3685.25 3714.69 3742.84 3769.75 3795.44 3819.93 3843.26 3865.44 3886.52 3906.50 3925.42 3943.31 3960.19 3976.08 3991.00 4004.97 4018.02 4030.16 4041.41 4051.78 4061.29 4069.95 4077.76 4084.75 4090.92 4096.27 4100.80 4104.53 4107.46 4109.59 4110.91 4111.44 4111.19 4110.15 4108.36 4105.83 4102.62 4098.78 4094.42 4089.49 4084.41 3398.66 2715.85 0.00 0.00 0.00 0.00 0.00 0.00 0.00 
0.00 0.00 0.00 0.00 0.00 786.05 1583.36 2416.00 2453.34 2911.79 2960.35 3443.02 3503.17 3567.32 3634.20 3702.87 3772.55 3842.58 3912.44 3981.70 4050.04 4117.20 4182.99 4247.27 4309.90 4370.83 4429.98 4487.32 4542.81 4596.45 4648.23 4698.16 4746.25 4792.50 4836.96 4879.63 4920.55 4959.74 4997.25 5033.10 5067.33 5099.97 5131.06 5160.63 5188.73 5215.37 5240.61 5264.46 5286.97 5308.16 5328.06 5346.69 5364.09 5380.28 5395.28 5409.11 5421.79 5433.33 5443.76 5453.07 5461.29 5468.41 5474.46 5479.43 5483.33 5486.16 5487.92 5488.63 5488.29 5486.92 5484.53 5481.16 5476.84 5471.64 5465.69 4777.26 4770.37 4082.49 4075.53 2711.75 1355.06 0.00 0.00 0.00 0.00 0.00 
0.00 0.00 0.00 0.00 0.00 1565.10 2383.90 2827.25 2874.19 3341.94 3399.31 3461.21 3743.65 3811.03 3881.13 3953.00 4025.89 4099.18 4172.34 4244.96 4316.69 4387.28 4456.50 4524.19 4590.22 4654.51 4716.97 4777.55 4836.23 4892.98 4947.79 5000.66 5051.59 5100.62 5147.74 5192.99 5236.40 5277.98 5317.79 5355.84 5392.18 5426.84 5459.86 5491.27 5521.12 5549.43 5576.24 5601.58 5625.50 5648.02 5669.16 5688.97 5707.46 5724.67 5740.61 5755.30 5768.77 5781.04 5792.11 5802.00 5810.73 5818.29 5824.71 5829.98 5834.12 5837.12 5838.99 5839.73 5839.37 5837.89 5835.33 5831.70 5827.03 5821.35 5473.31 5465.63 5457.29 4767.70 4758.71 4070.82 2708.38 676.69 0.00 0.00 0.00 0.00 
0.00 0.00 0.00 0.00 1544.51 2351.28 2789.25 3241.94 3296.78 3772.73 3837.56 3906.46 3977.97 4050.56 4124.80 4200.43 4276.93 4353.76 4430.45 4506.61 4581.88 4656.00 4728.74 4799.92 4869.41 4937.11 5002.92 5066.79 5128.67 5188.55 5246.41 5302.24 5356.04 5407.84 5457.65 5505.48 5551.38 5595.36 5637.47 5677.73 5716.18 5752.86 5787.81 5821.06 5852.65 5882.62 5911.01 5937.85 5963.18 5987.02 6009.41 6030.39 6049.97 6068.19 6085.07 6100.63 6114.90 6127.88 6139.60 6150.07 6159.30 6167.31 6174.10 6179.68 6184.05 6187.21 6189.19 6189.97 6189.56 6187.98 6185.22 6181.30 6176.23 6169.96 6162.43 6153.85 6144.37 5453.29 5442.67 4752.66 4064.65 2704.52 0.00 0.00 0.00 0.00 
0.00 0.00 0.00 765.22 1930.73 2355.81 2797.40 3252.75 3720.70 3786.22 3854.03 4353.92 4430.46 4510.33 4592.48 4676.19 4760.81 4845.76 4930.54 5014.72 5097.95 5179.92 5260.40 5339.18 5416.12 5491.09 5564.00 5634.79 5703.39 5769.79 5833.95 5895.88 5955.58 6013.06 6068.34 6121.44 6172.40 6221.23 6267.98 6312.70 6355.40 6396.14 6434.96 6471.90 6507.00 6540.30 6571.84 6601.66 6629.80 6656.30 6681.18 6704.49 6726.25 6746.49 6765.25 6782.54 6798.39 6812.81 6825.83 6837.47 6847.72 6856.62 6864.16 6870.35 6875.20 6878.71 6880.90 6881.75 6881.29 6879.50 6876.42 6872.03 6866.37 6859.47 6851.38 6160.28 6150.08 6138.80 5447.07 4756.10 4066.76 3380.49 1350.44 0.00 0.00 0.00 
0.00 0.00 0.00 1526.35 2321.72 2754.47 3203.53 3666.76 3731.21 4215.68 4288.50 4365.78 4444.28 4524.69 4606.78 4690.10 4774.15 4858.45 4942.56 5026.08 5108.68 5190.07 5270.03 5348.35 5424.87 5499.48 5572.07 5642.58 5710.95 5777.14 5841.13 5902.91 5962.48 6019.85 6075.04 6128.06 6178.95 6227.74 6274.45 6319.13 6361.81 6402.53 6441.33 6478.26 6513.35 6546.65 6578.19 6608.01 6636.15 6662.65 6687.53 6710.84 6732.61 6752.85 6771.61 6788.90 6804.75 6819.17 6832.19 6843.82 6854.08 6862.96 6870.50 6876.68 6881.52 6885.03 6887.20 6888.04 6887.55 6885.74 6882.60 6878.14 6872.36 6865.25 6856.80 6846.91 6836.01 6143.20 6130.41 5437.78 4746.64 4058.20 2699.33 0.00 0.00 0.00 
0.00 0.00 0.00 1523.17 2324.13 2759.79 3210.06 3674.30 3740.38 4224.99 4298.85 4375.97 4455.13 4535.88 4617.94 4700.99 4784.63 4868.44 4952.03 5035.04 5117.15 5198.09 5277.63 5355.58 5431.77 5506.09 5578.43 5648.72 5716.89 5782.91 5846.76 5908.42 5967.89 6025.17 6080.29 6133.25 6184.09 6232.83 6279.51 6324.16 6366.82 6407.52 6446.31 6483.23 6518.32 6551.61 6583.15 6612.97 6641.11 6667.61 6692.50 6715.81 6737.57 6757.82 6776.58 6793.87 6809.72 6824.14 6837.16 6848.79 6859.04 6867.92 6875.45 6881.63 6886.47 6889.96 6892.12 6892.95 6892.44 6890.60 6887.41 6882.88 6877.00 6869.74 6861.09 6851.08 6839.82 6146.78 6133.44 5440.36 4748.65 4059.16 2698.18 0.00 0.00 0.00 
0.00 0.00 0.00 1905.57 2325.29 3157.98 3214.52 3679.64 4157.99 4230.63 4305.72 4383.39 4463.14 4544.08 4626.06 4708.87 4792.18 4875.63 4958.84 5041.48 5123.24 5203.86 5283.10 5360.77 5436.73 5510.83 5582.98 5653.11 5721.14 5787.04 5850.78 5912.35 5971.74 6028.96 6084.02 6136.94 6187.74 6236.45 6283.10 6327.73 6370.37 6411.07 6449.85 6486.76 6521.84 6555.13 6586.67 6616.49 6644.63 6671.13 6696.02 6719.33 6741.10 6761.35 6780.11 6797.40 6813.24 6827.67 6840.68 6852.31 6862.56 6871.44 6878.96 6885.14 6889.97 6893.46 6895.61 6896.43 6895.90 6894.04 6890.82 6886.24 6880.28 6872.91 6864.09 6853.92 6842.42 6829.62 6135.56 5442.16 5427.91 4059.80 3373.28 0.00 0.00 0.00 
0.00 0.00 0.00 1905.35 2326.23 3160.37 3417.60 3682.51 4161.54 4234.16 4309.66 4387.84 4690.12 4773.48 4858.72 4945.25 5032.50 5119.99 5207.28 5293.99 5379.79 5464.39 5547.55 5629.07 5708.79 5786.57 5862.30 5935.91 6007.32 6076.50 6143.41 6208.05 6270.40 6330.47 6388.27 6443.82 6497.16 6548.30 6597.28 6644.13 6688.90 6731.63 6772.35 6811.11 6847.94 6882.89 6916.00 6947.31 6976.86 7004.69 7030.82 7055.30 7078.15 7099.42 7119.11 7137.27 7153.91 7169.05 7182.72 7194.93 7205.69 7215.01 7222.91 7229.40 7234.47 7238.13 7240.39 7241.25 7240.70 7238.74 7235.37 7230.59 7224.38 7216.75 6865.76 6855.46 6843.86 6830.97 6136.73 5443.19 5428.70 4737.27 3373.22 0.00 0.00 0.00 
0.00 0.00 0.00 1905.65 2326.61 3160.88 3418.17 3683.17 4162.29 4234.97 4310.53 4388.74 4691.05 4774.42 4859.65 4946.15 5033.37 5120.82 5208.06 5294.72 5380.47 5465.02 5548.14 5629.62 5709.30 5787.05 5862.75 5936.33 6007.72 6076.88 6143.78 6208.40 6270.73 6330.79 6388.59 6444.13 6497.46 6548.59 6597.57 6644.42 6689.19 6731.91 6772.63 6811.38 6848.22 6883.17 6916.28 6947.59 6977.14 7004.96 7031.09 7055.57 7078.43 7099.69 7119.39 7137.54 7154.18 7169.33 7182.99 7195.20 7205.96 7215.28 7223.18 7229.67 7234.74 7238.40 7240.66 7241.51 7240.96 7239.00 7235.63 7230.84 7224.63 7216.99 6865.98 6855.68 6844.07 6831.16 6136.91 5443.34 5428.85 4737.41 3373.33 0.00 0.00 0.00 
0.00 0.00 0.00 1906.47 2326.43 3159.50 3216.19 3681.63 4160.25 4233.08 4308.32 4386.12 4465.95 4546.91 4628.86 4711.60 4794.80 4878.11 4961.17 5043.66 5125.27 5205.74 5284.85 5362.41 5438.25 5512.26 5584.32 5654.37 5722.33 5788.18 5851.87 5913.40 5972.75 6029.94 6084.97 6137.86 6188.64 6237.34 6283.97 6328.59 6371.22 6411.91 6450.69 6487.59 6522.67 6555.96 6587.49 6617.31 6645.45 6671.95 6696.84 6720.15 6741.92 6762.17 6780.93 6798.22 6814.07 6828.49 6841.50 6853.13 6863.38 6872.26 6879.78 6885.95 6890.78 6894.27 6896.42 6897.23 6896.70 6894.82 6891.59 6887.00 6881.01 6873.61 6864.77 6854.56 6843.03 6830.19 6136.08 5442.62 5428.37 4060.17 3373.61 0.00 0.00 0.00 
0.00 0.00 0.00 1524.42 2326.04 2762.12 3212.87 3677.63 3743.94 4229.11 4303.22 4380.57 4459.87 4540.67 4622.68 4705.59 4789.03 4872.60 4955.93 5038.68 5120.54 5201.24 5280.56 5358.30 5434.31 5508.46 5580.66 5650.82 5718.88 5784.81 5848.57 5910.16 5969.56 6026.80 6081.86 6134.79 6185.59 6234.31 6280.96 6325.59 6368.24 6408.93 6447.71 6484.62 6519.70 6552.99 6584.53 6614.34 6642.48 6668.98 6693.87 6717.18 6738.95 6759.20 6777.95 6795.24 6811.09 6825.51 6838.53 6850.16 6860.41 6869.29 6876.82 6882.99 6887.82 6891.32 6893.47 6894.29 6893.77 6891.91 6888.70 6884.14 6878.22 6870.91 6862.21 6852.15 6840.83 6147.68 6134.31 5441.13 4749.34 4059.77 2698.63 0.00 0.00 0.00 
0.00 0.00 0.00 1527.98 2324.32 2757.70 3207.44 3671.39 3736.22 4221.47 4294.67 4372.33 4451.06 4531.54 4613.54 4696.64 4780.39 4864.32 4948.05 5031.19 5113.42 5194.47 5274.10 5352.14 5428.40 5502.78 5575.18 5645.51 5713.72 5779.78 5843.65 5905.33 5964.82 6022.12 6077.24 6130.22 6181.06 6229.81 6276.49 6321.14 6363.80 6404.51 6443.30 6480.21 6515.30 6548.59 6580.12 6609.94 6638.08 6664.57 6689.46 6712.77 6734.53 6754.78 6773.54 6790.83 6806.68 6821.10 6834.12 6845.75 6856.00 6864.88 6872.42 6878.60 6883.44 6886.94 6889.10 6889.93 6889.43 6887.59 6884.42 6879.92 6874.09 6866.91 6858.38 6848.40 6837.42 6144.44 6131.61 5438.84 4747.58 4059.03 2699.89 0.00 0.00 0.00 
0.00 0.00 0.00 766.26 1933.58 2359.51 2801.99 3258.25 3727.17 3793.23 3861.59 4362.55 4439.45 4519.41 4601.41 4684.78 4768.94 4853.37 4937.62 5021.29 5104.03 5185.55 5265.61 5344.02 5420.63 5495.31 5567.97 5638.53 5706.94 5773.16 5837.18 5898.99 5958.58 6015.97 6071.17 6124.21 6175.11 6223.89 6270.61 6315.29 6357.97 6398.69 6437.49 6474.42 6509.51 6542.80 6574.34 6604.15 6632.29 6658.78 6683.67 6706.98 6728.74 6748.98 6767.74 6785.03 6800.88 6815.30 6828.32 6839.95 6850.21 6859.10 6866.63 6872.82 6877.67 6881.18 6883.35 6884.20 6883.72 6881.91 6878.79 6874.35 6868.62 6861.63 6853.42 6162.07 6151.76 6140.39 5448.46 4757.31 4067.80 3381.37 1350.79 0.00 0.00 0.00 
0.00 0.00 0.00 0.00 1547.30 2355.83 2794.90 3248.65 3303.99 3781.40 3847.02 3916.71 3988.81 4061.51 4135.49 4210.60 4286.46 4362.62 4438.65 4514.17 4588.86 4662.44 4734.70 4805.45 4874.57 4941.93 5007.45 5071.07 5132.74 5192.43 5250.12 5305.81 5359.50 5411.19 5460.91 5508.68 5554.51 5598.44 5640.50 5680.73 5719.15 5755.81 5790.74 5823.98 5855.56 5885.52 5913.91 5940.74 5966.07 5989.91 6012.30 6033.28 6052.86 6071.08 6087.96 6103.52 6117.79 6130.77 6142.49 6152.96 6162.19 6170.19 6176.98 6182.55 6186.92 6190.08 6192.05 6192.82 6192.40 6190.79 6188.01 6184.04 6178.88 6172.49 6164.80 6156.05 6146.42 5455.04 5444.34 4754.10 4065.87 2705.35 0.00 0.00 0.00 0.00 
0.00 0.00 0.00 0.00 0.00 1569.19 2389.99 2834.33 2881.78 3351.41 3409.84 3472.99 3757.00 3824.41 3893.98 3965.05 4037.06 4109.47 4181.79 4253.63 4324.66 4394.62 4463.28 4530.48 4596.09 4660.00 4722.13 4782.44 4840.87 4897.41 4952.04 5004.75 5055.56 5104.47 5151.50 5196.67 5240.00 5281.53 5321.29 5359.31 5395.62 5430.25 5463.25 5494.65 5524.48 5552.79 5579.59 5604.94 5628.85 5651.37 5672.51 5692.32 5710.82 5728.02 5743.96 5758.66 5772.13 5784.39 5795.46 5805.35 5814.08 5821.64 5828.05 5833.32 5837.45 5840.45 5842.31 5843.06 5842.68 5841.19 5838.60 5834.93 5830.18 5824.36 5475.95 5468.03 5459.50 4769.53 4760.43 4072.26 2709.35 676.92 0.00 0.00 0.00 0.00 
0.00 0.00 0.00 0.00 0.00 788.94 1589.06 2422.87 2460.77 2921.54 2971.42 3457.45 3519.81 3583.57 3649.36 3716.80 3785.27 3854.18 3923.02 3991.36 4058.89 4125.34 4190.51 4254.24 4316.41 4376.92 4435.72 4492.75 4547.98 4601.39 4652.98 4702.74 4750.68 4796.82 4841.17 4883.76 4924.61 4963.74 5001.20 5037.01 5071.21 5103.83 5134.90 5164.46 5192.54 5219.18 5244.41 5268.26 5290.77 5311.95 5331.85 5350.49 5367.90 5384.09 5399.09 5412.92 5425.60 5437.14 5447.56 5456.87 5465.09 5472.21 5478.25 5483.22 5487.11 5489.94 5491.70 5492.41 5492.07 5490.69 5488.30 5484.90 5480.53 5475.19 5468.82 4779.74 4772.62 4084.29 4077.22 2712.84 1355.58 0.00 0.00 0.00 0.00 0.00 
0.00 0.00 0.00 0.00 0.00 0.00 399.76 1613.90 2043.77 2493.97 2533.64 2579.55 3067.37 3121.72 3179.27 3238.79 3299.41 3360.45 3421.41 3481.89 3541.59 3600.28 3657.78 3713.95 3768.71 3821.97 3873.69 3923.82 3972.35 4019.26 4064.54 4108.21 4150.26 4190.72 4229.60 4266.93 4302.72 4337.00 4369.81 4401.17 4431.11 4459.67 4486.86 4512.73 4537.31 4560.62 4582.70 4603.56 4623.25 4641.79 4659.20 4675.50 4690.73 4704.89 4718.01 4730.12 4741.21 4751.31 4760.43 4768.58 4775.77 4782.01 4787.30 4791.65 4795.07 4797.54 4799.09 4799.72 4799.43 4798.23 4796.16 4793.24 4789.52 4785.12 4097.19 4091.91 4086.59 3400.35 2717.13 0.00 0.00 0.00 0.00 0.00 0.00 0.00 
0.00 0.00 0.00 0.00 0.00 0.00 0.00 0.00 821.71 1660.35 1679.64 2139.00 2177.61 2217.71 2259.68 2302.98 2347.02 2391.31 2435.47 2479.21 2522.33 2564.66 2606.09 2646.52 2685.90 2724.17 2761.31 2797.28 2832.09 2865.72 2898.17 2929.44 2959.56 2988.52 3016.34 3043.04 3068.64 3093.16 3116.62 3139.04 3160.43 3180.84 3200.27 3218.75 3236.31 3252.96 3268.72 3283.63 3297.69 3310.92 3323.36 3335.00 3345.87 3355.99 3365.36 3374.00 3381.93 3389.14 3395.66 3401.48 3406.62 3411.08 3414.87 3417.98 3420.42 3422.19 3423.30 3423.74 3423.53 3422.68 3421.19 3419.10 3416.46 3413.33 3409.76 2724.55 2722.73 1360.68 0.00 0.00 0.00 0.00 0.00 0.00 0.00 0.00 
0.00 0.00 0.00 0.00 0.00 0.00 0.00 0.00 0.00 0.00 0.00 0.00 443.06 448.09 455.14 463.10 471.50 480.08 488.73 497.33 505.84 514.22 522.43 530.46 538.28 545.89 553.28 560.45 567.38 574.08 580.55 586.79 592.80 598.58 604.14 609.47 614.59 619.48 624.17 628.65 632.93 637.01 640.90 644.59 648.10 651.43 654.59 657.57 660.38 663.03 665.52 667.85 670.02 672.04 673.92 675.65 677.23 678.68 679.98 681.14 682.17 683.06 683.82 684.44 684.93 685.28 685.51 685.60 685.56 685.40 685.12 684.75 684.33 683.95 0.00 0.00 0.00 0.00 0.00 0.00 0.00 0.00 0.00 0.00 0.00 0.00 
0.00 0.00 0.00 0.00 0.00 0.00 0.00 0.00 0.00 0.00 0.00 0.00 0.00 0.00 0.00 0.00 0.00 0.00 0.00 0.00 0.00 0.00 0.00 0.00 0.00 0.00 0.00 0.00 0.00 0.00 0.00 0.00 0.00 0.00 0.00 0.00 0.00 0.00 0.00 0.00 0.00 0.00 0.00 0.00 0.00 0.00 0.00 0.00 0.00 0.00 0.00 0.00 0.00 0.00 0.00 0.00 0.00 0.00 0.00 0.00 0.00 0.00 0.00 0.00 0.00 0.00 0.00 0.00 0.00 0.00 0.00 0.00 0.00 0.00 0.00 0.00 0.00 0.00 0.00 0.00 0.00 0.00 0.00 0.00 0.00 0.00 
0.00 0.00 0.00 0.00 0.00 0.00 0.00 0.00 0.00 0.00 0.00 0.00 0.00 0.00 0.00 0.00 0.00 0.00 0.00 0.00 0.00 0.00 0.00 0.00 0.00 0.00 0.00 0.00 0.00 0.00 0.00 0.00 0.00 0.00 0.00 0.00 0.00 0.00 0.00 0.00 0.00 0.00 0.00 0.00 0.00 0.00 0.00 0.00 0.00 0.00 0.00 0.00 0.00 0.00 0.00 0.00 0.00 0.00 0.00 0.00 0.00 0.00 0.00 0.00 0.00 0.00 0.00 0.00 0.00 0.00 0.00 0.00 0.00 0.00 0.00 0.00 0.00 0.00 0.00 0.00 0.00 0.00 0.00 0.00 0.00 0.00 
0.00 0.00 0.00 0.00 0.00 0.00 0.00 0.00 0.00 0.00 0.00 0.00 0.00 0.00 0.00 0.00 0.00 0.00 0.00 0.00 0.00 0.00 0.00 0.00 0.00 0.00 0.00 0.00 0.00 0.00 0.00 0.00 0.00 0.00 0.00 0.00 0.00 0.00 0.00 0.00 0.00 0.00 0.00 0.00 0.00 0.00 0.00 0.00 0.00 0.00 0.00 0.00 0.00 0.00 0.00 0.00 0.00 0.00 0.00 0.00 0.00 0.00 0.00 0.00 0.00 0.00 0.00 0.00 0.00 0.00 0.00 0.00 0.00 0.00 0.00 0.00 0.00 0.00 0.00 0.00 0.00 0.00 0.00 0.00 0.00 0.00 
