0.00 0.00 0.00 0.00 0.00 0.00 0.00 0.00 0.00 0.00 0.00 0.00 0.00 0.00 0.00 0.00 0.00 0.00 0.00 0.00 0.00 0.00 0.00 0.00 0.00 0.00 0.00 0.00 0.00 0.00 0.00 0.00 0.00 0.00 0.00 0.00 0.00 0.00 0.00 0.00 0.00 0.00 0.00 0.00 0.00 0.00 0.00 0.00 0.00 0.00 0.00 0.00 0.00 0.00 0.00 0.00 0.00 0.00 0.00 0.00 0.00 0.00 0.00 0.00 0.00 0.00 0.00 0.00 0.00 0.00 0.00 0.00 0.00 0.00 0.00 0.00 0.00 0.00 0.00 0.00 0.00 0.00 0.00 0.00 0.00 0.00 
0.00 0.00 0.00 0.00 0.00 0.00 0.00 0.00 0.00 0.00 0.00 0.00 0.00 0.00 0.00 0.00 0.00 0.00 0.00 0.00 0.00 0.00 0.00 0.00 0.00 0.00 0.00 0.00 0.00 0.00 0.00 0.00 0.00 0.00 0.00 0.00 0.00 0.00 0.00 0.00 0.00 0.00 0.00 0.00 0.00 0.00 0.00 0.00 0.00 0.00 0.00 0.00 0.00 0.00 0.00 0.00 0.00 0.00 0.00 0.00 0.00 0.00 0.00 0.00 0.00 0.00 0.00 0.00 0.00 0.00 0.00 0.00 0.00 0.00 0.00 0.00 0.00 0.00 0.00 0.00 0.00 0.00 0.00 0.00 0.00 0.00 
0.00 0.00 0.00 0.00 0.00 0.00 0.00 0.00 0.00 0.00 0.00 0.00 0.00 0.00 0.00 0.00 0.00 0.00 0.00 0.00 0.00 0.00 0.00 0.00 0.00 0.00 0.00 0.00 0.00 0.00 0.00 0.00 0.00 0.00 0.00 0.00 0.00 0.00 0.00 0.00 0.00 0.00 0.00 0.00 0.00 0.00 0.00 0.00 0.00 0.00 0.00 0.00 0.00 0.00 0.00 0.00 0.00 0.00 0.00 0.00 0.00 0.00 0.00 0.00 0.00 0.00 0.00 0.00 0.00 0.00 0.00 0.00 0.00 0.00 0.00 0.00 0.00 0.00 0.00 0.00 0.00 0.00 0.00 0.00 0.00 0.00 
0.00 0.00 0.00 0.00 0.00 0.00 0.00 0.00 1331.08 2663.65 2665.39 3335.50 3338.40 3341.07 3343.17 3344.53 3345.09 3344.79 3343.64 3341.61 3338.70 3334.91 3330.23 3324.68 3318.25 3310.95 3302.76 3293.70 3283.76 3272.94 3261.24 3248.64 3235.16 3220.78 3205.50 3189.32 3172.22 3154.19 3135.24 3115.36 3094.53 3072.74 3050.01 3026.30 3001.63 2975.98 2949.36 2921.76 2893.18 2863.62 2833.09 2801.61 2769.17 2735.81 2701.54 2666.40 2630.43 2593.67 2556.19 2518.05 2479.36 2440.23 2400.79 2361.19 2321.64 2282.35 2243.57 2205.56 2168.59 2132.95 2098.91 2066.75 2036.85 2009.76 1986.71 1570.50 1559.68 775.40 0.00 0.00 0.00 0.00 0.00 0.00 0.00 0.00 
0.00 0.00 0.00 0.00 0.00 0.00 0.00 2657.68 3326.29 3997.87 4003.03 4007.89 4012.00 4015.39 4017.92 4019.54 4020.18 4019.80 4018.40 4015.96 4012.46 4007.92 4002.32 3995.67 3987.97 3979.22 3969.42 3958.57 3946.66 3933.70 3919.68 3904.60 3888.45 3871.22 3852.92 3833.53 3813.04 3791.45 3768.76 3744.94 3719.99 3693.92 3666.70 3638.33 3608.80 3578.12 3546.28 3513.27 3479.11 3443.79 3407.33 3369.73 3331.03 3291.24 3250.39 3208.53 3165.71 3121.99 3077.45 3032.18 2986.29 2939.93 2893.25 2846.44 2799.72 2753.34 2707.58 2662.72 2619.07 2576.93 2536.59 2498.32 2462.40 2429.04 2398.45 2369.92 2345.35 1933.54 1534.88 0.00 0.00 0.00 0.00 0.00 0.00 0.00 
0.00 0.00 0.00 0.00 0.00 1325.35 2652.73 3987.84 3995.18 4668.92 4675.89 5349.85 5355.42 5359.98 5363.36 5365.49 5366.31 5365.79 5363.91 5360.64 5355.98 5349.92 5342.46 5333.61 5323.36 5311.71 5298.66 5284.21 5268.36 5251.10 5232.43 5212.34 5190.84 5167.90 5143.53 5117.70 5090.43 5061.68 5031.46 4999.76 4966.55 4931.84 4895.62 4857.87 4818.58 4777.77 4735.42 4691.53 4646.12 4599.18 4550.74 4500.81 4449.42 4396.62 4342.44 4286.94 4230.20 4172.30 4113.36 4053.49 3992.85 3931.63 3870.04 3808.33 3746.77 3685.69 3625.44 3566.37 3508.87 3453.31 3400.04 3349.41 3301.73 3257.29 3216.59 2781.11 2749.11 2329.58 2305.37 1520.13 756.95 0.00 0.00 0.00 0.00 0.00 
0.00 0.00 0.00 0.00 0.00 2648.61 3982.00 4655.92 4665.38 5340.89 5349.30 5356.81 5697.23 5702.18 5705.83 5708.10 5708.98 5708.42 5706.41 5702.94 5697.99 5691.56 5683.65 5674.25 5663.38 5651.02 5637.18 5621.85 5605.03 5586.72 5566.92 5545.61 5522.79 5498.46 5472.60 5445.21 5416.27 5385.78 5353.73 5320.10 5284.89 5248.08 5209.67 5169.66 5128.03 5084.78 5039.91 4993.44 4945.35 4895.67 4844.42 4791.61 4737.28 4681.48 4624.26 4565.68 4505.82 4444.79 4382.69 4319.67 4255.90 4191.56 4126.87 4062.10 3997.54 3933.50 3870.32 3808.37 3748.02 3689.61 3633.49 3579.98 3529.38 3482.01 3235.51 3193.73 3155.47 2729.45 2698.52 2287.86 1509.81 376.17 0.00 0.00 0.00 0.00 
0.00 0.00 0.00 0.00 2642.85 3974.26 4648.54 5324.78 5335.96 6013.01 6022.57 6030.96 6038.00 6043.47 6047.43 6049.89 6050.84 6050.26 6048.14 6044.46 6039.23 6032.43 6024.06 6014.13 6002.63 5989.56 5974.92 5958.71 5940.93 5921.57 5900.62 5878.08 5853.95 5828.22 5800.87 5771.91 5741.31 5709.07 5675.17 5639.62 5602.39 5563.49 5522.89 5480.60 5436.61 5390.92 5343.53 5294.44 5243.67 5191.23 5137.15 5081.44 5024.15 4965.32 4905.02 4843.32 4780.30 4716.08 4650.77 4584.53 4517.54 4449.98 4382.11 4314.18 4246.48 4179.34 4113.10 4048.12 3984.75 3923.33 3864.17 3807.53 3753.54 3702.12 3652.60 3605.79 3562.25 3130.50 3094.11 2677.14 2269.62 1499.87 0.00 0.00 0.00 0.00 
0.00 0.00 0.00 1319.19 3303.62 3975.92 4651.48 5328.68 6006.54 6018.18 6028.45 6704.98 6712.52 6718.53 6722.94 6725.69 6726.76 6726.13 6723.78 6719.70 6713.88 6706.33 6697.04 6686.02 6673.25 6658.74 6642.48 6624.48 6604.74 6583.24 6559.98 6534.96 6508.16 6479.59 6449.22 6417.06 6383.08 6347.29 6309.66 6270.19 6228.86 6185.67 6140.61 6093.67 6044.85 5994.15 5941.56 5887.10 5830.78 5772.62 5712.63 5650.86 5587.35 5522.15 5455.33 5386.97 5317.18 5246.06 5173.77 5100.46 5026.34 4951.62 4876.57 4801.46 4726.61 4652.39 4579.15 4507.28 4437.15 4369.12 4303.52 4240.63 4180.68 4123.87 4070.53 3622.05 3575.98 3531.95 3104.70 2685.36 2274.68 1874.70 745.89 0.00 0.00 0.00 
0.00 0.00 0.00 2636.78 3965.92 4640.55 5318.08 5997.08 6010.50 6689.32 6700.29 6709.93 6717.81 6723.99 6728.50 6731.31 6732.41 6731.79 6729.45 6725.38 6719.57 6712.03 6702.75 6691.74 6678.98 6664.49 6648.25 6630.27 6610.54 6589.07 6565.83 6540.84 6514.07 6485.52 6455.19 6423.06 6389.12 6353.37 6315.78 6276.36 6235.09 6191.96 6146.97 6100.11 6051.38 6000.77 5948.29 5893.96 5837.78 5779.77 5719.96 5658.39 5595.10 5530.14 5463.60 5395.55 5326.10 5255.36 5183.49 5110.64 5037.01 4962.83 4888.33 4813.81 4739.57 4665.95 4593.28 4521.94 4452.27 4384.59 4319.19 4256.29 4196.03 4138.47 4083.43 4030.19 3980.59 3542.50 3499.10 3074.54 2658.89 2253.58 1488.78 0.00 0.00 0.00 
0.00 0.00 0.00 2635.39 3966.59 4642.29 5320.37 5999.80 6013.77 6692.79 6704.10 6713.85 6721.91 6728.23 6732.82 6735.68 6736.81 6736.21 6733.88 6729.82 6724.02 6716.48 6707.21 6696.21 6683.46 6668.98 6652.76 6634.79 6615.08 6593.62 6570.41 6545.43 6518.68 6490.16 6459.85 6427.75 6393.84 6358.12 6320.57 6281.19 6239.96 6196.88 6151.95 6105.15 6056.48 6005.95 5953.57 5899.33 5843.26 5785.37 5725.70 5664.29 5601.17 5536.42 5470.09 5402.29 5333.11 5262.67 5191.12 5118.64 5045.40 4971.62 4897.57 4823.50 4749.72 4676.55 4604.33 4533.39 4464.05 4396.63 4331.36 4268.43 4207.93 4149.84 4094.06 4040.58 3989.89 3551.32 3506.43 3080.76 2663.85 2256.20 1486.85 0.00 0.00 0.00 
0.00 0.00 0.00 3294.76 3966.86 5306.61 5322.00 6001.72 6681.99 6695.16 6706.70 6716.60 6724.81 6731.23 6735.88 6738.78 6739.93 6739.34 6737.02 6732.97 6727.17 6719.64 6710.38 6699.38 6686.64 6672.17 6655.95 6638.00 6618.30 6596.85 6573.65 6548.69 6521.96 6493.45 6463.16 6431.08 6397.19 6361.49 6323.97 6284.61 6243.42 6200.38 6155.48 6108.72 6060.11 6009.64 5957.31 5903.14 5847.15 5789.36 5729.79 5668.48 5605.50 5540.88 5474.72 5407.09 5338.10 5267.88 5196.57 5124.33 5051.37 4977.89 4904.15 4830.40 4756.95 4684.11 4612.19 4541.53 4472.44 4405.19 4340.03 4277.10 4216.46 4158.02 4101.62 4047.56 3995.90 3946.37 3511.58 3084.98 3046.55 2257.96 1859.85 0.00 0.00 0.00 
0.00 0.00 0.00 3294.59 3967.12 5307.38 5655.19 6002.80 6683.25 6696.49 6708.13 6718.14 7061.26 7067.89 7072.72 7075.74 7076.94 7076.32 7073.88 7069.62 7063.53 7055.63 7045.90 7034.35 7020.97 7005.78 6988.75 6969.90 6949.22 6926.69 6902.33 6876.12 6848.05 6818.12 6786.32 6752.63 6717.05 6679.57 6640.17 6598.85 6555.60 6510.40 6463.26 6414.17 6363.13 6310.13 6255.20 6198.32 6139.54 6078.86 6016.32 5951.95 5885.82 5817.99 5748.52 5677.52 5605.09 5531.37 5456.50 5380.66 5304.06 5226.91 5149.49 5072.06 4994.94 4918.45 4842.95 4768.76 4696.24 4625.69 4557.38 4491.56 4428.42 4368.10 4105.93 4051.42 3999.38 3949.69 3514.44 3087.43 3048.36 2635.97 1859.89 0.00 0.00 0.00 
0.00 0.00 0.00 3294.73 3967.28 5307.57 5655.37 6003.00 6683.46 6696.70 6708.35 6718.36 7061.49 7068.13 7072.96 7075.98 7077.18 7076.56 7074.12 7069.86 7063.78 7055.87 7046.15 7034.60 7021.22 7006.02 6989.00 6970.15 6949.47 6926.95 6902.58 6876.37 6848.31 6818.38 6786.58 6752.89 6717.31 6679.83 6640.43 6599.12 6555.87 6510.68 6463.54 6414.45 6363.42 6310.43 6255.50 6198.63 6139.85 6079.18 6016.65 5952.30 5886.18 5818.36 5748.91 5677.93 5605.52 5531.81 5456.97 5381.16 5304.58 5227.46 5150.06 5072.66 4995.56 4919.11 4843.62 4769.46 4696.95 4626.41 4558.11 4492.28 4429.13 4368.78 4106.57 4052.00 3999.91 3950.17 3514.85 3087.76 3048.66 2636.21 1860.07 0.00 0.00 0.00 
0.00 0.00 0.00 3295.18 3967.34 5307.16 5322.55 6002.32 6682.63 6695.81 6707.37 6717.28 6725.50 6731.94 6736.60 6739.50 6740.66 6740.08 6737.76 6733.70 6727.91 6720.38 6711.12 6700.12 6687.38 6672.91 6656.70 6638.74 6619.05 6597.60 6574.40 6549.44 6522.72 6494.21 6463.93 6431.85 6397.97 6362.28 6324.76 6285.42 6244.23 6201.20 6156.31 6109.57 6060.97 6010.52 5958.21 5904.07 5848.10 5790.33 5730.79 5669.53 5606.58 5542.01 5475.89 5408.31 5339.38 5269.22 5197.97 5125.81 5052.92 4979.53 4905.86 4832.20 4758.83 4686.06 4614.22 4543.62 4474.58 4407.37 4342.21 4279.27 4218.58 4160.05 4103.52 4049.33 3997.52 3947.82 3512.82 3085.99 3047.45 2258.63 1860.37 0.00 0.00 0.00 
0.00 0.00 0.00 2635.98 3967.37 4643.14 5321.29 6000.80 6014.76 6693.87 6705.21 6714.99 6723.07 6729.42 6734.03 6736.90 6738.04 6737.44 6735.11 6731.05 6725.25 6717.72 6708.45 6697.44 6684.70 6670.22 6654.00 6636.04 6616.33 6594.87 6571.66 6546.69 6519.95 6491.44 6461.14 6429.04 6395.14 6359.43 6321.90 6282.53 6241.32 6198.26 6153.34 6106.56 6057.92 6007.42 5955.07 5900.87 5844.84 5787.00 5727.38 5666.03 5602.97 5538.29 5472.05 5404.33 5335.24 5264.91 5193.47 5121.10 5047.99 4974.35 4900.43 4826.50 4752.86 4679.82 4607.73 4536.90 4467.66 4400.29 4335.05 4272.09 4211.50 4153.26 4097.27 4043.54 3992.60 3553.59 3508.49 3082.44 2665.22 2257.31 1487.57 0.00 0.00 0.00 
0.00 0.00 0.00 2637.52 3966.97 4641.72 5319.36 5998.46 6011.89 6690.82 6701.83 6711.52 6719.45 6725.67 6730.20 6733.03 6734.14 6733.53 6731.19 6727.11 6721.31 6713.77 6704.49 6693.47 6680.72 6666.23 6649.99 6632.02 6612.30 6590.83 6567.60 6542.61 6515.85 6487.31 6456.99 6424.87 6390.95 6355.21 6317.64 6278.24 6236.99 6193.89 6148.92 6102.09 6053.40 6002.83 5950.40 5896.12 5839.99 5782.05 5722.31 5660.82 5597.62 5532.77 5466.34 5398.41 5329.09 5258.50 5186.78 5114.10 5040.65 4966.65 4892.35 4818.03 4743.98 4670.55 4598.07 4526.90 4457.37 4389.80 4324.44 4261.52 4201.15 4143.36 4088.01 4034.37 3984.39 3545.68 3501.95 3076.86 2660.76 2255.07 1489.72 0.00 0.00 0.00 
0.00 0.00 0.00 1319.65 3304.76 3977.25 4652.97 5330.30 6008.31 6019.99 6030.31 6707.04 6714.65 6720.72 6725.16 6727.93 6729.01 6728.38 6726.02 6721.94 6716.12 6708.57 6699.28 6688.26 6675.49 6660.98 6644.73 6626.74 6607.00 6585.51 6562.26 6537.25 6510.46 6481.90 6451.55 6419.40 6385.44 6349.66 6312.06 6272.61 6231.31 6188.15 6143.13 6096.23 6047.45 5996.80 5944.27 5889.88 5833.63 5775.55 5715.66 5653.99 5590.59 5525.52 5458.84 5390.64 5321.02 5250.09 5178.00 5104.91 5031.02 4956.54 4881.74 4806.89 4732.31 4658.35 4585.36 4513.72 4443.80 4375.93 4310.43 4247.54 4187.45 4130.34 4076.55 3627.17 3580.58 3536.04 3108.05 2688.03 2276.77 1876.30 746.47 0.00 0.00 0.00 
0.00 0.00 0.00 0.00 2643.94 3975.86 4650.34 5326.75 5337.92 6015.20 6024.84 6033.34 6040.49 6046.04 6050.04 6052.52 6053.47 6052.88 6050.75 6047.07 6041.83 6035.03 6026.66 6016.73 6005.23 5992.17 5977.54 5961.33 5943.56 5924.20 5903.27 5880.74 5856.62 5830.90 5803.57 5774.62 5744.04 5711.82 5677.96 5642.43 5605.23 5566.36 5525.81 5483.56 5439.62 5393.99 5346.67 5297.65 5246.97 5194.62 5140.64 5085.05 5027.89 4969.21 4909.07 4847.55 4784.73 4720.72 4655.65 4589.66 4522.94 4455.67 4388.10 4320.48 4253.10 4186.28 4120.36 4055.67 3992.58 3931.39 3872.40 3815.81 3761.71 3709.93 3659.75 3612.18 3567.93 3135.05 3098.14 2680.33 2272.09 1501.40 0.00 0.00 0.00 0.00 
0.00 0.00 0.00 0.00 0.00 2650.01 3983.92 4657.99 4667.43 5343.23 5351.76 5359.45 5700.17 5705.21 5708.89 5711.18 5712.04 5711.47 5709.45 5705.96 5701.01 5694.57 5686.66 5677.27 5666.40 5654.04 5640.21 5624.89 5608.08 5589.78 5569.99 5548.69 5525.89 5501.57 5475.73 5448.36 5419.44 5388.98 5356.95 5323.35 5288.17 5251.41 5213.05 5173.08 5131.51 5088.33 5043.53 4997.14 4949.15 4899.57 4848.44 4795.77 4741.59 4685.96 4628.92 4570.55 4510.92 4450.13 4388.31 4325.58 4262.12 4198.12 4133.80 4069.40 4005.22 3941.57 3878.78 3817.21 3757.22 3699.15 3643.31 3589.98 3539.36 3491.61 3243.73 3200.85 3161.67 2734.25 2702.73 2291.08 1511.78 376.62 0.00 0.00 0.00 0.00 
0.00 0.00 0.00 0.00 0.00 1326.27 2654.48 3989.88 3997.19 4671.30 4678.42 5352.95 5358.88 5363.51 5366.90 5369.01 5369.81 5369.26 5367.36 5364.07 5359.40 5353.34 5345.88 5337.03 5326.78 5315.14 5302.09 5287.65 5271.81 5254.56 5235.91 5215.84 5194.34 5171.43 5147.07 5121.27 5094.02 5065.30 5035.11 5003.44 4970.27 4935.60 4899.43 4861.73 4822.51 4781.77 4739.50 4695.71 4650.39 4603.57 4555.26 4505.48 4454.26 4401.64 4347.67 4292.40 4235.92 4178.30 4119.66 4060.13 3999.86 3939.03 3877.85 3816.57 3755.47 3694.85 3635.06 3576.47 3519.43 3464.32 3411.49 3361.25 3313.83 3269.20 3226.61 2788.60 2755.55 2334.37 2309.55 1522.58 758.06 0.00 0.00 0.00 0.00 0.00 
0.00 0.00 0.00 0.00 0.00 0.00 664.26 2659.03 3328.09 4000.13 4005.47 4010.63 4683.81 4687.65 4690.53 4692.35 4693.05 4692.57 4690.91 4688.04 4683.95 4678.64 4672.10 4664.34 4655.36 4645.16 4633.73 4621.07 4607.19 4592.08 4575.73 4558.14 4539.31 4519.23 4497.89 4475.29 4451.41 4426.24 4399.78 4372.02 4342.95 4312.56 4280.85 4247.79 4213.40 4177.66 4140.58 4102.15 4062.38 4021.27 3978.84 3935.11 3890.09 3843.82 3796.34 3747.70 3697.96 3647.19 3595.48 3542.95 3489.73 3435.97 3381.87 3327.64 3273.53 3219.83 3166.86 3114.96 3064.49 3015.82 2969.30 2925.31 2884.26 2846.68 2407.42 2377.28 2351.61 1938.05 1538.10 0.00 0.00 0.00 0.00 0.00 0.00 0.00 
0.00 0.00 0.00 0.00 0.00 0.00 0.00 0.00 1331.87 2665.31 2667.19 3338.00 3341.35 3344.09 3346.16 3347.48 3347.99 3347.67 3346.49 3344.44 3341.52 3337.73 3333.05 3327.50 3321.08 3313.78 3305.60 3296.54 3286.61 3275.80 3264.11 3251.53 3238.06 3223.69 3208.43 3192.26 3175.18 3157.17 3138.25 3118.39 3097.59 3075.84 3053.14 3029.48 3004.86 2979.27 2952.71 2925.18 2896.68 2867.21 2836.79 2805.43 2773.13 2739.91 2705.81 2670.86 2635.10 2598.57 2561.34 2523.49 2485.11 2446.31 2407.22 2368.00 2328.84 2289.95 2251.58 2213.99 2177.46 2142.26 2108.68 2077.00 2047.49 2020.31 1994.95 1575.94 1564.37 777.53 0.00 0.00 0.00 0.00 0.00 0.00 0.00 0.00 
0.00 0.00 0.00 0.00 0.00 0.00 0.00 0.00 0.00 0.00 0.00 0.00 669.46 669.77 670.08 670.30 670.38 670.30 670.06 669.65 669.06 668.30 667.37 666.26 664.98 663.52 661.89 660.08 658.09 655.93 653.60 651.09 648.40 645.53 642.48 639.25 635.83 632.24 628.46 624.49 620.34 616.00 611.46 606.74 601.83 596.72 591.42 585.93 580.24 574.37 568.31 562.06 555.62 549.01 542.22 535.27 528.16 520.91 513.52 506.01 498.40 490.72 482.99 475.24 467.52 459.85 452.30 444.91 437.74 430.87 424.39 418.46 413.37 409.83 0.00 0.00 0.00 0.00 0.00 0.00 0.00 0.00 0.00 0.00 0.00 0.00 
0.00 0.00 0.00 0.00 0.00 0.00 0.00 0.00 0.00 0.00 0.00 0.00 0.00 0.00 0.00 0.00 0.00 0.00 0.00 0.00 0.00 0.00 0.00 0.00 0.00 0.00 0.00 0.00 0.00 0.00 0.00 0.00 0.00 0.00 0.00 0.00 0.00 0.00 0.00 0.00 0.00 0.00 0.00 0.00 0.00 0.00 0.00 0.00 0.00 0.00 0.00 0.00 0.00 0.00 0.00 0.00 0.00 0.00 0.00 0.00 0.00 0.00 0.00 0.00 0.00 0.00 0.00 0.00 0.00 0.00 0.00 0.00 0.00 0.00 0.00 0.00 0.00 0.00 0.00 0.00 0.00 0.00 0.00 0.00 0.00 0.00 
0.00 0.00 0.00 0.00 0.00 0.00 0.00 0.00 0.00 0.00 0.00 0.00 0.00 0.00 0.00 0.00 0.00 0.00 0.00 0.00 0.00 0.00 0.00 0.00 0.00 0.00 0.00 0.00 0.00 0.00 0.00 0.00 0.00 0.00 0.00 0.00 0.00 0.00 0.00 0.00 0.00 0.00 0.00 0.00 0.00 0.00 0.00 0.00 0.00 0.00 0.00 0.00 0.00 0.00 0.00 0.00 0.00 0.00 0.00 0.00 0.00 0.00 0.00 0.00 0.00 0.00 0.00 0.00 0.00 0.00 0.00 0.00 0.00 0.00 0.00 0.00 0.00 0.00 0.00 0.00 0.00 0.00 0.00 0.00 0.00 0.00 
0.00 0.00 0.00 0.00 0.00 0.00 0.00 0.00 0.00 0.00 0.00 0.00 0.00 0.00 0.00 0.00 0.00 0.00 0.00 0.00 0.00 0.00 0.00 0.00 0.00 0.00 0.00 0.00 0.00 0.00 0.00 0.00 0.00 0.00 0.00 0.00 0.00 0.00 0.00 0.00 0.00 0.00 0.00 0.00 0.00 0.00 0.00 0.00 0.00 0.00 0.00 0.00 0.00 0.00 0.00 0.00 0.00 0.00 0.00 0.00 0.00 0.00 0.00 0.00 0.00 0.00 0.00 0.00 0.00 0.00 0.00 0.00 0.00 0.00 0.00 0.00 0.00 0.00 0.00 0.00 0.00 0.00 0.00 0.00 0.00 0.00 
