0.00 0.00 0.00 0.00 0.00 0.00 0.00 0.00 0.00 0.00 0.00 0.00 0.00 0.00 0.00 0.00 0.00 0.00 0.00 0.00 0.00 0.00 0.00 0.00 0.00 0.00 0.00 0.00 0.00 0.00 0.00 0.00 0.00 0.00 0.00 0.00 0.00 0.00 0.00 0.00 0.00 0.00 0.00 0.00 0.00 0.00 0.00 0.00 0.00 0.00 0.00 0.00 0.00 0.00 0.00 0.00 0.00 0.00 0.00 0.00 0.00 0.00 0.00 0.00 0.00 0.00 0.00 0.00 0.00 0.00 0.00 0.00 0.00 0.00 0.00 0.00 0.00 0.00 0.00 0.00 0.00 0.00 0.00 0.00 0.00 0.00 
0.00 0.00 0.00 0.00 0.00 0.00 0.00 0.00 0.00 0.00 0.00 0.00 0.00 0.00 0.00 0.00 0.00 0.00 0.00 0.00 0.00 0.00 0.00 0.00 0.00 0.00 0.00 0.00 0.00 0.00 0.00 0.00 0.00 0.00 0.00 0.00 0.00 0.00 0.00 0.00 0.00 0.00 0.00 0.00 0.00 0.00 0.00 0.00 0.00 0.00 0.00 0.00 0.00 0.00 0.00 0.00 0.00 0.00 0.00 0.00 0.00 0.00 0.00 0.00 0.00 0.00 0.00 0.00 0.00 0.00 0.00 0.00 0.00 0.00 0.00 0.00 0.00 0.00 0.00 0.00 0.00 0.00 0.00 0.00 0.00 0.00 
0.00 0.00 0.00 0.00 0.00 0.00 0.00 0.00 0.00 0.00 0.00 0.00 0.00 0.00 0.00 0.00 0.00 0.00 0.00 0.00 0.00 0.00 0.00 0.00 0.00 0.00 0.00 0.00 0.00 0.00 0.00 0.00 0.00 0.00 0.00 0.00 0.00 0.00 0.00 0.00 0.00 0.00 0.00 0.00 0.00 0.00 0.00 0.00 0.00 0.00 0.00 0.00 0.00 0.00 0.00 0.00 0.00 0.00 0.00 0.00 0.00 0.00 0.00 0.00 0.00 0.00 0.00 0.00 0.00 0.00 0.00 0.00 0.00 0.00 0.00 0.00 0.00 0.00 0.00 0.00 0.00 0.00 0.00 0.00 0.00 0.00 
0.00 0.00 0.00 0.00 0.00 0.00 0.00 0.00 771.12 1549.63 1558.81 1968.73 1988.49 2011.77 2037.55 2065.38 2095.05 2126.38 2159.21 2193.36 2228.65 2264.85 2301.74 2339.10 2376.73 2414.43 2452.03 2489.38 2526.35 2562.85 2598.77 2634.04 2668.61 2702.42 2735.42 2767.59 2798.89 2829.30 2858.81 2887.40 2915.05 2941.77 2967.55 2992.38 3016.26 3039.19 3061.18 3082.22 3102.31 3121.47 3139.68 3156.96 3173.30 3188.71 3203.19 3216.74 3229.36 3241.06 3251.82 3261.66 3270.57 3278.55 3285.59 3291.70 3296.87 3301.10 3304.38 3306.72 3308.12 3308.59 3308.16 3306.85 3304.75 3302.03 3299.03 2636.09 2634.23 1316.30 0.00 0.00 0.00 0.00 0.00 0.00 0.00 0.00 
0.00 0.00 0.00 0.00 0.00 0.00 0.00 1528.60 1923.65 2330.16 2351.50 2376.20 2402.67 2431.53 2462.70 2496.03 2531.38 2568.61 2607.54 2647.98 2689.71 2732.50 2776.09 2820.26 2864.75 2909.37 2953.90 2998.17 3042.05 3085.39 3128.08 3170.04 3211.19 3251.46 3290.80 3329.16 3366.51 3402.81 3438.05 3472.20 3505.25 3537.19 3568.01 3597.71 3626.28 3653.72 3680.02 3705.20 3729.26 3752.18 3773.99 3794.67 3814.23 3832.68 3850.02 3866.24 3881.36 3895.36 3908.25 3920.03 3930.69 3940.24 3948.68 3955.99 3962.18 3967.25 3971.19 3974.00 3975.71 3976.30 3975.81 3974.27 3971.74 3968.30 3964.06 3959.03 3953.67 3289.21 2627.82 0.00 0.00 0.00 0.00 0.00 0.00 0.00 
0.00 0.00 0.00 0.00 0.00 755.63 1516.19 2296.08 2317.35 2730.74 2758.70 3185.69 3221.08 3259.72 3301.28 3345.57 3392.45 3441.72 3493.17 3546.55 3601.60 3658.01 3715.48 3773.71 3832.39 3891.26 3950.05 4008.54 4066.54 4123.87 4180.38 4235.96 4290.48 4343.87 4396.05 4446.96 4496.54 4544.75 4591.56 4636.94 4680.86 4723.33 4764.31 4803.80 4841.80 4878.30 4913.30 4946.81 4978.81 5009.33 5038.34 5065.87 5091.92 5116.47 5139.55 5161.14 5181.26 5199.89 5217.05 5232.73 5246.92 5259.64 5270.86 5280.60 5288.84 5295.59 5300.85 5304.62 5306.90 5307.72 5307.10 5305.08 5301.72 5297.10 5291.39 4624.52 4617.30 3950.61 3942.94 2622.40 1310.00 0.00 0.00 0.00 0.00 0.00 
0.00 0.00 0.00 0.00 0.00 1507.53 2281.30 2687.27 2714.57 3133.74 3167.29 3203.85 3442.50 3483.90 3528.21 3575.25 3624.85 3676.84 3731.03 3787.16 3844.99 3904.21 3964.53 4025.64 4087.25 4149.07 4210.85 4272.36 4333.39 4393.76 4453.31 4511.90 4569.43 4625.79 4680.90 4734.69 4787.10 4838.08 4887.60 4935.62 4982.12 5027.08 5070.49 5112.32 5152.58 5191.26 5228.36 5263.87 5297.80 5330.15 5360.92 5390.11 5417.72 5443.76 5468.23 5491.13 5512.46 5532.23 5550.42 5567.04 5582.09 5595.57 5607.48 5617.80 5626.55 5633.71 5639.30 5643.31 5645.75 5646.63 5645.98 5643.82 5640.21 5635.20 5298.27 5290.54 5281.84 4613.33 4603.48 3936.59 2617.87 653.84 0.00 0.00 0.00 0.00 
0.00 0.00 0.00 0.00 1497.54 2265.16 2668.85 3080.61 3112.83 3537.14 3575.39 3616.43 3659.81 3704.90 3752.33 3802.29 3854.74 3909.56 3966.58 4025.58 4086.30 4148.44 4211.72 4275.83 4340.46 4405.34 4470.20 4534.80 4598.93 4662.40 4725.04 4786.71 4847.28 4906.64 4964.71 5021.41 5076.68 5130.46 5182.71 5233.40 5282.49 5329.96 5375.80 5419.98 5462.52 5503.39 5542.59 5580.12 5615.98 5650.17 5682.69 5713.55 5742.74 5770.27 5796.13 5820.34 5842.89 5863.78 5883.02 5900.59 5916.50 5930.75 5943.34 5954.26 5963.50 5971.08 5976.99 5981.23 5983.81 5984.74 5984.03 5981.71 5977.79 5972.25 5965.06 5956.42 5946.54 5276.45 5264.85 4595.63 3928.57 2612.62 0.00 0.00 0.00 0.00 
0.00 0.00 0.00 745.59 1872.79 2270.04 2676.64 3090.65 3511.36 3550.26 3590.88 4029.59 4076.42 4126.31 4179.07 4234.61 4292.86 4353.67 4416.84 4482.16 4549.35 4618.09 4688.07 4758.96 4830.43 4902.18 4973.93 5045.40 5116.37 5186.62 5255.97 5324.26 5391.35 5457.12 5521.47 5584.32 5645.58 5705.21 5763.16 5819.37 5873.82 5926.49 5977.34 6026.38 6073.57 6118.93 6162.44 6204.09 6243.90 6281.85 6317.95 6352.20 6384.61 6415.17 6443.89 6470.76 6495.80 6518.99 6540.34 6559.85 6577.52 6593.34 6607.31 6619.43 6629.70 6638.11 6644.67 6649.38 6652.24 6653.27 6652.47 6649.87 6645.51 6639.43 6631.73 5962.24 5951.64 5939.59 5268.69 4598.52 3930.12 3265.16 1303.67 0.00 0.00 0.00 
0.00 0.00 0.00 1488.74 2251.31 2653.28 3064.28 3482.89 3521.44 3951.49 3995.24 4042.11 4090.53 4141.22 4194.38 4250.08 4308.30 4368.92 4431.81 4496.75 4563.48 4631.73 4701.18 4771.52 4842.46 4913.68 4984.91 5055.90 5126.41 5196.24 5265.20 5333.13 5399.90 5465.38 5529.46 5592.07 5653.12 5712.56 5770.32 5826.38 5880.69 5933.23 5983.97 6032.90 6080.01 6125.28 6168.71 6210.30 6250.04 6287.93 6323.98 6358.19 6390.55 6421.07 6449.75 6476.59 6501.59 6524.75 6546.07 6565.56 6583.20 6599.00 6612.95 6625.06 6635.32 6643.72 6650.27 6654.97 6657.82 6658.83 6658.01 6655.36 6650.90 6644.66 6636.61 6626.70 6615.38 5943.48 5929.56 5257.49 4587.00 3919.55 2605.45 0.00 0.00 0.00 
0.00 0.00 0.00 1487.09 2253.84 2658.02 3070.27 3489.89 3529.83 3960.37 4005.18 4052.35 4101.52 4152.76 4206.25 4262.08 4320.29 4380.79 4443.47 4508.12 4574.51 4642.38 4711.43 4781.36 4851.87 4922.69 4993.52 5064.13 5134.29 5203.79 5272.44 5340.10 5406.61 5471.85 5535.73 5598.15 5659.03 5718.31 5775.94 5831.87 5886.07 5938.51 5989.16 6038.01 6085.04 6130.24 6173.62 6215.15 6254.84 6292.69 6328.70 6362.86 6395.19 6425.68 6454.32 6481.13 6506.11 6529.25 6550.55 6570.01 6587.64 6603.42 6617.36 6629.46 6639.70 6648.10 6654.64 6659.34 6662.18 6663.17 6662.32 6659.62 6655.08 6648.70 6640.48 6630.47 6618.79 5946.68 5932.20 5259.67 4588.66 3920.14 2603.90 0.00 0.00 0.00 
0.00 0.00 0.00 1860.00 2255.36 3039.94 3074.48 3494.82 3922.27 3966.19 4011.88 4059.61 4109.39 4161.01 4214.70 4270.61 4328.80 4389.22 4451.74 4516.19 4582.35 4649.95 4718.72 4788.35 4858.57 4929.09 4999.65 5069.99 5139.90 5209.16 5277.60 5345.05 5411.38 5476.46 5540.19 5602.47 5663.23 5722.40 5779.93 5835.77 5889.89 5942.26 5992.84 6041.63 6088.61 6133.77 6177.10 6218.59 6258.25 6296.06 6332.04 6366.18 6398.48 6428.94 6457.57 6484.36 6509.32 6532.44 6553.73 6573.18 6590.79 6606.56 6620.49 6632.58 6642.82 6651.21 6657.75 6662.43 6665.27 6666.25 6665.38 6662.65 6658.05 6651.57 6643.20 6633.03 6621.11 6607.48 5934.05 5261.17 5245.20 3920.48 3255.42 0.00 0.00 0.00 
0.00 0.00 0.00 1860.03 2256.31 3041.92 3267.68 3497.49 3925.40 3969.50 4015.56 4063.73 4316.65 4369.96 4425.87 4484.36 4545.36 4608.75 4674.39 4742.06 4811.53 4882.52 4954.73 5027.85 5101.58 5175.63 5249.71 5323.57 5396.97 5469.69 5541.55 5612.37 5682.01 5750.33 5817.24 5882.63 5946.42 6008.55 6068.95 6127.58 6184.40 6239.38 6292.50 6343.72 6393.05 6440.46 6485.95 6529.52 6571.16 6610.87 6648.64 6684.49 6718.40 6750.39 6780.45 6808.58 6834.78 6859.06 6881.41 6901.83 6920.33 6936.89 6951.52 6964.21 6974.96 6983.77 6990.64 6995.56 6998.54 6999.57 6998.67 6995.83 6991.06 6984.36 6644.71 6634.43 6622.42 6608.71 5935.09 5262.06 5245.84 4575.07 3255.24 0.00 0.00 0.00 
0.00 0.00 0.00 1860.20 2256.52 3042.21 3268.00 3497.87 3925.85 3969.99 4016.09 4064.30 4317.26 4370.60 4426.53 4485.03 4546.03 4609.43 4675.05 4742.71 4812.17 4883.13 4955.32 5028.43 5102.14 5176.16 5250.23 5324.06 5397.44 5470.14 5541.98 5612.78 5682.40 5750.71 5817.61 5882.98 5946.76 6008.88 6069.27 6127.89 6184.71 6239.68 6292.79 6344.01 6393.33 6440.74 6486.23 6529.79 6571.42 6611.13 6648.90 6684.74 6718.66 6750.64 6780.70 6808.83 6835.03 6859.31 6881.66 6902.08 6920.57 6937.13 6951.76 6964.45 6975.20 6984.01 6990.88 6995.80 6998.78 6999.81 6998.91 6996.06 6991.29 6984.59 6644.93 6634.64 6622.63 6608.92 5935.29 5262.23 5246.02 4575.23 3255.39 0.00 0.00 0.00 
0.00 0.00 0.00 1860.50 2256.00 3040.79 3075.42 3495.96 3923.59 3967.65 4013.48 4061.34 4111.23 4162.94 4216.68 4272.63 4330.82 4391.23 4453.73 4518.14 4584.25 4651.80 4720.50 4790.08 4860.23 4930.69 5001.18 5071.46 5141.30 5210.50 5278.88 5346.29 5412.56 5477.60 5541.28 5603.53 5664.25 5723.39 5780.89 5836.71 5890.80 5943.15 5993.71 6042.49 6089.45 6134.59 6177.91 6219.39 6259.04 6296.85 6332.82 6366.95 6399.24 6429.70 6458.32 6485.11 6510.06 6533.18 6554.46 6573.91 6591.52 6607.29 6621.22 6633.30 6643.54 6651.93 6658.47 6663.16 6665.99 6666.97 6666.10 6663.36 6658.75 6652.25 6643.86 6633.68 6621.75 6608.10 5934.63 5261.70 5245.74 3920.95 3255.84 0.00 0.00 0.00 
0.00 0.00 0.00 1487.78 2254.90 2659.33 3071.85 3491.80 3531.92 3962.83 4007.86 4055.25 4104.62 4156.01 4209.59 4265.48 4323.70 4384.18 4446.81 4511.39 4577.70 4645.47 4714.42 4784.24 4854.65 4925.35 4996.07 5066.58 5136.63 5206.03 5274.59 5342.15 5408.58 5473.75 5537.56 5599.91 5660.73 5719.96 5777.54 5833.43 5887.59 5940.00 5990.62 6039.44 6086.44 6131.62 6174.97 6216.49 6256.16 6294.00 6329.99 6364.15 6396.46 6426.94 6455.58 6482.38 6507.35 6530.48 6551.78 6571.24 6588.86 6604.64 6618.58 6630.67 6640.92 6649.31 6655.86 6660.55 6663.39 6664.38 6663.52 6660.81 6656.26 6649.85 6641.60 6631.55 6619.85 5947.65 5933.16 5260.56 4589.48 3920.90 2604.47 0.00 0.00 0.00 
0.00 0.00 0.00 1489.64 2252.75 2655.07 3066.48 3485.53 3524.35 3954.93 3999.01 4046.23 4094.95 4145.85 4199.15 4254.92 4313.13 4373.72 4436.53 4501.36 4567.97 4636.08 4705.38 4775.58 4846.35 4917.41 4988.49 5059.33 5129.69 5199.38 5268.21 5336.01 5402.66 5468.04 5532.02 5594.54 5655.51 5714.87 5772.57 5828.57 5882.83 5935.32 5986.01 6034.90 6081.97 6127.21 6170.62 6212.18 6251.90 6289.77 6325.80 6359.99 6392.34 6422.84 6451.51 6478.34 6503.33 6526.48 6547.80 6567.27 6584.91 6600.71 6614.66 6626.76 6637.02 6645.43 6651.98 6656.68 6659.53 6660.54 6659.71 6657.04 6652.56 6646.27 6638.18 6628.21 6616.84 5944.82 5930.88 5258.70 4588.11 3920.56 2606.16 0.00 0.00 0.00 
0.00 0.00 0.00 746.16 1874.36 2272.09 2679.20 3093.78 3515.11 3554.43 3595.50 4035.00 4082.25 4132.43 4185.36 4240.97 4299.19 4359.92 4422.98 4488.15 4555.17 4623.73 4693.51 4764.19 4835.46 4907.00 4978.54 5049.82 5120.59 5190.66 5259.83 5327.96 5394.90 5460.54 5524.76 5587.49 5648.66 5708.19 5766.05 5822.19 5876.57 5929.17 5979.97 6028.96 6076.11 6121.42 6164.89 6206.52 6246.29 6284.22 6320.30 6354.53 6386.92 6417.46 6446.16 6473.02 6498.04 6521.23 6542.57 6562.07 6579.73 6595.54 6609.51 6621.63 6631.90 6640.32 6646.88 6651.59 6654.46 6655.48 6654.68 6652.06 6647.67 6641.54 6633.76 5964.06 5953.39 5941.29 5270.23 4599.90 3931.36 3266.24 1304.10 0.00 0.00 0.00 
0.00 0.00 0.00 0.00 1499.07 2267.66 2671.99 3084.40 3117.00 3542.25 3581.12 3622.83 3666.83 3712.29 3759.88 3809.86 3862.24 3916.94 3973.79 4032.60 4093.10 4155.02 4218.06 4281.92 4346.30 4410.93 4475.55 4539.91 4603.82 4667.07 4729.51 4790.99 4851.38 4910.59 4968.52 5025.09 5080.24 5133.91 5186.06 5236.66 5285.67 5333.07 5378.84 5422.97 5465.45 5506.28 5545.44 5582.93 5618.76 5652.92 5685.42 5716.25 5745.42 5772.92 5798.77 5822.97 5845.50 5866.38 5885.60 5903.17 5919.07 5933.31 5945.90 5956.81 5966.06 5973.64 5979.56 5983.81 5986.39 5987.33 5986.62 5984.29 5980.32 5974.71 5967.40 5958.65 5948.67 5278.32 5266.69 4597.27 3930.01 2613.63 0.00 0.00 0.00 0.00 
0.00 0.00 0.00 0.00 0.00 1509.76 2284.66 2691.27 2718.94 3139.30 3173.65 3211.18 3451.08 3492.89 3537.29 3584.26 3633.71 3685.52 3739.48 3795.37 3852.93 3911.87 3971.90 4032.71 4094.02 4155.54 4217.04 4278.26 4339.03 4399.14 4458.46 4516.84 4574.17 4630.34 4685.28 4738.92 4791.20 4842.06 4891.46 4939.39 4985.80 5030.68 5074.01 5115.78 5155.98 5194.61 5231.66 5267.13 5301.02 5333.34 5364.08 5393.24 5420.83 5446.85 5471.29 5494.17 5515.49 5535.23 5553.41 5570.03 5585.07 5598.54 5610.44 5620.77 5629.51 5636.68 5642.28 5646.30 5648.75 5649.65 5649.01 5646.86 5643.22 5638.11 5300.88 5292.96 5284.12 4615.28 4605.38 3938.22 2619.00 654.12 0.00 0.00 0.00 0.00 
0.00 0.00 0.00 0.00 0.00 757.19 1519.29 2299.99 2321.63 2736.45 2765.34 3194.58 3231.67 3270.58 3312.01 3356.08 3402.70 3451.69 3502.85 3555.93 3610.66 3666.73 3723.86 3781.73 3840.06 3898.57 3957.03 4015.20 4072.89 4129.93 4186.18 4241.51 4295.81 4349.00 4400.99 4451.73 4501.15 4549.23 4595.91 4641.18 4685.01 4727.38 4768.28 4807.70 4845.64 4882.08 4917.03 4950.49 4982.46 5012.93 5041.92 5069.42 5095.43 5119.96 5143.02 5164.59 5184.69 5203.30 5220.45 5236.11 5250.29 5263.00 5274.22 5283.95 5292.20 5298.95 5304.22 5308.01 5310.32 5311.17 5310.58 5308.59 5305.24 5300.54 5294.47 4627.02 4619.63 3952.54 3944.80 2623.65 1310.61 0.00 0.00 0.00 0.00 0.00 
0.00 0.00 0.00 0.00 0.00 0.00 381.16 1531.05 1927.49 2335.63 2357.97 2384.13 2814.24 2846.85 2882.55 2920.97 2961.86 3004.98 3050.11 3097.01 3145.42 3195.05 3245.62 3296.85 3348.46 3400.21 3451.88 3503.27 3554.19 3604.52 3654.11 3702.86 3750.68 3797.49 3843.23 3887.84 3931.29 3973.53 4014.54 4054.29 4092.77 4129.96 4165.85 4200.43 4233.71 4265.68 4296.33 4325.67 4353.70 4380.41 4405.83 4429.93 4452.74 4474.24 4494.45 4513.36 4530.98 4547.30 4562.33 4576.06 4588.49 4599.63 4609.46 4618.00 4625.22 4631.14 4635.76 4639.07 4641.08 4641.82 4641.31 4639.58 4636.72 4632.83 3966.80 3961.47 3955.92 3291.00 2629.22 0.00 0.00 0.00 0.00 0.00 0.00 0.00 
0.00 0.00 0.00 0.00 0.00 0.00 0.00 0.00 772.90 1553.69 1563.56 1975.97 1997.83 2021.27 2046.80 2074.32 2103.69 2134.74 2167.31 2201.19 2236.20 2272.11 2308.70 2345.75 2383.07 2420.47 2457.78 2494.85 2531.57 2567.82 2603.52 2638.59 2672.97 2706.61 2739.46 2771.49 2802.67 2832.97 2862.38 2890.88 2918.45 2945.10 2970.81 2995.59 3019.42 3042.31 3064.25 3085.25 3105.32 3124.44 3142.63 3159.88 3176.20 3191.59 3206.05 3219.58 3232.19 3243.87 3254.62 3264.45 3273.35 3281.32 3288.36 3294.47 3299.64 3303.87 3307.17 3309.53 3310.95 3311.46 3311.07 3309.82 3307.75 3304.97 3301.52 2637.88 2635.89 1317.10 0.00 0.00 0.00 0.00 0.00 0.00 0.00 0.00 
0.00 0.00 0.00 0.00 0.00 0.00 0.00 0.00 0.00 0.00 0.00 0.00 404.72 407.80 412.24 417.42 423.12 429.21 435.63 442.31 449.21 456.30 463.52 470.84 478.21 485.61 492.99 500.33 507.61 514.81 521.89 528.86 535.70 542.39 548.92 555.30 561.51 567.55 573.41 579.09 584.59 589.90 595.03 599.97 604.73 609.30 613.68 617.87 621.87 625.69 629.32 632.77 636.03 639.10 641.99 644.69 647.21 649.54 651.68 653.65 655.42 657.01 658.42 659.64 660.67 661.52 662.18 662.65 662.95 663.06 663.01 662.81 662.50 662.19 0.00 0.00 0.00 0.00 0.00 0.00 0.00 0.00 0.00 0.00 0.00 0.00 
0.00 0.00 0.00 0.00 0.00 0.00 0.00 0.00 0.00 0.00 0.00 0.00 0.00 0.00 0.00 0.00 0.00 0.00 0.00 0.00 0.00 0.00 0.00 0.00 0.00 0.00 0.00 0.00 0.00 0.00 0.00 0.00 0.00 0.00 0.00 0.00 0.00 0.00 0.00 0.00 0.00 0.00 0.00 0.00 0.00 0.00 0.00 0.00 0.00 0.00 0.00 0.00 0.00 0.00 0.00 0.00 0.00 0.00 0.00 0.00 0.00 0.00 0.00 0.00 0.00 0.00 0.00 0.00 0.00 0.00 0.00 0.00 0.00 0.00 0.00 0.00 0.00 0.00 0.00 0.00 0.00 0.00 0.00 0.00 0.00 0.00 
0.00 0.00 0.00 0.00 0.00 0.00 0.00 0.00 0.00 0.00 0.00 0.00 0.00 0.00 0.00 0.00 0.00 0.00 0.00 0.00 0.00 0.00 0.00 0.00 0.00 0.00 0.00 0.00 0.00 0.00 0.00 0.00 0.00 0.00 0.00 0.00 0.00 0.00 0.00 0.00 0.00 0.00 0.00 0.00 0.00 0.00 0.00 0.00 0.00 0.00 0.00 0.00 0.00 0.00 0.00 0.00 0.00 0.00 0.00 0.00 0.00 0.00 0.00 0.00 0.00 0.00 0.00 0.00 0.00 0.00 0.00 0.00 0.00 0.00 0.00 0.00 0.00 0.00 0.00 0.00 0.00 0.00 0.00 0.00 0.00 0.00 
0.00 0.00 0.00 0.00 0.00 0.00 0.00 0.00 0.00 0.00 0.00 0.00 0.00 0.00 0.00 0.00 0.00 0.00 0.00 0.00 0.00 0.00 0.00 0.00 0.00 0.00 0.00 0.00 0.00 0.00 0.00 0.00 0.00 0.00 0.00 0.00 0.00 0.00 0.00 0.00 0.00 0.00 0.00 0.00 0.00 0.00 0.00 0.00 0.00 0.00 0.00 0.00 0.00 0.00 0.00 0.00 0.00 0.00 0.00 0.00 0.00 0.00 0.00 0.00 0.00 0.00 0.00 0.00 0.00 0.00 0.00 0.00 0.00 0.00 0.00 0.00 0.00 0.00 0.00 0.00 0.00 0.00 0.00 0.00 0.00 0.00 
