0.00 0.00 0.00 0.00 0.00 0.00 0.00 0.00 0.00 0.00 0.00 0.00 0.00 0.00 0.00 0.00 0.00 0.00 0.00 0.00 0.00 0.00 0.00 0.00 0.00 0.00 0.00 0.00 0.00 0.00 0.00 0.00 0.00 0.00 0.00 0.00 0.00 0.00 0.00 0.00 0.00 0.00 0.00 0.00 0.00 0.00 0.00 0.00 0.00 0.00 0.00 0.00 0.00 0.00 0.00 0.00 0.00 0.00 0.00 0.00 0.00 0.00 0.00 0.00 0.00 0.00 0.00 0.00 0.00 0.00 0.00 0.00 0.00 0.00 0.00 0.00 0.00 0.00 0.00 0.00 0.00 0.00 0.00 0.00 0.00 0.00 
0.00 0.00 0.00 0.00 0.00 0.00 0.00 0.00 0.00 0.00 0.00 0.00 0.00 0.00 0.00 0.00 0.00 0.00 0.00 0.00 0.00 0.00 0.00 0.00 0.00 0.00 0.00 0.00 0.00 0.00 0.00 0.00 0.00 0.00 0.00 0.00 0.00 0.00 0.00 0.00 0.00 0.00 0.00 0.00 0.00 0.00 0.00 0.00 0.00 0.00 0.00 0.00 0.00 0.00 0.00 0.00 0.00 0.00 0.00 0.00 0.00 0.00 0.00 0.00 0.00 0.00 0.00 0.00 0.00 0.00 0.00 0.00 0.00 0.00 0.00 0.00 0.00 0.00 0.00 0.00 0.00 0.00 0.00 0.00 0.00 0.00 
0.00 0.00 0.00 0.00 0.00 0.00 0.00 0.00 0.00 0.00 0.00 0.00 0.00 0.00 0.00 0.00 0.00 0.00 0.00 0.00 0.00 0.00 0.00 0.00 0.00 0.00 0.00 0.00 0.00 0.00 0.00 0.00 0.00 0.00 0.00 0.00 0.00 0.00 0.00 0.00 0.00 0.00 0.00 0.00 0.00 0.00 0.00 0.00 0.00 0.00 0.00 0.00 0.00 0.00 0.00 0.00 0.00 0.00 0.00 0.00 0.00 0.00 0.00 0.00 0.00 0.00 0.00 0.00 0.00 0.00 0.00 0.00 0.00 0.00 0.00 0.00 0.00 0.00 0.00 0.00 0.00 0.00 0.00 0.00 0.00 0.00 
0.00 0.00 0.00 0.00 0.00 0.00 0.00 0.00 1355.58 2712.47 2714.11 3396.32 3399.25 3402.07 3404.44 3406.22 3407.33 3407.74 3407.43 3406.40 3404.63 3402.12 3398.87 3394.89 3390.17 3384.70 3378.49 3371.53 3363.81 3355.33 3346.09 3336.06 3325.25 3313.65 3301.23 3287.99 3273.91 3258.99 3243.19 3226.52 3208.94 3190.44 3171.01 3150.62 3129.26 3106.91 3083.54 3059.15 3033.72 3007.23 2979.66 2951.00 2921.24 2890.37 2858.38 2825.28 2791.05 2755.71 2719.28 2681.76 2643.19 2603.60 2563.05 2521.60 2479.36 2436.44 2392.99 2349.22 2305.38 2261.82 2218.94 2177.27 2137.53 2100.76 2068.87 1628.62 1612.95 799.75 0.00 0.00 0.00 0.00 0.00 0.00 0.00 0.00 
0.00 0.00 0.00 0.00 0.00 0.00 0.00 2707.10 3387.75 4071.31 4076.33 4081.13 4085.31 4088.91 4091.80 4093.93 4095.25 4095.73 4095.35 4094.11 4091.98 4088.97 4085.09 4080.31 4074.65 4068.10 4060.65 4052.31 4043.06 4032.89 4021.80 4009.78 3996.81 3982.89 3968.00 3952.11 3935.23 3917.32 3898.38 3878.38 3857.30 3835.12 3811.82 3787.38 3761.77 3734.98 3706.99 3677.78 3647.32 3615.60 3582.60 3548.31 3512.71 3475.81 3437.58 3398.04 3357.18 3315.02 3271.58 3226.88 3180.97 3133.89 3085.73 3036.56 2986.52 2935.74 2884.43 2832.83 2781.23 2730.01 2679.61 2630.56 2583.47 2538.93 2497.49 2458.47 2424.78 1991.62 1576.37 0.00 0.00 0.00 0.00 0.00 0.00 0.00 
0.00 0.00 0.00 0.00 0.00 1350.57 2702.81 4062.25 4069.22 4754.89 4761.69 5447.76 5453.46 5458.32 5462.19 5465.03 5466.78 5467.41 5466.90 5465.23 5462.40 5458.39 5453.21 5446.86 5439.31 5430.59 5420.67 5409.55 5397.22 5383.67 5368.89 5352.87 5335.59 5317.03 5297.17 5276.00 5253.50 5229.63 5204.38 5177.72 5149.63 5120.07 5089.03 5056.46 5022.36 4986.68 4949.40 4910.50 4869.95 4827.73 4783.82 4738.21 4690.87 4641.80 4590.99 4538.46 4484.20 4428.24 4370.61 4311.35 4250.53 4188.20 4124.50 4059.53 3993.47 3926.52 3858.95 3791.07 3723.28 3656.06 3589.96 3525.61 3463.74 3405.10 3350.73 2885.64 2842.49 2399.34 2366.56 1554.16 772.22 0.00 0.00 0.00 0.00 0.00 
0.00 0.00 0.00 0.00 0.00 2699.28 4057.26 4743.01 4752.02 5439.40 5447.62 5455.10 5801.75 5807.06 5811.25 5814.30 5816.18 5816.85 5816.31 5814.54 5811.53 5807.29 5801.79 5795.04 5787.04 5777.77 5767.24 5755.44 5742.35 5727.96 5712.27 5695.25 5676.89 5657.18 5636.09 5613.61 5589.71 5564.36 5537.54 5509.23 5479.40 5448.02 5415.06 5380.50 5344.30 5306.44 5266.89 5225.63 5182.62 5137.86 5091.32 5042.98 4992.84 4940.88 4887.10 4831.52 4774.15 4715.01 4654.14 4591.59 4527.43 4461.76 4394.68 4326.35 4256.94 4186.67 4115.83 4044.74 3973.79 3903.46 3834.27 3766.83 3701.82 3640.02 3369.88 3314.24 3263.07 2811.56 2770.14 2340.04 1538.75 382.65 0.00 0.00 0.00 0.00 
0.00 0.00 0.00 0.00 2694.38 4050.53 4736.58 5424.54 5435.19 6124.07 6133.42 6141.77 6148.99 6154.84 6159.40 6162.70 6164.72 6165.45 6164.89 6163.02 6159.85 6155.35 6149.54 6142.40 6133.94 6124.14 6112.99 6100.50 6086.65 6071.42 6054.81 6036.80 6017.37 5996.51 5974.19 5950.39 5925.09 5898.26 5869.88 5839.91 5808.34 5775.14 5740.26 5703.69 5665.40 5625.35 5583.53 5539.90 5494.43 5447.12 5397.94 5346.87 5293.90 5239.04 5182.27 5123.62 5063.11 5000.75 4936.60 4870.72 4803.19 4734.10 4663.58 4591.80 4518.93 4445.22 4370.95 4296.45 4222.11 4148.39 4075.77 4004.76 3935.83 3869.16 3804.17 3742.15 3684.22 3225.33 3176.88 2738.64 2313.49 1524.12 0.00 0.00 0.00 0.00 
0.00 0.00 0.00 1345.38 3368.22 4052.48 4739.82 5428.72 6118.32 6129.56 6139.61 6828.28 6836.03 6842.47 6847.55 6851.24 6853.51 6854.34 6853.73 6851.66 6848.14 6843.15 6836.70 6828.77 6819.37 6808.48 6796.11 6782.23 6766.84 6749.93 6731.48 6711.47 6689.89 6666.71 6641.91 6615.47 6587.37 6557.56 6526.04 6492.75 6457.69 6420.80 6382.07 6341.46 6298.93 6254.47 6208.03 6159.58 6109.12 6056.60 6002.01 5945.34 5886.57 5825.71 5762.76 5697.72 5630.63 5561.52 5490.44 5417.46 5342.67 5266.19 5188.15 5108.74 5028.16 4946.66 4864.57 4782.23 4700.07 4618.55 4538.21 4459.58 4383.26 4309.85 4240.17 3759.13 3698.34 3640.03 3188.08 2747.26 2318.53 1904.33 755.96 0.00 0.00 0.00 
0.00 0.00 0.00 2689.30 4043.56 4729.98 5419.14 6109.73 6122.55 6813.14 6823.89 6833.51 6841.60 6848.23 6853.43 6857.18 6859.49 6860.35 6859.76 6857.71 6854.19 6849.22 6842.77 6834.85 6825.46 6814.58 6802.21 6788.34 6772.96 6756.05 6737.60 6717.60 6696.03 6672.85 6648.07 6621.63 6593.54 6563.74 6532.23 6498.96 6463.91 6427.04 6388.34 6347.75 6305.26 6260.84 6214.44 6166.06 6115.66 6063.23 6008.73 5952.17 5893.53 5832.82 5770.03 5705.20 5638.33 5569.48 5498.69 5426.05 5351.65 5275.59 5198.04 5119.16 5039.16 4958.30 4876.88 4795.23 4713.75 4632.87 4553.04 4474.73 4398.40 4324.40 4252.85 4183.02 4117.70 3650.97 3593.77 3145.97 2710.67 2289.56 1507.99 0.00 0.00 0.00 
0.00 0.00 0.00 2688.13 4044.41 4731.90 5421.63 6112.65 6126.01 6816.82 6827.91 6837.65 6845.93 6852.70 6857.99 6861.81 6864.16 6865.05 6864.47 6862.43 6858.92 6853.95 6847.51 6839.60 6830.21 6819.34 6806.97 6793.11 6777.73 6760.83 6742.39 6722.39 6700.82 6677.66 6652.87 6626.45 6598.36 6568.57 6537.06 6503.81 6468.77 6431.92 6393.23 6352.67 6310.21 6265.82 6219.47 6171.13 6120.79 6068.42 6014.00 5957.53 5898.99 5838.40 5775.75 5711.07 5644.38 5575.74 5505.19 5432.82 5358.72 5283.01 5205.83 5127.37 5047.84 4967.47 4886.56 4805.45 4724.48 4644.07 4564.62 4486.53 4410.17 4335.79 4263.56 4193.76 4127.35 3660.33 3601.49 3152.55 2715.98 2292.18 1505.26 0.00 0.00 0.00 
0.00 0.00 0.00 3360.68 4044.86 5408.92 5423.40 6114.71 6806.61 6819.34 6830.66 6840.55 6848.99 6855.87 6861.23 6865.09 6867.47 6868.37 6867.81 6865.78 6862.28 6857.31 6850.88 6842.97 6833.58 6822.72 6810.36 6796.49 6781.12 6764.22 6745.79 6725.79 6704.23 6681.06 6656.28 6629.86 6601.78 6572.00 6540.50 6507.25 6472.22 6435.39 6396.71 6356.17 6313.73 6269.36 6223.04 6174.74 6124.43 6072.11 6017.75 5961.34 5902.88 5842.37 5779.82 5715.26 5648.71 5580.21 5509.84 5437.66 5363.78 5288.32 5211.42 5133.26 5054.05 4974.04 4893.51 4812.77 4732.17 4652.10 4572.94 4495.05 4418.73 4344.12 4271.28 4200.92 4133.37 4068.43 3606.95 3156.89 3106.85 2293.88 1883.13 0.00 0.00 0.00 
0.00 0.00 0.00 3360.57 4045.19 5409.75 5762.86 6115.86 6807.93 6820.74 6832.15 6842.16 7191.63 7198.76 7204.33 7208.36 7210.85 7211.79 7211.20 7209.07 7205.39 7200.18 7193.42 7185.12 7175.26 7163.85 7150.87 7136.32 7120.18 7102.44 7083.08 7062.08 7039.44 7015.12 6989.10 6961.36 6931.87 6900.60 6867.52 6832.61 6795.84 6757.16 6716.55 6673.99 6629.43 6582.84 6534.21 6483.50 6430.68 6375.75 6318.67 6259.45 6198.08 6134.56 6068.89 6001.11 5931.25 5859.34 5785.47 5709.70 5632.15 5552.94 5472.22 5390.18 5307.04 5223.06 5138.54 5053.81 4969.25 4885.28 4802.35 4720.93 4641.53 4564.62 4275.82 4204.96 4137.01 4072.03 3610.03 3159.50 3108.70 2678.70 1883.07 0.00 0.00 0.00 
0.00 0.00 0.00 3360.70 4045.33 5409.92 5763.04 6116.05 6808.13 6820.95 6832.37 6842.39 7191.87 7199.00 7204.58 7208.61 7211.10 7212.05 7211.46 7209.33 7205.65 7200.44 7193.68 7185.38 7175.53 7164.12 7151.14 7136.58 7120.44 7102.70 7083.34 7062.35 7039.70 7015.38 6989.36 6961.62 6932.13 6900.87 6867.79 6832.88 6796.11 6757.43 6716.83 6674.26 6629.71 6583.13 6534.50 6483.79 6430.98 6376.05 6318.99 6259.78 6198.41 6134.90 6069.25 6001.49 5931.64 5859.76 5785.91 5710.17 5632.64 5553.46 5472.78 5390.78 5307.68 5223.74 5139.26 5054.57 4970.05 4886.11 4803.21 4721.81 4642.40 4565.48 4276.63 4205.73 4137.73 4072.68 3610.59 3159.96 3109.12 2679.03 1883.32 0.00 0.00 0.00 
0.00 0.00 0.00 3361.05 4045.29 5409.43 5423.92 6115.28 6807.22 6819.97 6831.32 6841.24 6849.69 6856.60 6861.97 6865.85 6868.23 6869.14 6868.58 6866.56 6863.06 6858.10 6851.66 6843.75 6834.37 6823.50 6811.14 6797.28 6781.91 6765.01 6746.58 6726.59 6705.02 6681.86 6657.08 6630.66 6602.57 6572.80 6541.30 6508.06 6473.03 6436.20 6397.53 6357.00 6314.57 6270.21 6223.90 6175.61 6125.32 6073.02 6018.68 5962.30 5903.87 5843.40 5780.89 5716.38 5649.88 5581.44 5511.14 5439.04 5365.24 5289.87 5213.08 5135.03 5055.95 4976.06 4895.66 4815.05 4734.58 4654.61 4575.53 4497.68 4421.35 4346.68 4273.74 4203.24 4135.52 4070.38 3608.63 3158.27 3108.09 2294.81 1883.85 0.00 0.00 0.00 
0.00 0.00 0.00 2688.64 4045.12 4732.68 5422.49 6113.60 6126.97 6817.88 6829.01 6838.80 6847.11 6853.92 6859.24 6863.08 6865.44 6866.34 6865.77 6863.73 6860.23 6855.26 6848.82 6840.91 6831.53 6820.65 6808.29 6794.43 6779.05 6762.15 6743.71 6723.72 6702.15 6678.98 6654.20 6627.78 6599.69 6569.91 6538.41 6505.16 6470.13 6433.29 6394.61 6354.06 6311.61 6267.24 6220.90 6172.59 6122.28 6069.94 6015.56 5959.13 5900.65 5840.11 5777.53 5712.93 5646.33 5577.79 5507.36 5435.11 5361.15 5285.60 5208.60 5130.33 5051.00 4970.85 4890.17 4809.27 4728.52 4648.29 4568.98 4490.98 4414.61 4340.13 4267.71 4197.65 4130.97 3663.40 3604.30 3154.87 2717.88 2293.71 1506.26 0.00 0.00 0.00 
0.00 0.00 0.00 2689.96 4044.50 4731.06 5420.34 6111.04 6123.89 6814.62 6825.42 6835.12 6843.27 6849.95 6855.19 6858.97 6861.30 6862.18 6861.59 6859.54 6856.03 6851.06 6844.61 6836.70 6827.30 6816.43 6804.06 6790.19 6774.81 6757.91 6739.46 6719.46 6697.89 6674.72 6649.93 6623.50 6595.41 6565.62 6534.11 6500.85 6465.81 6428.96 6390.26 6349.69 6307.22 6262.82 6216.46 6168.11 6117.75 6065.36 6010.92 5954.42 5895.85 5835.22 5772.52 5707.79 5641.05 5572.34 5501.71 5429.25 5355.04 5279.21 5201.90 5123.29 5043.59 4963.04 4881.94 4800.62 4719.46 4638.86 4559.25 4481.08 4404.76 4330.62 4258.77 4188.53 4122.78 3655.28 3597.66 3149.18 2713.26 2291.63 1509.28 0.00 0.00 0.00 
0.00 0.00 0.00 1345.78 3369.25 4053.70 4741.21 5430.28 6120.04 6131.33 6141.46 6830.36 6838.19 6844.71 6849.84 6853.56 6855.85 6856.70 6856.10 6854.04 6850.52 6845.53 6839.08 6831.16 6821.75 6810.87 6798.50 6784.62 6769.23 6752.32 6733.87 6713.87 6692.29 6669.11 6644.32 6617.89 6589.78 6559.99 6528.47 6495.19 6460.14 6423.27 6384.55 6343.96 6301.46 6257.02 6210.62 6162.22 6111.80 6059.34 6004.81 5948.22 5889.54 5828.78 5765.95 5701.05 5634.11 5565.18 5494.30 5421.55 5347.02 5270.82 5193.10 5114.04 5033.84 4952.76 4871.10 4789.21 4707.49 4626.38 4546.38 4467.97 4391.70 4318.10 4247.99 3765.89 3704.50 3645.58 3192.67 2750.95 2321.43 1906.56 756.76 0.00 0.00 0.00 
0.00 0.00 0.00 0.00 2695.37 4052.00 4738.27 5426.41 5437.09 6126.23 6135.68 6144.17 6151.52 6157.47 6162.10 6165.43 6167.46 6168.21 6167.65 6165.79 6162.61 6158.12 6152.31 6145.17 6136.71 6126.91 6115.77 6103.28 6089.43 6074.20 6057.60 6039.59 6020.16 5999.30 5976.98 5953.19 5927.89 5901.07 5872.70 5842.74 5811.19 5777.99 5743.14 5706.59 5668.33 5628.31 5586.53 5542.94 5497.53 5450.28 5401.17 5350.19 5297.32 5242.57 5185.94 5127.45 5067.11 5004.95 4941.03 4875.41 4808.17 4739.41 4669.26 4597.88 4525.47 4452.25 4378.50 4304.55 4230.78 4157.61 4085.47 4014.83 3946.02 3879.13 3813.47 3750.62 3691.86 3231.52 3182.43 2743.07 2316.95 1526.25 0.00 0.00 0.00 0.00 
0.00 0.00 0.00 0.00 0.00 2700.57 4059.05 4744.99 4754.02 5441.72 5450.08 5457.77 5804.75 5810.17 5814.43 5817.50 5819.39 5820.07 5819.52 5817.75 5814.75 5810.50 5805.00 5798.25 5790.25 5780.99 5770.46 5758.66 5745.57 5731.19 5715.50 5698.48 5680.13 5660.42 5639.34 5616.86 5592.96 5567.62 5540.81 5512.51 5482.69 5451.33 5418.39 5383.85 5347.68 5309.86 5270.35 5229.14 5186.20 5141.50 5095.04 5046.80 4996.77 4944.94 4891.31 4835.90 4778.73 4719.81 4659.20 4596.94 4533.12 4467.82 4401.17 4333.31 4264.42 4194.74 4124.53 4054.12 3983.90 3914.29 3845.81 3778.97 3714.30 3652.32 3380.61 3323.71 3271.46 2818.12 2775.97 2344.52 1541.51 383.28 0.00 0.00 0.00 0.00 
0.00 0.00 0.00 0.00 0.00 1351.42 2704.45 4064.21 4071.18 4757.24 4764.22 5450.90 5456.98 5461.96 5465.87 5468.71 5470.45 5471.07 5470.55 5468.88 5466.04 5462.03 5456.86 5450.50 5442.96 5434.23 5424.32 5413.20 5400.87 5387.33 5372.55 5356.53 5339.25 5320.70 5300.85 5279.68 5257.18 5233.32 5208.08 5181.43 5153.35 5123.81 5092.79 5060.25 5026.18 4990.54 4953.31 4914.46 4873.98 4831.83 4788.01 4742.50 4695.28 4646.35 4595.71 4543.36 4489.32 4433.60 4376.25 4317.32 4256.85 4194.95 4131.71 4067.28 4001.82 3935.54 3868.71 3801.65 3734.75 3668.48 3603.36 3539.99 3478.91 3420.43 3363.89 2895.66 2851.23 2405.94 2372.37 1557.58 773.78 0.00 0.00 0.00 0.00 0.00 
0.00 0.00 0.00 0.00 0.00 0.00 676.69 2708.43 3389.52 4073.56 4078.78 4083.91 4769.38 4773.49 4776.81 4779.26 4780.77 4781.31 4780.85 4779.38 4776.89 4773.38 4768.85 4763.28 4756.67 4749.03 4740.35 4730.61 4719.82 4707.96 4695.03 4681.00 4665.88 4649.64 4632.26 4613.74 4594.04 4573.16 4551.06 4527.73 4503.15 4477.29 4450.12 4421.63 4391.78 4360.57 4327.95 4293.91 4258.43 4221.48 4183.06 4143.14 4101.72 4058.78 4014.32 3968.35 3920.86 3871.89 3821.45 3769.59 3716.34 3661.79 3606.02 3549.14 3491.30 3432.68 3373.51 3314.10 3254.79 3196.04 3138.39 3082.50 3029.17 2979.45 2509.32 2468.38 2433.35 1997.87 1580.86 0.00 0.00 0.00 0.00 0.00 0.00 0.00 
0.00 0.00 0.00 0.00 0.00 0.00 0.00 0.00 1356.37 2714.12 2715.91 3398.84 3402.26 3405.18 3407.55 3409.30 3410.39 3410.78 3410.46 3409.41 3407.64 3405.13 3401.88 3397.90 3393.18 3387.71 3381.50 3374.55 3366.83 3358.36 3349.11 3339.09 3328.28 3316.68 3304.26 3291.03 3276.96 3262.03 3246.25 3229.58 3212.01 3193.52 3174.10 3153.74 3132.40 3110.07 3086.75 3062.40 3037.01 3010.58 2983.08 2954.50 2924.83 2894.07 2862.21 2829.25 2795.19 2760.05 2723.84 2686.57 2648.30 2609.05 2568.88 2527.88 2486.14 2443.78 2400.98 2357.94 2314.92 2272.27 2230.38 2189.77 2150.97 2114.47 2079.83 1636.02 1619.39 802.70 0.00 0.00 0.00 0.00 0.00 0.00 0.00 0.00 
0.00 0.00 0.00 0.00 0.00 0.00 0.00 0.00 0.00 0.00 0.00 0.00 681.69 682.03 682.41 682.71 682.91 682.97 682.90 682.69 682.34 681.83 681.19 680.39 679.45 678.35 677.11 675.72 674.18 672.49 670.64 668.63 666.47 664.15 661.67 659.02 656.21 653.23 650.07 646.74 643.22 639.53 635.65 631.58 627.31 622.85 618.19 613.33 608.26 602.98 597.49 591.79 585.87 579.73 573.38 566.81 560.02 553.02 545.81 538.40 530.79 523.00 515.03 506.90 498.64 490.27 481.84 473.38 464.97 456.70 448.70 441.21 434.64 430.01 0.00 0.00 0.00 0.00 0.00 0.00 0.00 0.00 0.00 0.00 0.00 0.00 
0.00 0.00 0.00 0.00 0.00 0.00 0.00 0.00 0.00 0.00 0.00 0.00 0.00 0.00 0.00 0.00 0.00 0.00 0.00 0.00 0.00 0.00 0.00 0.00 0.00 0.00 0.00 0.00 0.00 0.00 0.00 0.00 0.00 0.00 0.00 0.00 0.00 0.00 0.00 0.00 0.00 0.00 0.00 0.00 0.00 0.00 0.00 0.00 0.00 0.00 0.00 0.00 0.00 0.00 0.00 0.00 0.00 0.00 0.00 0.00 0.00 0.00 0.00 0.00 0.00 0.00 0.00 0.00 0.00 0.00 0.00 0.00 0.00 0.00 0.00 0.00 0.00 0.00 0.00 0.00 0.00 0.00 0.00 0.00 0.00 0.00 
0.00 0.00 0.00 0.00 0.00 0.00 0.00 0.00 0.00 0.00 0.00 0.00 0.00 0.00 0.00 0.00 0.00 0.00 0.00 0.00 0.00 0.00 0.00 0.00 0.00 0.00 0.00 0.00 0.00 0.00 0.00 0.00 0.00 0.00 0.00 0.00 0.00 0.00 0.00 0.00 0.00 0.00 0.00 0.00 0.00 0.00 0.00 0.00 0.00 0.00 0.00 0.00 0.00 0.00 0.00 0.00 0.00 0.00 0.00 0.00 0.00 0.00 0.00 0.00 0.00 0.00 0.00 0.00 0.00 0.00 0.00 0.00 0.00 0.00 0.00 0.00 0.00 0.00 0.00 0.00 0.00 0.00 0.00 0.00 0.00 0.00 
0.00 0.00 0.00 0.00 0.00 0.00 0.00 0.00 0.00 0.00 0.00 0.00 0.00 0.00 0.00 0.00 0.00 0.00 0.00 0.00 0.00 0.00 0.00 0.00 0.00 0.00 0.00 0.00 0.00 0.00 0.00 0.00 0.00 0.00 0.00 0.00 0.00 0.00 0.00 0.00 0.00 0.00 0.00 0.00 0.00 0.00 0.00 0.00 0.00 0.00 0.00 0.00 0.00 0.00 0.00 0.00 0.00 0.00 0.00 0.00 0.00 0.00 0.00 0.00 0.00 0.00 0.00 0.00 0.00 0.00 0.00 0.00 0.00 0.00 0.00 0.00 0.00 0.00 0.00 0.00 0.00 0.00 0.00 0.00 0.00 0.00 
