0.00 0.00 0.00 0.00 0.00 0.00 0.00 0.00 0.00 0.00 0.00 0.00 0.00 0.00 0.00 0.00 0.00 0.00 0.00 0.00 0.00 0.00 0.00 0.00 0.00 0.00 0.00 0.00 0.00 0.00 0.00 0.00 0.00 0.00 0.00 0.00 0.00 0.00 0.00 0.00 0.00 0.00 0.00 0.00 0.00 0.00 0.00 0.00 0.00 0.00 0.00 0.00 0.00 0.00 0.00 0.00 0.00 0.00 0.00 0.00 0.00 0.00 0.00 0.00 0.00 0.00 0.00 0.00 0.00 0.00 0.00 0.00 0.00 0.00 0.00 0.00 0.00 0.00 0.00 0.00 0.00 0.00 0.00 0.00 0.00 0.00 
0.00 0.00 0.00 0.00 0.00 0.00 0.00 0.00 0.00 0.00 0.00 0.00 0.00 0.00 0.00 0.00 0.00 0.00 0.00 0.00 0.00 0.00 0.00 0.00 0.00 0.00 0.00 0.00 0.00 0.00 0.00 0.00 0.00 0.00 0.00 0.00 0.00 0.00 0.00 0.00 0.00 0.00 0.00 0.00 0.00 0.00 0.00 0.00 0.00 0.00 0.00 0.00 0.00 0.00 0.00 0.00 0.00 0.00 0.00 0.00 0.00 0.00 0.00 0.00 0.00 0.00 0.00 0.00 0.00 0.00 0.00 0.00 0.00 0.00 0.00 0.00 0.00 0.00 0.00 0.00 0.00 0.00 0.00 0.00 0.00 0.00 
0.00 0.00 0.00 0.00 0.00 0.00 0.00 0.00 0.00 0.00 0.00 0.00 0.00 0.00 0.00 0.00 0.00 0.00 0.00 0.00 0.00 0.00 0.00 0.00 0.00 0.00 0.00 0.00 0.00 0.00 0.00 0.00 0.00 0.00 0.00 0.00 0.00 0.00 0.00 0.00 0.00 0.00 0.00 0.00 0.00 0.00 0.00 0.00 0.00 0.00 0.00 0.00 0.00 0.00 0.00 0.00 0.00 0.00 0.00 0.00 0.00 0.00 0.00 0.00 0.00 0.00 0.00 0.00 0.00 0.00 0.00 0.00 0.00 0.00 0.00 0.00 0.00 0.00 0.00 0.00 0.00 0.00 0.00 0.00 0.00 0.00 
0.00 0.00 0.00 0.00 0.00 0.00 0.00 0.00 930.53 1863.46 1866.69 2340.92 2347.98 2356.00 2364.51 2373.31 2382.35 2391.61 2401.09 2410.80 2420.77 2431.02 2441.56 2452.42 2463.61 2475.15 2487.05 2499.32 2511.96 2524.97 2538.35 2552.10 2566.19 2580.62 2595.37 2610.41 2625.70 2641.23 2656.94 2672.81 2688.77 2704.78 2720.78 2736.72 2752.54 2768.17 2783.54 2798.59 2813.25 2827.45 2841.12 2854.19 2866.59 2878.26 2889.12 2899.12 2908.18 2916.25 2923.26 2929.16 2933.89 2937.40 2939.64 2940.56 2940.12 2938.28 2935.00 2930.26 2924.06 2916.40 2907.32 2896.92 2885.40 2873.15 2861.08 2277.40 2269.82 1131.14 0.00 0.00 0.00 0.00 0.00 0.00 0.00 0.00 
0.00 0.00 0.00 0.00 0.00 0.00 0.00 1855.35 2324.83 2799.31 2808.21 2817.89 2827.71 2837.89 2848.36 2859.10 2870.08 2881.30 2892.78 2904.54 2916.60 2928.98 2941.71 2954.82 2968.31 2982.21 2996.53 3011.28 3026.47 3042.08 3058.13 3074.60 3091.48 3108.74 3126.37 3144.33 3162.60 3181.12 3199.85 3218.75 3237.75 3256.80 3275.84 3294.79 3313.58 3332.14 3350.39 3368.25 3385.63 3402.47 3418.67 3434.16 3448.84 3462.65 3475.51 3487.33 3498.04 3507.56 3515.84 3522.79 3528.35 3532.47 3535.07 3536.12 3535.55 3533.32 3529.41 3523.78 3516.42 3507.36 3496.62 3484.31 3470.57 3455.60 3439.67 3422.60 3405.97 2821.85 2246.51 0.00 0.00 0.00 0.00 0.00 0.00 0.00 
0.00 0.00 0.00 0.00 0.00 924.24 1850.27 2785.81 2795.97 3273.78 3285.76 3767.41 3780.79 3794.61 3808.76 3823.22 3837.98 3853.06 3868.47 3884.25 3900.42 3917.02 3934.08 3951.62 3969.67 3988.26 4007.39 4027.09 4047.35 4068.17 4089.56 4111.50 4133.96 4156.93 4180.37 4204.24 4228.50 4253.08 4277.94 4303.00 4328.19 4353.43 4378.65 4403.73 4428.60 4453.16 4477.29 4500.90 4523.88 4546.13 4567.53 4587.98 4607.37 4625.60 4642.56 4658.15 4672.26 4684.82 4695.71 4704.85 4712.16 4717.55 4720.95 4722.29 4721.50 4718.53 4713.34 4705.89 4696.19 4684.25 4670.13 4653.93 4635.83 4616.07 4595.11 4000.26 3978.73 3388.88 3368.07 2227.13 1108.69 0.00 0.00 0.00 0.00 0.00 
0.00 0.00 0.00 0.00 0.00 1846.49 2779.96 3256.00 3269.20 3749.74 3764.24 3779.16 4029.40 4044.46 4059.80 4075.39 4091.27 4107.46 4123.98 4140.88 4158.18 4175.93 4194.15 4212.87 4232.13 4251.93 4272.31 4293.27 4314.82 4336.95 4359.66 4382.94 4406.77 4431.11 4455.93 4481.20 4506.85 4532.84 4559.11 4585.57 4612.16 4638.80 4665.38 4691.82 4718.03 4743.89 4769.30 4794.15 4818.33 4841.72 4864.23 4885.72 4906.09 4925.24 4943.04 4959.40 4974.21 4987.36 4998.77 5008.34 5015.97 5021.59 5025.11 5026.47 5025.59 5022.43 5016.93 5009.08 4998.85 4986.28 4971.39 4954.30 4935.13 4914.11 4603.24 4578.51 4552.80 3958.06 3931.76 3344.55 2211.40 550.28 0.00 0.00 0.00 0.00 
0.00 0.00 0.00 0.00 1841.74 2772.56 3248.27 3727.33 3742.96 4225.92 4242.49 4259.27 4276.09 4292.68 4309.29 4326.07 4343.09 4360.39 4378.03 4396.04 4414.47 4433.35 4452.72 4472.62 4493.07 4514.10 4535.71 4557.93 4580.76 4604.20 4628.23 4652.86 4678.04 4703.76 4729.98 4756.65 4783.72 4811.13 4838.82 4866.70 4894.71 4922.75 4950.73 4978.56 5006.12 5033.31 5060.02 5086.13 5111.54 5136.11 5159.74 5182.31 5203.69 5223.78 5242.45 5259.60 5275.12 5288.91 5300.85 5310.85 5318.83 5324.68 5328.33 5329.71 5328.74 5325.37 5319.56 5311.26 5300.46 5287.17 5271.42 5253.26 5232.73 5209.81 5184.24 5156.53 5127.28 4528.22 4497.38 3904.38 3318.21 2193.82 0.00 0.00 0.00 0.00 
0.00 0.00 0.00 919.43 2302.97 2776.06 3253.57 3734.01 4216.63 4234.60 4252.40 4739.27 4757.48 4775.89 4794.46 4813.24 4832.26 4851.59 4871.27 4891.36 4911.91 4932.95 4954.52 4976.68 4999.44 5022.83 5046.87 5071.57 5096.95 5122.99 5149.69 5177.03 5204.99 5233.54 5262.63 5292.21 5322.23 5352.63 5383.32 5414.23 5445.26 5476.33 5507.32 5538.13 5568.65 5598.75 5628.31 5657.22 5685.33 5712.52 5738.66 5763.62 5787.27 5809.48 5830.13 5849.09 5866.24 5881.47 5894.66 5905.70 5914.50 5920.96 5924.98 5926.48 5925.39 5921.64 5915.18 5905.97 5893.99 5879.24 5861.74 5841.54 5818.74 5793.47 5766.03 5163.51 5132.61 5099.33 4500.71 3906.06 3317.55 2738.67 1087.63 0.00 0.00 0.00 
0.00 0.00 0.00 1837.37 2766.21 3241.94 3721.76 4204.47 4223.34 4709.10 4728.23 4747.62 4766.61 4785.48 4804.39 4823.42 4842.65 4862.15 4881.97 4902.18 4922.82 4943.96 4965.61 4987.84 5010.65 5034.09 5058.17 5082.90 5108.29 5134.33 5161.02 5188.34 5216.26 5244.76 5273.78 5303.29 5333.23 5363.52 5394.10 5424.88 5455.78 5486.70 5517.54 5548.19 5578.53 5608.46 5637.85 5666.57 5694.50 5721.50 5747.46 5772.24 5795.72 5817.76 5838.24 5857.05 5874.05 5889.14 5902.21 5913.14 5921.85 5928.22 5932.17 5933.62 5932.49 5928.73 5922.27 5913.07 5901.10 5886.36 5868.84 5848.57 5825.57 5799.88 5771.48 5740.04 5706.81 5103.02 5066.38 4466.42 3872.32 3287.19 2170.35 0.00 0.00 0.00 
0.00 0.00 0.00 1836.39 2767.96 3245.11 3725.78 4209.13 4228.82 4714.93 4734.67 4754.30 4773.70 4792.93 4812.10 4831.34 4850.73 4870.36 4890.30 4910.60 4931.33 4952.54 4974.26 4996.53 5019.40 5042.87 5066.98 5091.73 5117.12 5143.17 5169.85 5197.15 5225.05 5253.50 5282.48 5311.93 5341.80 5372.01 5402.50 5433.19 5463.98 5494.79 5525.51 5556.03 5586.25 5616.04 5645.28 5673.86 5701.65 5728.52 5754.33 5778.98 5802.32 5824.23 5844.58 5863.27 5880.16 5895.15 5908.12 5918.97 5927.59 5933.90 5937.80 5939.22 5938.07 5934.29 5927.83 5918.64 5906.68 5891.94 5874.40 5854.05 5830.89 5804.90 5776.07 5744.47 5710.55 5106.41 5068.66 4467.89 3873.14 3286.13 2165.67 0.00 0.00 0.00 
0.00 0.00 0.00 2296.22 2769.07 3709.90 3728.64 4212.41 4698.45 4718.89 4739.05 4758.99 4778.72 4798.21 4817.56 4836.94 4856.45 4876.17 4896.19 4916.56 4937.35 4958.61 4980.37 5002.69 5025.58 5049.08 5073.21 5097.97 5123.38 5149.42 5176.10 5203.38 5231.26 5259.69 5288.63 5318.04 5347.86 5378.02 5408.45 5439.07 5469.79 5500.51 5531.15 5561.58 5591.71 5621.40 5650.55 5679.03 5706.72 5733.49 5759.21 5783.75 5806.99 5828.81 5849.08 5867.68 5884.50 5899.41 5912.32 5923.11 5931.68 5937.95 5941.81 5943.20 5942.04 5938.26 5931.80 5922.61 5910.67 5895.94 5878.39 5858.01 5834.75 5808.57 5779.38 5747.43 5712.83 5675.49 5070.32 4468.60 4429.06 3285.08 2707.99 0.00 0.00 0.00 
0.00 0.00 0.00 2296.27 2769.73 3711.20 3962.21 4214.21 4700.49 4721.08 4741.43 4761.59 5018.18 5038.34 5058.51 5078.78 5099.22 5119.92 5140.92 5162.31 5184.14 5206.46 5229.31 5252.74 5276.78 5301.45 5326.79 5352.79 5379.46 5406.81 5434.82 5463.47 5492.74 5522.60 5552.99 5583.87 5615.18 5646.85 5678.81 5710.96 5743.22 5775.48 5807.65 5839.61 5871.25 5902.43 5933.04 5962.95 5992.02 6020.13 6047.14 6072.91 6097.32 6120.24 6141.52 6161.06 6178.72 6194.38 6207.94 6219.28 6228.29 6234.88 6238.95 6240.43 6239.22 6235.27 6228.51 6218.90 6206.39 6190.98 6172.64 6151.40 6127.28 6100.35 5781.38 5749.18 5714.36 5676.98 5071.41 4469.30 4429.19 3836.43 2707.09 0.00 0.00 0.00 
0.00 0.00 0.00 2296.39 2769.87 3711.38 3962.41 4214.44 4700.75 4721.37 4741.73 4761.92 5018.53 5038.71 5058.89 5079.18 5099.63 5120.33 5141.34 5162.74 5184.57 5206.89 5229.75 5253.18 5277.22 5301.90 5327.23 5353.23 5379.91 5407.26 5435.27 5463.92 5493.19 5523.04 5553.43 5584.31 5615.62 5647.29 5679.24 5711.39 5743.64 5775.90 5808.07 5840.02 5871.65 5902.83 5933.43 5963.33 5992.40 6020.50 6047.50 6073.27 6097.68 6120.58 6141.87 6161.40 6179.06 6194.72 6208.27 6219.61 6228.63 6235.22 6239.30 6240.77 6239.58 6235.63 6228.89 6219.29 6206.80 6191.41 6173.09 6151.86 6127.75 6100.83 5781.87 5749.67 5714.86 5677.48 5071.91 4469.77 4429.69 3836.90 2707.51 0.00 0.00 0.00 
0.00 0.00 0.00 2296.56 2769.49 3710.43 3729.22 4213.10 4699.23 4719.75 4739.97 4759.97 4779.77 4799.31 4818.72 4838.13 4857.67 4877.41 4897.45 4917.83 4938.64 4959.90 4981.68 5004.00 5026.90 5050.41 5074.54 5099.30 5124.71 5150.75 5177.43 5204.72 5232.59 5261.02 5289.96 5319.36 5349.17 5379.32 5409.74 5440.34 5471.05 5501.76 5532.38 5562.80 5592.91 5622.59 5651.72 5680.18 5707.85 5734.60 5760.30 5784.82 5808.05 5829.85 5850.11 5868.70 5885.50 5900.41 5913.31 5924.10 5932.68 5938.95 5942.84 5944.25 5943.11 5939.36 5932.94 5923.80 5911.90 5897.22 5879.72 5859.38 5836.17 5810.01 5780.85 5748.91 5714.33 5677.00 5071.80 4470.01 4430.53 3286.39 2709.20 0.00 0.00 0.00 
0.00 0.00 0.00 1836.86 2768.66 3245.94 3726.75 4210.28 4230.05 4716.36 4736.21 4755.95 4775.46 4794.79 4814.04 4833.34 4852.78 4872.44 4892.41 4912.74 4933.49 4954.71 4976.44 4998.73 5021.60 5045.09 5069.20 5093.95 5119.35 5145.40 5172.08 5199.38 5227.27 5255.72 5284.69 5314.13 5343.99 5374.18 5404.66 5435.32 5466.10 5496.88 5527.57 5558.07 5588.25 5618.02 5647.23 5675.78 5703.54 5730.37 5756.16 5780.77 5804.08 5825.97 5846.30 5864.96 5881.84 5896.82 5909.78 5920.63 5929.26 5935.58 5939.51 5940.95 5939.85 5936.12 5929.73 5920.61 5908.74 5894.09 5876.63 5856.36 5833.26 5807.32 5778.52 5746.94 5713.06 5108.78 5071.11 4470.23 3875.38 3288.27 2167.34 0.00 0.00 0.00 
0.00 0.00 0.00 1837.97 2767.15 3243.07 3723.11 4206.06 4225.06 4711.09 4730.39 4749.95 4769.10 4788.12 4807.14 4826.25 4845.54 4865.09 4884.95 4905.18 4925.86 4947.01 4968.69 4990.92 5013.76 5037.21 5061.29 5086.03 5111.42 5137.47 5164.16 5191.48 5219.39 5247.88 5276.90 5306.39 5336.31 5366.58 5397.13 5427.89 5458.75 5489.64 5520.44 5551.05 5581.36 5611.24 5640.59 5669.26 5697.15 5724.11 5750.02 5774.76 5798.20 5820.20 5840.65 5859.42 5876.41 5891.48 5904.54 5915.47 5924.18 5930.57 5934.55 5936.05 5934.98 5931.30 5924.93 5915.84 5904.00 5889.38 5871.99 5851.84 5828.93 5803.30 5774.93 5743.49 5710.28 5106.31 5069.74 4469.61 3875.36 3290.03 2172.41 0.00 0.00 0.00 
0.00 0.00 0.00 919.81 2303.98 2777.35 3255.15 3735.89 4218.83 4237.00 4255.01 4742.30 4760.75 4779.34 4798.05 4816.93 4836.03 4855.41 4875.14 4895.26 4915.83 4936.90 4958.50 4980.67 5003.45 5026.85 5050.91 5075.62 5101.00 5127.05 5153.75 5181.09 5209.04 5237.58 5266.65 5296.22 5326.22 5356.58 5387.24 5418.11 5449.11 5480.13 5511.08 5541.84 5572.30 5602.35 5631.86 5660.70 5688.75 5715.88 5741.97 5766.87 5790.47 5812.63 5833.23 5852.15 5869.27 5884.47 5897.65 5908.69 5917.50 5923.98 5928.04 5929.59 5928.58 5924.93 5918.59 5909.53 5897.71 5883.14 5865.82 5845.79 5823.12 5797.93 5770.50 5167.67 5136.76 5103.51 4504.62 3909.70 3320.91 2741.69 1088.86 0.00 0.00 0.00 
0.00 0.00 0.00 0.00 1842.73 2774.13 3250.20 3729.60 3745.41 4228.85 4245.71 4262.81 4279.96 4296.78 4313.55 4330.43 4347.52 4364.87 4382.55 4400.59 4419.05 4437.96 4457.36 4477.28 4497.75 4518.79 4540.43 4562.66 4585.50 4608.94 4632.97 4657.59 4682.77 4708.48 4734.68 4761.32 4788.36 4815.74 4843.39 4871.24 4899.20 4927.19 4955.11 4982.88 5010.37 5037.50 5064.14 5090.19 5115.52 5140.03 5163.59 5186.09 5207.41 5227.44 5246.06 5263.16 5278.64 5292.39 5304.31 5314.31 5322.29 5328.16 5331.86 5333.30 5332.42 5329.16 5323.49 5315.37 5304.77 5291.71 5276.20 5258.26 5237.90 5215.06 5189.43 5161.64 5132.33 4532.82 4502.05 3908.68 3322.12 2196.61 0.00 0.00 0.00 0.00 
0.00 0.00 0.00 0.00 0.00 1847.87 2782.02 3258.41 3271.77 3752.91 3767.77 3783.15 4034.04 4049.37 4064.86 4080.54 4096.47 4112.70 4129.26 4146.19 4163.52 4181.30 4199.54 4218.29 4237.57 4257.40 4277.80 4298.77 4320.33 4342.47 4365.18 4388.46 4412.27 4436.60 4461.40 4486.64 4512.26 4538.22 4564.44 4590.85 4617.39 4643.96 4670.48 4696.85 4722.98 4748.76 4774.09 4798.86 4822.96 4846.27 4868.69 4890.11 4910.41 4929.48 4947.22 4963.52 4978.27 4991.39 5002.77 5012.32 5019.96 5025.60 5029.16 5030.59 5029.81 5026.77 5021.44 5013.80 5003.82 4991.53 4976.97 4960.19 4941.29 4920.38 4609.05 4584.09 4558.23 3962.86 3936.58 3348.84 2214.47 551.06 0.00 0.00 0.00 0.00 
0.00 0.00 0.00 0.00 0.00 925.18 1852.14 2788.21 2798.51 3277.02 3289.42 3772.18 3786.36 3800.43 3814.67 3829.17 3843.95 3859.06 3874.50 3890.30 3906.50 3923.13 3940.22 3957.79 3975.87 3994.49 4013.64 4033.35 4053.63 4074.46 4095.85 4117.78 4140.24 4163.19 4186.60 4210.44 4234.66 4259.20 4284.01 4309.01 4334.14 4359.31 4384.44 4409.45 4434.23 4458.70 4482.74 4506.26 4529.14 4551.29 4572.60 4592.96 4612.26 4630.40 4647.28 4662.80 4676.86 4689.36 4700.21 4709.33 4716.64 4722.05 4725.49 4726.90 4726.21 4723.38 4718.38 4711.17 4701.77 4690.18 4676.48 4660.74 4643.09 4623.59 4602.02 4006.04 3984.29 3393.62 3372.77 2230.39 1110.33 0.00 0.00 0.00 0.00 0.00 
0.00 0.00 0.00 0.00 0.00 0.00 463.73 1857.03 2327.15 2802.42 2811.77 2822.12 3304.25 3315.88 3327.97 3340.42 3353.19 3366.26 3379.65 3393.38 3407.46 3421.92 3436.80 3452.11 3467.87 3484.11 3500.83 3518.06 3535.78 3554.01 3572.74 3591.95 3611.64 3631.77 3652.32 3673.25 3694.53 3716.11 3737.93 3759.93 3782.06 3804.23 3826.38 3848.42 3870.28 3891.86 3913.08 3933.84 3954.06 3973.62 3992.45 4010.44 4027.51 4043.56 4058.49 4072.23 4084.68 4095.76 4105.38 4113.48 4119.98 4124.81 4127.90 4129.19 4128.63 4126.18 4121.81 4115.49 4107.23 4097.05 4085.04 4071.30 4056.06 4039.67 3445.81 3428.24 3411.33 2826.25 2250.02 0.00 0.00 0.00 0.00 0.00 0.00 0.00 
0.00 0.00 0.00 0.00 0.00 0.00 0.00 0.00 931.60 1865.75 1869.30 2344.78 2352.80 2361.01 2369.53 2378.32 2387.35 2396.60 2406.09 2415.82 2425.81 2436.08 2446.65 2457.54 2468.75 2480.31 2492.23 2504.51 2517.16 2530.18 2543.57 2557.31 2571.39 2585.81 2600.54 2615.55 2630.82 2646.31 2661.98 2677.79 2693.70 2709.65 2725.59 2741.46 2757.21 2772.76 2788.05 2803.02 2817.60 2831.72 2845.31 2858.30 2870.62 2882.22 2893.01 2902.94 2911.95 2919.97 2926.95 2932.82 2937.55 2941.06 2943.33 2944.30 2943.93 2942.20 2939.07 2934.54 2928.59 2921.26 2912.58 2902.66 2891.62 2879.66 2866.71 2281.58 2273.77 1133.08 0.00 0.00 0.00 0.00 0.00 0.00 0.00 0.00 
0.00 0.00 0.00 0.00 0.00 0.00 0.00 0.00 0.00 0.00 0.00 0.00 472.94 474.01 475.49 477.16 478.93 480.77 482.67 484.62 486.63 488.69 490.82 493.00 495.25 497.57 499.96 502.42 504.95 507.56 510.23 512.98 515.79 518.67 521.61 524.60 527.64 530.72 533.84 536.99 540.15 543.32 546.49 549.64 552.76 555.85 558.88 561.85 564.74 567.54 570.23 572.80 575.24 577.54 579.67 581.64 583.42 585.00 586.38 587.54 588.47 589.16 589.60 589.79 589.71 589.37 588.75 587.86 586.70 585.29 583.67 581.89 580.11 578.70 0.00 0.00 0.00 0.00 0.00 0.00 0.00 0.00 0.00 0.00 0.00 0.00 
0.00 0.00 0.00 0.00 0.00 0.00 0.00 0.00 0.00 0.00 0.00 0.00 0.00 0.00 0.00 0.00 0.00 0.00 0.00 0.00 0.00 0.00 0.00 0.00 0.00 0.00 0.00 0.00 0.00 0.00 0.00 0.00 0.00 0.00 0.00 0.00 0.00 0.00 0.00 0.00 0.00 0.00 0.00 0.00 0.00 0.00 0.00 0.00 0.00 0.00 0.00 0.00 0.00 0.00 0.00 0.00 0.00 0.00 0.00 0.00 0.00 0.00 0.00 0.00 0.00 0.00 0.00 0.00 0.00 0.00 0.00 0.00 0.00 0.00 0.00 0.00 0.00 0.00 0.00 0.00 0.00 0.00 0.00 0.00 0.00 0.00 
0.00 0.00 0.00 0.00 0.00 0.00 0.00 0.00 0.00 0.00 0.00 0.00 0.00 0.00 0.00 0.00 0.00 0.00 0.00 0.00 0.00 0.00 0.00 0.00 0.00 0.00 0.00 0.00 0.00 0.00 0.00 0.00 0.00 0.00 0.00 0.00 0.00 0.00 0.00 0.00 0.00 0.00 0.00 0.00 0.00 0.00 0.00 0.00 0.00 0.00 0.00 0.00 0.00 0.00 0.00 0.00 0.00 0.00 0.00 0.00 0.00 0.00 0.00 0.00 0.00 0.00 0.00 0.00 0.00 0.00 0.00 0.00 0.00 0.00 0.00 0.00 0.00 0.00 0.00 0.00 0.00 0.00 0.00 0.00 0.00 0.00 
0.00 0.00 0.00 0.00 0.00 0.00 0.00 0.00 0.00 0.00 0.00 0.00 0.00 0.00 0.00 0.00 0.00 0.00 0.00 0.00 0.00 0.00 0.00 0.00 0.00 0.00 0.00 0.00 0.00 0.00 0.00 0.00 0.00 0.00 0.00 0.00 0.00 0.00 0.00 0.00 0.00 0.00 0.00 0.00 0.00 0.00 0.00 0.00 0.00 0.00 0.00 0.00 0.00 0.00 0.00 0.00 0.00 0.00 0.00 0.00 0.00 0.00 0.00 0.00 0.00 0.00 0.00 0.00 0.00 0.00 0.00 0.00 0.00 0.00 0.00 0.00 0.00 0.00 0.00 0.00 0.00 0.00 0.00 0.00 0.00 0.00 
