0.00 0.00 0.00 0.00 0.00 0.00 0.00 0.00 0.00 0.00 0.00 0.00 0.00 0.00 0.00 0.00 0.00 0.00 0.00 0.00 0.00 0.00 0.00 0.00 0.00 0.00 0.00 0.00 0.00 0.00 0.00 0.00 0.00 0.00 0.00 0.00 0.00 0.00 0.00 0.00 0.00 0.00 0.00 0.00 0.00 0.00 0.00 0.00 0.00 0.00 0.00 0.00 0.00 0.00 0.00 0.00 0.00 0.00 0.00 0.00 0.00 0.00 0.00 0.00 0.00 0.00 0.00 0.00 0.00 0.00 0.00 0.00 0.00 0.00 0.00 0.00 0.00 0.00 0.00 0.00 0.00 0.00 0.00 0.00 0.00 0.00 
0.00 0.00 0.00 0.00 0.00 0.00 0.00 0.00 0.00 0.00 0.00 0.00 0.00 0.00 0.00 0.00 0.00 0.00 0.00 0.00 0.00 0.00 0.00 0.00 0.00 0.00 0.00 0.00 0.00 0.00 0.00 0.00 0.00 0.00 0.00 0.00 0.00 0.00 0.00 0.00 0.00 0.00 0.00 0.00 0.00 0.00 0.00 0.00 0.00 0.00 0.00 0.00 0.00 0.00 0.00 0.00 0.00 0.00 0.00 0.00 0.00 0.00 0.00 0.00 0.00 0.00 0.00 0.00 0.00 0.00 0.00 0.00 0.00 0.00 0.00 0.00 0.00 0.00 0.00 0.00 0.00 0.00 0.00 0.00 0.00 0.00 
0.00 0.00 0.00 0.00 0.00 0.00 0.00 0.00 0.00 0.00 0.00 0.00 0.00 0.00 0.00 0.00 0.00 0.00 0.00 0.00 0.00 0.00 0.00 0.00 0.00 0.00 0.00 0.00 0.00 0.00 0.00 0.00 0.00 0.00 0.00 0.00 0.00 0.00 0.00 0.00 0.00 0.00 0.00 0.00 0.00 0.00 0.00 0.00 0.00 0.00 0.00 0.00 0.00 0.00 0.00 0.00 0.00 0.00 0.00 0.00 0.00 0.00 0.00 0.00 0.00 0.00 0.00 0.00 0.00 0.00 0.00 0.00 0.00 0.00 0.00 0.00 0.00 0.00 0.00 0.00 0.00 0.00 0.00 0.00 0.00 0.00 
0.00 0.00 0.00 0.00 0.00 0.00 0.00 0.00 1193.96 2392.19 2396.54 3004.05 3010.80 3017.32 3023.01 3027.58 3030.90 3032.91 3033.58 3032.89 3030.86 3027.49 3022.81 3016.83 3009.59 3001.11 2991.41 2980.54 2968.52 2955.39 2941.17 2925.92 2909.67 2892.45 2874.32 2855.31 2835.48 2814.88 2793.55 2771.57 2748.98 2725.86 2702.28 2678.31 2654.03 2629.52 2604.87 2580.17 2555.51 2530.99 2506.69 2482.70 2459.09 2435.96 2413.35 2391.34 2369.96 2349.26 2329.27 2310.00 2291.46 2273.66 2256.59 2240.23 2224.56 2209.57 2195.22 2181.48 2168.32 2155.72 2143.66 2132.15 2121.25 2111.16 2102.43 1674.59 1670.61 833.81 0.00 0.00 0.00 0.00 0.00 0.00 0.00 0.00 
0.00 0.00 0.00 0.00 0.00 0.00 0.00 2378.08 2981.27 3590.05 3600.36 3610.53 3619.60 3627.62 3634.40 3639.78 3643.67 3646.00 3646.75 3645.91 3643.46 3639.44 3633.86 3626.74 3618.12 3608.01 3596.47 3583.53 3569.21 3553.57 3536.65 3518.49 3499.14 3478.65 3457.07 3434.45 3410.85 3386.34 3360.98 3334.83 3307.98 3280.50 3252.48 3224.00 3195.15 3166.04 3136.77 3107.43 3078.15 3049.01 3020.12 2991.59 2963.51 2935.96 2909.03 2882.77 2857.25 2832.51 2808.58 2785.50 2763.27 2741.89 2721.36 2701.67 2682.79 2664.70 2647.36 2630.75 2614.82 2599.54 2584.89 2570.85 2557.44 2544.66 2532.58 2520.90 2510.36 2082.75 1660.98 0.00 0.00 0.00 0.00 0.00 0.00 0.00 
0.00 0.00 0.00 0.00 0.00 1180.35 2366.17 3566.88 3580.57 4193.17 4206.68 4821.20 4833.21 4843.81 4852.72 4859.78 4864.85 4867.88 4868.83 4867.67 4864.41 4859.06 4851.65 4842.20 4830.77 4817.37 4802.07 4784.91 4765.94 4745.21 4722.78 4698.71 4673.06 4645.90 4617.30 4587.33 4556.07 4523.60 4490.01 4455.39 4419.84 4383.46 4346.37 4308.68 4270.51 4231.99 4193.26 4154.45 4115.69 4077.12 4038.88 4001.10 3963.89 3927.37 3891.64 3856.79 3822.89 3790.00 3758.17 3727.43 3697.80 3669.28 3641.87 3615.56 3590.31 3566.09 3542.86 3520.58 3499.20 3478.68 3458.98 3440.07 3421.94 3404.60 3388.18 2951.54 2937.43 2506.00 2494.42 1655.10 826.45 0.00 0.00 0.00 0.00 0.00 
0.00 0.00 0.00 0.00 0.00 2356.47 3552.40 4164.11 4181.54 4797.35 4813.55 4828.54 5143.29 5154.62 5164.07 5171.50 5176.83 5179.99 5180.95 5179.70 5176.23 5170.57 5162.74 5152.76 5140.68 5126.55 5110.39 5092.28 5072.25 5050.37 5026.70 5001.30 4974.24 4945.58 4915.41 4883.79 4850.82 4816.58 4781.16 4744.66 4707.18 4668.85 4629.76 4590.05 4549.84 4509.27 4468.47 4427.58 4386.75 4346.11 4305.80 4265.95 4226.70 4188.15 4150.40 4113.56 4077.69 4042.87 4009.13 3976.52 3945.05 3914.74 3885.58 3857.54 3830.62 3804.76 3779.94 3756.10 3733.20 3711.18 3690.00 3669.61 3649.98 3631.11 3401.12 3383.22 3366.15 2931.57 2916.56 2487.65 1650.79 412.25 0.00 0.00 0.00 0.00 
0.00 0.00 0.00 0.00 2343.11 3534.90 4146.74 4762.61 4783.14 5401.81 5420.23 5437.02 5451.79 5464.18 5474.34 5482.26 5487.90 5491.23 5492.24 5490.91 5487.25 5481.27 5473.01 5462.50 5449.78 5434.88 5417.87 5398.79 5377.70 5354.65 5329.72 5302.97 5274.47 5244.30 5212.53 5179.24 5144.53 5108.49 5071.21 5032.80 4993.37 4953.04 4911.92 4870.16 4827.87 4785.20 4742.29 4699.28 4656.33 4613.58 4571.16 4529.22 4487.88 4447.27 4407.49 4368.64 4330.79 4294.02 4258.37 4223.89 4190.59 4158.48 4127.57 4097.83 4069.24 4041.77 4015.36 3989.97 3965.55 3942.03 3919.34 3897.42 3876.17 3855.40 3834.79 3814.63 3795.11 3357.75 3339.98 2907.76 2479.58 1646.35 0.00 0.00 0.00 0.00 
0.00 0.00 0.00 1165.95 2927.85 3535.25 4148.86 4766.05 5385.22 5406.90 5426.46 6045.78 6061.61 6075.25 6086.52 6095.33 6101.60 6105.30 6106.42 6104.94 6100.88 6094.25 6085.09 6073.44 6059.34 6042.83 6023.98 6002.84 5979.47 5953.94 5926.32 5896.68 5865.10 5831.68 5796.48 5759.61 5721.16 5681.24 5639.96 5597.42 5553.76 5509.10 5463.58 5417.33 5370.51 5323.26 5275.76 5228.14 5180.58 5133.23 5086.26 5039.80 4994.00 4949.00 4904.90 4861.82 4819.84 4779.04 4739.47 4701.18 4664.20 4628.52 4594.15 4561.07 4529.26 4498.67 4469.25 4440.95 4413.71 4387.44 4362.08 4337.56 4313.80 4290.74 4268.40 3825.55 3804.61 3783.85 3347.28 2913.54 2483.35 2058.24 821.41 0.00 0.00 0.00 
0.00 0.00 0.00 2328.83 3514.79 4126.41 4743.77 5364.44 5388.93 6010.74 6031.72 6050.84 6067.26 6081.18 6092.58 6101.44 6107.73 6111.44 6112.55 6111.07 6107.02 6100.42 6091.29 6079.69 6065.64 6049.21 6030.44 6009.39 5986.12 5960.70 5933.21 5903.71 5872.28 5839.01 5803.98 5767.29 5729.03 5689.31 5648.23 5605.92 5562.49 5518.07 5472.80 5426.81 5380.25 5333.27 5286.03 5238.68 5191.38 5144.29 5097.55 5051.32 5005.74 4960.92 4916.99 4874.05 4832.20 4791.49 4751.99 4713.74 4676.77 4641.09 4606.69 4573.56 4541.67 4510.98 4481.44 4453.00 4425.58 4399.11 4373.50 4348.66 4324.49 4300.86 4277.58 4254.30 4231.77 3791.16 3769.72 3333.41 2900.64 2472.59 1641.06 0.00 0.00 0.00 
0.00 0.00 0.00 2325.79 3514.51 4127.65 4745.63 5366.88 5392.16 6014.24 6035.72 6054.96 6071.67 6085.78 6097.30 6106.21 6112.52 6116.23 6117.35 6115.87 6111.83 6105.25 6096.15 6084.58 6070.58 6054.20 6035.49 6014.51 5991.32 5966.00 5938.60 5909.20 5877.89 5844.74 5809.84 5773.29 5735.18 5695.61 5654.70 5612.56 5569.31 5525.08 5480.00 5434.21 5387.86 5341.09 5294.05 5246.91 5199.81 5152.91 5106.36 5060.31 5014.88 4970.21 4926.41 4883.59 4841.82 4801.18 4761.74 4723.52 4686.56 4650.87 4616.45 4583.28 4551.33 4520.56 4490.93 4462.37 4434.81 4408.17 4382.36 4357.27 4332.77 4308.71 4284.95 4261.38 4238.15 3797.15 3774.78 3337.74 2904.07 2474.49 1640.00 0.00 0.00 0.00 
0.00 0.00 0.00 2907.89 3513.87 4719.51 4746.90 5368.63 5992.13 6016.50 6038.42 6057.89 6074.84 6089.09 6100.67 6109.62 6115.94 6119.65 6120.77 6119.29 6115.26 6108.68 6099.60 6088.05 6074.08 6057.74 6039.07 6018.15 5995.02 5969.75 5942.42 5913.10 5881.86 5848.80 5814.00 5777.54 5739.54 5700.08 5659.29 5617.27 5574.15 5530.05 5485.11 5439.46 5393.25 5346.63 5299.74 5252.74 5205.78 5159.02 5112.60 5066.67 5021.36 4976.79 4933.08 4890.33 4848.62 4808.04 4768.63 4730.43 4693.48 4657.79 4623.35 4590.14 4558.15 4527.33 4497.63 4468.99 4441.33 4414.58 4388.63 4363.36 4338.64 4314.29 4290.12 4266.19 4242.45 4218.80 3778.32 3340.77 3320.11 2475.82 2050.81 0.00 0.00 0.00 
0.00 0.00 0.00 2907.30 3513.80 4720.24 5044.81 5369.64 5993.45 6017.89 6039.96 6059.60 6379.27 6393.94 6405.94 6415.25 6421.84 6425.72 6426.87 6425.31 6421.06 6414.15 6404.60 6392.47 6377.80 6360.63 6341.03 6319.05 6294.77 6268.24 6239.54 6208.75 6175.95 6141.23 6104.69 6066.41 6026.50 5985.08 5942.24 5898.13 5852.85 5806.54 5759.35 5711.42 5662.89 5613.93 5564.70 5515.34 5466.03 5416.93 5368.18 5319.95 5272.36 5225.56 5179.66 5134.76 5090.97 5048.35 5006.96 4966.85 4928.05 4890.57 4854.40 4819.54 4785.94 4753.58 4722.40 4692.33 4663.31 4635.24 4608.04 4581.60 4555.85 4530.65 4292.99 4268.79 4244.83 4221.01 3780.26 3342.47 3321.44 2889.27 2050.89 0.00 0.00 0.00 
0.00 0.00 0.00 2907.60 3514.12 4720.60 5045.15 5369.99 5993.81 6018.24 6040.30 6059.95 6379.61 6394.27 6406.27 6415.57 6422.16 6426.03 6427.17 6425.60 6421.35 6414.43 6404.89 6392.76 6378.08 6360.92 6341.31 6319.34 6295.05 6268.53 6239.83 6209.05 6176.26 6141.55 6105.01 6066.74 6026.84 5985.42 5942.59 5898.48 5853.21 5806.92 5759.74 5711.81 5663.30 5614.35 5565.12 5515.78 5466.48 5417.38 5368.64 5320.41 5272.83 5226.03 5180.13 5135.24 5091.45 5048.83 5007.44 4967.34 4928.53 4891.05 4854.88 4820.01 4786.42 4754.05 4722.87 4692.79 4663.76 4635.68 4608.47 4582.02 4556.24 4531.03 4293.33 4269.11 4245.12 4221.28 3780.48 3342.66 3321.61 2889.40 2051.00 0.00 0.00 0.00 
0.00 0.00 0.00 2908.75 3514.81 4720.57 4747.91 5369.69 5993.20 6017.56 6039.46 6058.93 6075.86 6090.10 6101.66 6110.59 6116.89 6120.58 6121.67 6120.18 6116.13 6109.54 6100.45 6088.89 6074.92 6058.58 6039.92 6018.99 5995.87 5970.62 5943.30 5913.99 5882.78 5849.73 5814.95 5778.51 5740.53 5701.10 5660.34 5618.35 5575.25 5531.18 5486.27 5440.65 5394.47 5347.87 5301.01 5254.04 5207.11 5160.37 5113.97 5068.06 5022.76 4978.21 4934.51 4891.77 4850.07 4809.49 4770.08 4731.89 4694.93 4659.23 4624.79 4591.57 4559.57 4528.74 4499.03 4470.37 4442.69 4415.91 4389.92 4364.61 4339.83 4315.41 4291.16 4267.15 4243.33 4219.59 3779.00 3341.33 3320.62 2476.21 2051.12 0.00 0.00 0.00 
0.00 0.00 0.00 2326.97 3516.05 4129.26 4747.31 5368.62 5393.84 6016.00 6037.46 6056.69 6073.38 6087.48 6098.96 6107.84 6114.12 6117.79 6118.86 6117.36 6113.28 6106.68 6097.56 6085.98 6071.98 6055.60 6036.89 6015.93 5992.75 5967.44 5940.07 5910.70 5879.41 5846.29 5811.43 5774.91 5736.84 5697.32 5656.45 5614.36 5571.15 5526.97 5481.94 5436.20 5389.89 5343.17 5296.18 5249.08 5202.03 5155.17 5108.66 5062.63 5017.24 4972.59 4928.81 4886.00 4844.24 4803.61 4764.17 4725.95 4688.99 4653.29 4618.86 4585.67 4553.71 4522.92 4493.27 4464.68 4437.09 4410.40 4384.53 4359.37 4334.77 4310.60 4286.70 4262.99 4239.61 3798.38 3775.91 3338.67 2904.85 2475.14 1640.43 0.00 0.00 0.00 
0.00 0.00 0.00 2330.32 3516.84 4128.60 4746.08 5366.85 5391.26 6013.18 6034.14 6053.26 6069.68 6083.57 6094.93 6103.74 6109.97 6113.62 6114.67 6113.15 6109.05 6102.42 6093.27 6081.65 6067.60 6051.17 6032.41 6011.37 5988.13 5962.73 5935.27 5905.80 5874.42 5841.19 5806.21 5769.57 5731.37 5691.70 5650.69 5608.44 5565.08 5520.72 5475.52 5429.60 5383.11 5336.20 5289.02 5241.74 5194.50 5147.46 5100.78 5054.60 5009.05 4964.27 4920.37 4877.45 4835.61 4794.91 4755.42 4717.17 4680.19 4644.49 4610.08 4576.93 4545.02 4514.31 4484.74 4456.26 4428.79 4402.26 4376.58 4351.64 4327.33 4303.53 4280.06 4256.56 4233.81 3792.89 3771.28 3334.70 2901.70 2473.45 1641.61 0.00 0.00 0.00 
0.00 0.00 0.00 1166.85 2930.07 3537.74 4151.54 4768.88 5388.19 5409.83 5429.37 6048.90 6064.74 6078.35 6089.57 6098.31 6104.49 6108.11 6109.15 6107.61 6103.49 6096.82 6087.64 6075.97 6061.86 6045.36 6026.51 6005.39 5982.05 5956.55 5928.97 5899.38 5867.86 5834.49 5799.36 5762.55 5724.18 5684.33 5643.13 5600.68 5557.10 5512.53 5467.09 5420.93 5374.20 5327.05 5279.63 5232.09 5184.61 5137.34 5090.43 5044.04 4998.29 4953.33 4909.27 4866.22 4824.26 4783.47 4743.91 4705.62 4668.62 4632.93 4598.54 4565.44 4533.60 4502.98 4473.53 4445.18 4417.88 4391.55 4366.11 4341.47 4317.54 4294.26 4271.64 3828.29 3807.08 3786.05 3349.10 2915.02 2484.53 2059.16 821.75 0.00 0.00 0.00 
0.00 0.00 0.00 0.00 2345.23 3537.89 4149.99 4766.01 4786.41 5405.34 5423.78 5440.63 5455.46 5467.84 5477.92 5485.74 5491.27 5494.49 5495.40 5493.99 5490.27 5484.25 5475.95 5465.42 5452.69 5437.80 5420.80 5401.75 5380.69 5357.69 5332.80 5306.11 5277.67 5247.56 5215.86 5182.66 5148.03 5112.07 5074.89 5036.58 4997.25 4957.02 4916.01 4874.35 4832.17 4789.60 4746.79 4703.89 4661.03 4618.37 4576.03 4534.17 4492.90 4452.34 4412.60 4373.78 4335.96 4299.20 4263.56 4229.07 4195.76 4163.64 4132.71 4102.94 4074.32 4046.81 4020.36 3994.93 3970.46 3946.88 3924.11 3902.07 3880.63 3859.59 3838.58 3818.02 3798.13 3360.19 3342.17 2909.52 2480.97 1647.23 0.00 0.00 0.00 0.00 
0.00 0.00 0.00 0.00 0.00 2359.09 3555.85 4167.66 4184.93 4801.12 4817.39 4832.55 5147.63 5158.95 5168.28 5175.57 5180.74 5183.76 5184.60 5183.25 5179.71 5174.00 5166.12 5156.13 5144.05 5129.92 5113.78 5095.70 5075.71 5053.88 5030.27 5004.93 4977.94 4949.36 4919.27 4887.75 4854.87 4820.73 4785.42 4749.04 4711.68 4673.46 4634.50 4594.92 4554.84 4514.39 4473.71 4432.94 4392.22 4351.69 4311.48 4271.72 4232.54 4194.05 4156.36 4119.56 4083.72 4048.91 4015.18 3982.57 3951.09 3920.76 3891.57 3863.50 3836.54 3810.65 3785.78 3761.90 3738.96 3716.89 3695.64 3675.15 3655.35 3636.16 3405.42 3386.95 3369.42 2934.13 2918.83 2489.42 1651.89 412.51 0.00 0.00 0.00 0.00 
0.00 0.00 0.00 0.00 0.00 1182.08 2369.37 3570.29 3583.83 4196.95 4210.62 4825.93 4838.36 4848.88 4857.59 4864.41 4869.28 4872.13 4872.93 4871.66 4868.31 4862.91 4855.46 4845.99 4834.55 4821.17 4805.90 4788.77 4769.84 4749.17 4726.81 4702.81 4677.25 4650.18 4621.68 4591.81 4560.66 4528.31 4494.84 4460.35 4424.94 4388.70 4351.75 4314.20 4276.18 4237.81 4199.22 4160.55 4121.92 4083.48 4045.36 4007.68 3970.56 3934.12 3898.45 3863.64 3829.77 3796.90 3765.08 3734.34 3704.69 3676.15 3648.71 3622.36 3597.06 3572.80 3549.53 3527.21 3505.79 3485.24 3465.51 3446.56 3428.34 3410.72 3393.34 2955.43 2940.80 2508.54 2496.66 1656.44 827.07 0.00 0.00 0.00 0.00 0.00 
0.00 0.00 0.00 0.00 0.00 0.00 593.57 2380.00 2984.07 3593.60 3604.15 3614.70 4228.11 4236.93 4244.43 4250.39 4254.67 4257.19 4257.91 4256.80 4253.86 4249.10 4242.55 4234.22 4224.15 4212.37 4198.92 4183.84 4167.18 4148.97 4129.28 4108.16 4085.65 4061.81 4036.71 4010.40 3982.96 3954.46 3924.97 3894.57 3863.35 3831.41 3798.83 3765.71 3732.18 3698.33 3664.29 3630.18 3596.11 3562.21 3528.60 3495.39 3462.69 3430.61 3399.22 3368.61 3338.86 3310.00 3282.08 3255.14 3229.18 3204.22 3180.24 3157.23 3135.18 3114.04 3093.79 3074.39 3055.81 3038.00 3020.97 3004.69 2989.21 2974.64 2537.17 2524.69 2513.62 2085.12 1662.69 0.00 0.00 0.00 0.00 0.00 0.00 0.00 
0.00 0.00 0.00 0.00 0.00 0.00 0.00 0.00 1195.17 2394.76 2399.32 3007.84 3015.22 3021.65 3027.09 3031.42 3034.54 3036.39 3036.92 3036.14 3034.04 3030.63 3025.92 3019.93 3012.69 3004.22 2994.55 2983.71 2971.73 2958.64 2944.49 2929.30 2913.11 2895.97 2877.92 2859.00 2839.26 2818.76 2797.54 2775.66 2753.19 2730.19 2706.73 2682.88 2658.72 2634.34 2609.81 2585.24 2560.69 2536.27 2512.07 2488.16 2464.64 2441.57 2419.01 2397.04 2375.68 2355.00 2335.01 2315.73 2297.18 2279.36 2262.25 2245.86 2230.17 2215.14 2200.75 2186.99 2173.82 2161.22 2149.17 2137.69 2126.79 2116.49 2106.62 1677.38 1673.03 834.92 0.00 0.00 0.00 0.00 0.00 0.00 0.00 0.00 
0.00 0.00 0.00 0.00 0.00 0.00 0.00 0.00 0.00 0.00 0.00 0.00 604.88 605.61 606.46 607.21 607.78 608.11 608.20 608.04 607.61 606.93 605.99 604.80 603.36 601.68 599.76 597.60 595.22 592.62 589.80 586.78 583.56 580.16 576.57 572.81 568.89 564.81 560.60 556.25 551.79 547.22 542.57 537.83 533.04 528.20 523.34 518.46 513.59 508.74 503.94 499.19 494.52 489.93 485.45 481.07 476.82 472.69 468.70 464.85 461.14 457.57 454.15 450.86 447.71 444.69 441.81 439.04 436.41 433.90 431.53 429.34 427.44 426.08 0.00 0.00 0.00 0.00 0.00 0.00 0.00 0.00 0.00 0.00 0.00 0.00 
0.00 0.00 0.00 0.00 0.00 0.00 0.00 0.00 0.00 0.00 0.00 0.00 0.00 0.00 0.00 0.00 0.00 0.00 0.00 0.00 0.00 0.00 0.00 0.00 0.00 0.00 0.00 0.00 0.00 0.00 0.00 0.00 0.00 0.00 0.00 0.00 0.00 0.00 0.00 0.00 0.00 0.00 0.00 0.00 0.00 0.00 0.00 0.00 0.00 0.00 0.00 0.00 0.00 0.00 0.00 0.00 0.00 0.00 0.00 0.00 0.00 0.00 0.00 0.00 0.00 0.00 0.00 0.00 0.00 0.00 0.00 0.00 0.00 0.00 0.00 0.00 0.00 0.00 0.00 0.00 0.00 0.00 0.00 0.00 0.00 0.00 
0.00 0.00 0.00 0.00 0.00 0.00 0.00 0.00 0.00 0.00 0.00 0.00 0.00 0.00 0.00 0.00 0.00 0.00 0.00 0.00 0.00 0.00 0.00 0.00 0.00 0.00 0.00 0.00 0.00 0.00 0.00 0.00 0.00 0.00 0.00 0.00 0.00 0.00 0.00 0.00 0.00 0.00 0.00 0.00 0.00 0.00 0.00 0.00 0.00 0.00 0.00 0.00 0.00 0.00 0.00 0.00 0.00 0.00 0.00 0.00 0.00 0.00 0.00 0.00 0.00 0.00 0.00 0.00 0.00 0.00 0.00 0.00 0.00 0.00 0.00 0.00 0.00 0.00 0.00 0.00 0.00 0.00 0.00 0.00 0.00 0.00 
0.00 0.00 0.00 0.00 0.00 0.00 0.00 0.00 0.00 0.00 0.00 0.00 0.00 0.00 0.00 0.00 0.00 0.00 0.00 0.00 0.00 0.00 0.00 0.00 0.00 0.00 0.00 0.00 0.00 0.00 0.00 0.00 0.00 0.00 0.00 0.00 0.00 0.00 0.00 0.00 0.00 0.00 0.00 0.00 0.00 0.00 0.00 0.00 0.00 0.00 0.00 0.00 0.00 0.00 0.00 0.00 0.00 0.00 0.00 0.00 0.00 0.00 0.00 0.00 0.00 0.00 0.00 0.00 0.00 0.00 0.00 0.00 0.00 0.00 0.00 0.00 0.00 0.00 0.00 0.00 0.00 0.00 0.00 0.00 0.00 0.00 
