0.00 0.00 0.00 0.00 0.00 0.00 0.00 0.00 0.00 0.00 0.00 0.00 0.00 0.00 0.00 0.00 0.00 0.00 0.00 0.00 0.00 0.00 0.00 0.00 0.00 0.00 0.00 0.00 0.00 0.00 0.00 0.00 0.00 0.00 0.00 0.00 0.00 0.00 0.00 0.00 0.00 0.00 0.00 0.00 0.00 0.00 0.00 0.00 0.00 0.00 0.00 0.00 0.00 0.00 0.00 0.00 0.00 0.00 0.00 0.00 0.00 0.00 0.00 0.00 0.00 0.00 0.00 0.00 0.00 0.00 0.00 0.00 0.00 0.00 0.00 0.00 0.00 0.00 0.00 0.00 0.00 0.00 0.00 0.00 0.00 0.00 
0.00 0.00 0.00 0.00 0.00 0.00 0.00 0.00 0.00 0.00 0.00 0.00 0.00 0.00 0.00 0.00 0.00 0.00 0.00 0.00 0.00 0.00 0.00 0.00 0.00 0.00 0.00 0.00 0.00 0.00 0.00 0.00 0.00 0.00 0.00 0.00 0.00 0.00 0.00 0.00 0.00 0.00 0.00 0.00 0.00 0.00 0.00 0.00 0.00 0.00 0.00 0.00 0.00 0.00 0.00 0.00 0.00 0.00 0.00 0.00 0.00 0.00 0.00 0.00 0.00 0.00 0.00 0.00 0.00 0.00 0.00 0.00 0.00 0.00 0.00 0.00 0.00 0.00 0.00 0.00 0.00 0.00 0.00 0.00 0.00 0.00 
0.00 0.00 0.00 0.00 0.00 0.00 0.00 0.00 0.00 0.00 0.00 0.00 0.00 0.00 0.00 0.00 0.00 0.00 0.00 0.00 0.00 0.00 0.00 0.00 0.00 0.00 0.00 0.00 0.00 0.00 0.00 0.00 0.00 0.00 0.00 0.00 0.00 0.00 0.00 0.00 0.00 0.00 0.00 0.00 0.00 0.00 0.00 0.00 0.00 0.00 0.00 0.00 0.00 0.00 0.00 0.00 0.00 0.00 0.00 0.00 0.00 0.00 0.00 0.00 0.00 0.00 0.00 0.00 0.00 0.00 0.00 0.00 0.00 0.00 0.00 0.00 0.00 0.00 0.00 0.00 0.00 0.00 0.00 0.00 0.00 0.00 
0.00 0.00 0.00 0.00 0.00 0.00 0.00 0.00 1200.53 2405.08 2409.19 3019.42 3025.79 3031.90 3037.17 3041.34 3044.28 3045.92 3046.24 3045.23 3042.89 3039.22 3034.26 3028.02 3020.53 3011.80 3001.87 2990.77 2978.52 2965.16 2950.73 2935.24 2918.75 2901.28 2882.89 2863.60 2843.47 2822.53 2800.85 2778.48 2755.46 2731.87 2707.78 2683.24 2658.34 2633.17 2607.80 2582.32 2556.83 2531.42 2506.19 2481.24 2456.64 2432.48 2408.85 2385.80 2363.40 2341.70 2320.72 2300.49 2281.04 2262.36 2244.45 2227.30 2210.90 2195.21 2180.22 2165.88 2152.17 2139.07 2126.55 2114.62 2103.36 2092.95 2083.95 1659.60 1655.50 826.21 0.00 0.00 0.00 0.00 0.00 0.00 0.00 0.00 
0.00 0.00 0.00 0.00 0.00 0.00 0.00 2391.66 2997.87 3609.42 3619.26 3628.92 3637.49 3645.01 3651.30 3656.20 3659.64 3661.54 3661.87 3660.63 3657.82 3653.44 3647.53 3640.09 3631.15 3620.76 3608.93 3595.70 3581.11 3565.20 3548.00 3529.56 3509.91 3489.11 3467.21 3444.24 3420.27 3395.36 3369.56 3342.94 3315.57 3287.53 3258.88 3229.72 3200.14 3170.24 3140.10 3109.85 3079.58 3049.40 3019.43 2989.77 2960.52 2931.78 2903.64 2876.17 2849.45 2823.53 2798.45 2774.24 2750.92 2728.50 2706.99 2686.36 2666.60 2647.68 2629.57 2612.23 2595.64 2579.76 2564.55 2550.02 2536.15 2522.97 2510.53 2498.54 2487.75 2063.69 1645.62 0.00 0.00 0.00 0.00 0.00 0.00 0.00 
0.00 0.00 0.00 0.00 0.00 1187.57 2380.32 3587.38 3600.52 4215.74 4228.65 4845.58 4856.93 4866.89 4875.15 4881.58 4886.06 4888.51 4888.91 4887.23 4883.47 4877.65 4869.79 4859.91 4848.06 4834.28 4818.59 4801.05 4781.70 4760.60 4737.79 4713.34 4687.29 4659.72 4630.68 4600.24 4568.48 4535.47 4501.29 4466.03 4429.78 4392.64 4354.72 4316.13 4276.98 4237.41 4197.54 4157.51 4117.46 4077.53 4037.86 3998.59 3959.86 3921.78 3884.47 3848.04 3812.56 3778.12 3744.77 3712.55 3681.49 3651.60 3622.89 3595.33 3568.91 3543.59 3519.33 3496.10 3473.84 3452.50 3432.06 3412.48 3393.75 3375.87 3358.97 2925.61 2911.16 2483.21 2471.40 1639.60 818.67 0.00 0.00 0.00 0.00 0.00 
0.00 0.00 0.00 0.00 0.00 2371.07 3573.60 4188.06 4204.80 4823.11 4838.58 4852.86 5168.38 5179.02 5187.79 5194.56 5199.26 5201.81 5202.19 5200.38 5196.39 5190.23 5181.91 5171.48 5158.96 5144.40 5127.83 5109.31 5088.88 5066.60 5042.52 5016.70 4989.21 4960.10 4929.45 4897.33 4863.81 4828.98 4792.93 4755.75 4717.53 4678.38 4638.41 4597.74 4556.50 4514.81 4472.81 4430.65 4388.46 4346.39 4304.59 4263.20 4222.36 4182.18 4142.80 4104.31 4066.80 4030.35 3995.03 3960.87 3927.91 3896.16 3865.62 3836.28 3808.11 3781.10 3755.19 3730.34 3706.49 3683.61 3661.63 3640.52 3620.24 3600.78 3372.09 3353.72 3336.24 2905.08 2889.77 2464.46 1635.19 408.34 0.00 0.00 0.00 0.00 
0.00 0.00 0.00 0.00 2358.31 3556.88 4171.51 4789.98 4809.70 5430.74 5448.34 5464.32 5478.30 5489.94 5499.37 5506.59 5511.56 5514.25 5514.64 5512.72 5508.51 5502.00 5493.23 5482.24 5469.04 5453.69 5436.24 5416.72 5395.20 5371.72 5346.36 5319.16 5290.19 5259.53 5227.25 5193.42 5158.13 5121.46 5083.51 5044.37 5004.14 4962.95 4920.90 4878.12 4834.74 4790.89 4746.72 4702.38 4658.01 4613.76 4569.79 4526.24 4483.24 4440.94 4399.45 4358.88 4319.32 4280.85 4243.55 4207.45 4172.58 4138.97 4106.61 4075.50 4045.61 4016.90 3989.35 3962.89 3937.47 3913.03 3889.50 3866.81 3844.85 3823.44 3802.24 3781.56 3761.58 3327.57 3309.45 2880.77 2456.23 1630.68 0.00 0.00 0.00 0.00 
0.00 0.00 0.00 1173.80 2946.92 3557.32 4173.67 4793.43 5415.03 5435.82 5454.52 6076.02 6091.00 6103.81 6114.28 6122.31 6127.84 6130.83 6131.26 6129.13 6124.45 6117.23 6107.51 6095.31 6080.69 6063.68 6044.33 6022.70 5998.85 5972.84 5944.73 5914.59 5882.50 5848.53 5812.76 5775.28 5736.19 5695.57 5653.53 5610.18 5565.63 5520.01 5473.44 5426.07 5378.04 5329.49 5280.59 5231.50 5182.37 5133.38 5084.68 5036.44 4988.82 4941.95 4895.97 4850.99 4807.13 4764.46 4723.07 4682.99 4644.27 4606.93 4570.96 4536.36 4503.11 4471.16 4440.46 4410.97 4382.62 4355.33 4329.04 4303.65 4279.10 4255.34 4232.36 3792.62 3771.19 3749.98 3316.84 2886.62 2460.04 2038.65 813.54 0.00 0.00 0.00 
0.00 0.00 0.00 2344.66 3537.69 4152.15 4772.11 5395.21 5418.74 6042.80 6062.86 6081.05 6096.60 6109.67 6120.26 6128.35 6133.89 6136.88 6137.31 6135.19 6130.51 6123.32 6113.63 6101.48 6086.91 6069.97 6050.70 6029.16 6005.41 5979.50 5951.51 5921.50 5889.55 5855.73 5820.12 5782.82 5743.90 5703.48 5661.64 5618.51 5574.19 5528.81 5482.50 5435.38 5387.62 5339.34 5290.72 5241.90 5193.05 5144.33 5095.89 5047.91 5000.51 4953.86 4908.07 4863.26 4819.54 4776.99 4735.68 4695.66 4656.98 4619.64 4583.65 4549.01 4515.69 4483.64 4452.84 4423.20 4394.67 4367.18 4340.62 4314.92 4289.95 4265.60 4241.66 4217.78 4194.70 3757.39 3735.53 3302.68 2873.48 2449.10 1625.30 0.00 0.00 0.00 
0.00 0.00 0.00 2341.75 3537.48 4153.42 4773.99 5397.65 5421.95 6046.28 6066.82 6085.13 6100.96 6114.22 6124.92 6133.05 6138.62 6141.62 6142.05 6139.93 6135.27 6128.09 6118.42 6106.31 6091.78 6074.89 6055.68 6034.21 6010.53 5984.71 5956.81 5926.91 5895.06 5861.36 5825.88 5788.71 5749.94 5709.66 5667.99 5625.03 5580.89 5535.69 5489.57 5442.66 5395.10 5347.04 5298.63 5250.02 5201.39 5152.87 5104.64 5056.84 5009.63 4963.14 4917.50 4872.82 4829.21 4786.75 4745.50 4705.53 4666.87 4629.54 4593.54 4558.86 4525.48 4493.36 4462.46 4432.71 4404.05 4376.38 4349.62 4323.66 4298.36 4273.57 4249.13 4224.95 4201.17 3763.45 3740.65 3307.06 2876.95 2451.03 1624.22 0.00 0.00 0.00 
0.00 0.00 0.00 2927.82 3536.90 4748.88 4775.28 5399.41 6025.17 6048.54 6069.49 6088.04 6104.09 6117.48 6128.25 6136.41 6141.99 6144.99 6145.42 6143.30 6138.64 6131.48 6121.83 6109.74 6095.24 6078.38 6059.21 6037.79 6014.17 5988.41 5960.58 5930.74 5898.97 5865.35 5829.96 5792.89 5754.22 5714.05 5672.49 5629.65 5585.63 5540.57 5494.59 5447.82 5400.41 5352.49 5304.23 5255.78 5207.29 5158.92 5110.83 5063.17 5016.08 4969.71 4924.17 4879.58 4836.05 4793.65 4752.45 4712.51 4673.87 4636.53 4600.52 4565.82 4532.40 4500.23 4469.26 4439.43 4410.67 4382.89 4355.99 4329.84 4304.32 4279.22 4254.37 4229.82 4205.52 4181.36 3744.23 3310.13 3289.14 2452.38 2031.10 0.00 0.00 0.00 
0.00 0.00 0.00 2927.26 3536.85 4749.61 5074.91 5400.42 6026.48 6049.91 6071.01 6089.72 6409.93 6423.72 6434.88 6443.37 6449.19 6452.31 6452.75 6450.51 6445.61 6438.08 6427.94 6415.24 6400.01 6382.31 6362.18 6339.68 6314.88 6287.83 6258.60 6227.27 6193.92 6158.62 6121.45 6082.52 6041.92 5999.75 5956.11 5911.12 5864.91 5817.59 5769.31 5720.20 5670.41 5620.10 5569.42 5518.54 5467.63 5416.83 5366.33 5316.28 5266.83 5218.13 5170.31 5123.48 5077.76 5033.24 4989.97 4948.03 4907.45 4868.25 4830.43 4793.99 4758.90 4725.13 4692.61 4661.30 4631.11 4601.96 4573.76 4546.41 4519.82 4493.86 4257.28 4232.46 4207.93 4183.60 3746.19 3311.85 3290.48 2861.92 2031.18 0.00 0.00 0.00 
0.00 0.00 0.00 2927.55 3537.16 4749.95 5075.24 5400.76 6026.82 6050.26 6071.35 6090.05 6410.26 6424.05 6435.20 6443.69 6449.50 6452.62 6453.05 6450.80 6445.90 6438.36 6428.22 6415.51 6400.29 6382.58 6362.46 6339.96 6315.16 6288.11 6258.89 6227.57 6194.22 6158.92 6121.77 6082.84 6042.25 6000.08 5956.45 5911.48 5865.27 5817.96 5769.69 5720.59 5670.81 5620.51 5569.85 5518.97 5468.07 5417.28 5366.79 5316.74 5267.30 5218.60 5170.79 5123.97 5078.25 5033.72 4990.46 4948.52 4907.94 4868.74 4830.92 4794.48 4759.39 4725.61 4693.09 4661.76 4631.57 4602.41 4574.20 4546.83 4520.22 4494.24 4257.63 4232.78 4208.23 4183.87 3746.42 3312.04 3290.65 2862.06 2031.29 0.00 0.00 0.00 
0.00 0.00 0.00 2928.64 3537.80 4749.89 4776.25 5400.42 6026.20 6049.56 6070.50 6089.04 6105.08 6118.46 6129.21 6137.36 6142.92 6145.90 6146.31 6144.17 6139.50 6132.32 6122.66 6110.56 6096.06 6079.21 6060.04 6038.63 6015.01 5989.26 5961.44 5931.62 5899.87 5866.27 5830.90 5793.84 5755.20 5715.06 5673.52 5630.70 5586.72 5541.68 5495.73 5448.99 5401.61 5353.73 5305.50 5257.07 5208.61 5160.27 5112.20 5064.56 5017.49 4971.13 4925.61 4881.03 4837.50 4795.11 4753.92 4713.98 4675.33 4638.00 4601.98 4567.27 4533.84 4501.66 4470.68 4440.83 4412.05 4384.24 4357.30 4331.11 4305.53 4280.36 4255.43 4230.80 4206.41 4182.16 3744.92 3310.70 3289.65 2452.77 2031.42 0.00 0.00 0.00 
0.00 0.00 0.00 2342.88 3538.95 4154.97 4775.61 5399.33 5423.57 6047.98 6068.50 6086.80 6102.61 6115.86 6126.54 6134.64 6140.17 6143.13 6143.53 6141.38 6136.69 6129.49 6119.81 6107.69 6093.16 6076.26 6057.06 6035.60 6011.94 5986.14 5958.26 5928.38 5896.56 5862.89 5827.44 5790.31 5751.57 5711.34 5669.71 5626.79 5582.70 5537.55 5491.48 5444.62 5397.11 5349.10 5300.74 5252.18 5203.59 5155.12 5106.93 5059.17 5011.99 4965.52 4919.91 4875.25 4831.65 4789.20 4747.96 4707.99 4669.33 4631.99 4595.98 4561.29 4527.89 4495.76 4464.83 4435.06 4406.36 4378.65 4351.83 4325.79 4300.39 4275.48 4250.91 4226.58 4202.65 3764.70 3741.79 3308.01 2877.74 2451.68 1624.66 0.00 0.00 0.00 
0.00 0.00 0.00 2346.08 3539.66 4154.26 4774.33 5397.53 5420.99 6045.16 6065.19 6083.39 6098.94 6111.99 6122.55 6130.58 6136.07 6139.01 6139.39 6137.22 6132.51 6125.28 6115.57 6103.41 6088.84 6071.90 6052.64 6031.11 6007.38 5981.50 5953.54 5923.57 5891.65 5857.88 5822.32 5785.06 5746.20 5705.83 5664.06 5620.99 5576.74 5531.42 5485.18 5438.14 5390.44 5342.24 5293.69 5244.94 5196.15 5147.49 5099.11 5051.18 5003.83 4957.22 4911.46 4866.68 4822.98 4780.44 4739.14 4699.13 4660.44 4623.09 4587.09 4552.43 4519.09 4487.02 4456.18 4426.51 4397.94 4370.38 4343.75 4317.94 4292.84 4268.31 4244.18 4220.06 4196.78 3759.13 3737.10 3303.98 2874.55 2449.97 1625.86 0.00 0.00 0.00 
0.00 0.00 0.00 1174.67 2949.05 3559.72 4176.26 4796.16 5417.90 5438.64 5457.33 6079.04 6094.03 6106.83 6117.25 6125.21 6130.66 6133.57 6133.93 6131.74 6127.01 6119.76 6110.01 6097.80 6083.17 6066.16 6046.83 6025.22 6001.39 5975.41 5947.34 5917.25 5885.21 5851.29 5815.59 5778.18 5739.15 5698.60 5656.64 5613.37 5568.91 5523.38 5476.91 5429.63 5381.69 5333.24 5284.43 5235.42 5186.38 5137.47 5088.85 5040.68 4993.12 4946.30 4900.36 4855.42 4811.59 4768.94 4727.55 4687.47 4648.75 4611.39 4575.41 4540.79 4507.51 4475.53 4444.80 4415.26 4386.86 4359.51 4333.12 4307.61 4282.90 4258.90 4235.64 3795.40 3773.69 3752.22 3318.68 2888.11 2461.23 2039.57 813.89 0.00 0.00 0.00 
0.00 0.00 0.00 0.00 2360.34 3559.76 4174.64 4793.25 4812.86 5434.15 5451.77 5467.81 5481.85 5493.48 5502.85 5509.97 5514.84 5517.43 5517.74 5515.75 5511.47 5504.92 5496.12 5485.11 5471.91 5456.57 5439.13 5419.64 5398.14 5374.71 5349.39 5322.24 5293.34 5262.75 5230.53 5196.78 5161.57 5124.99 5087.13 5048.08 5007.96 4966.87 4924.93 4882.25 4838.98 4795.25 4751.19 4706.95 4662.68 4618.53 4574.65 4531.18 4488.26 4446.02 4404.58 4364.05 4324.53 4286.09 4248.79 4212.69 4177.82 4144.19 4111.81 4080.67 4050.75 4022.02 3994.42 3967.92 3942.45 3917.95 3894.34 3871.52 3849.38 3827.69 3806.09 3785.00 3764.63 3330.04 3311.66 2882.55 2457.64 1631.56 0.00 0.00 0.00 0.00 
0.00 0.00 0.00 0.00 0.00 2373.59 3576.93 4191.49 4208.07 4826.75 4842.30 4856.73 5172.58 5183.21 5191.88 5198.52 5203.07 5205.49 5205.76 5203.87 5199.80 5193.59 5185.24 5174.79 5162.27 5147.71 5131.17 5112.68 5092.29 5070.05 5046.03 5020.27 4992.85 4963.82 4933.25 4901.22 4867.80 4833.07 4797.12 4760.05 4721.95 4682.92 4643.08 4602.54 4561.43 4519.87 4478.00 4435.96 4393.90 4351.95 4310.26 4268.97 4228.21 4188.11 4148.79 4110.35 4072.88 4036.46 4001.15 3966.99 3934.02 3902.25 3871.69 3842.32 3814.12 3787.07 3761.12 3736.22 3712.34 3689.40 3667.36 3646.15 3625.69 3605.92 3376.45 3357.51 3339.56 2907.67 2892.07 2466.25 1636.31 408.60 0.00 0.00 0.00 0.00 
0.00 0.00 0.00 0.00 0.00 1189.23 2383.41 3590.67 3603.67 4219.40 4232.45 4850.15 4861.92 4871.80 4879.87 4886.09 4890.38 4892.67 4892.93 4891.14 4887.30 4881.43 4873.53 4863.65 4851.79 4838.02 4822.36 4804.85 4785.55 4764.51 4741.76 4717.38 4691.41 4663.93 4634.98 4604.64 4572.99 4540.09 4506.03 4470.90 4434.79 4397.79 4360.02 4321.57 4282.58 4243.16 4203.44 4163.56 4123.65 4083.86 4044.32 4005.17 3966.53 3928.55 3891.31 3854.94 3819.51 3785.09 3751.76 3719.54 3688.47 3658.56 3629.82 3602.22 3575.76 3550.40 3526.10 3502.83 3480.53 3459.17 3438.70 3419.08 3400.25 3382.09 3364.21 2929.56 2914.57 2485.78 2473.67 1640.96 819.30 0.00 0.00 0.00 0.00 0.00 
0.00 0.00 0.00 0.00 0.00 0.00 597.03 2393.53 3000.58 3612.86 3622.92 3632.95 4248.77 4257.04 4264.00 4269.43 4273.20 4275.23 4275.47 4273.91 4270.55 4265.38 4258.44 4249.74 4239.31 4227.19 4213.40 4198.00 4181.01 4162.49 4142.47 4121.01 4098.16 4073.96 4048.48 4021.77 3993.89 3964.92 3934.92 3903.97 3872.14 3839.53 3806.23 3772.34 3737.95 3703.18 3668.14 3632.96 3597.76 3562.66 3527.78 3493.27 3459.22 3425.75 3392.97 3360.97 3329.82 3299.58 3270.32 3242.07 3214.85 3188.68 3163.54 3139.44 3116.36 3094.26 3073.10 3052.87 3033.52 3015.01 2997.33 2980.47 2964.47 2949.45 2515.21 2502.39 2491.05 2066.10 1647.35 0.00 0.00 0.00 0.00 0.00 0.00 0.00 
0.00 0.00 0.00 0.00 0.00 0.00 0.00 0.00 1201.70 2407.56 2411.87 3023.09 3030.05 3036.08 3041.14 3045.09 3047.83 3049.32 3049.52 3048.42 3046.01 3042.31 3037.32 3031.07 3023.58 3014.87 3004.96 2993.89 2981.69 2968.37 2953.99 2938.57 2922.14 2904.75 2886.43 2867.22 2847.18 2826.35 2804.77 2782.50 2759.60 2736.13 2712.15 2687.74 2662.98 2637.93 2612.69 2587.34 2561.97 2536.68 2511.56 2486.70 2462.19 2438.12 2414.54 2391.55 2369.18 2347.50 2326.53 2306.30 2286.83 2268.14 2250.20 2233.02 2216.58 2200.86 2185.83 2171.47 2157.75 2144.65 2132.15 2120.25 2108.99 2098.37 2088.20 1662.43 1657.95 827.33 0.00 0.00 0.00 0.00 0.00 0.00 0.00 0.00 
0.00 0.00 0.00 0.00 0.00 0.00 0.00 0.00 0.00 0.00 0.00 0.00 607.78 608.46 609.25 609.93 610.42 610.69 610.71 610.48 610.00 609.26 608.27 607.02 605.53 603.80 601.83 599.62 597.20 594.55 591.69 588.62 585.35 581.89 578.25 574.43 570.45 566.31 562.02 557.60 553.05 548.39 543.63 538.78 533.86 528.89 523.89 518.86 513.83 508.81 503.83 498.89 494.02 489.24 484.56 479.98 475.53 471.21 467.02 462.98 459.09 455.35 451.76 448.32 445.02 441.87 438.85 435.97 433.22 430.61 428.15 425.89 423.92 422.52 0.00 0.00 0.00 0.00 0.00 0.00 0.00 0.00 0.00 0.00 0.00 0.00 
0.00 0.00 0.00 0.00 0.00 0.00 0.00 0.00 0.00 0.00 0.00 0.00 0.00 0.00 0.00 0.00 0.00 0.00 0.00 0.00 0.00 0.00 0.00 0.00 0.00 0.00 0.00 0.00 0.00 0.00 0.00 0.00 0.00 0.00 0.00 0.00 0.00 0.00 0.00 0.00 0.00 0.00 0.00 0.00 0.00 0.00 0.00 0.00 0.00 0.00 0.00 0.00 0.00 0.00 0.00 0.00 0.00 0.00 0.00 0.00 0.00 0.00 0.00 0.00 0.00 0.00 0.00 0.00 0.00 0.00 0.00 0.00 0.00 0.00 0.00 0.00 0.00 0.00 0.00 0.00 0.00 0.00 0.00 0.00 0.00 0.00 
0.00 0.00 0.00 0.00 0.00 0.00 0.00 0.00 0.00 0.00 0.00 0.00 0.00 0.00 0.00 0.00 0.00 0.00 0.00 0.00 0.00 0.00 0.00 0.00 0.00 0.00 0.00 0.00 0.00 0.00 0.00 0.00 0.00 0.00 0.00 0.00 0.00 0.00 0.00 0.00 0.00 0.00 0.00 0.00 0.00 0.00 0.00 0.00 0.00 0.00 0.00 0.00 0.00 0.00 0.00 0.00 0.00 0.00 0.00 0.00 0.00 0.00 0.00 0.00 0.00 0.00 0.00 0.00 0.00 0.00 0.00 0.00 0.00 0.00 0.00 0.00 0.00 0.00 0.00 0.00 0.00 0.00 0.00 0.00 0.00 0.00 
0.00 0.00 0.00 0.00 0.00 0.00 0.00 0.00 0.00 0.00 0.00 0.00 0.00 0.00 0.00 0.00 0.00 0.00 0.00 0.00 0.00 0.00 0.00 0.00 0.00 0.00 0.00 0.00 0.00 0.00 0.00 0.00 0.00 0.00 0.00 0.00 0.00 0.00 0.00 0.00 0.00 0.00 0.00 0.00 0.00 0.00 0.00 0.00 0.00 0.00 0.00 0.00 0.00 0.00 0.00 0.00 0.00 0.00 0.00 0.00 0.00 0.00 0.00 0.00 0.00 0.00 0.00 0.00 0.00 0.00 0.00 0.00 0.00 0.00 0.00 0.00 0.00 0.00 0.00 0.00 0.00 0.00 0.00 0.00 0.00 0.00 
