0.00 0.00 0.00 0.00 0.00 0.00 0.00 0.00 0.00 0.00 0.00 0.00 0.00 0.00 0.00 0.00 0.00 0.00 0.00 0.00 0.00 0.00 0.00 0.00 0.00 0.00 0.00 0.00 0.00 0.00 0.00 0.00 0.00 0.00 0.00 0.00 0.00 0.00 0.00 0.00 0.00 0.00 0.00 0.00 0.00 0.00 0.00 0.00 0.00 0.00 0.00 0.00 0.00 0.00 0.00 0.00 0.00 0.00 0.00 0.00 0.00 0.00 0.00 0.00 0.00 0.00 0.00 0.00 0.00 0.00 0.00 0.00 0.00 0.00 0.00 0.00 0.00 0.00 0.00 0.00 0.00 0.00 0.00 0.00 0.00 0.00 
0.00 0.00 0.00 0.00 0.00 0.00 0.00 0.00 0.00 0.00 0.00 0.00 0.00 0.00 0.00 0.00 0.00 0.00 0.00 0.00 0.00 0.00 0.00 0.00 0.00 0.00 0.00 0.00 0.00 0.00 0.00 0.00 0.00 0.00 0.00 0.00 0.00 0.00 0.00 0.00 0.00 0.00 0.00 0.00 0.00 0.00 0.00 0.00 0.00 0.00 0.00 0.00 0.00 0.00 0.00 0.00 0.00 0.00 0.00 0.00 0.00 0.00 0.00 0.00 0.00 0.00 0.00 0.00 0.00 0.00 0.00 0.00 0.00 0.00 0.00 0.00 0.00 0.00 0.00 0.00 0.00 0.00 0.00 0.00 0.00 0.00 
0.00 0.00 0.00 0.00 0.00 0.00 0.00 0.00 0.00 0.00 0.00 0.00 0.00 0.00 0.00 0.00 0.00 0.00 0.00 0.00 0.00 0.00 0.00 0.00 0.00 0.00 0.00 0.00 0.00 0.00 0.00 0.00 0.00 0.00 0.00 0.00 0.00 0.00 0.00 0.00 0.00 0.00 0.00 0.00 0.00 0.00 0.00 0.00 0.00 0.00 0.00 0.00 0.00 0.00 0.00 0.00 0.00 0.00 0.00 0.00 0.00 0.00 0.00 0.00 0.00 0.00 0.00 0.00 0.00 0.00 0.00 0.00 0.00 0.00 0.00 0.00 0.00 0.00 0.00 0.00 0.00 0.00 0.00 0.00 0.00 0.00 
0.00 0.00 0.00 0.00 0.00 0.00 0.00 0.00 1230.25 2463.60 2466.82 3089.84 3094.80 3099.44 3103.26 3106.04 3107.67 3108.09 3107.28 3105.22 3101.93 3097.39 3091.64 3084.68 3076.53 3067.21 3056.73 3045.12 3032.39 3018.57 3003.68 2987.74 2970.78 2952.82 2933.88 2914.00 2893.20 2871.51 2848.97 2825.61 2801.48 2776.60 2751.03 2724.83 2698.03 2670.72 2642.95 2614.79 2586.34 2557.67 2528.90 2500.11 2471.42 2442.94 2414.79 2387.07 2359.90 2333.38 2307.59 2282.60 2258.48 2235.27 2213.00 2191.68 2171.32 2151.91 2133.41 2115.82 2099.10 2083.23 2068.17 2053.95 2040.63 2028.42 2017.94 1605.62 1600.84 798.60 0.00 0.00 0.00 0.00 0.00 0.00 0.00 0.00 
0.00 0.00 0.00 0.00 0.00 0.00 0.00 2452.81 3072.86 3697.35 3705.42 3713.21 3719.96 3725.70 3730.26 3733.52 3735.40 3735.85 3734.83 3732.35 3728.39 3722.97 3716.09 3707.78 3698.05 3686.92 3674.42 3660.56 3645.37 3628.88 3611.11 3592.09 3571.85 3550.42 3527.83 3504.12 3479.31 3453.45 3426.58 3398.74 3369.98 3340.35 3309.91 3278.71 3246.84 3214.35 3181.33 3147.87 3114.07 3080.03 3045.87 3011.70 2977.65 2943.85 2910.43 2877.52 2845.23 2813.68 2782.98 2753.20 2724.41 2696.68 2670.03 2644.48 2620.03 2596.69 2574.42 2553.21 2533.01 2513.80 2495.55 2478.23 2461.86 2446.45 2432.04 2418.27 2406.02 1994.40 1589.52 0.00 0.00 0.00 0.00 0.00 0.00 0.00 
0.00 0.00 0.00 0.00 0.00 1219.75 2443.63 3679.55 3690.62 4318.23 4328.89 4957.48 4966.45 4974.06 4980.06 4984.32 4986.75 4987.29 4985.90 4982.56 4977.28 4970.06 4960.92 4949.87 4936.95 4922.17 4905.56 4887.16 4866.99 4845.09 4821.50 4796.25 4769.38 4740.93 4710.95 4679.47 4646.55 4612.24 4576.59 4539.66 4501.52 4462.23 4421.88 4380.54 4338.31 4295.28 4251.57 4207.28 4162.56 4117.53 4072.34 4027.16 3982.13 3937.43 3893.22 3849.67 3806.93 3765.14 3724.44 3684.93 3646.71 3609.84 3574.37 3540.34 3507.74 3476.57 3446.81 3418.42 3391.37 3365.61 3341.09 3317.80 3295.71 3274.82 3255.28 2832.76 2816.41 2400.46 2387.34 1582.69 790.04 0.00 0.00 0.00 0.00 0.00 
0.00 0.00 0.00 0.00 0.00 2436.08 3668.45 4295.74 4309.88 4940.09 4952.89 4964.50 5284.30 5292.46 5298.84 5303.33 5305.87 5306.39 5304.89 5301.33 5295.72 5288.07 5278.39 5266.69 5253.02 5237.38 5219.82 5200.35 5179.03 5155.87 5130.93 5104.23 5075.82 5045.75 5014.05 4980.78 4945.99 4909.73 4872.07 4833.07 4792.79 4751.32 4708.73 4665.12 4620.57 4575.20 4529.13 4482.46 4435.34 4387.92 4340.34 4292.76 4245.36 4198.29 4151.73 4105.85 4060.80 4016.72 3973.76 3932.02 3891.59 3852.55 3814.96 3778.83 3744.19 3711.02 3679.30 3649.01 3620.09 3592.50 3566.19 3541.12 3517.23 3494.54 3269.34 3248.37 3228.61 2809.07 2792.09 2379.43 1577.74 393.90 0.00 0.00 0.00 0.00 
0.00 0.00 0.00 0.00 2425.61 3654.72 4282.29 4913.00 4929.67 5562.18 5576.73 5589.72 5600.84 5609.79 5616.66 5621.45 5624.14 5624.69 5623.09 5619.32 5613.39 5605.30 5595.08 5582.74 5568.31 5551.81 5533.28 5512.75 5490.25 5465.83 5439.51 5411.36 5381.39 5349.68 5316.25 5281.17 5244.49 5206.27 5166.58 5125.48 5083.04 5039.36 4994.50 4948.58 4901.69 4853.94 4805.45 4756.36 4706.81 4656.94 4606.91 4556.89 4507.05 4457.56 4408.60 4360.34 4312.93 4266.53 4221.27 4177.27 4134.63 4093.41 4053.68 4015.47 3978.78 3943.62 3909.96 3877.76 3846.98 3817.56 3789.43 3762.51 3736.69 3711.75 3687.30 3663.68 3641.08 3218.36 3198.27 2781.90 2370.25 1572.73 0.00 0.00 0.00 0.00 
0.00 0.00 0.00 1208.46 3031.37 3655.50 4284.64 4916.52 5549.76 5567.19 5582.69 6215.04 6226.95 6236.79 6244.41 6249.75 6252.74 6253.35 6251.57 6247.39 6240.80 6231.83 6220.49 6206.80 6190.79 6172.49 6151.94 6129.17 6104.22 6077.14 6047.96 6016.74 5983.52 5948.36 5911.30 5872.41 5831.75 5789.39 5745.40 5699.85 5652.82 5604.42 5554.72 5503.85 5451.91 5399.03 5345.34 5290.98 5236.11 5180.90 5125.52 5070.15 5014.98 4960.19 4905.98 4852.54 4800.03 4748.62 4698.47 4649.69 4602.39 4556.66 4512.56 4470.12 4429.35 4390.25 4352.80 4316.95 4282.65 4249.83 4218.42 4188.33 4159.47 4131.79 4105.29 3675.55 3651.35 3627.61 3206.13 2788.11 2374.27 1966.19 784.37 0.00 0.00 0.00 
0.00 0.00 0.00 2414.41 3639.05 4266.67 4898.86 5533.55 5553.47 6188.53 6205.13 6219.95 6232.32 6242.38 6250.11 6255.50 6258.51 6259.13 6257.35 6253.16 6246.59 6237.63 6226.32 6212.67 6196.70 6178.46 6157.97 6135.27 6110.40 6083.40 6054.32 6023.20 5990.10 5955.05 5918.12 5879.37 5838.86 5796.66 5752.84 5707.47 5660.65 5612.45 5562.98 5512.35 5460.67 5408.05 5354.65 5300.59 5246.03 5191.14 5136.08 5081.03 5026.18 4971.72 4917.81 4864.66 4812.42 4761.26 4711.31 4662.71 4615.56 4569.94 4525.90 4483.49 4442.72 4403.58 4366.05 4330.08 4295.62 4262.59 4230.91 4200.47 4171.15 4142.81 4115.23 4087.98 4061.91 3635.50 3611.28 3190.35 2773.64 2362.32 1566.84 0.00 0.00 0.00 
0.00 0.00 0.00 2411.98 3639.10 4268.06 4900.83 5536.03 5556.63 6191.93 6208.97 6223.90 6236.50 6246.72 6254.55 6259.98 6263.01 6263.64 6261.86 6257.69 6251.12 6242.18 6230.88 6217.26 6201.33 6183.13 6162.68 6140.04 6115.23 6088.30 6059.29 6028.26 5995.23 5960.28 5923.46 5884.82 5844.42 5802.35 5758.66 5713.44 5666.77 5618.74 5569.45 5519.00 5467.51 5415.11 5361.93 5308.10 5253.78 5199.13 5144.33 5089.53 5034.93 4980.71 4927.05 4874.11 4822.08 4771.10 4721.32 4672.86 4625.81 4580.27 4536.29 4493.90 4453.12 4413.95 4376.35 4340.29 4305.70 4272.51 4240.61 4209.89 4180.20 4151.38 4123.24 4095.66 4068.81 3641.98 3616.73 3195.01 2777.33 2364.37 1565.69 0.00 0.00 0.00 
0.00 0.00 0.00 3015.56 3638.78 4879.56 4902.19 5537.80 6174.56 6194.18 6211.56 6226.69 6239.49 6249.83 6257.71 6263.17 6266.22 6266.85 6265.07 6260.90 6254.34 6245.41 6234.13 6220.52 6204.61 6186.44 6166.03 6143.42 6118.66 6091.78 6062.82 6031.84 5998.88 5963.99 5927.24 5888.68 5848.37 5806.38 5762.79 5717.67 5671.11 5623.20 5574.03 5523.72 5472.37 5420.12 5367.09 5313.43 5259.28 5204.80 5150.17 5095.56 5041.14 4987.09 4933.58 4880.81 4828.92 4778.07 4728.40 4680.03 4633.07 4587.58 4543.63 4501.26 4460.48 4421.28 4383.63 4347.50 4312.82 4279.51 4247.47 4216.56 4186.63 4157.47 4128.86 4100.88 4073.45 4046.44 3620.55 3198.26 3175.38 2365.79 1957.99 0.00 0.00 0.00 
0.00 0.00 0.00 3015.12 3638.81 4880.29 5209.55 5538.81 6175.83 6195.52 6213.02 6228.29 6551.93 6562.58 6570.75 6576.43 6579.59 6580.24 6578.36 6573.97 6567.08 6557.69 6545.84 6531.55 6514.85 6495.76 6474.33 6450.59 6424.59 6396.36 6365.96 6333.43 6298.82 6262.19 6223.60 6183.11 6140.78 6096.70 6050.93 6003.55 5954.67 5904.36 5852.73 5799.91 5746.00 5691.13 5635.45 5579.10 5522.24 5465.04 5407.67 5350.32 5293.17 5236.41 5180.23 5124.80 5070.31 5016.91 4964.75 4913.95 4864.63 4816.86 4770.71 4726.21 4683.38 4642.22 4602.70 4564.77 4528.36 4493.41 4459.82 4427.49 4396.30 4366.15 4131.99 4103.70 4076.02 4048.83 3622.64 3200.08 3176.79 2760.97 1958.07 0.00 0.00 0.00 
0.00 0.00 0.00 3015.36 3639.07 4880.58 5209.83 5539.10 6176.13 6195.81 6213.31 6228.58 6552.22 6562.87 6571.04 6576.71 6579.87 6580.51 6578.63 6574.24 6567.34 6557.96 6546.10 6531.81 6515.11 6496.02 6474.59 6450.86 6424.86 6396.63 6366.23 6333.70 6299.10 6262.48 6223.89 6183.41 6141.09 6097.01 6051.25 6003.88 5955.00 5904.70 5853.09 5800.27 5746.37 5691.52 5635.85 5579.51 5522.66 5465.47 5408.12 5350.77 5293.64 5236.88 5180.71 5125.29 5070.81 5017.41 4965.26 4914.46 4865.14 4817.37 4771.22 4726.72 4683.90 4642.73 4603.20 4565.27 4528.86 4493.90 4460.30 4427.95 4396.74 4366.56 4132.37 4104.05 4076.34 4049.12 3622.88 3200.29 3176.97 2761.12 1958.18 0.00 0.00 0.00 
0.00 0.00 0.00 3016.25 3639.54 4880.42 4903.02 5538.67 6175.45 6195.07 6212.44 6227.56 6240.36 6250.69 6258.57 6264.02 6267.06 6267.67 6265.88 6261.70 6255.13 6246.19 6234.90 6221.29 6205.39 6187.21 6166.81 6144.21 6119.45 6092.58 6063.63 6032.66 5999.72 5964.85 5928.11 5889.57 5849.28 5807.31 5763.74 5718.65 5672.11 5624.23 5575.09 5524.81 5473.50 5421.28 5368.28 5314.65 5260.54 5206.10 5151.50 5096.92 5042.53 4988.51 4935.04 4882.28 4830.41 4779.58 4729.93 4681.57 4634.61 4589.13 4545.18 4502.80 4462.02 4422.81 4385.15 4349.01 4314.31 4280.97 4248.88 4217.93 4187.94 4158.70 4130.01 4101.93 4074.41 4047.29 3621.29 3198.87 3175.92 2366.20 1958.32 0.00 0.00 0.00 
0.00 0.00 0.00 2412.93 3640.34 4269.37 4902.21 5537.47 5558.03 6193.41 6210.43 6225.36 6237.96 6248.18 6255.99 6261.41 6264.41 6265.02 6263.22 6259.02 6252.44 6243.48 6232.18 6218.55 6202.62 6184.42 6163.98 6141.35 6116.56 6089.64 6060.65 6029.63 5996.63 5961.71 5924.91 5886.30 5845.94 5803.90 5760.25 5715.07 5668.45 5620.46 5571.22 5520.83 5469.40 5417.05 5363.92 5310.15 5255.89 5201.30 5146.55 5091.81 5037.27 4983.09 4929.47 4876.58 4824.58 4773.64 4723.88 4675.43 4628.40 4582.87 4538.88 4496.49 4455.71 4416.52 4378.90 4342.82 4308.19 4274.95 4243.00 4212.20 4182.41 4153.46 4125.16 4097.43 4070.42 3643.33 3617.96 3196.02 2778.16 2365.05 1566.14 0.00 0.00 0.00 
0.00 0.00 0.00 2415.60 3640.72 4268.47 4900.76 5535.54 5555.41 6190.57 6207.17 6222.00 6234.38 6244.43 6252.15 6257.51 6260.48 6261.06 6259.25 6255.04 6248.44 6239.47 6228.14 6214.48 6198.51 6180.27 6159.79 6137.11 6112.26 6085.28 6056.23 6025.14 5992.06 5957.05 5920.16 5881.46 5841.00 5798.85 5755.08 5709.77 5663.00 5614.87 5565.48 5514.92 5463.31 5410.77 5357.45 5303.47 5248.99 5194.18 5139.21 5084.24 5029.47 4975.07 4921.23 4868.14 4815.95 4764.83 4714.92 4666.34 4619.21 4573.59 4529.56 4487.14 4446.36 4407.20 4369.65 4333.65 4299.14 4266.06 4234.30 4203.75 4174.29 4145.76 4117.96 4090.45 4064.15 3637.39 3612.97 3191.75 2774.77 2363.24 1567.42 0.00 0.00 0.00 
0.00 0.00 0.00 1209.19 3033.17 3657.54 4286.85 4918.86 5552.23 5569.63 5585.13 6217.69 6229.61 6239.45 6247.06 6252.35 6255.29 6255.85 6254.03 6249.80 6243.18 6234.18 6222.83 6209.13 6193.12 6174.83 6154.29 6131.54 6106.61 6079.56 6050.42 6019.23 5986.06 5950.94 5913.93 5875.10 5834.50 5792.21 5748.28 5702.81 5655.86 5607.54 5557.94 5507.16 5455.32 5402.54 5348.95 5294.70 5239.94 5184.84 5129.57 5074.30 5019.23 4964.53 4910.41 4857.04 4804.60 4753.25 4703.14 4654.39 4607.12 4561.40 4517.30 4474.85 4434.07 4394.95 4357.47 4321.58 4287.24 4254.35 4222.85 4192.63 4163.59 4135.66 4108.85 3678.56 3654.05 3630.02 3208.11 2789.71 2375.53 1967.17 784.73 0.00 0.00 0.00 
0.00 0.00 0.00 0.00 2427.33 3657.16 4284.96 4915.82 4932.40 5565.13 5579.72 5592.77 5603.96 5612.92 5619.76 5624.49 5627.11 5627.60 5625.93 5622.11 5616.14 5608.03 5597.79 5585.44 5571.01 5554.52 5536.00 5515.49 5493.02 5468.63 5442.36 5414.24 5384.33 5352.67 5319.30 5284.29 5247.68 5209.54 5169.92 5128.91 5086.57 5042.98 4998.23 4952.41 4905.64 4858.01 4809.65 4760.69 4711.26 4661.52 4611.62 4561.72 4512.00 4462.63 4413.77 4365.60 4318.27 4271.94 4226.73 4182.77 4140.15 4098.95 4059.22 4021.00 3984.30 3949.11 3915.42 3883.19 3852.37 3822.89 3794.68 3767.64 3741.62 3716.38 3691.49 3667.40 3644.39 3221.02 3200.64 2783.80 2371.74 1573.66 0.00 0.00 0.00 0.00 
0.00 0.00 0.00 0.00 0.00 2438.22 3671.29 4298.69 4312.71 4943.24 4956.12 4967.89 5287.99 5296.17 5302.48 5306.89 5309.32 5309.76 5308.18 5304.56 5298.90 5291.22 5281.51 5269.81 5256.14 5240.51 5222.97 5203.53 5182.24 5159.12 5134.22 5107.57 5079.22 5049.21 5017.58 4984.39 4949.68 4913.51 4875.94 4837.04 4796.87 4755.51 4713.05 4669.56 4625.15 4579.92 4533.99 4487.48 4440.51 4393.24 4345.81 4298.39 4251.12 4204.19 4157.76 4111.99 4067.03 4023.04 3980.13 3938.44 3898.05 3859.02 3821.43 3785.30 3750.63 3717.44 3685.70 3655.37 3626.42 3598.79 3572.42 3547.24 3523.18 3500.15 3274.10 3252.49 3232.20 2811.86 2794.56 2381.33 1578.92 394.18 0.00 0.00 0.00 0.00 
0.00 0.00 0.00 0.00 0.00 1221.16 2446.26 3682.39 3693.35 4321.41 4332.20 4961.46 4970.81 4978.39 4984.27 4988.38 4990.67 4991.09 4989.61 4986.20 4980.87 4973.61 4964.45 4953.39 4940.47 4925.70 4909.12 4890.75 4870.62 4848.77 4825.23 4800.04 4773.23 4744.86 4714.95 4683.55 4650.73 4616.51 4580.97 4544.15 4506.13 4466.98 4426.76 4385.57 4343.49 4300.63 4257.08 4212.97 4168.42 4123.57 4078.57 4033.55 3988.70 3944.16 3900.09 3856.67 3814.05 3772.36 3731.73 3692.28 3654.09 3617.24 3581.77 3547.72 3515.10 3483.91 3454.12 3425.70 3398.62 3372.84 3348.31 3324.99 3302.82 3281.63 3261.00 2837.06 2820.11 2403.23 2389.78 1584.14 790.70 0.00 0.00 0.00 0.00 0.00 
0.00 0.00 0.00 0.00 0.00 0.00 612.56 2454.49 3075.23 3700.34 3708.61 3716.72 4344.22 4350.56 4355.61 4359.20 4361.22 4361.61 4360.32 4357.34 4352.67 4346.30 4338.25 4328.54 4317.19 4304.21 4289.64 4273.50 4255.81 4236.60 4215.91 4193.77 4170.21 4145.27 4118.97 4091.37 4062.51 4032.42 4001.15 3968.76 3935.31 3900.84 3865.44 3829.16 3792.10 3754.32 3715.94 3677.05 3637.76 3598.19 3558.48 3518.75 3479.16 3439.85 3400.97 3362.67 3325.08 3288.34 3252.57 3217.85 3184.29 3151.93 3120.82 3091.00 3062.46 3035.20 3009.21 2984.45 2960.90 2938.52 2917.31 2897.24 2878.38 2860.84 2437.14 2422.46 2409.60 1996.99 1591.38 0.00 0.00 0.00 0.00 0.00 0.00 0.00 
0.00 0.00 0.00 0.00 0.00 0.00 0.00 0.00 1231.27 2465.77 2469.16 3093.03 3098.52 3103.12 3106.79 3109.42 3110.91 3111.22 3110.32 3108.20 3104.86 3100.30 3094.53 3087.57 3079.42 3070.11 3059.65 3048.07 3035.37 3021.59 3006.75 2990.86 2973.95 2956.05 2937.17 2917.36 2896.64 2875.03 2852.58 2829.31 2805.27 2780.51 2755.05 2728.97 2702.31 2675.13 2647.50 2619.49 2591.19 2562.68 2534.06 2505.42 2476.88 2448.54 2420.51 2392.91 2365.84 2339.39 2313.66 2288.72 2264.62 2241.42 2219.15 2197.82 2177.44 2158.00 2139.48 2121.88 2105.15 2089.28 2074.26 2060.09 2046.79 2034.38 2022.59 1608.70 1603.51 799.82 0.00 0.00 0.00 0.00 0.00 0.00 0.00 0.00 
0.00 0.00 0.00 0.00 0.00 0.00 0.00 0.00 0.00 0.00 0.00 0.00 621.22 621.74 622.29 622.73 622.99 623.03 622.83 622.40 621.73 620.82 619.67 618.28 616.66 614.81 612.72 610.42 607.89 605.14 602.19 599.02 595.65 592.09 588.33 584.39 580.26 575.96 571.49 566.86 562.08 557.15 552.09 546.91 541.61 536.21 530.72 525.16 519.55 513.89 508.22 502.54 496.88 491.26 485.71 480.23 474.86 469.61 464.49 459.53 454.73 450.11 445.66 441.40 437.32 433.43 429.72 426.19 422.85 419.69 416.74 414.04 411.70 410.06 0.00 0.00 0.00 0.00 0.00 0.00 0.00 0.00 0.00 0.00 0.00 0.00 
0.00 0.00 0.00 0.00 0.00 0.00 0.00 0.00 0.00 0.00 0.00 0.00 0.00 0.00 0.00 0.00 0.00 0.00 0.00 0.00 0.00 0.00 0.00 0.00 0.00 0.00 0.00 0.00 0.00 0.00 0.00 0.00 0.00 0.00 0.00 0.00 0.00 0.00 0.00 0.00 0.00 0.00 0.00 0.00 0.00 0.00 0.00 0.00 0.00 0.00 0.00 0.00 0.00 0.00 0.00 0.00 0.00 0.00 0.00 0.00 0.00 0.00 0.00 0.00 0.00 0.00 0.00 0.00 0.00 0.00 0.00 0.00 0.00 0.00 0.00 0.00 0.00 0.00 0.00 0.00 0.00 0.00 0.00 0.00 0.00 0.00 
0.00 0.00 0.00 0.00 0.00 0.00 0.00 0.00 0.00 0.00 0.00 0.00 0.00 0.00 0.00 0.00 0.00 0.00 0.00 0.00 0.00 0.00 0.00 0.00 0.00 0.00 0.00 0.00 0.00 0.00 0.00 0.00 0.00 0.00 0.00 0.00 0.00 0.00 0.00 0.00 0.00 0.00 0.00 0.00 0.00 0.00 0.00 0.00 0.00 0.00 0.00 0.00 0.00 0.00 0.00 0.00 0.00 0.00 0.00 0.00 0.00 0.00 0.00 0.00 0.00 0.00 0.00 0.00 0.00 0.00 0.00 0.00 0.00 0.00 0.00 0.00 0.00 0.00 0.00 0.00 0.00 0.00 0.00 0.00 0.00 0.00 
0.00 0.00 0.00 0.00 0.00 0.00 0.00 0.00 0.00 0.00 0.00 0.00 0.00 0.00 0.00 0.00 0.00 0.00 0.00 0.00 0.00 0.00 0.00 0.00 0.00 0.00 0.00 0.00 0.00 0.00 0.00 0.00 0.00 0.00 0.00 0.00 0.00 0.00 0.00 0.00 0.00 0.00 0.00 0.00 0.00 0.00 0.00 0.00 0.00 0.00 0.00 0.00 0.00 0.00 0.00 0.00 0.00 0.00 0.00 0.00 0.00 0.00 0.00 0.00 0.00 0.00 0.00 0.00 0.00 0.00 0.00 0.00 0.00 0.00 0.00 0.00 0.00 0.00 0.00 0.00 0.00 0.00 0.00 0.00 0.00 0.00 
