0.00 0.00 0.00 0.00 0.00 0.00 0.00 0.00 0.00 0.00 0.00 0.00 0.00 0.00 0.00 0.00 0.00 0.00 0.00 0.00 0.00 0.00 0.00 0.00 0.00 0.00 0.00 0.00 0.00 0.00 0.00 0.00 0.00 0.00 0.00 0.00 0.00 0.00 0.00 0.00 0.00 0.00 0.00 0.00 0.00 0.00 0.00 0.00 0.00 0.00 0.00 0.00 0.00 0.00 0.00 0.00 0.00 0.00 0.00 0.00 0.00 0.00 0.00 0.00 0.00 0.00 0.00 0.00 0.00 0.00 0.00 0.00 0.00 0.00 0.00 0.00 0.00 0.00 0.00 0.00 0.00 0.00 0.00 0.00 0.00 0.00 
0.00 0.00 0.00 0.00 0.00 0.00 0.00 0.00 0.00 0.00 0.00 0.00 0.00 0.00 0.00 0.00 0.00 0.00 0.00 0.00 0.00 0.00 0.00 0.00 0.00 0.00 0.00 0.00 0.00 0.00 0.00 0.00 0.00 0.00 0.00 0.00 0.00 0.00 0.00 0.00 0.00 0.00 0.00 0.00 0.00 0.00 0.00 0.00 0.00 0.00 0.00 0.00 0.00 0.00 0.00 0.00 0.00 0.00 0.00 0.00 0.00 0.00 0.00 0.00 0.00 0.00 0.00 0.00 0.00 0.00 0.00 0.00 0.00 0.00 0.00 0.00 0.00 0.00 0.00 0.00 0.00 0.00 0.00 0.00 0.00 0.00 
0.00 0.00 0.00 0.00 0.00 0.00 0.00 0.00 0.00 0.00 0.00 0.00 0.00 0.00 0.00 0.00 0.00 0.00 0.00 0.00 0.00 0.00 0.00 0.00 0.00 0.00 0.00 0.00 0.00 0.00 0.00 0.00 0.00 0.00 0.00 0.00 0.00 0.00 0.00 0.00 0.00 0.00 0.00 0.00 0.00 0.00 0.00 0.00 0.00 0.00 0.00 0.00 0.00 0.00 0.00 0.00 0.00 0.00 0.00 0.00 0.00 0.00 0.00 0.00 0.00 0.00 0.00 0.00 0.00 0.00 0.00 0.00 0.00 0.00 0.00 0.00 0.00 0.00 0.00 0.00 0.00 0.00 0.00 0.00 0.00 0.00 
0.00 0.00 0.00 0.00 0.00 0.00 0.00 0.00 1309.03 2619.77 2621.69 3281.15 3284.23 3287.04 3289.19 3290.52 3290.96 3290.45 3289.00 3286.57 3283.17 3278.80 3273.46 3267.16 3259.89 3251.66 3242.48 3232.34 3221.26 3209.23 3196.25 3182.33 3167.46 3151.65 3134.89 3117.19 3098.55 3078.96 3058.42 3036.94 3014.52 2991.15 2966.85 2941.60 2915.43 2888.33 2860.31 2831.39 2801.59 2770.92 2739.40 2707.07 2673.96 2640.11 2605.58 2570.42 2534.72 2498.55 2462.02 2425.26 2388.40 2351.60 2315.04 2278.93 2243.46 2208.84 2175.26 2142.92 2111.95 2082.50 2054.67 2028.61 2004.49 1982.71 1964.23 1556.24 1547.69 770.41 0.00 0.00 0.00 0.00 0.00 0.00 0.00 0.00 
0.00 0.00 0.00 0.00 0.00 0.00 0.00 2613.11 3270.95 3931.93 3937.43 3942.59 3946.94 3950.46 3953.05 3954.62 3955.11 3954.48 3952.71 3949.79 3945.71 3940.47 3934.07 3926.52 3917.83 3907.98 3896.99 3884.86 3871.59 3857.19 3841.66 3824.99 3807.20 3788.27 3768.22 3747.03 3724.72 3701.28 3676.70 3651.00 3624.18 3596.23 3567.16 3536.98 3505.70 3473.31 3439.85 3405.32 3369.74 3333.15 3295.56 3257.02 3217.58 3177.29 3136.21 3094.41 3052.00 3009.08 2965.76 2922.20 2878.56 2835.02 2791.79 2749.09 2707.14 2666.17 2626.40 2588.03 2551.23 2516.15 2482.91 2451.63 2422.40 2395.32 2370.48 2347.27 2327.17 1922.20 1528.04 0.00 0.00 0.00 0.00 0.00 0.00 0.00 
0.00 0.00 0.00 0.00 0.00 1302.56 2607.49 3920.79 3928.64 4591.90 4599.29 5262.76 5268.62 5273.34 5276.78 5278.83 5279.45 5278.58 5276.19 5272.29 5266.84 5259.86 5251.35 5241.30 5229.72 5216.62 5202.00 5185.85 5168.20 5149.04 5128.36 5106.18 5082.50 5057.32 5030.63 5002.44 4972.74 4941.55 4908.86 4874.67 4838.99 4801.82 4763.17 4723.04 4681.45 4638.42 4593.95 4548.08 4500.84 4452.26 4402.38 4351.27 4298.97 4245.57 4191.16 4135.83 4079.72 4022.96 3965.72 3908.20 3850.60 3793.15 3736.14 3679.82 3624.49 3570.43 3517.91 3467.18 3418.47 3371.96 3327.82 3286.16 3247.11 3210.80 3177.52 2753.36 2726.97 2315.44 2295.27 1516.38 755.78 0.00 0.00 0.00 0.00 0.00 
0.00 0.00 0.00 0.00 0.00 2602.82 3914.12 4577.55 4587.64 5252.77 5261.69 5269.61 5604.91 5610.04 5613.73 5615.92 5616.56 5615.62 5613.08 5608.92 5603.14 5595.73 5586.70 5576.04 5563.77 5549.87 5534.37 5517.26 5498.54 5478.22 5456.30 5432.79 5407.68 5380.98 5352.69 5322.81 5291.33 5258.27 5223.62 5187.40 5149.59 5110.21 5069.27 5026.78 4982.74 4937.19 4890.14 4841.62 4791.66 4740.30 4687.60 4633.61 4578.40 4522.06 4464.68 4406.38 4347.28 4287.54 4227.34 4166.87 4106.35 4046.02 3986.15 3927.02 3868.91 3812.10 3756.87 3703.45 3652.06 3602.89 3556.09 3511.78 3470.06 3431.08 3195.30 3160.82 3129.12 2712.11 2686.21 2281.51 1508.15 376.05 0.00 0.00 0.00 0.00 
0.00 0.00 0.00 0.00 2596.27 3905.42 4569.22 5235.13 5247.04 5913.81 5923.95 5932.79 5940.16 5945.82 5949.83 5952.19 5952.88 5951.89 5949.20 5944.80 5938.68 5930.85 5921.30 5910.03 5897.06 5882.37 5865.98 5847.89 5828.11 5806.63 5783.47 5758.61 5732.08 5703.85 5673.95 5642.37 5609.11 5574.17 5537.56 5499.28 5459.34 5417.74 5374.50 5329.63 5283.14 5235.05 5185.39 5134.20 5081.50 5027.34 4971.79 4914.89 4856.74 4797.41 4737.02 4675.68 4613.54 4550.76 4487.51 4424.01 4360.48 4297.18 4234.36 4172.31 4111.32 4051.67 3993.62 3937.42 3883.28 3831.37 3781.81 3734.68 3689.96 3647.46 3606.55 3567.82 3531.66 3109.79 3079.24 2669.13 2266.75 1500.13 0.00 0.00 0.00 0.00 
0.00 0.00 0.00 1295.55 3245.27 3906.89 4572.01 5238.89 5906.50 5918.87 5929.73 6595.88 6603.77 6609.98 6614.43 6617.07 6617.85 6616.76 6613.78 6608.89 6602.10 6593.40 6582.80 6570.29 6555.88 6539.58 6521.39 6501.31 6479.35 6455.51 6429.79 6402.20 6372.74 6341.42 6308.22 6273.17 6236.25 6197.47 6156.84 6114.36 6070.03 6023.88 5975.90 5926.11 5874.54 5821.20 5766.13 5709.35 5650.92 5590.89 5529.31 5466.26 5401.83 5336.12 5269.23 5201.32 5132.54 5063.05 4993.07 4922.82 4852.55 4782.54 4713.06 4644.44 4576.97 4510.96 4446.70 4384.45 4324.43 4266.81 4211.74 4159.30 4109.53 4062.47 4018.28 3582.95 3544.52 3507.67 3089.09 2676.81 2271.58 1875.24 746.84 0.00 0.00 0.00 
0.00 0.00 0.00 2589.33 3895.85 4559.97 5227.22 5896.06 5910.35 6578.98 6590.59 6600.74 6608.97 6615.36 6619.90 6622.59 6623.40 6622.32 6619.34 6614.47 6607.68 6598.99 6588.40 6575.91 6561.53 6545.25 6527.08 6507.03 6485.10 6461.29 6435.62 6408.07 6378.65 6347.37 6314.23 6279.23 6242.37 6203.66 6163.10 6120.70 6076.46 6030.40 5982.52 5932.85 5881.40 5828.20 5773.29 5716.69 5658.45 5598.62 5537.28 5474.49 5410.34 5344.94 5278.40 5210.86 5142.48 5073.43 5003.92 4934.15 4864.39 4794.89 4725.93 4657.82 4590.83 4525.26 4461.38 4399.44 4339.64 4282.13 4227.03 4174.38 4124.18 4076.33 4030.59 3986.29 3944.89 3517.54 3480.94 3064.28 2654.82 2253.91 1491.08 0.00 0.00 0.00 
0.00 0.00 0.00 2587.77 3896.38 4561.61 5229.41 5898.69 5913.54 6582.38 6594.34 6604.60 6613.01 6619.53 6624.16 6626.89 6627.72 6626.66 6623.69 6618.82 6612.04 6603.37 6592.78 6580.31 6565.93 6549.67 6531.53 6511.50 6489.59 6465.82 6440.17 6412.65 6383.27 6352.03 6318.93 6283.97 6247.16 6208.50 6167.99 6125.65 6081.48 6035.49 5987.70 5938.12 5886.77 5833.69 5778.89 5722.43 5664.34 5604.68 5543.53 5480.94 5417.02 5351.86 5285.59 5218.35 5150.28 5081.57 5012.41 4943.03 4873.66 4804.56 4736.00 4668.27 4601.64 4536.41 4472.82 4411.11 4351.47 4294.03 4238.89 4186.07 4135.52 4087.10 4040.63 3996.02 3953.58 3525.73 3487.77 3070.08 2659.43 2256.39 1489.46 0.00 0.00 0.00 
0.00 0.00 0.00 3235.23 3896.54 5214.51 5230.96 5900.55 6570.72 6584.69 6596.89 6607.30 6615.87 6622.49 6627.17 6629.94 6630.79 6629.74 6626.78 6621.91 6615.14 6606.47 6595.89 6583.42 6569.06 6552.81 6534.68 6514.67 6492.78 6469.02 6443.40 6415.90 6386.55 6355.33 6322.26 6287.33 6250.55 6211.93 6171.47 6129.17 6085.05 6039.11 5991.38 5941.86 5890.59 5837.58 5782.88 5726.51 5668.53 5608.99 5547.97 5485.53 5421.76 5356.78 5290.71 5223.67 5155.83 5087.36 5018.46 4949.34 4880.25 4811.43 4743.15 4675.69 4609.32 4544.32 4480.94 4419.39 4359.85 4302.47 4247.31 4194.39 4143.62 4094.82 4047.74 4002.58 3959.29 3917.63 3492.56 3074.05 3041.18 2258.08 1862.97 0.00 0.00 0.00 
0.00 0.00 0.00 3235.01 3896.75 5215.26 5558.53 5901.60 6571.95 6585.99 6598.29 6608.82 6946.90 6953.73 6958.59 6961.46 6962.35 6961.24 6958.12 6953.01 6945.90 6936.79 6925.69 6912.60 6897.52 6880.46 6861.42 6840.40 6817.42 6792.47 6765.56 6736.69 6705.87 6673.09 6638.37 6601.69 6563.08 6522.53 6480.04 6435.63 6389.30 6341.07 6290.96 6238.97 6185.13 6129.48 6072.04 6012.86 5951.98 5889.48 5825.40 5759.85 5692.90 5624.68 5555.30 5484.91 5413.68 5341.79 5269.45 5196.88 5124.32 5052.06 4980.36 4909.52 4839.83 4771.57 4705.01 4640.38 4577.89 4517.67 4459.85 4404.49 4351.61 4301.20 4051.76 4006.17 3962.53 3920.69 3495.21 3076.33 3042.88 2635.79 1863.04 0.00 0.00 0.00 
0.00 0.00 0.00 3235.17 3896.93 5215.46 5558.73 5901.81 6572.17 6586.22 6598.52 6609.05 6947.13 6953.97 6958.83 6961.71 6962.59 6961.48 6958.37 6953.26 6946.15 6937.04 6925.93 6912.84 6897.76 6880.70 6861.66 6840.65 6817.67 6792.72 6765.81 6736.95 6706.12 6673.35 6638.63 6601.96 6563.34 6522.79 6480.31 6435.90 6389.58 6341.36 6291.25 6239.26 6185.44 6129.79 6072.36 6013.19 5952.32 5889.83 5825.76 5760.22 5693.29 5625.08 5555.72 5485.35 5414.14 5342.27 5269.95 5197.39 5124.86 5052.61 4980.94 4910.11 4840.44 4772.20 4705.65 4641.03 4578.54 4518.33 4460.50 4405.12 4352.22 4301.78 4052.30 4006.67 3962.99 3921.10 3495.55 3076.61 3043.14 2635.99 1863.19 0.00 0.00 0.00 
0.00 0.00 0.00 3235.70 3897.07 5215.11 5231.56 5901.19 6571.39 6585.37 6597.58 6608.00 6616.58 6623.21 6627.90 6630.67 6631.53 6630.47 6627.51 6622.64 6615.87 6607.19 6596.62 6584.15 6569.79 6553.54 6535.41 6515.40 6493.52 6469.76 6444.14 6416.65 6387.30 6356.09 6323.03 6288.11 6251.34 6212.73 6172.28 6129.99 6085.88 6039.96 5992.25 5942.75 5891.50 5838.51 5783.83 5727.49 5669.54 5610.04 5549.05 5486.65 5422.93 5358.00 5291.97 5224.98 5157.20 5088.79 5019.94 4950.89 4881.85 4813.09 4744.87 4677.47 4611.15 4546.20 4482.85 4421.33 4361.81 4304.43 4249.26 4196.29 4145.46 4096.56 4049.38 4004.08 3960.66 3918.85 3493.61 3074.91 3041.94 2258.65 1863.42 0.00 0.00 0.00 
0.00 0.00 0.00 2588.41 3897.24 4562.54 5230.40 5899.75 5914.59 6583.51 6595.48 6605.76 6614.20 6620.74 6625.37 6628.11 6628.95 6627.89 6624.92 6620.04 6613.26 6604.58 6594.00 6581.52 6567.15 6550.89 6532.75 6512.73 6490.83 6467.06 6441.41 6413.91 6384.54 6353.30 6320.21 6285.27 6248.47 6209.83 6169.35 6127.02 6082.88 6036.91 5989.15 5939.60 5888.29 5835.24 5780.49 5724.07 5666.03 5606.43 5545.33 5482.81 5418.96 5353.88 5287.70 5220.54 5152.57 5083.95 5014.90 4945.61 4876.34 4807.34 4738.88 4671.24 4604.71 4539.55 4476.03 4414.37 4354.76 4297.33 4242.17 4189.29 4138.62 4090.05 4043.38 3998.54 3955.88 3527.65 3489.51 3071.50 2660.58 2257.33 1490.07 0.00 0.00 0.00 
0.00 0.00 0.00 2590.15 3897.00 4561.23 5228.59 5897.52 5911.81 6580.55 6592.19 6602.38 6610.65 6617.06 6621.62 6624.32 6625.13 6624.05 6621.06 6616.18 6609.39 6600.70 6590.11 6577.62 6563.23 6546.96 6528.80 6508.75 6486.83 6463.03 6437.37 6409.83 6380.43 6349.17 6316.04 6281.06 6244.22 6205.53 6165.00 6122.62 6078.42 6032.39 5984.55 5934.92 5883.52 5830.38 5775.52 5718.98 5660.82 5601.07 5539.81 5477.11 5413.07 5347.78 5281.35 5213.94 5145.69 5076.78 5007.40 4937.78 4868.17 4798.81 4729.99 4662.01 4595.15 4529.69 4465.91 4404.05 4344.30 4286.82 4231.69 4178.96 4128.61 4080.53 4034.49 3989.84 3948.10 3520.22 3483.34 3066.24 2656.40 2255.17 1491.88 0.00 0.00 0.00 
0.00 0.00 0.00 1296.04 3246.52 3908.33 4573.60 5240.62 5908.36 5920.75 5931.65 6598.00 6605.94 6612.20 6616.67 6619.31 6620.09 6618.99 6616.00 6611.11 6604.31 6595.61 6585.00 6572.49 6558.09 6541.79 6523.60 6503.53 6481.58 6457.75 6432.05 6404.48 6375.04 6343.73 6310.56 6275.52 6238.63 6199.88 6159.29 6116.84 6072.56 6026.44 5978.52 5928.78 5877.27 5824.00 5769.00 5712.31 5653.97 5594.04 5532.57 5469.64 5405.34 5339.76 5273.03 5205.28 5136.66 5067.36 4997.57 4927.51 4857.43 4787.60 4718.32 4649.87 4582.57 4516.71 4452.59 4390.45 4330.51 4272.94 4217.86 4165.33 4115.38 4068.03 4023.42 3587.30 3548.41 3511.12 3091.91 2679.06 2273.34 1876.59 747.33 0.00 0.00 0.00 
0.00 0.00 0.00 0.00 2597.47 3907.15 4571.15 5237.21 5249.10 5916.09 5926.29 5935.23 5942.70 5948.42 5952.45 5954.81 5955.50 5954.49 5951.79 5947.37 5941.25 5933.41 5923.85 5912.59 5899.61 5884.93 5868.55 5850.47 5830.70 5809.24 5786.09 5761.26 5734.74 5706.54 5676.66 5645.10 5611.87 5576.97 5540.40 5502.16 5462.26 5420.72 5377.53 5332.72 5286.30 5238.29 5188.72 5137.62 5085.02 5030.98 4975.55 4918.80 4860.79 4801.63 4741.41 4680.26 4618.32 4555.75 4492.72 4429.45 4366.15 4303.07 4240.48 4178.65 4117.86 4058.40 4000.52 3944.47 3890.45 3838.62 3789.10 3741.92 3697.02 3654.14 3612.62 3573.22 3536.44 3113.61 3082.62 2671.81 2268.83 1501.42 0.00 0.00 0.00 0.00 
0.00 0.00 0.00 0.00 0.00 2604.33 3916.17 4579.74 4589.79 5255.21 5264.23 5272.32 5607.91 5613.11 5616.82 5618.99 5619.61 5618.65 5616.08 5611.91 5606.11 5598.70 5589.66 5579.00 5566.73 5552.84 5537.35 5520.25 5501.55 5481.24 5459.35 5435.85 5410.77 5384.09 5355.83 5325.98 5294.54 5261.51 5226.91 5190.73 5152.97 5113.65 5072.77 5030.35 4986.40 4940.93 4893.98 4845.56 4795.72 4744.50 4691.94 4638.11 4583.08 4526.92 4469.75 4411.66 4352.80 4293.31 4233.37 4173.16 4112.91 4052.86 3993.27 3934.40 3876.54 3819.96 3764.94 3711.71 3660.50 3611.47 3564.77 3520.48 3478.64 3439.25 3202.26 3166.83 3134.34 2716.14 2689.74 2284.20 1509.80 376.43 0.00 0.00 0.00 0.00 
0.00 0.00 0.00 0.00 0.00 1303.56 2609.38 3922.94 3930.73 4594.37 4601.90 5265.94 5272.13 5276.93 5280.34 5282.36 5282.93 5282.01 5279.60 5275.67 5270.21 5263.22 5254.70 5244.65 5233.08 5219.98 5205.37 5189.24 5171.61 5152.46 5131.81 5109.65 5086.00 5060.84 5034.18 5006.03 4976.37 4945.22 4912.58 4878.44 4842.82 4805.71 4767.13 4727.08 4685.58 4642.64 4598.28 4552.53 4505.42 4456.99 4407.27 4356.33 4304.23 4251.04 4196.86 4141.79 4085.94 4029.47 3972.53 3915.32 3858.04 3800.92 3744.22 3688.22 3633.18 3579.40 3527.14 3476.65 3428.17 3381.87 3337.93 3296.45 3257.48 3220.88 3185.97 2759.66 2732.36 2319.45 2298.77 1518.43 756.72 0.00 0.00 0.00 0.00 0.00 
0.00 0.00 0.00 0.00 0.00 0.00 653.04 2614.49 3272.81 3934.27 3939.95 3945.40 4608.00 4611.97 4614.89 4616.63 4617.13 4616.34 4614.23 4610.79 4606.01 4599.89 4592.42 4583.62 4573.47 4561.99 4549.17 4535.03 4519.57 4502.78 4484.68 4465.25 4444.51 4422.45 4399.08 4374.39 4348.39 4321.07 4292.44 4262.50 4231.25 4198.70 4164.84 4129.69 4093.26 4055.56 4016.61 3976.42 3935.03 3892.45 3848.74 3803.92 3758.07 3711.24 3663.50 3614.95 3565.69 3515.85 3465.57 3415.01 3364.36 3313.84 3263.67 3214.11 3165.41 3117.85 3071.68 3027.13 2984.42 2943.75 2905.28 2869.18 2835.66 2805.05 2378.03 2353.44 2332.41 1925.96 1530.72 0.00 0.00 0.00 0.00 0.00 0.00 0.00 
0.00 0.00 0.00 0.00 0.00 0.00 0.00 0.00 1309.84 2621.48 2623.54 3283.70 3287.23 3290.08 3292.19 3293.46 3293.84 3293.30 3291.81 3289.36 3285.94 3281.56 3276.22 3269.92 3262.65 3254.43 3245.26 3235.14 3224.07 3212.05 3199.09 3185.19 3170.34 3154.56 3137.82 3120.15 3101.54 3081.98 3061.48 3040.04 3017.67 2994.35 2970.10 2944.92 2918.81 2891.79 2863.86 2835.04 2805.34 2774.79 2743.41 2711.22 2678.27 2644.60 2610.26 2575.32 2539.84 2503.91 2467.64 2431.14 2394.56 2358.04 2321.76 2285.92 2250.71 2216.33 2182.98 2150.84 2120.08 2090.85 2063.27 2037.47 2013.56 1991.60 1971.13 1560.79 1551.60 772.19 0.00 0.00 0.00 0.00 0.00 0.00 0.00 0.00 
0.00 0.00 0.00 0.00 0.00 0.00 0.00 0.00 0.00 0.00 0.00 0.00 658.65 658.97 659.28 659.49 659.54 659.41 659.11 658.61 657.93 657.05 655.99 654.73 653.28 651.64 649.81 647.79 645.58 643.18 640.59 637.81 634.85 631.70 628.36 624.83 621.12 617.21 613.12 608.84 604.38 599.72 594.89 589.86 584.66 579.27 573.70 567.96 562.04 555.96 549.71 543.31 536.75 530.06 523.24 516.30 509.26 502.13 494.95 487.72 480.48 473.26 466.10 459.02 452.06 445.27 438.68 432.33 426.26 420.52 415.15 410.28 406.12 403.23 0.00 0.00 0.00 0.00 0.00 0.00 0.00 0.00 0.00 0.00 0.00 0.00 
0.00 0.00 0.00 0.00 0.00 0.00 0.00 0.00 0.00 0.00 0.00 0.00 0.00 0.00 0.00 0.00 0.00 0.00 0.00 0.00 0.00 0.00 0.00 0.00 0.00 0.00 0.00 0.00 0.00 0.00 0.00 0.00 0.00 0.00 0.00 0.00 0.00 0.00 0.00 0.00 0.00 0.00 0.00 0.00 0.00 0.00 0.00 0.00 0.00 0.00 0.00 0.00 0.00 0.00 0.00 0.00 0.00 0.00 0.00 0.00 0.00 0.00 0.00 0.00 0.00 0.00 0.00 0.00 0.00 0.00 0.00 0.00 0.00 0.00 0.00 0.00 0.00 0.00 0.00 0.00 0.00 0.00 0.00 0.00 0.00 0.00 
0.00 0.00 0.00 0.00 0.00 0.00 0.00 0.00 0.00 0.00 0.00 0.00 0.00 0.00 0.00 0.00 0.00 0.00 0.00 0.00 0.00 0.00 0.00 0.00 0.00 0.00 0.00 0.00 0.00 0.00 0.00 0.00 0.00 0.00 0.00 0.00 0.00 0.00 0.00 0.00 0.00 0.00 0.00 0.00 0.00 0.00 0.00 0.00 0.00 0.00 0.00 0.00 0.00 0.00 0.00 0.00 0.00 0.00 0.00 0.00 0.00 0.00 0.00 0.00 0.00 0.00 0.00 0.00 0.00 0.00 0.00 0.00 0.00 0.00 0.00 0.00 0.00 0.00 0.00 0.00 0.00 0.00 0.00 0.00 0.00 0.00 
0.00 0.00 0.00 0.00 0.00 0.00 0.00 0.00 0.00 0.00 0.00 0.00 0.00 0.00 0.00 0.00 0.00 0.00 0.00 0.00 0.00 0.00 0.00 0.00 0.00 0.00 0.00 0.00 0.00 0.00 0.00 0.00 0.00 0.00 0.00 0.00 0.00 0.00 0.00 0.00 0.00 0.00 0.00 0.00 0.00 0.00 0.00 0.00 0.00 0.00 0.00 0.00 0.00 0.00 0.00 0.00 0.00 0.00 0.00 0.00 0.00 0.00 0.00 0.00 0.00 0.00 0.00 0.00 0.00 0.00 0.00 0.00 0.00 0.00 0.00 0.00 0.00 0.00 0.00 0.00 0.00 0.00 0.00 0.00 0.00 0.00 
