0.00 0.00 0.00 0.00 0.00 0.00 0.00 0.00 0.00 0.00 0.00 0.00 0.00 0.00 0.00 0.00 0.00 0.00 0.00 0.00 0.00 0.00 0.00 0.00 0.00 0.00 0.00 0.00 0.00 0.00 0.00 0.00 0.00 0.00 0.00 0.00 0.00 0.00 0.00 0.00 0.00 0.00 0.00 0.00 0.00 0.00 0.00 0.00 0.00 0.00 0.00 0.00 0.00 0.00 0.00 0.00 0.00 0.00 0.00 0.00 0.00 0.00 0.00 0.00 0.00 0.00 0.00 0.00 0.00 0.00 0.00 0.00 0.00 0.00 0.00 0.00 0.00 0.00 0.00 0.00 0.00 0.00 0.00 0.00 0.00 0.00 
0.00 0.00 0.00 0.00 0.00 0.00 0.00 0.00 0.00 0.00 0.00 0.00 0.00 0.00 0.00 0.00 0.00 0.00 0.00 0.00 0.00 0.00 0.00 0.00 0.00 0.00 0.00 0.00 0.00 0.00 0.00 0.00 0.00 0.00 0.00 0.00 0.00 0.00 0.00 0.00 0.00 0.00 0.00 0.00 0.00 0.00 0.00 0.00 0.00 0.00 0.00 0.00 0.00 0.00 0.00 0.00 0.00 0.00 0.00 0.00 0.00 0.00 0.00 0.00 0.00 0.00 0.00 0.00 0.00 0.00 0.00 0.00 0.00 0.00 0.00 0.00 0.00 0.00 0.00 0.00 0.00 0.00 0.00 0.00 0.00 0.00 
0.00 0.00 0.00 0.00 0.00 0.00 0.00 0.00 0.00 0.00 0.00 0.00 0.00 0.00 0.00 0.00 0.00 0.00 0.00 0.00 0.00 0.00 0.00 0.00 0.00 0.00 0.00 0.00 0.00 0.00 0.00 0.00 0.00 0.00 0.00 0.00 0.00 0.00 0.00 0.00 0.00 0.00 0.00 0.00 0.00 0.00 0.00 0.00 0.00 0.00 0.00 0.00 0.00 0.00 0.00 0.00 0.00 0.00 0.00 0.00 0.00 0.00 0.00 0.00 0.00 0.00 0.00 0.00 0.00 0.00 0.00 0.00 0.00 0.00 0.00 0.00 0.00 0.00 0.00 0.00 0.00 0.00 0.00 0.00 0.00 0.00 
0.00 0.00 0.00 0.00 0.00 0.00 0.00 0.00 791.69 1587.26 1592.32 2001.91 2013.00 2025.94 2040.10 2055.25 2071.32 2088.31 2106.23 2125.11 2144.97 2165.83 2187.71 2210.61 2234.51 2259.37 2285.16 2311.81 2339.24 2367.35 2396.03 2425.17 2454.65 2484.35 2514.14 2543.92 2573.57 2603.00 2632.12 2660.85 2689.11 2716.83 2743.96 2770.44 2796.23 2821.27 2845.54 2868.99 2891.60 2913.32 2934.14 2954.03 2972.96 2990.91 3007.86 3023.79 3038.67 3052.49 3065.23 3076.87 3087.39 3096.78 3105.02 3112.09 3117.98 3122.68 3126.17 3128.45 3129.52 3129.39 3128.08 3125.64 3122.19 3117.93 3113.33 2485.96 2482.96 1240.05 0.00 0.00 0.00 0.00 0.00 0.00 0.00 0.00 
0.00 0.00 0.00 0.00 0.00 0.00 0.00 1575.32 1977.00 2385.72 2398.58 2413.07 2428.29 2444.61 2462.00 2480.43 2499.90 2520.44 2542.06 2564.80 2588.68 2613.73 2639.96 2667.36 2695.91 2725.58 2756.31 2788.02 2820.62 2854.01 2888.06 2922.64 2957.62 2992.85 3028.21 3063.55 3098.76 3133.72 3168.33 3202.48 3236.10 3269.09 3301.39 3332.93 3363.65 3393.50 3422.43 3450.40 3477.36 3503.28 3528.12 3551.86 3574.45 3595.88 3616.11 3635.12 3652.89 3669.39 3684.60 3698.50 3711.06 3722.27 3732.11 3740.56 3747.60 3753.23 3757.42 3760.17 3761.49 3761.38 3759.88 3757.03 3752.91 3747.63 3741.35 3734.06 3726.45 3097.56 2472.86 0.00 0.00 0.00 0.00 0.00 0.00 0.00 
0.00 0.00 0.00 0.00 0.00 782.75 1568.17 2366.07 2379.72 2792.96 2810.09 3230.36 3250.98 3273.09 3296.54 3321.32 3347.46 3374.98 3403.92 3434.32 3466.21 3499.62 3534.56 3571.02 3608.97 3648.36 3689.11 3731.14 3774.31 3818.50 3863.54 3909.27 3955.51 4002.10 4048.84 4095.59 4142.16 4188.42 4234.23 4279.45 4323.97 4367.68 4410.49 4452.30 4493.04 4532.64 4571.02 4608.14 4643.92 4678.33 4711.31 4742.82 4772.83 4801.28 4828.15 4853.40 4877.00 4898.92 4919.12 4937.59 4954.28 4969.17 4982.24 4993.47 5002.84 5010.33 5015.92 5019.61 5021.41 5021.32 5019.39 5015.67 5010.24 5003.24 4994.89 4362.25 4352.18 3720.32 3709.77 2464.18 1230.02 0.00 0.00 0.00 0.00 0.00 
0.00 0.00 0.00 0.00 0.00 1563.02 2357.71 2767.38 2785.06 3202.04 3222.75 3244.79 3469.65 3493.65 3518.98 3545.64 3573.67 3603.12 3634.02 3666.43 3700.38 3735.89 3772.98 3811.62 3851.80 3893.45 3936.49 3980.84 4026.37 4072.93 4120.36 4168.51 4217.19 4266.22 4315.43 4364.65 4413.70 4462.43 4510.70 4558.37 4605.32 4651.43 4696.60 4740.74 4783.75 4825.57 4866.12 4905.34 4943.16 4979.53 5014.40 5047.73 5079.46 5109.55 5137.97 5164.68 5189.65 5212.83 5234.21 5253.74 5271.40 5287.16 5301.00 5312.89 5322.81 5330.75 5336.69 5340.62 5342.56 5342.51 5340.50 5336.57 5330.81 5323.29 5001.87 4990.96 4978.88 4344.56 4331.11 3699.41 2456.97 613.14 0.00 0.00 0.00 0.00 
0.00 0.00 0.00 0.00 1556.85 2347.81 2756.56 3170.15 3191.10 3611.41 3635.09 3659.92 3685.69 3712.05 3739.42 3768.03 3797.98 3829.36 3862.23 3896.64 3932.64 3970.25 4009.48 4050.32 4092.74 4136.67 4182.04 4228.75 4276.66 4325.64 4375.53 4426.15 4477.32 4528.86 4580.59 4632.33 4683.91 4735.16 4785.94 4836.10 4885.51 4934.06 4981.63 5028.12 5073.44 5117.51 5160.25 5201.60 5241.47 5279.83 5316.60 5351.75 5385.22 5416.97 5446.96 5475.14 5501.48 5525.94 5548.50 5569.11 5587.75 5604.38 5618.99 5631.54 5642.02 5650.41 5656.69 5660.86 5662.91 5662.86 5660.73 5656.54 5650.32 5642.07 5631.71 5619.53 5605.80 4969.33 4953.53 4318.71 3687.00 2448.69 0.00 0.00 0.00 0.00 
0.00 0.00 0.00 776.54 1946.94 2351.92 2762.87 3178.17 3597.12 3621.92 3647.26 4075.11 4103.04 4132.30 4162.88 4194.85 4228.29 4263.27 4299.89 4338.19 4378.23 4420.03 4463.60 4508.93 4555.99 4604.71 4655.00 4706.76 4759.84 4814.08 4869.32 4925.36 4982.00 5039.05 5096.32 5153.59 5210.69 5267.43 5323.66 5379.21 5433.93 5487.71 5540.41 5591.92 5642.14 5690.98 5738.35 5784.18 5828.38 5870.91 5911.68 5950.65 5987.76 6022.97 6056.22 6087.47 6116.69 6143.82 6168.83 6191.69 6212.37 6230.82 6247.02 6260.95 6272.58 6281.89 6288.86 6293.49 6295.78 6295.72 6293.35 6288.68 6281.78 6272.72 6261.63 5625.44 5610.82 5594.34 4957.13 4321.22 3687.95 3059.49 1220.05 0.00 0.00 0.00 
0.00 0.00 0.00 1551.31 2339.47 2747.73 3161.65 3579.96 3605.20 4029.36 4056.66 4085.29 4114.35 4144.30 4175.35 4207.67 4241.37 4276.56 4313.33 4351.73 4391.82 4433.63 4477.18 4522.44 4569.39 4617.95 4668.05 4719.58 4772.40 4826.35 4881.28 4936.99 4993.30 5050.01 5106.93 5163.86 5220.63 5277.05 5332.97 5388.23 5442.68 5496.19 5548.65 5599.93 5649.94 5698.58 5745.77 5791.42 5835.47 5877.84 5918.48 5957.32 5994.32 6029.41 6062.56 6093.72 6122.85 6149.90 6174.84 6197.64 6218.25 6236.66 6252.82 6266.71 6278.32 6287.61 6294.57 6299.20 6301.48 6301.42 6299.03 6294.32 6287.31 6278.04 6266.51 6252.61 6236.95 5598.07 5579.19 4940.59 4304.41 3672.55 2437.43 0.00 0.00 0.00 
0.00 0.00 0.00 1550.18 2341.56 2751.52 3166.45 3585.56 3611.84 4036.44 4064.55 4093.51 4123.15 4153.59 4185.02 4217.62 4251.54 4286.89 4323.78 4362.26 4402.40 4444.22 4487.74 4532.95 4579.81 4628.26 4678.22 4729.57 4782.19 4835.93 4890.61 4946.07 5002.12 5058.56 5115.22 5171.89 5228.40 5284.57 5340.25 5395.28 5449.52 5502.83 5555.09 5606.20 5656.04 5704.53 5751.57 5797.09 5841.01 5883.27 5923.80 5962.54 5999.44 6034.45 6067.52 6098.60 6127.66 6154.65 6179.54 6202.29 6222.86 6241.22 6257.35 6271.22 6282.81 6292.09 6299.04 6303.66 6305.94 6305.87 6303.46 6298.70 6291.61 6282.18 6270.43 6256.42 6240.35 5601.22 5581.66 4942.53 4305.80 3672.69 2435.08 0.00 0.00 0.00 
0.00 0.00 0.00 1938.59 2342.86 3146.09 3169.85 3589.50 4012.99 4041.19 4069.90 4099.28 4129.40 4160.19 4191.87 4224.66 4258.73 4294.19 4331.16 4369.70 4409.87 4451.70 4495.22 4540.39 4587.19 4635.56 4685.41 4736.64 4789.12 4842.71 4897.23 4952.51 5008.37 5064.63 5121.10 5177.58 5233.91 5289.91 5345.42 5400.29 5454.37 5507.54 5559.67 5610.65 5660.37 5708.75 5755.69 5801.11 5844.94 5887.12 5927.57 5966.24 6003.07 6038.02 6071.04 6102.07 6131.08 6158.03 6182.87 6205.58 6226.12 6244.46 6260.57 6274.43 6286.00 6295.27 6302.22 6306.84 6309.11 6309.04 6306.61 6301.82 6294.67 6285.13 6273.19 6258.99 6242.60 6224.02 5583.41 4943.79 4922.32 3672.65 3044.48 0.00 0.00 0.00 
0.00 0.00 0.00 1938.65 2343.65 3147.64 3368.63 3591.64 4015.46 4043.83 4072.81 4102.50 4336.75 4368.58 4401.59 4435.89 4471.60 4508.81 4547.61 4588.07 4630.25 4674.18 4719.87 4767.31 4816.46 4867.26 4919.61 4973.41 5028.53 5084.80 5142.05 5200.11 5258.78 5317.85 5377.15 5436.46 5495.61 5554.41 5612.70 5670.31 5727.10 5782.92 5837.66 5891.18 5943.39 5994.19 6043.47 6091.17 6137.19 6181.47 6223.94 6264.55 6303.22 6339.92 6374.58 6407.17 6437.63 6465.93 6492.02 6515.86 6537.43 6556.69 6573.61 6588.16 6600.31 6610.05 6617.35 6622.21 6624.61 6624.54 6622.02 6617.04 6609.63 6599.81 6274.77 6260.43 6243.91 6225.27 5584.43 4944.60 4922.81 4286.60 3044.11 0.00 0.00 0.00 
0.00 0.00 0.00 1938.78 2343.80 3147.85 3368.86 3591.91 4015.77 4044.18 4073.18 4102.90 4337.18 4369.04 4402.06 4436.38 4472.10 4509.32 4548.12 4588.59 4630.77 4674.71 4720.40 4767.84 4816.98 4867.78 4920.13 4973.93 5029.04 5085.30 5142.55 5200.59 5259.25 5318.32 5377.60 5436.90 5496.03 5554.83 5613.10 5670.70 5727.48 5783.29 5838.01 5891.53 5943.73 5994.51 6043.79 6091.48 6137.49 6181.77 6224.24 6264.83 6303.50 6340.19 6374.85 6407.43 6437.89 6466.19 6492.27 6516.12 6537.69 6556.95 6573.86 6588.41 6600.57 6610.31 6617.61 6622.47 6624.87 6624.81 6622.29 6617.32 6609.91 6600.08 6275.04 6260.70 6244.19 6225.54 5584.69 4944.85 4923.06 4286.84 3044.32 0.00 0.00 0.00 
0.00 0.00 0.00 1938.96 2343.33 3146.70 3170.52 3590.30 4013.92 4042.21 4071.02 4100.49 4130.69 4161.56 4193.30 4226.14 4260.24 4295.73 4332.71 4371.26 4411.44 4453.28 4496.80 4541.97 4588.77 4637.13 4686.97 4738.19 4790.65 4844.21 4898.70 4953.96 5009.79 5066.01 5122.44 5178.89 5235.18 5291.15 5346.62 5401.45 5455.50 5508.64 5560.73 5611.68 5661.38 5709.73 5756.64 5802.04 5845.85 5888.01 5928.44 5967.09 6003.91 6038.84 6071.85 6102.87 6131.87 6158.81 6183.65 6206.35 6226.89 6245.22 6261.33 6275.19 6286.76 6296.04 6303.00 6307.63 6309.91 6309.85 6307.43 6302.65 6295.50 6285.96 6274.02 6259.81 6243.41 6224.83 5584.19 4944.52 4923.08 3673.33 3045.09 0.00 0.00 0.00 
0.00 0.00 0.00 1550.69 2342.33 2752.46 3167.58 3586.90 3613.30 4038.16 4066.42 4095.53 4125.32 4155.89 4187.42 4220.10 4254.08 4289.47 4326.38 4364.88 4405.04 4446.87 4490.40 4535.60 4582.46 4630.89 4680.83 4732.15 4784.74 4838.44 4893.08 4948.49 5004.49 5060.87 5117.47 5174.08 5230.53 5286.64 5342.26 5397.23 5451.41 5504.66 5556.87 5607.93 5657.72 5706.16 5753.16 5798.64 5842.53 5884.75 5925.25 5963.96 6000.84 6035.82 6068.87 6099.94 6128.98 6155.95 6180.83 6203.57 6224.13 6242.49 6258.62 6272.50 6284.09 6293.38 6300.35 6304.98 6307.28 6307.23 6304.83 6300.08 6293.00 6283.57 6271.81 6257.78 6241.71 5602.49 5582.96 4943.75 4306.96 3673.78 2435.93 0.00 0.00 0.00 
0.00 0.00 0.00 1551.98 2340.52 2749.02 3163.21 3581.83 3607.24 4031.75 4059.29 4088.16 4117.44 4147.57 4178.76 4211.19 4244.96 4280.20 4317.00 4355.43 4395.54 4437.37 4480.91 4526.17 4573.11 4621.65 4671.73 4723.22 4775.99 4829.89 4884.75 4940.40 4996.63 5053.26 5110.09 5166.94 5223.62 5279.95 5335.79 5390.96 5445.33 5498.76 5551.14 5602.36 5652.30 5700.88 5748.01 5793.61 5837.60 5879.93 5920.52 5959.32 5996.28 6031.34 6064.46 6095.59 6124.69 6151.72 6176.65 6199.43 6220.04 6238.44 6254.60 6268.50 6280.11 6289.42 6296.41 6301.06 6303.37 6303.33 6300.96 6296.27 6289.27 6280.00 6268.44 6254.51 6238.84 5599.83 5580.96 4942.26 4305.98 3674.01 2438.48 0.00 0.00 0.00 
0.00 0.00 0.00 776.96 1948.08 2353.39 2764.69 3180.38 3599.74 3624.81 3650.46 4078.86 4107.09 4136.60 4167.35 4199.44 4232.96 4268.01 4304.66 4343.00 4383.05 4424.86 4468.44 4513.77 4560.81 4609.51 4659.77 4711.47 4764.49 4818.66 4873.82 4929.76 4986.31 5043.26 5100.41 5157.57 5214.55 5271.18 5327.29 5382.73 5437.35 5491.03 5543.63 5595.05 5645.18 5693.94 5741.24 5786.99 5831.13 5873.59 5914.31 5953.23 5990.29 6025.45 6058.67 6089.88 6119.06 6146.17 6171.16 6194.00 6214.67 6233.11 6249.32 6263.25 6274.89 6284.22 6291.22 6295.89 6298.21 6298.20 6295.86 6291.22 6284.33 6275.25 6264.13 5627.73 5613.07 5596.57 4959.20 4323.12 3689.68 3061.03 1220.67 0.00 0.00 0.00 
0.00 0.00 0.00 0.00 1557.96 2349.60 2758.79 3172.82 3194.01 3614.95 3639.03 3664.32 3690.53 3717.19 3744.75 3773.47 3803.50 3834.93 3867.83 3902.27 3938.29 3975.92 4015.15 4055.99 4098.38 4142.28 4187.61 4234.26 4282.10 4330.99 4380.78 4431.29 4482.34 4533.75 4585.35 4636.95 4688.39 4739.51 4790.16 4840.19 4889.48 4937.91 4985.36 5031.75 5076.97 5120.94 5163.60 5204.86 5244.66 5282.94 5319.65 5354.74 5388.15 5419.85 5449.79 5477.93 5504.24 5528.67 5551.20 5571.79 5590.41 5607.04 5621.64 5634.20 5644.70 5653.11 5659.42 5663.63 5665.74 5665.75 5663.67 5659.53 5653.32 5645.05 5634.60 5622.33 5608.54 4971.79 4955.99 4320.96 3689.02 2450.13 0.00 0.00 0.00 0.00 
0.00 0.00 0.00 0.00 0.00 1564.61 2360.08 2770.20 2788.12 3205.88 3227.10 3249.78 3475.51 3499.85 3525.34 3552.09 3580.17 3609.65 3640.58 3673.01 3706.98 3742.51 3779.60 3818.23 3858.39 3900.00 3943.00 3987.28 4032.72 4079.17 4126.49 4174.50 4223.03 4271.91 4320.96 4370.02 4418.90 4467.48 4515.59 4563.11 4609.91 4655.88 4700.92 4744.93 4787.83 4829.54 4869.99 4909.11 4946.85 4983.14 5017.93 5051.19 5082.85 5112.89 5141.26 5167.92 5192.84 5215.99 5237.33 5256.84 5274.48 5290.23 5304.07 5315.96 5325.90 5333.87 5339.85 5343.84 5345.84 5345.86 5343.94 5340.09 5334.36 5326.81 5005.08 4994.01 4981.82 4347.13 4333.66 3701.65 2458.56 613.54 0.00 0.00 0.00 0.00 
0.00 0.00 0.00 0.00 0.00 783.85 1570.35 2368.86 2382.74 2796.89 2814.61 3236.36 3258.10 3280.50 3304.01 3328.81 3354.95 3382.48 3411.43 3441.85 3473.76 3507.18 3542.13 3578.58 3616.51 3655.85 3696.55 3738.49 3781.56 3825.63 3870.52 3916.09 3962.17 4008.57 4055.13 4101.68 4148.07 4194.14 4239.77 4284.81 4329.17 4372.72 4415.38 4457.05 4497.66 4537.13 4575.40 4612.40 4648.09 4682.41 4715.30 4746.74 4776.67 4805.06 4831.87 4857.07 4880.62 4902.49 4922.66 4941.09 4957.76 4972.64 4985.71 4996.95 5006.33 5013.85 5019.48 5023.24 5025.12 5025.14 5023.32 5019.73 5014.41 5007.41 4998.69 4365.39 4355.18 3722.85 3712.26 2465.89 1230.88 0.00 0.00 0.00 0.00 0.00 
0.00 0.00 0.00 0.00 0.00 0.00 393.47 1577.20 1979.73 2389.49 2402.98 2418.40 2839.98 2858.53 2878.55 2899.90 2922.53 2946.44 2971.64 2998.17 3026.04 3055.28 3085.89 3117.86 3151.17 3185.76 3221.58 3258.52 3296.49 3335.35 3374.97 3415.20 3455.87 3496.83 3537.93 3579.01 3619.94 3660.57 3700.80 3740.50 3779.58 3817.94 3855.50 3892.19 3927.92 3962.65 3996.31 4028.85 4060.23 4090.39 4119.31 4146.93 4173.24 4198.18 4221.74 4243.88 4264.57 4283.79 4301.50 4317.70 4332.34 4345.41 4356.89 4366.75 4374.99 4381.58 4386.52 4389.81 4391.44 4391.44 4389.84 4386.70 4382.13 4376.29 3744.73 3737.13 3729.34 3099.90 2474.72 0.00 0.00 0.00 0.00 0.00 0.00 0.00 
0.00 0.00 0.00 0.00 0.00 0.00 0.00 0.00 792.96 1590.04 1595.54 2006.76 2019.21 2032.35 2046.47 2061.56 2077.59 2094.56 2112.47 2131.36 2151.24 2172.12 2194.00 2216.90 2240.78 2265.62 2291.36 2317.94 2345.28 2373.29 2401.85 2430.85 2460.18 2489.72 2519.35 2548.97 2578.46 2607.73 2636.69 2665.27 2693.39 2720.98 2747.98 2774.35 2800.02 2824.97 2849.14 2872.50 2895.03 2916.68 2937.43 2957.25 2976.12 2994.02 3010.92 3026.80 3041.64 3055.43 3068.14 3079.75 3090.25 3099.63 3107.86 3114.93 3120.84 3125.56 3129.09 3131.43 3132.57 3132.54 3131.35 3129.06 3125.74 3121.51 3116.41 2488.22 2485.09 1241.09 0.00 0.00 0.00 0.00 0.00 0.00 0.00 0.00 
0.00 0.00 0.00 0.00 0.00 0.00 0.00 0.00 0.00 0.00 0.00 0.00 407.17 408.91 411.38 414.26 417.41 420.78 424.36 428.14 432.12 436.30 440.67 445.24 450.00 454.95 460.07 465.35 470.78 476.33 481.99 487.74 493.55 499.41 505.28 511.15 517.00 522.81 528.56 534.24 539.82 545.30 550.67 555.92 561.02 565.99 570.80 575.45 579.93 584.25 588.38 592.33 596.09 599.65 603.02 606.18 609.14 611.89 614.42 616.73 618.83 620.69 622.33 623.74 624.92 625.86 626.57 627.05 627.29 627.30 627.11 626.73 626.23 625.76 0.00 0.00 0.00 0.00 0.00 0.00 0.00 0.00 0.00 0.00 0.00 0.00 
0.00 0.00 0.00 0.00 0.00 0.00 0.00 0.00 0.00 0.00 0.00 0.00 0.00 0.00 0.00 0.00 0.00 0.00 0.00 0.00 0.00 0.00 0.00 0.00 0.00 0.00 0.00 0.00 0.00 0.00 0.00 0.00 0.00 0.00 0.00 0.00 0.00 0.00 0.00 0.00 0.00 0.00 0.00 0.00 0.00 0.00 0.00 0.00 0.00 0.00 0.00 0.00 0.00 0.00 0.00 0.00 0.00 0.00 0.00 0.00 0.00 0.00 0.00 0.00 0.00 0.00 0.00 0.00 0.00 0.00 0.00 0.00 0.00 0.00 0.00 0.00 0.00 0.00 0.00 0.00 0.00 0.00 0.00 0.00 0.00 0.00 
0.00 0.00 0.00 0.00 0.00 0.00 0.00 0.00 0.00 0.00 0.00 0.00 0.00 0.00 0.00 0.00 0.00 0.00 0.00 0.00 0.00 0.00 0.00 0.00 0.00 0.00 0.00 0.00 0.00 0.00 0.00 0.00 0.00 0.00 0.00 0.00 0.00 0.00 0.00 0.00 0.00 0.00 0.00 0.00 0.00 0.00 0.00 0.00 0.00 0.00 0.00 0.00 0.00 0.00 0.00 0.00 0.00 0.00 0.00 0.00 0.00 0.00 0.00 0.00 0.00 0.00 0.00 0.00 0.00 0.00 0.00 0.00 0.00 0.00 0.00 0.00 0.00 0.00 0.00 0.00 0.00 0.00 0.00 0.00 0.00 0.00 
0.00 0.00 0.00 0.00 0.00 0.00 0.00 0.00 0.00 0.00 0.00 0.00 0.00 0.00 0.00 0.00 0.00 0.00 0.00 0.00 0.00 0.00 0.00 0.00 0.00 0.00 0.00 0.00 0.00 0.00 0.00 0.00 0.00 0.00 0.00 0.00 0.00 0.00 0.00 0.00 0.00 0.00 0.00 0.00 0.00 0.00 0.00 0.00 0.00 0.00 0.00 0.00 0.00 0.00 0.00 0.00 0.00 0.00 0.00 0.00 0.00 0.00 0.00 0.00 0.00 0.00 0.00 0.00 0.00 0.00 0.00 0.00 0.00 0.00 0.00 0.00 0.00 0.00 0.00 0.00 0.00 0.00 0.00 0.00 0.00 0.00 
