0.00 0.00 0.00 0.00 0.00 0.00 0.00 0.00 0.00 0.00 0.00 0.00 0.00 0.00 0.00 0.00 0.00 0.00 0.00 0.00 0.00 0.00 0.00 0.00 0.00 0.00 0.00 0.00 0.00 0.00 0.00 0.00 0.00 0.00 0.00 0.00 0.00 0.00 0.00 0.00 0.00 0.00 0.00 0.00 0.00 0.00 0.00 0.00 0.00 0.00 0.00 0.00 0.00 0.00 0.00 0.00 0.00 0.00 0.00 0.00 0.00 0.00 0.00 0.00 0.00 0.00 0.00 0.00 0.00 0.00 0.00 0.00 0.00 0.00 0.00 0.00 0.00 0.00 0.00 0.00 0.00 0.00 0.00 0.00 0.00 0.00 
0.00 0.00 0.00 0.00 0.00 0.00 0.00 0.00 0.00 0.00 0.00 0.00 0.00 0.00 0.00 0.00 0.00 0.00 0.00 0.00 0.00 0.00 0.00 0.00 0.00 0.00 0.00 0.00 0.00 0.00 0.00 0.00 0.00 0.00 0.00 0.00 0.00 0.00 0.00 0.00 0.00 0.00 0.00 0.00 0.00 0.00 0.00 0.00 0.00 0.00 0.00 0.00 0.00 0.00 0.00 0.00 0.00 0.00 0.00 0.00 0.00 0.00 0.00 0.00 0.00 0.00 0.00 0.00 0.00 0.00 0.00 0.00 0.00 0.00 0.00 0.00 0.00 0.00 0.00 0.00 0.00 0.00 0.00 0.00 0.00 0.00 
0.00 0.00 0.00 0.00 0.00 0.00 0.00 0.00 0.00 0.00 0.00 0.00 0.00 0.00 0.00 0.00 0.00 0.00 0.00 0.00 0.00 0.00 0.00 0.00 0.00 0.00 0.00 0.00 0.00 0.00 0.00 0.00 0.00 0.00 0.00 0.00 0.00 0.00 0.00 0.00 0.00 0.00 0.00 0.00 0.00 0.00 0.00 0.00 0.00 0.00 0.00 0.00 0.00 0.00 0.00 0.00 0.00 0.00 0.00 0.00 0.00 0.00 0.00 0.00 0.00 0.00 0.00 0.00 0.00 0.00 0.00 0.00 0.00 0.00 0.00 0.00 0.00 0.00 0.00 0.00 0.00 0.00 0.00 0.00 0.00 0.00 
0.00 0.00 0.00 0.00 0.00 0.00 0.00 0.00 1173.28 2351.71 2356.95 2956.17 2964.35 2972.40 2979.62 2985.70 2990.50 2993.93 2995.97 2996.61 2995.84 2993.70 2990.20 2985.37 2979.24 2971.85 2963.22 2953.41 2942.45 2930.39 2917.26 2903.12 2888.01 2871.98 2855.09 2837.40 2818.96 2799.84 2780.10 2759.81 2739.04 2717.86 2696.37 2674.62 2652.71 2630.72 2608.73 2586.81 2565.06 2543.53 2522.30 2501.44 2480.99 2461.02 2441.56 2422.64 2404.29 2386.54 2369.39 2352.86 2336.93 2321.60 2306.87 2292.70 2279.10 2266.02 2253.44 2241.33 2229.68 2218.45 2207.63 2197.24 2187.33 2178.11 2170.08 1729.26 1725.60 861.44 0.00 0.00 0.00 0.00 0.00 0.00 0.00 0.00 
0.00 0.00 0.00 0.00 0.00 0.00 0.00 2335.08 2928.90 3529.19 3541.24 3553.28 3564.20 3574.07 3582.68 3589.86 3595.50 3599.53 3601.92 3602.65 3601.73 3599.18 3595.01 3589.28 3581.99 3573.21 3562.97 3551.31 3538.29 3523.95 3508.34 3491.53 3473.58 3454.53 3434.46 3413.44 3391.53 3368.81 3345.36 3321.26 3296.59 3271.45 3245.91 3220.09 3194.06 3167.94 3141.80 3115.75 3089.88 3064.27 3038.99 3014.14 2989.76 2965.93 2942.68 2920.07 2898.12 2876.86 2856.30 2836.45 2817.31 2798.87 2781.13 2764.06 2747.64 2731.84 2716.63 2701.98 2687.86 2674.24 2661.10 2648.43 2636.23 2624.54 2613.40 2602.56 2592.72 2151.94 1716.63 0.00 0.00 0.00 0.00 0.00 0.00 0.00 
0.00 0.00 0.00 0.00 0.00 1157.35 2321.15 3501.97 3517.63 4122.27 4137.98 4745.35 4759.77 4772.81 4784.14 4793.56 4800.96 4806.23 4809.34 4810.28 4809.05 4805.66 4800.14 4792.54 4782.91 4771.28 4757.72 4742.29 4725.05 4706.07 4685.42 4663.17 4639.40 4614.19 4587.63 4559.80 4530.81 4500.75 4469.72 4437.83 4405.19 4371.92 4338.14 4303.97 4269.53 4234.96 4200.36 4165.87 4131.60 4097.67 4064.17 4031.20 3998.86 3967.21 3936.33 3906.26 3877.06 3848.75 3821.35 3794.88 3769.34 3744.72 3721.00 3698.17 3676.18 3655.02 3634.63 3614.98 3596.02 3577.72 3560.04 3542.96 3526.48 3510.60 3495.45 3046.42 3033.21 2588.82 2577.85 1711.12 854.54 0.00 0.00 0.00 0.00 0.00 
0.00 0.00 0.00 0.00 0.00 2309.86 3484.98 4088.24 4108.14 4716.47 4735.28 4752.93 5065.69 5079.60 5091.61 5101.55 5109.32 5114.85 5118.11 5119.08 5117.76 5114.18 5108.37 5100.36 5090.20 5077.95 5063.67 5047.41 5029.24 5009.24 4987.48 4964.03 4938.98 4912.42 4884.43 4855.12 4824.57 4792.90 4760.22 4726.62 4692.25 4657.21 4621.63 4585.64 4549.36 4512.93 4476.47 4440.11 4403.97 4368.17 4332.81 4298.00 4263.82 4230.35 4197.67 4165.83 4134.87 4104.84 4075.76 4047.63 4020.47 3994.26 3968.99 3944.64 3921.17 3898.56 3876.75 3855.71 3835.39 3815.75 3796.73 3778.31 3760.45 3743.16 3507.91 3491.27 3475.28 3027.92 3013.70 2571.51 1707.04 426.35 0.00 0.00 0.00 0.00 
0.00 0.00 0.00 0.00 2294.39 3464.70 4067.96 4675.94 4699.37 5310.97 5332.38 5352.15 5369.83 5385.03 5397.91 5408.49 5416.72 5422.56 5425.99 5427.01 5425.62 5421.86 5415.74 5407.32 5396.64 5383.75 5368.73 5351.63 5332.52 5311.48 5288.58 5263.92 5237.57 5209.63 5180.19 5149.36 5117.23 5083.93 5049.55 5014.23 4978.08 4941.23 4903.82 4865.96 4827.81 4789.49 4751.13 4712.87 4674.83 4637.14 4599.89 4563.20 4527.17 4491.87 4457.37 4423.75 4391.04 4359.29 4328.51 4298.73 4269.95 4242.16 4215.35 4189.49 4164.55 4140.50 4117.29 4094.87 4073.19 4052.19 4031.82 4012.01 3992.66 3973.63 3954.60 3935.86 3917.59 3467.61 3450.77 3005.43 2563.86 1702.82 0.00 0.00 0.00 0.00 
0.00 0.00 0.00 1140.66 2866.66 3464.72 4069.90 4679.32 5291.22 5316.13 5338.83 5951.78 5970.75 5987.49 6001.79 6013.56 6022.70 6029.19 6033.00 6034.13 6032.59 6028.42 6021.64 6012.31 6000.48 5986.22 5969.58 5950.64 5929.49 5906.19 5880.84 5853.53 5824.36 5793.42 5760.83 5726.69 5691.13 5654.25 5616.20 5577.09 5537.07 5496.28 5454.85 5412.95 5370.70 5328.27 5285.79 5243.42 5201.28 5159.52 5118.25 5077.58 5037.63 4998.49 4960.23 4922.92 4886.61 4851.35 4817.17 4784.09 4752.09 4721.19 4691.37 4662.59 4634.83 4608.04 4582.18 4557.17 4532.98 4509.53 4486.75 4464.58 4442.95 4421.82 4401.20 3946.37 3926.76 3907.20 3457.83 3011.03 2567.52 2128.82 849.73 0.00 0.00 0.00 
0.00 0.00 0.00 2277.88 3441.33 4044.15 4653.60 5267.00 5294.92 5910.11 5934.48 5956.96 5976.62 5993.68 6008.13 6019.96 6029.12 6035.61 6039.41 6040.54 6039.01 6034.86 6028.13 6018.85 6007.08 5992.90 5976.35 5957.52 5936.48 5913.31 5888.10 5860.94 5831.93 5801.17 5768.76 5734.81 5699.45 5662.78 5624.95 5586.07 5546.28 5505.72 5464.53 5422.86 5380.86 5338.66 5296.41 5254.25 5212.32 5170.75 5129.66 5089.15 5049.35 5010.32 4972.16 4934.94 4898.69 4863.48 4829.32 4796.23 4764.22 4733.29 4703.41 4674.56 4646.72 4619.82 4593.83 4568.69 4544.33 4520.69 4497.67 4475.21 4453.20 4431.54 4410.05 4388.40 4367.31 3914.26 3893.94 3444.69 2998.73 2557.20 1697.74 0.00 0.00 0.00 
0.00 0.00 0.00 2274.40 3440.83 4045.30 4655.39 5269.41 5298.20 5913.69 5938.61 5961.22 5981.20 5998.49 6013.07 6024.95 6034.14 6040.63 6044.43 6045.57 6044.05 6039.91 6033.20 6023.97 6012.25 5998.12 5981.65 5962.90 5941.95 5918.88 5893.78 5866.74 5837.85 5807.22 5774.96 5741.16 5705.95 5669.45 5631.78 5593.08 5553.47 5513.09 5472.09 5430.61 5388.78 5346.76 5304.69 5262.70 5220.93 5179.50 5138.55 5098.17 5058.47 5019.55 4981.47 4944.30 4908.11 4872.92 4838.78 4805.69 4773.67 4742.71 4712.79 4683.89 4655.97 4629.00 4602.91 4577.66 4553.17 4529.36 4506.16 4483.46 4461.15 4439.08 4417.13 4395.22 4373.46 3920.04 3898.83 3448.88 3002.05 2559.05 1696.70 0.00 0.00 0.00 
0.00 0.00 0.00 2843.70 3439.96 4625.70 4656.59 5271.15 5887.96 5915.96 5941.38 5964.26 5984.52 6001.95 6016.61 6028.52 6037.72 6044.21 6048.01 6049.14 6047.63 6043.51 6036.82 6027.60 6015.92 6001.84 5985.41 5966.72 5945.83 5922.83 5897.81 5870.85 5842.05 5811.52 5779.35 5745.66 5710.56 5674.18 5636.63 5598.05 5558.56 5518.32 5477.45 5436.09 5394.39 5352.50 5310.55 5268.68 5227.02 5185.70 5144.84 5104.55 5064.93 5026.07 4988.04 4950.92 4914.76 4879.60 4845.46 4812.38 4780.35 4749.36 4719.41 4690.47 4662.51 4635.48 4609.33 4583.99 4559.41 4535.49 4512.16 4489.30 4466.78 4444.43 4422.10 4399.85 4377.62 4355.33 3902.25 3451.82 3432.04 2560.34 2121.67 0.00 0.00 0.00 
0.00 0.00 0.00 2843.00 3439.80 4626.43 4949.04 5272.16 5889.33 5917.38 5942.98 5966.06 6284.61 6302.55 6317.74 6330.15 6339.75 6346.53 6350.50 6351.67 6350.07 6345.73 6338.69 6329.01 6316.74 6301.94 6284.69 6265.06 6243.12 6218.97 6192.69 6164.38 6134.15 6102.08 6068.31 6032.93 5996.08 5957.87 5918.44 5877.93 5836.47 5794.21 5751.29 5707.86 5664.08 5620.09 5576.03 5532.06 5488.32 5444.93 5402.02 5359.71 5318.10 5277.29 5237.36 5198.38 5160.41 5123.48 5087.64 5052.90 5019.26 4986.73 4955.28 4924.89 4895.53 4867.15 4839.69 4813.10 4787.29 4762.20 4737.74 4713.83 4690.36 4667.25 4424.86 4402.35 4379.92 4357.47 3904.12 3453.47 3433.33 2987.84 2121.74 0.00 0.00 0.00 
0.00 0.00 0.00 2843.34 3440.16 4626.83 4949.43 5272.55 5889.73 5917.78 5943.37 5966.44 6284.99 6302.92 6318.11 6330.51 6340.10 6346.87 6350.83 6351.99 6350.38 6346.03 6338.99 6329.31 6317.04 6302.24 6284.99 6265.36 6243.42 6219.27 6193.00 6164.70 6134.47 6102.41 6068.64 6033.27 5996.43 5958.23 5918.81 5878.30 5836.85 5794.60 5751.69 5708.27 5664.50 5620.51 5576.46 5532.50 5488.76 5445.38 5402.47 5360.17 5318.56 5277.76 5237.83 5198.85 5160.88 5123.95 5088.11 5053.36 5019.73 4987.19 4955.74 4925.35 4895.99 4867.60 4840.14 4813.54 4787.73 4762.63 4738.16 4714.23 4690.74 4667.61 4425.19 4402.66 4380.20 4357.72 3904.34 3453.65 3433.50 2987.97 2121.84 0.00 0.00 0.00 
0.00 0.00 0.00 2844.67 3441.02 4626.89 4657.73 5272.34 5889.17 5917.15 5942.55 5965.42 5985.66 6003.07 6017.71 6029.59 6038.76 6045.22 6049.00 6050.10 6048.56 6044.42 6037.72 6028.50 6016.81 6002.72 5986.30 5967.61 5946.73 5923.74 5898.73 5871.79 5843.01 5812.50 5780.35 5746.68 5711.61 5675.25 5637.72 5599.17 5559.71 5519.49 5478.64 5437.31 5395.64 5353.77 5311.84 5269.99 5228.35 5187.05 5146.20 5105.93 5066.32 5027.46 4989.45 4952.33 4916.17 4881.01 4846.87 4813.78 4781.75 4750.76 4720.80 4691.85 4663.88 4636.83 4610.67 4585.32 4560.71 4536.77 4513.40 4490.50 4467.92 4445.51 4423.11 4400.77 4378.47 4356.09 3902.91 3452.37 3432.54 2560.72 2121.97 0.00 0.00 0.00 
0.00 0.00 0.00 2275.74 3442.57 4047.12 4657.29 5271.38 5300.09 5915.67 5940.56 5963.15 5983.11 6000.36 6014.91 6026.74 6035.88 6042.32 6046.07 6047.16 6045.61 6041.44 6034.71 6025.45 6013.73 5999.60 5983.13 5964.39 5943.45 5920.40 5895.33 5868.31 5839.46 5808.86 5776.63 5742.87 5707.70 5671.24 5633.61 5594.95 5555.38 5515.05 5474.09 5432.65 5390.87 5348.89 5306.85 5264.89 5223.16 5181.76 5140.83 5100.47 5060.79 5021.88 4983.81 4946.66 4910.46 4875.28 4841.13 4808.04 4776.01 4745.04 4715.11 4686.19 4658.26 4631.27 4605.16 4579.88 4555.35 4531.51 4508.25 4485.48 4463.07 4440.90 4418.82 4396.77 4374.88 3921.24 3899.93 3449.80 3002.81 2559.68 1697.12 0.00 0.00 0.00 
0.00 0.00 0.00 2279.57 3443.66 4046.65 4656.21 5269.72 5297.55 5912.86 5937.19 5959.67 5979.31 5996.33 6010.73 6022.48 6031.57 6037.98 6041.71 6042.77 6041.19 6037.00 6030.23 6020.93 6009.16 5994.97 5978.43 5959.61 5938.59 5915.45 5890.27 5863.15 5834.18 5803.46 5771.10 5737.21 5701.90 5665.29 5627.52 5588.70 5548.97 5508.47 5467.35 5425.74 5383.79 5341.64 5299.45 5257.34 5215.46 5173.92 5132.87 5092.40 5052.61 5013.61 4975.47 4938.25 4902.01 4866.80 4832.64 4799.54 4767.52 4736.57 4706.68 4677.81 4649.94 4623.02 4597.00 4571.83 4547.42 4523.72 4500.63 4478.07 4455.94 4434.11 4412.43 4390.57 4369.28 3915.93 3895.45 3445.95 2999.76 2558.05 1698.28 0.00 0.00 0.00 
0.00 0.00 0.00 1141.69 2869.18 3467.55 4072.94 4682.51 5294.56 5319.42 5342.09 5955.28 5974.24 5990.94 6005.17 6016.83 6025.87 6032.25 6035.95 6037.00 6035.39 6031.16 6024.34 6014.99 6003.15 5988.88 5972.25 5953.33 5932.20 5908.94 5883.64 5856.38 5827.26 5796.38 5763.86 5729.79 5694.29 5657.49 5619.51 5580.49 5540.55 5499.83 5458.49 5416.66 5374.49 5332.13 5289.73 5247.42 5205.34 5163.63 5122.40 5081.78 5041.86 5002.74 4964.50 4927.21 4890.91 4855.65 4821.47 4788.37 4756.36 4725.45 4695.60 4666.80 4639.01 4612.19 4586.28 4561.24 4536.99 4513.48 4490.61 4468.33 4446.54 4425.20 4404.31 3949.00 3929.14 3909.33 3459.60 3012.46 2568.67 2129.72 850.06 0.00 0.00 0.00 
0.00 0.00 0.00 0.00 2296.80 3468.09 4071.64 4679.77 4703.05 5314.94 5336.36 5356.19 5373.92 5389.09 5401.87 5412.32 5420.40 5426.10 5429.41 5430.33 5428.86 5425.02 5418.86 5410.41 5399.72 5386.83 5371.82 5354.74 5335.67 5314.67 5291.83 5267.22 5240.94 5213.07 5183.71 5152.95 5120.91 5087.69 5053.41 5018.18 4982.12 4945.37 4908.05 4870.29 4832.23 4793.99 4755.72 4717.54 4679.57 4641.93 4604.74 4568.10 4532.11 4496.84 4462.37 4428.76 4396.06 4364.31 4333.53 4303.74 4274.94 4247.13 4220.29 4194.40 4169.43 4145.35 4122.10 4099.63 4077.90 4056.85 4036.39 4016.46 3996.94 3977.64 3958.24 3939.12 3920.50 3469.96 3452.89 3007.14 2565.22 1703.68 0.00 0.00 0.00 0.00 
0.00 0.00 0.00 0.00 0.00 2312.83 3488.88 4092.24 4111.95 4720.69 4739.59 4757.42 5070.55 5084.42 5096.27 5106.02 5113.59 5118.95 5122.05 5122.89 5121.48 5117.82 5111.96 5103.92 5093.75 5081.51 5067.24 5051.01 5032.88 5012.93 4991.23 4967.85 4942.88 4916.40 4888.50 4859.28 4828.84 4797.27 4764.69 4731.21 4696.95 4662.02 4626.55 4590.67 4554.50 4518.17 4481.81 4445.54 4409.49 4373.76 4338.47 4303.71 4269.58 4236.15 4203.50 4171.67 4140.73 4110.70 4081.61 4053.47 4026.28 4000.05 3974.75 3950.36 3926.86 3904.21 3882.36 3861.28 3840.92 3821.22 3802.14 3783.62 3765.59 3748.00 3512.04 3494.86 3478.44 3030.39 3015.90 2573.23 1708.12 426.60 0.00 0.00 0.00 0.00 
0.00 0.00 0.00 0.00 0.00 1159.30 2324.77 3505.79 3521.28 4126.51 4142.40 4750.65 4765.55 4778.46 4789.52 4798.65 4805.78 4810.83 4813.77 4814.56 4813.21 4809.74 4804.18 4796.55 4786.90 4775.28 4761.75 4746.36 4729.17 4710.24 4689.66 4667.49 4643.81 4618.70 4592.24 4564.52 4535.64 4505.70 4474.79 4443.03 4410.52 4377.38 4343.73 4309.69 4275.38 4240.92 4206.44 4172.06 4137.89 4104.04 4070.62 4037.72 4005.43 3973.83 3942.98 3912.93 3883.74 3855.43 3828.02 3801.54 3775.97 3751.32 3727.57 3704.69 3682.67 3661.46 3641.03 3621.34 3602.35 3584.01 3566.30 3549.18 3532.60 3516.45 3500.40 3050.16 3036.45 2591.27 2580.02 1712.43 855.14 0.00 0.00 0.00 0.00 0.00 
0.00 0.00 0.00 0.00 0.00 0.00 582.59 2337.18 2932.03 3533.18 3545.49 3557.96 4164.23 4175.07 4184.61 4192.58 4198.84 4203.29 4205.88 4206.58 4205.39 4202.33 4197.41 4190.68 4182.17 4171.93 4159.99 4146.41 4131.26 4114.57 4096.42 4076.87 4055.99 4033.85 4010.52 3986.08 3960.61 3934.20 3906.94 3878.92 3850.25 3821.01 3791.33 3761.30 3731.03 3700.65 3670.24 3639.93 3609.82 3580.00 3550.57 3521.62 3493.22 3465.44 3438.34 3411.97 3386.36 3361.55 3337.55 3314.37 3292.02 3270.49 3249.76 3229.81 3210.62 3192.16 3174.40 3157.30 3140.82 3124.95 3109.66 3094.95 3080.87 3067.53 2617.80 2606.21 2595.86 2154.23 1718.29 0.00 0.00 0.00 0.00 0.00 0.00 0.00 
0.00 0.00 0.00 0.00 0.00 0.00 0.00 0.00 1174.62 2354.60 2360.06 2960.43 2969.31 2977.22 2984.14 2989.92 2994.46 2997.69 2999.57 3000.08 2999.23 2997.02 2993.48 2988.63 2982.50 2975.12 2966.52 2956.74 2945.83 2933.82 2920.75 2906.67 2891.64 2875.69 2858.89 2841.29 2822.95 2803.93 2784.29 2764.11 2743.45 2722.39 2701.00 2679.36 2657.56 2635.67 2613.77 2591.95 2570.28 2548.82 2527.66 2506.85 2486.46 2466.52 2447.08 2428.18 2409.84 2392.09 2374.93 2358.38 2342.43 2327.07 2312.31 2298.11 2284.47 2271.36 2258.75 2246.62 2234.95 2223.72 2212.91 2202.54 2192.62 2183.20 2174.09 1731.94 1727.93 862.51 0.00 0.00 0.00 0.00 0.00 0.00 0.00 0.00 
0.00 0.00 0.00 0.00 0.00 0.00 0.00 0.00 0.00 0.00 0.00 0.00 595.96 596.87 597.96 598.97 599.81 600.42 600.77 600.86 600.69 600.25 599.54 598.58 597.36 595.90 594.19 592.25 590.08 587.70 585.10 582.31 579.32 576.16 572.82 569.33 565.69 561.91 558.02 554.01 549.91 545.73 541.49 537.20 532.87 528.53 524.18 519.85 515.54 511.28 507.08 502.94 498.88 494.91 491.03 487.26 483.60 480.06 476.63 473.31 470.12 467.04 464.08 461.23 458.50 455.86 453.33 450.89 448.56 446.32 444.20 442.22 440.49 439.25 0.00 0.00 0.00 0.00 0.00 0.00 0.00 0.00 0.00 0.00 0.00 0.00 
0.00 0.00 0.00 0.00 0.00 0.00 0.00 0.00 0.00 0.00 0.00 0.00 0.00 0.00 0.00 0.00 0.00 0.00 0.00 0.00 0.00 0.00 0.00 0.00 0.00 0.00 0.00 0.00 0.00 0.00 0.00 0.00 0.00 0.00 0.00 0.00 0.00 0.00 0.00 0.00 0.00 0.00 0.00 0.00 0.00 0.00 0.00 0.00 0.00 0.00 0.00 0.00 0.00 0.00 0.00 0.00 0.00 0.00 0.00 0.00 0.00 0.00 0.00 0.00 0.00 0.00 0.00 0.00 0.00 0.00 0.00 0.00 0.00 0.00 0.00 0.00 0.00 0.00 0.00 0.00 0.00 0.00 0.00 0.00 0.00 0.00 
0.00 0.00 0.00 0.00 0.00 0.00 0.00 0.00 0.00 0.00 0.00 0.00 0.00 0.00 0.00 0.00 0.00 0.00 0.00 0.00 0.00 0.00 0.00 0.00 0.00 0.00 0.00 0.00 0.00 0.00 0.00 0.00 0.00 0.00 0.00 0.00 0.00 0.00 0.00 0.00 0.00 0.00 0.00 0.00 0.00 0.00 0.00 0.00 0.00 0.00 0.00 0.00 0.00 0.00 0.00 0.00 0.00 0.00 0.00 0.00 0.00 0.00 0.00 0.00 0.00 0.00 0.00 0.00 0.00 0.00 0.00 0.00 0.00 0.00 0.00 0.00 0.00 0.00 0.00 0.00 0.00 0.00 0.00 0.00 0.00 0.00 
0.00 0.00 0.00 0.00 0.00 0.00 0.00 0.00 0.00 0.00 0.00 0.00 0.00 0.00 0.00 0.00 0.00 0.00 0.00 0.00 0.00 0.00 0.00 0.00 0.00 0.00 0.00 0.00 0.00 0.00 0.00 0.00 0.00 0.00 0.00 0.00 0.00 0.00 0.00 0.00 0.00 0.00 0.00 0.00 0.00 0.00 0.00 0.00 0.00 0.00 0.00 0.00 0.00 0.00 0.00 0.00 0.00 0.00 0.00 0.00 0.00 0.00 0.00 0.00 0.00 0.00 0.00 0.00 0.00 0.00 0.00 0.00 0.00 0.00 0.00 0.00 0.00 0.00 0.00 0.00 0.00 0.00 0.00 0.00 0.00 0.00 
