0.00 0.00 0.00 0.00 0.00 0.00 0.00 0.00 0.00 0.00 0.00 0.00 0.00 0.00 0.00 0.00 0.00 0.00 0.00 0.00 0.00 0.00 0.00 0.00 0.00 0.00 0.00 0.00 0.00 0.00 0.00 0.00 0.00 0.00 0.00 0.00 0.00 0.00 0.00 0.00 0.00 0.00 0.00 0.00 0.00 0.00 0.00 0.00 0.00 0.00 0.00 0.00 0.00 0.00 0.00 0.00 0.00 0.00 0.00 0.00 0.00 0.00 0.00 0.00 0.00 0.00 0.00 0.00 0.00 0.00 0.00 0.00 0.00 0.00 0.00 0.00 0.00 0.00 0.00 0.00 0.00 0.00 0.00 0.00 0.00 0.00 
0.00 0.00 0.00 0.00 0.00 0.00 0.00 0.00 0.00 0.00 0.00 0.00 0.00 0.00 0.00 0.00 0.00 0.00 0.00 0.00 0.00 0.00 0.00 0.00 0.00 0.00 0.00 0.00 0.00 0.00 0.00 0.00 0.00 0.00 0.00 0.00 0.00 0.00 0.00 0.00 0.00 0.00 0.00 0.00 0.00 0.00 0.00 0.00 0.00 0.00 0.00 0.00 0.00 0.00 0.00 0.00 0.00 0.00 0.00 0.00 0.00 0.00 0.00 0.00 0.00 0.00 0.00 0.00 0.00 0.00 0.00 0.00 0.00 0.00 0.00 0.00 0.00 0.00 0.00 0.00 0.00 0.00 0.00 0.00 0.00 0.00 
0.00 0.00 0.00 0.00 0.00 0.00 0.00 0.00 0.00 0.00 0.00 0.00 0.00 0.00 0.00 0.00 0.00 0.00 0.00 0.00 0.00 0.00 0.00 0.00 0.00 0.00 0.00 0.00 0.00 0.00 0.00 0.00 0.00 0.00 0.00 0.00 0.00 0.00 0.00 0.00 0.00 0.00 0.00 0.00 0.00 0.00 0.00 0.00 0.00 0.00 0.00 0.00 0.00 0.00 0.00 0.00 0.00 0.00 0.00 0.00 0.00 0.00 0.00 0.00 0.00 0.00 0.00 0.00 0.00 0.00 0.00 0.00 0.00 0.00 0.00 0.00 0.00 0.00 0.00 0.00 0.00 0.00 0.00 0.00 0.00 0.00 
0.00 0.00 0.00 0.00 0.00 0.00 0.00 0.00 780.61 1565.68 1571.44 1977.33 1989.94 2004.70 2020.94 2038.40 2057.00 2076.73 2097.59 2119.59 2142.75 2167.06 2192.50 2219.04 2246.61 2275.15 2304.54 2334.67 2365.41 2396.63 2428.18 2459.94 2491.76 2523.53 2555.12 2586.45 2617.42 2647.95 2677.97 2707.41 2736.22 2764.36 2791.77 2818.43 2844.29 2869.33 2893.52 2916.83 2939.25 2960.75 2981.31 3000.93 3019.57 3037.23 3053.90 3069.55 3084.17 3097.76 3110.30 3121.77 3132.16 3141.46 3149.67 3156.76 3162.73 3167.56 3171.25 3173.80 3175.21 3175.48 3174.64 3172.73 3169.86 3166.22 3162.24 2525.66 2523.08 1260.32 0.00 0.00 0.00 0.00 0.00 0.00 0.00 0.00 
0.00 0.00 0.00 0.00 0.00 0.00 0.00 1552.22 1948.98 2353.57 2367.92 2384.22 2401.44 2420.02 2439.91 2461.11 2483.59 2507.37 2532.45 2558.87 2586.62 2615.70 2646.08 2677.72 2710.54 2744.46 2779.36 2815.11 2851.57 2888.58 2925.99 2963.65 3001.39 3039.08 3076.60 3113.81 3150.62 3186.93 3222.64 3257.69 3292.01 3325.53 3358.21 3389.99 3420.84 3450.72 3479.59 3507.42 3534.19 3559.86 3584.43 3607.86 3630.13 3651.23 3671.14 3689.84 3707.32 3723.55 3738.53 3752.24 3764.66 3775.78 3785.58 3794.06 3801.20 3806.99 3811.42 3814.50 3816.21 3816.58 3815.63 3813.40 3809.97 3805.44 3799.95 3793.50 3786.70 3148.58 2514.24 0.00 0.00 0.00 0.00 0.00 0.00 0.00 
0.00 0.00 0.00 0.00 0.00 770.58 1544.20 2331.48 2346.47 2756.01 2775.07 3192.81 3216.09 3241.21 3268.00 3296.45 3326.56 3358.36 3391.87 3427.10 3464.06 3502.74 3543.10 3585.07 3628.58 3673.49 3719.67 3766.95 3815.14 3864.05 3913.49 3963.25 4013.14 4062.98 4112.59 4161.84 4210.56 4258.63 4305.95 4352.40 4397.89 4442.35 4485.70 4527.88 4568.82 4608.49 4646.82 4683.78 4719.34 4753.45 4786.08 4817.21 4846.81 4874.85 4901.31 4926.17 4949.39 4970.97 4990.88 5009.10 5025.61 5040.39 5053.43 5064.70 5074.20 5081.91 5087.83 5091.94 5094.26 5094.80 5093.59 5090.69 5086.17 5080.14 5072.81 4431.48 4422.44 3781.61 3772.05 2506.63 1251.53 0.00 0.00 0.00 0.00 0.00 
0.00 0.00 0.00 0.00 0.00 1538.47 2322.06 2727.37 2746.75 3160.41 3183.42 3208.09 3433.60 3460.81 3489.69 3520.23 3552.45 3586.40 3622.09 3659.55 3698.78 3739.76 3782.47 3826.83 3872.75 3920.11 3968.76 4018.53 4069.25 4120.71 4172.72 4225.07 4277.57 4330.03 4382.27 4434.14 4485.49 4536.17 4586.08 4635.09 4683.11 4730.06 4775.85 4820.41 4863.69 4905.62 4946.16 4985.25 5022.86 5058.95 5093.48 5126.43 5157.75 5187.43 5215.44 5241.75 5266.34 5289.18 5310.26 5329.55 5347.03 5362.68 5376.49 5388.44 5398.50 5406.68 5412.96 5417.35 5419.83 5420.44 5419.19 5416.12 5411.31 5404.82 5079.70 5069.98 5059.13 4416.06 4403.86 3763.01 2500.29 624.13 0.00 0.00 0.00 0.00 
0.00 0.00 0.00 0.00 1531.67 2311.13 2715.28 3124.84 3147.80 3565.12 3591.43 3619.21 3648.21 3678.06 3709.22 3741.93 3776.30 3812.40 3850.28 3889.97 3931.48 3974.79 4019.86 4066.63 4115.00 4164.85 4216.02 4268.35 4321.66 4375.74 4430.38 4485.39 4540.56 4595.70 4650.63 4705.18 4759.20 4812.54 4865.07 4916.68 4967.26 5016.73 5064.99 5111.96 5157.60 5201.82 5244.57 5285.82 5325.50 5363.58 5400.03 5434.80 5467.86 5499.19 5528.76 5556.54 5582.50 5606.61 5628.87 5649.23 5667.69 5684.22 5698.80 5711.42 5722.06 5730.70 5737.35 5741.99 5744.63 5745.27 5743.94 5740.66 5735.45 5728.32 5719.20 5708.34 5696.01 5050.99 5036.65 4392.96 3752.05 2493.00 0.00 0.00 0.00 0.00 
0.00 0.00 0.00 763.75 1915.49 2315.41 2721.91 3133.30 3548.87 3576.21 3604.33 4030.46 4061.89 4095.00 4129.79 4166.32 4204.65 4244.87 4287.02 4331.14 4377.25 4425.32 4475.33 4527.18 4580.78 4636.00 4692.68 4750.62 4809.62 4869.47 4929.95 4990.83 5051.89 5112.92 5173.73 5234.12 5293.93 5353.00 5411.18 5468.36 5524.40 5579.22 5632.70 5684.77 5735.35 5784.38 5831.79 5877.52 5921.53 5963.76 6004.18 6042.75 6079.43 6114.18 6146.98 6177.79 6206.59 6233.35 6258.04 6280.63 6301.11 6319.45 6335.63 6349.64 6361.44 6371.04 6378.42 6383.57 6386.50 6387.21 6385.73 6382.07 6376.29 6368.47 6358.70 5714.17 5701.01 5686.10 5040.29 4395.56 3753.16 3115.11 1242.73 0.00 0.00 0.00 
0.00 0.00 0.00 1525.61 2301.89 2705.36 3115.08 3529.75 3557.39 3978.92 4009.23 4041.21 4073.87 4107.72 4143.00 4179.88 4218.46 4258.84 4301.09 4345.25 4391.33 4439.33 4489.20 4540.88 4594.26 4649.21 4705.57 4763.18 4821.82 4881.30 4941.39 5001.89 5062.57 5123.23 5183.67 5243.72 5303.21 5361.97 5419.87 5476.77 5532.57 5587.15 5640.42 5692.30 5742.70 5791.56 5838.81 5884.40 5928.27 5970.39 6010.69 6049.15 6085.74 6120.40 6153.11 6183.85 6212.57 6239.27 6263.90 6286.44 6306.87 6325.17 6341.32 6355.29 6367.08 6376.66 6384.03 6389.18 6392.10 6392.81 6391.30 6387.60 6381.73 6373.71 6363.54 6351.14 6337.06 5689.84 5672.68 5025.53 4380.50 3739.34 2483.04 0.00 0.00 0.00 
0.00 0.00 0.00 1524.39 2304.08 2709.35 3120.13 3535.66 3564.41 3986.40 4017.57 4049.90 4083.19 4117.57 4153.24 4190.40 4229.18 4269.70 4312.03 4356.22 4402.29 4450.23 4500.00 4551.54 4604.75 4659.50 4715.63 4772.98 4831.35 4890.54 4950.34 5010.53 5070.92 5131.29 5191.45 5251.24 5310.47 5368.99 5426.66 5483.36 5538.96 5593.36 5646.47 5698.18 5748.44 5797.17 5844.30 5889.78 5933.55 5975.56 6015.78 6054.16 6090.66 6125.26 6157.91 6188.58 6217.25 6243.89 6268.48 6290.98 6311.37 6329.64 6345.76 6359.71 6371.48 6381.05 6388.42 6393.56 6396.48 6397.17 6395.65 6391.90 6385.94 6377.78 6367.41 6354.90 6340.43 5692.98 5675.19 5027.53 4381.96 3739.61 2480.95 0.00 0.00 0.00 
0.00 0.00 0.00 1906.41 2305.44 3098.01 3123.70 3539.81 3960.34 3991.40 4023.23 4056.02 4089.82 4124.57 4160.50 4197.84 4236.76 4277.37 4319.76 4363.97 4410.03 4457.94 4507.65 4559.09 4612.18 4666.79 4722.76 4779.93 4838.10 4897.09 4956.68 5016.67 5076.84 5137.01 5196.98 5256.57 5315.62 5373.98 5431.49 5488.04 5543.50 5597.77 5650.76 5702.36 5752.52 5801.15 5848.20 5893.59 5937.29 5979.24 6019.39 6057.71 6094.16 6128.70 6161.31 6191.94 6220.57 6247.17 6271.73 6294.20 6314.57 6332.81 6348.92 6362.85 6374.61 6384.17 6391.53 6396.67 6399.59 6400.27 6398.73 6394.96 6388.94 6380.67 6370.13 6357.44 6342.68 6325.85 5676.95 5028.85 5009.23 3739.69 3101.78 0.00 0.00 0.00 
0.00 0.00 0.00 1906.47 2306.26 3099.65 3319.66 3542.07 3962.95 3994.19 4026.31 4059.43 4295.34 4331.25 4368.69 4407.75 4448.55 4491.16 4535.65 4582.07 4630.44 4680.74 4732.95 4786.98 4842.73 4900.07 4958.86 5018.89 5079.99 5141.94 5204.51 5267.51 5330.70 5393.87 5456.85 5519.42 5581.42 5642.69 5703.08 5762.46 5820.69 5877.67 5933.30 5987.49 6040.15 6091.21 6140.61 6188.27 6234.15 6278.20 6320.36 6360.59 6398.87 6435.13 6469.37 6501.53 6531.59 6559.53 6585.31 6608.91 6630.30 6649.46 6666.36 6681.00 6693.35 6703.40 6711.12 6716.52 6719.59 6720.33 6718.73 6714.81 6708.57 6700.05 6371.67 6358.86 6343.98 6327.09 5677.97 5029.68 5009.76 4364.60 3101.47 0.00 0.00 0.00 
0.00 0.00 0.00 1906.60 2306.42 3099.87 3319.91 3542.35 3963.28 3994.56 4026.71 4059.87 4295.80 4331.74 4369.20 4408.28 4449.09 4491.70 4536.20 4582.62 4630.99 4681.30 4733.50 4787.52 4843.27 4900.61 4959.39 5019.41 5080.50 5142.43 5205.00 5267.98 5331.15 5394.32 5457.28 5519.84 5581.83 5643.08 5703.46 5762.82 5821.05 5878.02 5933.64 5987.82 6040.47 6091.53 6140.91 6188.57 6234.44 6278.48 6320.64 6360.87 6399.14 6435.40 6469.63 6501.79 6531.85 6559.78 6585.56 6609.16 6630.54 6649.70 6666.61 6681.25 6693.60 6703.65 6711.38 6716.78 6719.85 6720.58 6718.99 6715.07 6708.83 6700.30 6371.92 6359.11 6344.23 6327.34 5678.21 5029.90 5009.99 4364.81 3101.66 0.00 0.00 0.00 
0.00 0.00 0.00 1906.80 2305.93 3098.66 3124.42 3540.67 3961.34 3992.50 4024.43 4057.32 4091.21 4126.04 4162.03 4199.42 4238.37 4279.01 4321.41 4365.63 4411.69 4459.60 4509.30 4560.73 4613.81 4668.39 4724.34 4781.48 4839.63 4898.58 4958.14 5018.08 5078.22 5138.35 5198.27 5257.83 5316.84 5375.15 5432.63 5489.14 5544.57 5598.81 5651.76 5703.34 5753.47 5802.08 5849.10 5894.48 5938.16 5980.09 6020.23 6058.53 6094.97 6129.50 6162.09 6192.71 6221.33 6247.93 6272.48 6294.94 6315.31 6333.55 6349.66 6363.59 6375.36 6384.92 6392.28 6397.43 6400.35 6401.05 6399.51 6395.74 6389.72 6381.44 6370.90 6358.20 6343.43 6326.60 5677.66 5029.52 5009.92 3740.29 3102.33 0.00 0.00 0.00 
0.00 0.00 0.00 1524.93 2304.89 2710.34 3121.33 3537.09 3565.97 3988.25 4019.59 4052.08 4085.53 4120.04 4155.82 4193.06 4231.89 4272.45 4314.80 4359.00 4405.07 4453.01 4502.77 4554.29 4607.48 4662.19 4718.28 4775.59 4833.90 4893.04 4952.77 5012.90 5073.22 5133.52 5193.62 5253.33 5312.49 5370.95 5428.56 5485.20 5540.75 5595.09 5648.15 5699.82 5750.04 5798.72 5845.81 5891.26 5935.00 5976.98 6017.17 6055.53 6092.01 6126.58 6159.21 6189.87 6218.53 6245.16 6269.73 6292.22 6312.61 6330.88 6347.00 6360.95 6372.73 6382.30 6389.67 6394.83 6397.76 6398.47 6396.95 6393.21 6387.25 6379.07 6368.69 6356.16 6341.68 5694.15 5676.37 5028.64 4383.00 3740.60 2481.70 0.00 0.00 0.00 
0.00 0.00 0.00 1526.31 2303.00 2706.73 3116.74 3531.75 3559.58 3981.50 4012.05 4044.30 4077.20 4111.24 4146.67 4183.65 4222.30 4262.73 4305.00 4349.17 4395.26 4443.25 4493.10 4544.75 4598.10 4653.00 4709.31 4766.85 4825.42 4884.81 4944.82 5005.22 5065.80 5126.36 5186.71 5246.66 5306.05 5364.72 5422.53 5479.36 5535.07 5589.58 5642.78 5694.59 5744.93 5793.73 5840.93 5886.47 5930.31 5972.38 6012.65 6051.08 6087.62 6122.26 6154.95 6185.66 6214.37 6241.04 6265.66 6288.19 6308.61 6326.91 6343.05 6357.03 6368.82 6378.41 6385.80 6390.96 6393.91 6394.63 6393.14 6389.45 6383.57 6375.53 6365.33 6352.90 6338.79 5691.46 5674.30 5027.05 4381.92 3740.66 2483.99 0.00 0.00 0.00 
0.00 0.00 0.00 764.19 1916.69 2316.97 2723.85 3135.65 3551.68 3579.32 3607.77 4034.50 4066.26 4099.64 4134.61 4171.25 4209.66 4249.93 4292.10 4336.24 4382.34 4430.41 4480.39 4532.21 4585.76 4640.92 4697.52 4755.37 4814.27 4874.02 4934.38 4995.13 5056.06 5116.97 5177.64 5237.91 5297.60 5356.55 5414.62 5471.69 5527.63 5582.34 5635.74 5687.73 5738.23 5787.19 5834.53 5880.20 5924.15 5966.33 6006.70 6045.23 6081.87 6116.58 6149.35 6180.13 6208.90 6235.64 6260.31 6282.89 6303.35 6321.69 6337.87 6351.87 6363.69 6373.30 6380.70 6385.87 6388.83 6389.57 6388.11 6384.47 6378.69 6370.83 6361.02 5716.29 5703.09 5688.15 5042.18 4397.29 3754.74 3116.50 1243.29 0.00 0.00 0.00 
0.00 0.00 0.00 0.00 1532.85 2313.03 2717.66 3127.69 3150.92 3568.93 3595.68 3623.96 3653.44 3683.61 3714.96 3747.79 3782.22 3818.36 3856.26 3895.95 3937.45 3980.74 4025.79 4072.51 4120.82 4170.59 4221.68 4273.91 4327.09 4381.04 4435.54 4490.40 4545.42 4600.41 4655.18 4709.58 4763.45 4816.65 4869.05 4920.54 4971.00 5020.35 5068.51 5115.39 5160.93 5205.07 5247.75 5288.92 5328.54 5366.56 5402.95 5437.67 5470.69 5501.98 5531.51 5559.25 5585.18 5609.27 5631.50 5651.85 5670.29 5686.81 5701.39 5714.01 5724.66 5733.32 5739.99 5744.66 5747.34 5748.02 5746.73 5743.47 5738.27 5731.10 5721.88 5710.93 5698.53 5053.25 5038.90 4395.00 3753.87 2494.29 0.00 0.00 0.00 0.00 
0.00 0.00 0.00 0.00 0.00 1540.17 2324.60 2730.38 2750.03 3164.54 3188.11 3213.49 3439.94 3467.51 3496.56 3527.18 3559.43 3593.39 3629.09 3666.54 3705.76 3746.73 3789.40 3833.70 3879.55 3926.82 3975.36 4025.01 4075.58 4126.88 4178.72 4230.89 4283.21 4335.48 4387.55 4439.24 4490.41 4540.93 4590.68 4639.55 4687.43 4734.25 4779.92 4824.37 4867.55 4909.38 4949.83 4988.84 5026.38 5062.40 5096.87 5129.75 5161.03 5190.66 5218.62 5244.89 5269.45 5292.26 5313.31 5332.58 5350.04 5365.68 5379.49 5391.44 5401.51 5409.71 5416.03 5420.45 5422.98 5423.64 5422.45 5419.44 5414.64 5408.10 5082.69 5072.80 5061.83 4418.41 4406.18 3765.05 2501.73 624.49 0.00 0.00 0.00 0.00 
0.00 0.00 0.00 0.00 0.00 771.75 1546.53 2334.46 2349.70 2760.24 2779.95 3199.31 3223.82 3249.24 3276.08 3304.51 3334.61 3366.39 3399.88 3435.11 3472.05 3510.70 3551.02 3592.94 3636.36 3681.17 3727.21 3774.34 3822.36 3871.08 3920.32 3969.86 4019.54 4069.16 4118.57 4167.61 4216.13 4264.02 4311.15 4357.44 4402.78 4447.09 4490.30 4532.35 4573.18 4612.74 4650.97 4687.84 4723.31 4757.35 4789.91 4820.98 4850.52 4878.50 4904.91 4929.72 4952.91 4974.45 4994.33 5012.52 5029.01 5043.78 5056.81 5068.09 5077.60 5085.33 5091.28 5095.45 5097.83 5098.45 5097.33 5094.52 5090.07 5084.03 5076.34 4434.39 4425.20 3783.93 3774.32 2508.18 1252.31 0.00 0.00 0.00 0.00 0.00 
0.00 0.00 0.00 0.00 0.00 0.00 387.59 1554.19 1951.90 2357.63 2372.67 2390.00 2809.36 2830.45 2853.34 2877.87 2903.98 2931.64 2960.87 2991.67 3024.03 3057.94 3093.36 3130.24 3168.48 3207.98 3248.60 3290.20 3332.61 3375.64 3419.13 3462.89 3506.75 3550.55 3594.15 3637.40 3680.18 3722.38 3763.90 3804.66 3844.57 3883.56 3921.57 3958.55 3994.45 4029.22 4062.82 4095.21 4126.37 4156.27 4184.87 4212.15 4238.09 4262.66 4285.85 4307.63 4327.99 4346.90 4364.36 4380.33 4394.80 4407.77 4419.21 4429.10 4437.45 4444.23 4449.44 4453.08 4455.15 4455.68 4454.69 4452.24 4448.43 4443.39 3803.09 3796.33 3789.36 3150.73 2515.93 0.00 0.00 0.00 0.00 0.00 0.00 0.00 
0.00 0.00 0.00 0.00 0.00 0.00 0.00 0.00 781.96 1568.68 1574.92 1982.59 1996.69 2011.66 2027.84 2045.21 2063.74 2083.42 2104.26 2126.25 2149.39 2173.69 2199.10 2225.59 2253.10 2281.55 2310.83 2340.83 2371.42 2402.48 2433.86 2465.43 2497.06 2528.64 2560.06 2591.21 2622.02 2652.38 2682.25 2711.55 2740.24 2768.25 2795.55 2822.11 2847.87 2872.82 2896.93 2920.17 2942.52 2963.96 2984.47 3004.03 3022.62 3040.24 3056.86 3072.48 3087.07 3100.63 3113.13 3124.58 3134.96 3144.25 3152.45 3159.54 3165.52 3170.37 3174.09 3176.68 3178.15 3178.50 3177.75 3175.96 3173.19 3169.55 3165.09 2527.76 2525.03 1261.27 0.00 0.00 0.00 0.00 0.00 0.00 0.00 0.00 
0.00 0.00 0.00 0.00 0.00 0.00 0.00 0.00 0.00 0.00 0.00 0.00 403.01 404.99 407.82 411.13 414.77 418.67 422.83 427.22 431.84 436.68 441.75 447.02 452.48 458.13 463.94 469.88 475.94 482.09 488.31 494.56 500.83 507.09 513.32 519.50 525.62 531.65 537.58 543.41 549.11 554.69 560.12 565.40 570.53 575.50 580.31 584.94 589.39 593.66 597.75 601.65 605.36 608.87 612.18 615.29 618.20 620.91 623.40 625.68 627.75 629.60 631.24 632.65 633.85 634.82 635.56 636.08 636.39 636.48 636.36 636.07 635.66 635.26 0.00 0.00 0.00 0.00 0.00 0.00 0.00 0.00 0.00 0.00 0.00 0.00 
0.00 0.00 0.00 0.00 0.00 0.00 0.00 0.00 0.00 0.00 0.00 0.00 0.00 0.00 0.00 0.00 0.00 0.00 0.00 0.00 0.00 0.00 0.00 0.00 0.00 0.00 0.00 0.00 0.00 0.00 0.00 0.00 0.00 0.00 0.00 0.00 0.00 0.00 0.00 0.00 0.00 0.00 0.00 0.00 0.00 0.00 0.00 0.00 0.00 0.00 0.00 0.00 0.00 0.00 0.00 0.00 0.00 0.00 0.00 0.00 0.00 0.00 0.00 0.00 0.00 0.00 0.00 0.00 0.00 0.00 0.00 0.00 0.00 0.00 0.00 0.00 0.00 0.00 0.00 0.00 0.00 0.00 0.00 0.00 0.00 0.00 
0.00 0.00 0.00 0.00 0.00 0.00 0.00 0.00 0.00 0.00 0.00 0.00 0.00 0.00 0.00 0.00 0.00 0.00 0.00 0.00 0.00 0.00 0.00 0.00 0.00 0.00 0.00 0.00 0.00 0.00 0.00 0.00 0.00 0.00 0.00 0.00 0.00 0.00 0.00 0.00 0.00 0.00 0.00 0.00 0.00 0.00 0.00 0.00 0.00 0.00 0.00 0.00 0.00 0.00 0.00 0.00 0.00 0.00 0.00 0.00 0.00 0.00 0.00 0.00 0.00 0.00 0.00 0.00 0.00 0.00 0.00 0.00 0.00 0.00 0.00 0.00 0.00 0.00 0.00 0.00 0.00 0.00 0.00 0.00 0.00 0.00 
0.00 0.00 0.00 0.00 0.00 0.00 0.00 0.00 0.00 0.00 0.00 0.00 0.00 0.00 0.00 0.00 0.00 0.00 0.00 0.00 0.00 0.00 0.00 0.00 0.00 0.00 0.00 0.00 0.00 0.00 0.00 0.00 0.00 0.00 0.00 0.00 0.00 0.00 0.00 0.00 0.00 0.00 0.00 0.00 0.00 0.00 0.00 0.00 0.00 0.00 0.00 0.00 0.00 0.00 0.00 0.00 0.00 0.00 0.00 0.00 0.00 0.00 0.00 0.00 0.00 0.00 0.00 0.00 0.00 0.00 0.00 0.00 0.00 0.00 0.00 0.00 0.00 0.00 0.00 0.00 0.00 0.00 0.00 0.00 0.00 0.00 
