0.00 0.00 0.00 0.00 0.00 0.00 0.00 0.00 0.00 0.00 0.00 0.00 0.00 0.00 0.00 0.00 0.00 0.00 0.00 0.00 0.00 0.00 0.00 0.00 0.00 0.00 0.00 0.00 0.00 0.00 0.00 0.00 0.00 0.00 0.00 0.00 0.00 0.00 0.00 0.00 0.00 0.00 0.00 0.00 0.00 0.00 0.00 0.00 0.00 0.00 0.00 0.00 0.00 0.00 0.00 0.00 0.00 0.00 0.00 0.00 0.00 0.00 0.00 0.00 0.00 0.00 0.00 0.00 0.00 0.00 0.00 0.00 0.00 0.00 0.00 0.00 0.00 0.00 0.00 0.00 0.00 0.00 0.00 0.00 0.00 0.00 
0.00 0.00 0.00 0.00 0.00 0.00 0.00 0.00 0.00 0.00 0.00 0.00 0.00 0.00 0.00 0.00 0.00 0.00 0.00 0.00 0.00 0.00 0.00 0.00 0.00 0.00 0.00 0.00 0.00 0.00 0.00 0.00 0.00 0.00 0.00 0.00 0.00 0.00 0.00 0.00 0.00 0.00 0.00 0.00 0.00 0.00 0.00 0.00 0.00 0.00 0.00 0.00 0.00 0.00 0.00 0.00 0.00 0.00 0.00 0.00 0.00 0.00 0.00 0.00 0.00 0.00 0.00 0.00 0.00 0.00 0.00 0.00 0.00 0.00 0.00 0.00 0.00 0.00 0.00 0.00 0.00 0.00 0.00 0.00 0.00 0.00 
0.00 0.00 0.00 0.00 0.00 0.00 0.00 0.00 0.00 0.00 0.00 0.00 0.00 0.00 0.00 0.00 0.00 0.00 0.00 0.00 0.00 0.00 0.00 0.00 0.00 0.00 0.00 0.00 0.00 0.00 0.00 0.00 0.00 0.00 0.00 0.00 0.00 0.00 0.00 0.00 0.00 0.00 0.00 0.00 0.00 0.00 0.00 0.00 0.00 0.00 0.00 0.00 0.00 0.00 0.00 0.00 0.00 0.00 0.00 0.00 0.00 0.00 0.00 0.00 0.00 0.00 0.00 0.00 0.00 0.00 0.00 0.00 0.00 0.00 0.00 0.00 0.00 0.00 0.00 0.00 0.00 0.00 0.00 0.00 0.00 0.00 
0.00 0.00 0.00 0.00 0.00 0.00 0.00 0.00 1294.99 2591.86 2593.93 3246.70 3249.97 3252.94 3255.22 3256.63 3257.09 3256.57 3255.03 3252.47 3248.89 3244.28 3238.66 3232.02 3224.37 3215.71 3206.06 3195.42 3183.78 3171.17 3157.57 3143.01 3127.47 3110.97 3093.50 3075.07 3055.69 3035.36 3014.09 2991.87 2968.72 2944.64 2919.65 2893.74 2866.95 2839.27 2810.73 2781.35 2751.16 2720.19 2688.47 2656.04 2622.96 2589.29 2555.10 2520.46 2485.48 2450.26 2414.94 2379.65 2344.57 2309.85 2275.68 2242.24 2209.70 2178.23 2147.95 2118.98 2091.41 2065.29 2040.69 2017.67 1996.37 1977.11 1960.76 1555.19 1547.66 770.84 0.00 0.00 0.00 0.00 0.00 0.00 0.00 0.00 
0.00 0.00 0.00 0.00 0.00 0.00 0.00 2584.68 3235.69 3890.00 3895.79 3901.24 3905.83 3909.55 3912.28 3913.94 3914.45 3913.79 3911.92 3908.84 3904.54 3899.02 3892.28 3884.34 3875.18 3864.83 3853.28 3840.55 3826.63 3811.54 3795.27 3777.85 3759.26 3739.51 3718.62 3696.58 3673.40 3649.08 3623.64 3597.07 3569.40 3540.62 3510.75 3479.80 3447.79 3414.75 3380.69 3345.64 3309.63 3272.71 3234.92 3196.31 3156.95 3116.91 3076.27 3035.14 2993.64 2951.88 2910.03 2868.25 2826.71 2785.62 2745.17 2705.57 2667.01 2629.66 2593.67 2559.18 2526.28 2495.03 2465.51 2437.76 2411.84 2387.80 2365.70 2344.98 2326.96 1923.77 1530.30 0.00 0.00 0.00 0.00 0.00 0.00 0.00 
0.00 0.00 0.00 0.00 0.00 1287.98 2578.58 3878.02 3886.26 4542.95 4550.72 5207.65 5213.82 5218.80 5222.41 5224.58 5225.22 5224.30 5221.79 5217.67 5211.93 5204.57 5195.61 5185.03 5172.85 5159.08 5143.71 5126.77 5108.26 5088.18 5066.54 5043.36 5018.63 4992.36 4964.57 4935.25 4904.42 4872.08 4838.24 4802.92 4766.12 4727.87 4688.17 4647.04 4604.52 4560.63 4515.40 4468.87 4421.09 4372.12 4322.00 4270.83 4218.68 4165.66 4111.89 4057.49 4002.61 3947.44 3892.17 3837.01 3782.19 3727.95 3674.57 3622.27 3571.32 3521.92 3474.28 3428.55 3384.87 3343.32 3303.99 3266.93 3232.20 3199.85 3170.14 2749.92 2726.17 2316.99 2298.69 1519.99 757.90 0.00 0.00 0.00 0.00 0.00 
0.00 0.00 0.00 0.00 0.00 2573.51 3870.75 4527.57 4538.17 5196.81 5206.17 5214.49 5546.69 5552.09 5555.96 5558.26 5558.92 5557.92 5555.24 5550.85 5544.76 5536.96 5527.44 5516.23 5503.32 5488.72 5472.44 5454.48 5434.86 5413.59 5390.66 5366.09 5339.88 5312.05 5282.59 5251.53 5218.86 5184.60 5148.76 5111.35 5072.38 5031.88 4989.85 4946.33 4901.34 4854.91 4807.08 4757.90 4707.41 4655.68 4602.77 4548.77 4493.77 4437.88 4381.22 4323.94 4266.19 4208.16 4150.05 4092.08 4034.48 3977.50 3921.39 3866.42 3812.81 3760.78 3710.54 3662.24 3616.00 3571.94 3530.10 3490.54 3453.31 3418.47 3187.16 3156.18 3127.60 2713.42 2689.87 2286.56 1512.68 377.31 0.00 0.00 0.00 0.00 
0.00 0.00 0.00 0.00 2566.42 3861.36 4518.55 5177.98 5190.48 5850.84 5861.48 5870.77 5878.50 5884.44 5888.64 5891.11 5891.83 5890.78 5887.93 5883.29 5876.84 5868.59 5858.54 5846.68 5833.04 5817.61 5800.41 5781.43 5760.70 5738.22 5713.99 5688.03 5660.34 5630.93 5599.81 5566.99 5532.48 5496.29 5458.44 5418.92 5377.77 5335.01 5290.64 5244.70 5197.23 5148.24 5097.79 5045.93 4992.70 4938.18 4882.45 4825.58 4767.68 4708.87 4649.27 4589.05 4528.36 4467.40 4406.38 4345.51 4285.04 4225.23 4166.32 4108.57 4052.23 3997.51 3944.61 3893.69 3844.86 3798.22 3753.80 3711.63 3671.62 3633.56 3596.85 3562.02 3529.38 3110.77 3082.96 2674.69 2273.34 1505.50 0.00 0.00 0.00 0.00 
0.00 0.00 0.00 1280.37 3207.86 3862.72 4521.26 5181.68 5842.89 5855.86 5867.25 6526.98 6535.26 6541.78 6546.44 6549.20 6550.01 6548.85 6545.69 6540.54 6533.38 6524.22 6513.05 6499.89 6484.75 6467.62 6448.53 6427.47 6404.46 6379.50 6352.61 6323.80 6293.07 6260.43 6225.90 6189.47 6151.18 6111.02 6069.01 6025.17 5979.52 5932.07 5882.86 5831.91 5779.25 5724.94 5669.00 5611.50 5552.51 5492.09 5430.33 5367.33 5303.20 5238.08 5172.10 5105.44 5038.28 4970.83 4903.31 4835.97 4769.08 4702.91 4637.74 4573.84 4511.47 4450.87 4392.25 4335.77 4281.58 4229.75 4180.34 4133.35 4088.77 4046.59 4006.90 3576.45 3541.70 3508.26 3092.38 2682.05 2278.00 1882.03 749.87 0.00 0.00 0.00 
0.00 0.00 0.00 2558.87 3850.93 4508.42 5169.22 5831.70 5846.69 6508.99 6521.17 6531.81 6540.44 6547.14 6551.90 6554.71 6555.54 6554.39 6551.24 6546.09 6538.94 6529.79 6518.64 6505.50 6490.38 6473.28 6454.22 6433.19 6410.22 6385.31 6358.47 6329.70 6299.03 6266.45 6231.98 6195.63 6157.40 6117.33 6075.41 6031.67 5986.12 5938.79 5889.70 5838.89 5786.38 5732.23 5676.48 5619.19 5560.41 5500.24 5438.75 5376.04 5312.23 5247.45 5181.85 5115.58 5048.84 4981.84 4914.78 4847.92 4781.50 4715.79 4651.07 4587.58 4525.59 4465.31 4406.95 4350.66 4296.56 4244.73 4195.18 4147.92 4102.86 4059.89 4018.75 3978.81 3941.35 3517.70 3484.32 3070.00 2662.09 2261.88 1497.34 0.00 0.00 0.00 
0.00 0.00 0.00 2557.18 3851.39 4510.02 5171.36 5834.29 5849.86 6512.37 6524.90 6535.65 6544.47 6551.30 6556.14 6558.99 6559.85 6558.71 6555.57 6550.43 6543.28 6534.14 6523.01 6509.88 6494.78 6477.70 6458.66 6437.67 6414.73 6389.85 6363.04 6334.32 6303.68 6271.15 6236.73 6200.43 6162.27 6122.26 6080.41 6036.74 5991.28 5944.04 5895.05 5844.35 5791.96 5737.95 5682.34 5625.20 5566.61 5506.62 5445.34 5382.86 5319.31 5254.80 5189.48 5123.53 5057.12 4990.46 4923.76 4857.26 4791.20 4725.86 4661.47 4598.31 4536.60 4476.57 4418.40 4362.24 4308.20 4256.35 4206.70 4159.21 4113.78 4070.24 4028.38 3988.11 3949.67 3525.51 3490.85 3075.54 2666.49 2264.28 1495.85 0.00 0.00 0.00 
0.00 0.00 0.00 3197.01 3851.47 5155.61 5172.87 5836.13 6500.01 6514.65 6527.44 6538.35 6547.32 6554.26 6559.15 6562.04 6562.91 6561.78 6558.65 6553.51 6546.37 6537.23 6526.11 6512.99 6497.90 6480.84 6461.82 6440.84 6417.92 6393.07 6366.29 6337.59 6306.99 6274.49 6240.10 6203.85 6165.73 6125.76 6083.96 6040.35 5994.94 5947.77 5898.85 5848.22 5795.93 5742.00 5686.50 5629.48 5571.01 5511.16 5450.03 5387.72 5324.34 5260.02 5194.91 5129.18 5063.00 4996.58 4930.13 4863.89 4798.09 4733.00 4668.86 4605.91 4544.40 4484.54 4426.50 4370.44 4316.45 4264.59 4214.87 4167.23 4121.55 4077.62 4035.19 3994.39 3955.16 3917.27 3495.43 3079.37 3049.10 2265.92 1870.90 0.00 0.00 0.00 
0.00 0.00 0.00 3196.76 3851.65 5156.35 5496.85 5837.16 6501.24 6515.96 6528.84 6539.87 6874.95 6882.10 6887.18 6890.18 6891.08 6889.89 6886.59 6881.19 6873.69 6864.10 6852.41 6838.64 6822.80 6804.88 6784.91 6762.88 6738.82 6712.72 6684.60 6654.47 6622.34 6588.21 6552.11 6514.04 6474.01 6432.05 6388.16 6342.37 6294.69 6245.16 6193.80 6140.65 6085.74 6029.12 5970.85 5910.98 5849.59 5786.75 5722.57 5657.14 5590.59 5523.06 5454.70 5385.68 5316.20 5246.46 5176.68 5107.12 5038.03 4969.67 4902.31 4836.21 4771.61 4708.75 4647.80 4588.93 4532.25 4477.84 4425.71 4375.88 4328.30 4282.91 4039.02 3997.81 3958.25 3920.18 3497.94 3081.54 3050.75 2644.79 1870.97 0.00 0.00 0.00 
0.00 0.00 0.00 3196.93 3851.84 5156.57 5497.07 5837.39 6501.48 6516.19 6529.08 6540.11 6875.19 6882.35 6887.43 6890.42 6891.33 6890.13 6886.84 6881.44 6873.94 6864.34 6852.66 6838.89 6823.04 6805.13 6785.15 6763.13 6739.06 6712.97 6684.85 6654.72 6622.59 6588.47 6552.37 6514.30 6474.28 6432.32 6388.43 6342.65 6294.98 6245.45 6194.10 6140.95 6086.05 6029.44 5971.18 5911.32 5849.94 5787.12 5722.95 5657.53 5591.00 5523.49 5455.14 5386.14 5316.67 5246.95 5177.19 5107.65 5038.57 4970.23 4902.88 4836.79 4772.21 4709.35 4648.41 4589.55 4532.87 4478.45 4426.32 4376.47 4328.87 4283.45 4039.52 3998.27 3958.67 3920.55 3498.26 3081.80 3050.98 2644.98 1871.11 0.00 0.00 0.00 
0.00 0.00 0.00 3197.50 3852.03 5156.25 5173.50 5836.79 6500.71 6515.36 6528.15 6539.07 6548.05 6554.99 6559.89 6562.78 6563.65 6562.52 6559.38 6554.24 6547.10 6537.96 6526.83 6513.72 6498.63 6481.57 6462.55 6441.58 6418.66 6393.81 6367.04 6338.35 6307.75 6275.26 6240.88 6204.64 6166.53 6126.57 6084.79 6041.19 5995.80 5948.64 5899.74 5849.14 5796.87 5742.97 5687.49 5630.50 5572.07 5512.26 5451.16 5388.89 5325.55 5261.28 5196.23 5130.54 5064.42 4998.05 4931.66 4865.46 4799.72 4734.67 4670.57 4607.67 4546.19 4486.36 4428.34 4372.29 4318.30 4266.43 4216.68 4169.00 4123.26 4079.24 4036.70 3995.77 3956.41 3918.39 3496.39 3080.15 3049.80 2266.44 1871.31 0.00 0.00 0.00 
0.00 0.00 0.00 2557.87 3852.30 4510.99 5172.40 5835.40 5850.95 6513.54 6526.08 6536.85 6545.68 6552.53 6557.38 6560.24 6561.09 6559.95 6556.80 6551.65 6544.50 6535.36 6524.22 6511.10 6495.99 6478.92 6459.88 6438.90 6415.96 6391.09 6364.29 6335.58 6304.96 6272.44 6238.04 6201.75 6163.61 6123.62 6081.79 6038.15 5992.71 5945.50 5896.55 5845.88 5793.53 5739.56 5684.00 5626.92 5568.37 5508.45 5447.23 5384.83 5321.34 5256.91 5191.68 5125.81 5059.49 4992.91 4926.30 4859.89 4793.92 4728.65 4664.34 4601.24 4539.60 4479.61 4421.48 4365.34 4311.32 4259.45 4209.76 4162.20 4116.65 4072.96 4030.92 3990.42 3951.77 3527.27 3492.44 3076.85 2667.55 2265.14 1496.42 0.00 0.00 0.00 
0.00 0.00 0.00 2559.74 3852.15 4509.76 5170.65 5833.23 5848.21 6510.62 6522.81 6533.49 6542.16 6548.88 6553.65 6556.46 6557.29 6556.12 6552.97 6547.81 6540.65 6531.49 6520.34 6507.20 6492.08 6474.99 6455.93 6434.92 6411.95 6387.05 6360.23 6331.48 6300.82 6268.26 6233.81 6197.48 6159.28 6119.23 6077.35 6033.64 5988.13 5940.84 5891.80 5841.03 5788.58 5734.49 5678.81 5621.58 5562.89 5502.80 5441.40 5378.79 5315.08 5250.41 5184.93 5118.78 5052.17 4985.29 4918.36 4851.62 4785.32 4719.73 4655.11 4591.72 4529.81 4469.61 4411.30 4355.05 4300.97 4249.12 4199.53 4152.17 4106.96 4063.77 4022.34 3982.07 3944.30 3520.16 3486.52 3071.80 2663.54 2263.05 1498.08 0.00 0.00 0.00 
0.00 0.00 0.00 1280.90 3209.19 3864.24 4522.93 5183.48 5844.83 5857.81 5869.23 6529.15 6537.48 6544.03 6548.71 6551.47 6552.27 6551.09 6547.92 6542.76 6535.59 6526.42 6515.25 6502.09 6486.95 6469.83 6450.74 6429.69 6406.69 6381.75 6354.88 6326.09 6295.38 6262.76 6228.25 6191.86 6153.60 6113.48 6071.51 6027.71 5982.11 5934.72 5885.56 5834.67 5782.09 5727.85 5672.00 5614.59 5555.69 5495.38 5433.74 5370.87 5306.88 5241.90 5176.07 5109.57 5042.57 4975.28 4907.93 4840.76 4774.03 4708.01 4642.97 4579.20 4516.94 4456.44 4397.90 4341.48 4287.32 4235.50 4186.04 4138.95 4094.18 4051.70 4011.61 3580.44 3545.26 3511.42 3094.96 2684.11 2279.62 1883.27 750.33 0.00 0.00 0.00 
0.00 0.00 0.00 0.00 2567.68 3863.18 4520.58 5180.15 5192.62 5853.20 5863.90 5873.27 5881.10 5887.09 5891.31 5893.77 5894.47 5893.39 5890.53 5885.87 5879.41 5871.15 5861.09 5849.23 5835.59 5820.17 5802.97 5784.01 5763.30 5740.83 5716.62 5690.68 5663.02 5633.64 5602.55 5569.76 5535.29 5499.14 5461.33 5421.87 5380.77 5338.07 5293.77 5247.90 5200.51 5151.61 5101.26 5049.50 4996.39 4942.00 4886.39 4829.67 4771.93 4713.29 4653.87 4593.83 4533.34 4472.58 4411.75 4351.08 4290.80 4231.17 4172.43 4114.84 4058.64 4004.04 3951.24 3900.40 3851.63 3805.02 3760.59 3718.33 3678.13 3639.70 3602.42 3566.97 3533.76 3114.27 3086.06 2677.15 2275.26 1506.69 0.00 0.00 0.00 0.00 
0.00 0.00 0.00 0.00 0.00 2575.11 3872.90 4529.86 4540.40 5199.33 5208.79 5217.26 5549.76 5555.21 5559.09 5561.36 5562.00 5560.97 5558.25 5553.84 5547.73 5539.91 5530.40 5519.18 5506.28 5491.68 5475.41 5457.47 5437.87 5416.61 5393.71 5369.16 5342.99 5315.18 5285.77 5254.74 5222.12 5187.90 5152.11 5114.76 5075.85 5035.42 4993.47 4950.03 4905.13 4858.80 4811.09 4762.02 4711.67 4660.08 4607.33 4553.50 4498.68 4442.98 4386.53 4329.47 4271.95 4214.16 4156.28 4098.55 4041.18 3984.42 3928.52 3873.73 3820.29 3768.42 3718.31 3670.12 3623.97 3579.98 3538.18 3498.60 3461.21 3425.97 3193.53 3161.67 3132.37 2717.10 2693.10 2289.03 1514.20 377.66 0.00 0.00 0.00 0.00 
0.00 0.00 0.00 0.00 0.00 1289.04 2580.56 3880.25 3888.44 4545.50 4553.40 5210.92 5217.42 5222.44 5226.03 5228.14 5228.72 5227.75 5225.20 5221.05 5215.29 5207.92 5198.95 5188.37 5176.19 5162.43 5147.08 5130.16 5111.66 5091.61 5070.00 5046.84 5022.15 4995.92 4968.16 4938.89 4908.10 4875.81 4842.03 4806.77 4770.05 4731.87 4692.25 4651.22 4608.80 4565.02 4519.92 4473.52 4425.89 4377.08 4327.14 4276.16 4224.22 4171.43 4117.89 4063.74 4009.13 3954.23 3899.24 3844.35 3789.81 3735.84 3682.70 3630.63 3579.88 3530.66 3483.17 3437.59 3394.03 3352.61 3313.39 3276.43 3241.71 3209.07 3177.86 2755.67 2731.09 2320.65 2301.88 1521.87 758.76 0.00 0.00 0.00 0.00 0.00 
0.00 0.00 0.00 0.00 0.00 0.00 645.87 2586.09 3237.62 3892.42 3898.39 3904.12 4560.14 4564.31 4567.38 4569.20 4569.72 4568.88 4566.66 4563.03 4557.98 4551.53 4543.66 4534.39 4523.71 4511.64 4498.17 4483.33 4467.11 4449.52 4430.57 4410.25 4388.59 4365.59 4341.24 4315.56 4288.55 4260.23 4230.59 4199.65 4167.41 4133.90 4099.12 4063.09 4025.83 3987.37 3947.73 3906.95 3865.07 3822.13 3778.18 3733.30 3687.55 3641.02 3593.81 3546.04 3497.83 3449.35 3400.75 3352.23 3303.99 3256.26 3209.27 3163.25 3118.42 3074.98 3033.13 2993.02 2954.77 2918.49 2884.27 2852.21 2822.44 2795.22 2372.59 2350.61 2331.74 1927.20 1532.76 0.00 0.00 0.00 0.00 0.00 0.00 0.00 
0.00 0.00 0.00 0.00 0.00 0.00 0.00 0.00 1295.83 2593.62 2595.83 3249.32 3253.04 3256.05 3258.26 3259.60 3260.00 3259.42 3257.84 3255.26 3251.65 3247.04 3241.41 3234.77 3227.12 3218.48 3208.84 3198.21 3186.59 3174.00 3160.42 3145.88 3130.37 3113.89 3096.46 3078.07 3058.73 3038.44 3017.21 2995.04 2971.95 2947.93 2923.00 2897.17 2870.46 2842.87 2814.44 2785.17 2755.10 2724.26 2692.68 2660.42 2627.51 2594.03 2560.04 2525.62 2490.86 2455.88 2420.80 2385.75 2350.90 2316.41 2282.45 2249.21 2216.84 2185.52 2155.38 2126.53 2099.08 2073.11 2048.67 2025.83 2004.67 1985.22 1967.05 1559.33 1551.22 772.46 0.00 0.00 0.00 0.00 0.00 0.00 0.00 0.00 
0.00 0.00 0.00 0.00 0.00 0.00 0.00 0.00 0.00 0.00 0.00 0.00 651.84 652.17 652.50 652.71 652.76 652.63 652.31 651.79 651.07 650.14 649.02 647.69 646.17 644.44 642.52 640.40 638.08 635.57 632.86 629.96 626.86 623.57 620.09 616.43 612.57 608.52 604.28 599.86 595.25 590.47 585.49 580.35 575.02 569.52 563.86 558.03 552.04 545.91 539.63 533.21 526.67 520.02 513.27 506.45 499.56 492.63 485.68 478.75 471.86 465.04 458.32 451.75 445.34 439.14 433.16 427.45 422.01 416.88 412.11 407.78 404.09 401.52 0.00 0.00 0.00 0.00 0.00 0.00 0.00 0.00 0.00 0.00 0.00 0.00 
0.00 0.00 0.00 0.00 0.00 0.00 0.00 0.00 0.00 0.00 0.00 0.00 0.00 0.00 0.00 0.00 0.00 0.00 0.00 0.00 0.00 0.00 0.00 0.00 0.00 0.00 0.00 0.00 0.00 0.00 0.00 0.00 0.00 0.00 0.00 0.00 0.00 0.00 0.00 0.00 0.00 0.00 0.00 0.00 0.00 0.00 0.00 0.00 0.00 0.00 0.00 0.00 0.00 0.00 0.00 0.00 0.00 0.00 0.00 0.00 0.00 0.00 0.00 0.00 0.00 0.00 0.00 0.00 0.00 0.00 0.00 0.00 0.00 0.00 0.00 0.00 0.00 0.00 0.00 0.00 0.00 0.00 0.00 0.00 0.00 0.00 
0.00 0.00 0.00 0.00 0.00 0.00 0.00 0.00 0.00 0.00 0.00 0.00 0.00 0.00 0.00 0.00 0.00 0.00 0.00 0.00 0.00 0.00 0.00 0.00 0.00 0.00 0.00 0.00 0.00 0.00 0.00 0.00 0.00 0.00 0.00 0.00 0.00 0.00 0.00 0.00 0.00 0.00 0.00 0.00 0.00 0.00 0.00 0.00 0.00 0.00 0.00 0.00 0.00 0.00 0.00 0.00 0.00 0.00 0.00 0.00 0.00 0.00 0.00 0.00 0.00 0.00 0.00 0.00 0.00 0.00 0.00 0.00 0.00 0.00 0.00 0.00 0.00 0.00 0.00 0.00 0.00 0.00 0.00 0.00 0.00 0.00 
0.00 0.00 0.00 0.00 0.00 0.00 0.00 0.00 0.00 0.00 0.00 0.00 0.00 0.00 0.00 0.00 0.00 0.00 0.00 0.00 0.00 0.00 0.00 0.00 0.00 0.00 0.00 0.00 0.00 0.00 0.00 0.00 0.00 0.00 0.00 0.00 0.00 0.00 0.00 0.00 0.00 0.00 0.00 0.00 0.00 0.00 0.00 0.00 0.00 0.00 0.00 0.00 0.00 0.00 0.00 0.00 0.00 0.00 0.00 0.00 0.00 0.00 0.00 0.00 0.00 0.00 0.00 0.00 0.00 0.00 0.00 0.00 0.00 0.00 0.00 0.00 0.00 0.00 0.00 0.00 0.00 0.00 0.00 0.00 0.00 0.00 
