0.00 0.00 0.00 0.00 0.00 0.00 0.00 0.00 0.00 0.00 0.00 0.00 0.00 0.00 0.00 0.00 0.00 0.00 0.00 0.00 0.00 0.00 0.00 0.00 0.00 0.00 0.00 0.00 0.00 0.00 0.00 0.00 0.00 0.00 0.00 0.00 0.00 0.00 0.00 0.00 0.00 0.00 0.00 0.00 0.00 0.00 0.00 0.00 0.00 0.00 0.00 0.00 0.00 0.00 0.00 0.00 0.00 0.00 0.00 0.00 0.00 0.00 0.00 0.00 0.00 0.00 0.00 0.00 0.00 0.00 0.00 0.00 0.00 0.00 0.00 0.00 0.00 0.00 0.00 0.00 0.00 0.00 0.00 0.00 0.00 0.00 
0.00 0.00 0.00 0.00 0.00 0.00 0.00 0.00 0.00 0.00 0.00 0.00 0.00 0.00 0.00 0.00 0.00 0.00 0.00 0.00 0.00 0.00 0.00 0.00 0.00 0.00 0.00 0.00 0.00 0.00 0.00 0.00 0.00 0.00 0.00 0.00 0.00 0.00 0.00 0.00 0.00 0.00 0.00 0.00 0.00 0.00 0.00 0.00 0.00 0.00 0.00 0.00 0.00 0.00 0.00 0.00 0.00 0.00 0.00 0.00 0.00 0.00 0.00 0.00 0.00 0.00 0.00 0.00 0.00 0.00 0.00 0.00 0.00 0.00 0.00 0.00 0.00 0.00 0.00 0.00 0.00 0.00 0.00 0.00 0.00 0.00 
0.00 0.00 0.00 0.00 0.00 0.00 0.00 0.00 0.00 0.00 0.00 0.00 0.00 0.00 0.00 0.00 0.00 0.00 0.00 0.00 0.00 0.00 0.00 0.00 0.00 0.00 0.00 0.00 0.00 0.00 0.00 0.00 0.00 0.00 0.00 0.00 0.00 0.00 0.00 0.00 0.00 0.00 0.00 0.00 0.00 0.00 0.00 0.00 0.00 0.00 0.00 0.00 0.00 0.00 0.00 0.00 0.00 0.00 0.00 0.00 0.00 0.00 0.00 0.00 0.00 0.00 0.00 0.00 0.00 0.00 0.00 0.00 0.00 0.00 0.00 0.00 0.00 0.00 0.00 0.00 0.00 0.00 0.00 0.00 0.00 0.00 
0.00 0.00 0.00 0.00 0.00 0.00 0.00 0.00 792.27 1596.76 1611.18 2044.72 2074.50 2109.07 2146.69 2186.43 2227.63 2269.80 2312.52 2355.45 2398.30 2440.84 2482.89 2524.29 2564.95 2604.76 2643.66 2681.60 2718.53 2754.43 2789.27 2823.05 2855.75 2887.37 2917.91 2947.38 2975.77 3003.11 3029.39 3054.64 3078.86 3102.08 3124.30 3145.55 3165.83 3185.16 3203.57 3221.06 3237.65 3253.36 3268.20 3282.18 3295.31 3307.62 3319.09 3329.76 3339.62 3348.69 3356.97 3364.46 3371.18 3377.11 3382.28 3386.67 3390.29 3393.14 3395.22 3396.53 3397.08 3396.88 3395.95 3394.32 3392.06 3389.32 3386.44 2706.23 2704.60 1351.63 0.00 0.00 0.00 0.00 0.00 0.00 0.00 0.00 
0.00 0.00 0.00 0.00 0.00 0.00 0.00 1563.37 1973.68 2400.72 2432.13 2468.60 2507.49 2549.50 2594.20 2641.05 2689.53 2739.13 2789.41 2840.00 2890.57 2940.84 2990.61 3039.68 3087.93 3135.23 3181.50 3226.66 3270.66 3313.47 3355.04 3395.36 3434.42 3472.21 3508.72 3543.95 3577.93 3610.64 3642.10 3672.34 3701.35 3729.16 3755.79 3781.25 3805.56 3828.73 3850.80 3871.77 3891.67 3910.50 3928.29 3945.06 3960.81 3975.56 3989.33 4002.12 4013.94 4024.81 4034.73 4043.72 4051.76 4058.88 4065.06 4070.32 4074.66 4078.08 4080.57 4082.16 4082.83 4082.60 4081.50 4079.55 4076.80 4073.31 4069.20 4064.44 4059.45 3377.86 2699.15 0.00 0.00 0.00 0.00 0.00 0.00 0.00 
0.00 0.00 0.00 0.00 0.00 767.57 1543.38 2347.41 2377.93 2814.40 2854.79 3311.88 3363.07 3418.54 3477.38 3538.94 3602.58 3667.70 3733.76 3800.28 3866.84 3933.10 3998.75 4063.56 4127.33 4189.92 4251.18 4311.02 4369.37 4426.15 4481.34 4534.88 4586.77 4636.99 4685.53 4732.39 4777.58 4821.10 4862.98 4903.22 4941.85 4978.88 5014.34 5048.25 5080.63 5111.51 5140.91 5168.85 5195.36 5220.46 5244.17 5266.51 5287.50 5307.16 5325.50 5342.55 5358.30 5372.79 5386.01 5397.97 5408.69 5418.17 5426.41 5433.41 5439.19 5443.75 5447.08 5449.19 5450.10 5449.81 5448.35 5445.76 5442.08 5437.37 5431.78 4747.75 4740.98 4057.28 4050.27 2694.74 1346.46 0.00 0.00 0.00 0.00 0.00 
0.00 0.00 0.00 0.00 0.00 1529.67 2323.42 2747.78 2786.49 3230.88 3278.88 3331.22 3595.38 3653.97 3715.91 3780.52 3847.18 3915.35 3984.50 4054.16 4123.92 4193.41 4262.35 4330.48 4397.58 4463.48 4528.06 4591.18 4652.77 4712.76 4771.08 4827.71 4882.60 4935.75 4987.15 5036.79 5084.66 5130.80 5175.19 5217.86 5258.83 5298.11 5335.74 5371.72 5406.09 5438.86 5470.07 5499.73 5527.88 5554.53 5579.70 5603.42 5625.71 5646.59 5666.07 5684.16 5700.89 5716.27 5730.30 5743.00 5754.38 5764.43 5773.18 5780.62 5786.75 5791.58 5795.12 5797.36 5798.32 5798.01 5796.45 5793.67 5789.68 5784.55 5439.02 5431.62 5423.44 4738.05 4729.01 4045.18 2691.08 672.31 0.00 0.00 0.00 0.00 
0.00 0.00 0.00 0.00 1514.16 2298.52 2718.81 3151.05 3196.47 3647.88 3702.30 3760.72 3822.15 3885.43 3951.18 4019.26 4089.27 4160.75 4233.20 4306.19 4379.30 4452.18 4524.52 4596.05 4666.56 4735.86 4803.80 4870.25 4935.13 4998.34 5059.84 5119.57 5177.50 5233.60 5287.87 5340.29 5390.87 5439.62 5486.54 5531.65 5574.97 5616.51 5656.30 5694.36 5730.71 5765.38 5798.40 5829.79 5859.57 5887.77 5914.42 5939.52 5963.11 5985.20 6005.81 6024.96 6042.66 6058.93 6073.78 6087.22 6099.25 6109.89 6119.14 6127.01 6133.50 6138.61 6142.34 6144.71 6145.72 6145.38 6143.70 6140.68 6136.35 6130.68 6123.61 6115.35 6106.06 5419.18 5408.53 4722.56 4038.57 2686.87 0.00 0.00 0.00 0.00 
0.00 0.00 0.00 751.93 1893.26 2303.57 2727.31 3162.15 3607.25 3662.04 3719.29 4191.68 4257.62 4327.35 4400.19 4475.61 4553.10 4632.14 4712.23 4792.90 4873.71 4954.27 5034.25 5113.37 5191.38 5268.07 5343.29 5416.89 5488.76 5558.82 5626.98 5693.20 5757.43 5819.66 5879.86 5938.02 5994.15 6048.25 6100.33 6150.40 6198.49 6244.61 6288.79 6331.06 6371.43 6409.94 6446.61 6481.47 6514.55 6545.87 6575.46 6603.35 6629.55 6654.09 6676.98 6698.25 6717.92 6735.99 6752.48 6767.41 6780.77 6792.59 6802.86 6811.60 6818.80 6824.47 6828.61 6831.24 6832.35 6831.95 6830.06 6826.69 6821.87 6815.63 6808.04 6121.46 6111.47 6100.27 5412.66 4725.76 4040.47 3358.28 1341.39 0.00 0.00 0.00 
0.00 0.00 0.00 1500.53 2276.53 2693.23 3123.12 3564.43 3618.20 4077.11 4138.64 4204.57 4272.35 4342.71 4415.62 4490.78 4567.81 4646.26 4725.70 4805.68 4885.81 4965.73 5045.10 5123.66 5201.16 5277.40 5352.20 5425.44 5496.98 5566.75 5634.65 5700.65 5764.69 5826.75 5886.80 5944.84 6000.86 6054.86 6106.85 6156.86 6204.88 6250.95 6295.08 6337.31 6377.65 6416.13 6452.77 6487.62 6520.68 6551.98 6581.56 6609.43 6635.62 6660.15 6683.03 6704.29 6723.95 6742.01 6758.49 6773.41 6786.76 6798.57 6808.83 6817.56 6824.75 6830.42 6834.55 6837.17 6838.26 6837.84 6835.91 6832.47 6827.54 6821.12 6813.19 6803.69 6793.01 6104.43 6091.61 5403.01 4715.86 4031.44 2681.14 0.00 0.00 0.00 
0.00 0.00 0.00 1498.10 2279.18 2698.57 3129.76 3572.16 3627.52 4086.77 4149.40 4215.38 4283.86 4354.64 4427.62 4502.61 4579.30 4657.32 4736.26 4815.72 4895.34 4974.75 5053.65 5131.77 5208.87 5284.74 5359.22 5432.16 5503.44 5572.98 5640.69 5706.51 5770.39 5832.31 5892.25 5950.18 6006.11 6060.03 6111.96 6161.91 6209.88 6255.91 6300.01 6342.20 6382.51 6420.97 6457.59 6492.42 6525.46 6556.76 6586.32 6614.18 6640.36 6664.88 6687.76 6709.01 6728.66 6746.71 6763.19 6778.09 6791.44 6803.24 6813.50 6822.22 6829.41 6835.06 6839.19 6841.79 6842.87 6842.43 6840.46 6836.97 6831.94 6825.38 6817.27 6807.65 6796.62 6107.83 6094.46 5405.41 4717.72 4032.26 2679.89 0.00 0.00 0.00 
0.00 0.00 0.00 1874.06 2280.65 3087.21 3134.37 3577.61 4031.67 4092.85 4156.59 4223.14 4292.24 4363.28 4436.27 4511.10 4587.53 4665.23 4743.81 4822.91 4902.15 4981.20 5059.77 5137.57 5214.38 5289.99 5364.23 5436.96 5508.06 5577.43 5644.99 5710.68 5774.45 5836.27 5896.12 5953.98 6009.84 6063.71 6115.59 6165.49 6213.43 6259.43 6303.50 6345.67 6385.96 6424.40 6461.01 6495.83 6528.86 6560.15 6589.70 6617.56 6643.73 6668.24 6691.11 6712.36 6732.00 6750.05 6766.52 6781.42 6794.76 6806.56 6816.81 6825.53 6832.71 6838.36 6842.48 6845.07 6846.14 6845.68 6843.68 6840.15 6835.06 6828.39 6820.12 6810.34 6799.09 6786.39 6096.45 5407.08 5392.59 4032.80 3350.40 0.00 0.00 0.00 
0.00 0.00 0.00 1873.98 2281.66 3089.52 3331.89 3580.54 4035.19 4096.47 4160.63 4227.67 4509.86 4583.11 4659.07 4737.30 4817.39 4898.88 4981.34 5064.36 5147.53 5230.52 5312.99 5394.66 5475.28 5554.65 5632.59 5708.94 5783.57 5856.40 5927.32 5996.29 6063.24 6128.14 6190.97 6251.72 6310.37 6366.92 6421.39 6473.79 6524.12 6572.41 6618.68 6662.96 6705.27 6745.63 6784.07 6820.62 6855.31 6888.15 6919.19 6948.43 6975.91 7001.65 7025.67 7047.98 7068.60 7087.55 7104.84 7120.49 7134.50 7146.89 7157.65 7166.80 7174.34 7180.28 7184.60 7187.33 7188.45 7187.96 7185.88 7182.19 7176.90 7170.00 6821.71 6811.81 6800.46 6787.68 6097.57 5408.05 5393.32 4705.87 3350.30 0.00 0.00 0.00 
0.00 0.00 0.00 1874.22 2281.97 3089.92 3332.35 3581.08 4035.81 4097.14 4161.35 4228.44 4510.67 4583.94 4659.90 4738.13 4818.20 4899.66 4982.09 5065.07 5148.20 5231.15 5313.58 5395.21 5475.81 5555.15 5633.06 5709.38 5783.99 5856.80 5927.70 5996.65 6063.59 6128.48 6191.30 6252.03 6310.68 6367.22 6421.69 6474.08 6524.40 6572.69 6618.96 6663.23 6705.54 6745.90 6784.34 6820.89 6855.57 6888.42 6919.45 6948.70 6976.18 7001.91 7025.93 7048.24 7068.86 7087.81 7105.10 7120.75 7134.76 7147.15 7157.91 7167.06 7174.60 7180.53 7184.86 7187.58 7188.70 7188.21 7186.12 7182.43 7177.13 7170.22 6821.92 6812.02 6800.66 6787.87 6097.74 5408.21 5393.48 4706.01 3350.42 0.00 0.00 0.00 
0.00 0.00 0.00 1874.76 2281.55 3088.42 3135.70 3579.21 4033.51 4094.87 4158.78 4225.46 4294.67 4365.77 4438.78 4513.59 4589.96 4667.57 4746.05 4825.03 4904.15 4983.09 5061.54 5139.24 5215.94 5291.46 5365.62 5438.28 5509.31 5578.61 5646.12 5711.76 5775.50 5837.28 5897.10 5954.93 6010.76 6064.61 6116.47 6166.36 6214.28 6260.27 6304.33 6346.49 6386.77 6425.21 6461.82 6496.62 6529.65 6560.94 6590.49 6618.34 6644.51 6669.02 6691.89 6713.14 6732.77 6750.82 6767.29 6782.19 6795.54 6807.33 6817.58 6826.29 6833.47 6839.12 6843.24 6845.83 6846.89 6846.42 6844.42 6840.87 6835.76 6829.07 6820.78 6810.97 6799.69 6786.97 6096.98 5407.56 5393.06 4033.20 3350.75 0.00 0.00 0.00 
0.00 0.00 0.00 1499.08 2280.68 2700.41 3132.00 3574.83 3630.43 4090.17 4153.07 4219.29 4287.96 4358.86 4431.87 4506.81 4583.39 4661.25 4740.01 4819.27 4898.69 4977.90 5056.61 5134.55 5211.48 5287.20 5361.54 5434.35 5505.52 5574.96 5642.58 5708.32 5772.13 5833.99 5893.87 5951.76 6007.64 6061.53 6113.43 6163.35 6211.30 6257.31 6301.39 6343.57 6383.87 6422.31 6458.93 6493.75 6526.79 6558.08 6587.64 6615.50 6641.67 6666.19 6689.06 6710.31 6729.96 6748.01 6764.48 6779.39 6792.73 6804.53 6814.79 6823.50 6830.69 6836.34 6840.47 6843.06 6844.13 6843.68 6841.69 6838.18 6833.12 6826.52 6818.37 6808.69 6797.63 6108.72 6095.34 5406.21 4718.44 4032.92 2680.37 0.00 0.00 0.00 
0.00 0.00 0.00 1501.80 2278.57 2695.78 3126.22 3568.15 3622.28 4081.88 4143.82 4210.15 4278.22 4348.75 4421.69 4496.76 4573.61 4651.82 4730.98 4810.68 4890.52 4970.14 5049.25 5127.55 5204.81 5280.83 5355.44 5428.50 5499.89 5569.51 5637.29 5703.18 5767.13 5829.10 5889.07 5947.05 6003.01 6056.96 6108.91 6158.88 6206.87 6252.91 6297.03 6339.23 6379.55 6418.02 6454.65 6489.48 6522.54 6553.84 6583.41 6611.27 6637.46 6661.98 6684.86 6706.12 6725.77 6743.83 6760.31 6775.22 6788.58 6800.38 6810.64 6819.36 6826.55 6832.21 6836.35 6838.95 6840.04 6839.60 6837.65 6834.18 6829.21 6822.73 6814.73 6805.14 6794.40 6105.68 6092.82 5404.09 4716.83 4032.31 2681.75 0.00 0.00 0.00 
0.00 0.00 0.00 752.74 1895.48 2306.47 2730.94 3166.56 3612.50 3667.84 3725.63 4199.03 4265.40 4335.36 4408.20 4483.46 4560.67 4639.37 4719.08 4799.35 4879.76 4959.94 5039.57 5118.35 5196.06 5272.48 5347.44 5420.82 5492.49 5562.36 5630.36 5696.44 5760.55 5822.67 5882.78 5940.86 5996.92 6050.95 6102.98 6153.01 6201.05 6247.14 6291.29 6333.53 6373.88 6412.37 6449.03 6483.88 6516.95 6548.26 6577.85 6605.73 6631.92 6656.45 6679.34 6700.61 6720.27 6738.34 6754.83 6769.75 6783.11 6794.93 6805.19 6813.93 6821.12 6826.79 6830.93 6833.55 6834.65 6834.24 6832.32 6828.92 6824.04 6817.72 6810.03 6123.22 6113.14 6101.86 5414.07 4727.00 4041.55 3359.21 1341.76 0.00 0.00 0.00 
0.00 0.00 0.00 0.00 1516.33 2302.07 2723.28 3156.42 3202.33 3655.02 3710.22 3769.45 3831.55 3895.11 3960.80 4028.60 4098.21 4169.22 4241.18 4313.67 4386.30 4458.73 4530.64 4601.78 4671.93 4740.91 4808.56 4874.76 4939.40 5002.42 5063.73 5123.30 5181.09 5237.07 5291.23 5343.56 5394.07 5442.74 5489.60 5534.66 5577.93 5619.44 5659.19 5697.23 5733.56 5768.21 5801.22 5832.59 5862.36 5890.55 5917.18 5942.28 5965.86 5987.95 6008.55 6027.70 6045.40 6061.66 6076.51 6089.94 6101.97 6112.61 6121.86 6129.72 6136.20 6141.31 6145.04 6147.41 6148.41 6148.06 6146.35 6143.30 6138.91 6133.13 6125.91 6117.51 6108.08 5420.93 5410.21 4724.03 4039.84 2687.73 0.00 0.00 0.00 0.00 
0.00 0.00 0.00 0.00 0.00 1532.86 2328.22 2753.44 2792.65 3238.67 3287.70 3341.26 3606.96 3665.81 3727.51 3791.64 3857.71 3925.25 3993.76 4062.80 4131.98 4200.93 4269.37 4337.04 4403.73 4469.27 4533.51 4596.34 4657.67 4717.42 4775.54 4831.99 4886.73 4939.74 4991.02 5040.55 5088.34 5134.40 5178.72 5221.34 5262.26 5301.50 5339.09 5375.04 5409.38 5442.14 5473.33 5502.98 5531.11 5557.75 5582.91 5606.63 5628.91 5649.78 5669.25 5687.34 5704.06 5719.44 5733.46 5746.16 5757.53 5767.58 5776.33 5783.76 5789.89 5794.72 5798.25 5800.50 5801.46 5801.14 5799.57 5796.75 5792.71 5787.45 5441.58 5433.97 5425.62 4739.87 4730.75 4046.65 2692.08 672.55 0.00 0.00 0.00 0.00 
0.00 0.00 0.00 0.00 0.00 769.82 1547.84 2352.91 2383.95 2822.42 2864.05 3324.16 3377.50 3432.93 3491.13 3551.88 3614.67 3678.97 3744.24 3810.01 3875.89 3941.51 4006.59 4070.89 4134.20 4196.37 4257.26 4316.78 4374.83 4431.37 4486.33 4539.68 4591.40 4641.47 4689.88 4736.63 4781.72 4825.16 4866.96 4907.14 4945.72 4982.70 5018.13 5052.00 5084.36 5115.21 5144.59 5172.52 5199.02 5224.11 5247.81 5270.14 5291.12 5310.77 5329.11 5346.15 5361.90 5376.38 5389.59 5401.55 5412.27 5421.74 5429.98 5436.98 5442.76 5447.31 5450.64 5452.76 5453.67 5453.39 5451.94 5449.34 5445.62 5440.79 5434.81 4750.17 4743.21 4059.08 4051.98 2695.86 1347.00 0.00 0.00 0.00 0.00 0.00 
0.00 0.00 0.00 0.00 0.00 0.00 388.92 1566.60 1979.06 2408.44 2441.21 2479.59 2941.55 2988.59 3039.35 3092.87 3148.43 3205.42 3263.30 3321.60 3379.95 3438.03 3495.57 3552.37 3608.25 3663.07 3716.73 3769.13 3820.22 3869.94 3918.25 3965.13 4010.55 4054.51 4097.00 4138.01 4177.56 4215.66 4252.31 4287.52 4321.33 4353.74 4384.77 4414.45 4442.79 4469.81 4495.54 4519.99 4543.19 4565.16 4585.91 4605.46 4623.83 4641.04 4657.09 4672.01 4685.80 4698.48 4710.05 4720.53 4729.91 4738.21 4745.42 4751.56 4756.62 4760.61 4763.53 4765.38 4766.18 4765.94 4764.68 4762.44 4759.28 4755.29 4071.90 4066.81 4061.60 3379.53 2700.43 0.00 0.00 0.00 0.00 0.00 0.00 0.00 
0.00 0.00 0.00 0.00 0.00 0.00 0.00 0.00 794.76 1602.50 1617.90 2054.86 2087.36 2121.80 2158.64 2197.49 2237.83 2279.21 2321.20 2363.46 2405.71 2447.71 2489.27 2530.24 2570.51 2609.98 2648.59 2686.26 2722.96 2758.66 2793.33 2826.95 2859.52 2891.02 2921.46 2950.84 2979.16 3006.42 3032.65 3057.85 3082.04 3105.22 3127.41 3148.63 3168.90 3188.22 3206.61 3224.09 3240.67 3256.37 3271.20 3285.17 3298.30 3310.60 3322.08 3332.74 3342.60 3351.66 3359.93 3367.42 3374.13 3380.06 3385.22 3389.61 3393.23 3396.08 3398.17 3399.49 3400.05 3399.87 3398.96 3397.35 3395.09 3392.26 3388.89 2707.97 2706.19 1352.39 0.00 0.00 0.00 0.00 0.00 0.00 0.00 0.00 
0.00 0.00 0.00 0.00 0.00 0.00 0.00 0.00 0.00 0.00 0.00 0.00 424.31 428.71 434.97 442.16 449.88 457.91 466.12 474.42 482.74 491.03 499.25 507.36 515.34 523.18 530.85 538.34 545.64 552.74 559.65 566.35 572.84 579.12 585.19 591.05 596.70 602.15 607.38 612.42 617.25 621.88 626.31 630.55 634.60 638.46 642.14 645.63 648.95 652.08 655.05 657.84 660.47 662.93 665.22 667.35 669.32 671.13 672.79 674.28 675.62 676.81 677.84 678.72 679.44 680.01 680.43 680.70 680.81 680.79 680.63 680.35 680.00 679.67 0.00 0.00 0.00 0.00 0.00 0.00 0.00 0.00 0.00 0.00 0.00 0.00 
0.00 0.00 0.00 0.00 0.00 0.00 0.00 0.00 0.00 0.00 0.00 0.00 0.00 0.00 0.00 0.00 0.00 0.00 0.00 0.00 0.00 0.00 0.00 0.00 0.00 0.00 0.00 0.00 0.00 0.00 0.00 0.00 0.00 0.00 0.00 0.00 0.00 0.00 0.00 0.00 0.00 0.00 0.00 0.00 0.00 0.00 0.00 0.00 0.00 0.00 0.00 0.00 0.00 0.00 0.00 0.00 0.00 0.00 0.00 0.00 0.00 0.00 0.00 0.00 0.00 0.00 0.00 0.00 0.00 0.00 0.00 0.00 0.00 0.00 0.00 0.00 0.00 0.00 0.00 0.00 0.00 0.00 0.00 0.00 0.00 0.00 
0.00 0.00 0.00 0.00 0.00 0.00 0.00 0.00 0.00 0.00 0.00 0.00 0.00 0.00 0.00 0.00 0.00 0.00 0.00 0.00 0.00 0.00 0.00 0.00 0.00 0.00 0.00 0.00 0.00 0.00 0.00 0.00 0.00 0.00 0.00 0.00 0.00 0.00 0.00 0.00 0.00 0.00 0.00 0.00 0.00 0.00 0.00 0.00 0.00 0.00 0.00 0.00 0.00 0.00 0.00 0.00 0.00 0.00 0.00 0.00 0.00 0.00 0.00 0.00 0.00 0.00 0.00 0.00 0.00 0.00 0.00 0.00 0.00 0.00 0.00 0.00 0.00 0.00 0.00 0.00 0.00 0.00 0.00 0.00 0.00 0.00 
0.00 0.00 0.00 0.00 0.00 0.00 0.00 0.00 0.00 0.00 0.00 0.00 0.00 0.00 0.00 0.00 0.00 0.00 0.00 0.00 0.00 0.00 0.00 0.00 0.00 0.00 0.00 0.00 0.00 0.00 0.00 0.00 0.00 0.00 0.00 0.00 0.00 0.00 0.00 0.00 0.00 0.00 0.00 0.00 0.00 0.00 0.00 0.00 0.00 0.00 0.00 0.00 0.00 0.00 0.00 0.00 0.00 0.00 0.00 0.00 0.00 0.00 0.00 0.00 0.00 0.00 0.00 0.00 0.00 0.00 0.00 0.00 0.00 0.00 0.00 0.00 0.00 0.00 0.00 0.00 0.00 0.00 0.00 0.00 0.00 0.00 
