0.00 0.00 0.00 0.00 0.00 0.00 0.00 0.00 0.00 0.00 0.00 0.00 0.00 0.00 0.00 0.00 0.00 0.00 0.00 0.00 0.00 0.00 0.00 0.00 0.00 0.00 0.00 0.00 0.00 0.00 0.00 0.00 0.00 0.00 0.00 0.00 0.00 0.00 0.00 0.00 0.00 0.00 0.00 0.00 0.00 0.00 0.00 0.00 0.00 0.00 0.00 0.00 0.00 0.00 0.00 0.00 0.00 0.00 0.00 0.00 0.00 0.00 0.00 0.00 0.00 0.00 0.00 0.00 0.00 0.00 0.00 0.00 0.00 0.00 0.00 0.00 0.00 0.00 0.00 0.00 0.00 0.00 0.00 0.00 0.00 0.00 
0.00 0.00 0.00 0.00 0.00 0.00 0.00 0.00 0.00 0.00 0.00 0.00 0.00 0.00 0.00 0.00 0.00 0.00 0.00 0.00 0.00 0.00 0.00 0.00 0.00 0.00 0.00 0.00 0.00 0.00 0.00 0.00 0.00 0.00 0.00 0.00 0.00 0.00 0.00 0.00 0.00 0.00 0.00 0.00 0.00 0.00 0.00 0.00 0.00 0.00 0.00 0.00 0.00 0.00 0.00 0.00 0.00 0.00 0.00 0.00 0.00 0.00 0.00 0.00 0.00 0.00 0.00 0.00 0.00 0.00 0.00 0.00 0.00 0.00 0.00 0.00 0.00 0.00 0.00 0.00 0.00 0.00 0.00 0.00 0.00 0.00 
0.00 0.00 0.00 0.00 0.00 0.00 0.00 0.00 0.00 0.00 0.00 0.00 0.00 0.00 0.00 0.00 0.00 0.00 0.00 0.00 0.00 0.00 0.00 0.00 0.00 0.00 0.00 0.00 0.00 0.00 0.00 0.00 0.00 0.00 0.00 0.00 0.00 0.00 0.00 0.00 0.00 0.00 0.00 0.00 0.00 0.00 0.00 0.00 0.00 0.00 0.00 0.00 0.00 0.00 0.00 0.00 0.00 0.00 0.00 0.00 0.00 0.00 0.00 0.00 0.00 0.00 0.00 0.00 0.00 0.00 0.00 0.00 0.00 0.00 0.00 0.00 0.00 0.00 0.00 0.00 0.00 0.00 0.00 0.00 0.00 0.00 
0.00 0.00 0.00 0.00 0.00 0.00 0.00 0.00 773.47 1555.25 1565.45 1979.15 2000.97 2026.66 2055.07 2085.66 2118.15 2152.29 2187.84 2224.55 2262.19 2300.48 2339.20 2378.11 2417.02 2455.74 2494.14 2532.08 2569.46 2606.20 2642.23 2677.48 2711.91 2745.48 2778.16 2809.94 2840.78 2870.68 2899.62 2927.61 2954.63 2980.68 3005.78 3029.90 3053.07 3075.28 3096.54 3116.86 3136.23 3154.67 3172.19 3188.78 3204.45 3219.21 3233.06 3246.01 3258.05 3269.20 3279.44 3288.80 3297.25 3304.81 3311.47 3317.24 3322.10 3326.06 3329.12 3331.28 3332.54 3332.92 3332.42 3331.10 3329.03 3326.35 3323.43 2655.71 2653.94 1326.20 0.00 0.00 0.00 0.00 0.00 0.00 0.00 0.00 
0.00 0.00 0.00 0.00 0.00 0.00 0.00 1531.90 1929.02 2338.67 2362.04 2389.15 2418.22 2449.94 2484.14 2520.63 2559.21 2599.64 2641.67 2685.04 2729.47 2774.69 2820.42 2866.41 2912.44 2958.30 3003.81 3048.83 3093.23 3136.90 3179.76 3221.73 3262.75 3302.78 3341.76 3379.68 3416.51 3452.22 3486.81 3520.26 3552.57 3583.74 3613.75 3642.62 3670.35 3696.94 3722.39 3746.71 3769.91 3792.00 3812.97 3832.84 3851.61 3869.29 3885.88 3901.38 3915.81 3929.16 3941.43 3952.63 3962.75 3971.81 3979.79 3986.69 3992.52 3997.26 4000.94 4003.54 4005.07 4005.54 4004.98 4003.41 4000.90 3997.52 3993.39 3988.49 3983.27 3314.06 2647.83 0.00 0.00 0.00 0.00 0.00 0.00 0.00 
0.00 0.00 0.00 0.00 0.00 756.28 1518.10 2300.94 2324.03 2741.10 2771.60 3203.76 3242.51 3284.84 3330.31 3378.68 3429.69 3483.06 3538.48 3595.63 3654.16 3713.73 3773.99 3834.62 3895.33 3955.87 4015.99 4075.50 4134.23 4192.05 4248.81 4304.44 4358.83 4411.93 4463.68 4514.02 4562.94 4610.39 4656.36 4700.82 4743.78 4785.23 4825.16 4863.57 4900.46 4935.84 4969.72 5002.10 5032.98 5062.38 5090.30 5116.76 5141.75 5165.28 5187.37 5208.01 5227.22 5244.99 5261.33 5276.24 5289.72 5301.77 5312.39 5321.58 5329.34 5335.67 5340.57 5344.05 5346.10 5346.76 5346.04 5343.98 5340.64 5336.09 5330.50 4658.91 4651.88 3980.48 3973.04 2642.71 1320.24 0.00 0.00 0.00 0.00 0.00 
0.00 0.00 0.00 0.00 0.00 1508.52 2284.48 2693.18 2722.75 3146.05 3182.57 3222.43 3465.96 3511.17 3559.51 3610.71 3664.53 3720.71 3778.95 3838.94 3900.34 3962.81 4026.02 4089.64 4153.39 4216.99 4280.21 4342.83 4404.67 4465.59 4525.45 4584.14 4641.57 4697.66 4752.35 4805.58 4857.32 4907.53 4956.18 5003.27 5048.77 5092.67 5134.98 5175.68 5214.79 5252.30 5288.22 5322.55 5355.30 5386.48 5416.10 5444.15 5470.66 5495.63 5519.06 5540.96 5561.33 5580.18 5597.51 5613.32 5627.62 5640.40 5651.67 5661.42 5669.65 5676.37 5681.57 5685.27 5687.46 5688.16 5687.40 5685.20 5681.60 5676.66 5337.43 5329.88 5321.40 4648.23 4638.66 3967.06 2638.44 659.03 0.00 0.00 0.00 0.00 
0.00 0.00 0.00 0.00 1497.53 2266.72 2672.80 3087.71 3122.58 3551.41 3593.00 3637.70 3684.98 3734.11 3785.75 3840.02 3896.81 3955.94 4017.13 4080.09 4144.50 4210.01 4276.29 4343.02 4409.91 4476.66 4543.05 4608.86 4673.88 4737.96 4800.96 4862.76 4923.26 4982.37 5040.03 5096.17 5150.76 5203.75 5255.11 5304.82 5352.87 5399.25 5443.94 5486.95 5528.28 5567.92 5605.89 5642.18 5676.81 5709.77 5741.09 5770.75 5798.78 5825.18 5849.96 5873.11 5894.66 5914.59 5932.91 5949.63 5964.75 5978.26 5990.18 6000.49 6009.19 6016.30 6021.81 6025.71 6028.03 6028.77 6027.94 6025.56 6021.65 6016.20 6009.14 6000.71 5991.08 5316.36 5305.09 4631.23 3959.46 2633.48 0.00 0.00 0.00 0.00 
0.00 0.00 0.00 745.23 1872.74 2271.71 2680.82 3098.08 3522.77 3564.92 3609.00 4053.71 4104.69 4158.99 4216.37 4276.65 4339.66 4405.18 4472.93 4542.59 4613.81 4686.25 4759.53 4833.31 4907.27 4981.11 5054.55 5127.36 5199.34 5270.28 5340.05 5408.51 5475.54 5541.05 5604.96 5667.20 5727.72 5786.49 5843.46 5898.61 5951.92 6003.38 6052.98 6100.71 6146.58 6190.58 6232.73 6273.01 6311.45 6348.05 6382.82 6415.76 6446.88 6476.19 6503.70 6529.41 6553.32 6575.46 6595.80 6614.37 6631.15 6646.16 6659.38 6670.83 6680.50 6688.39 6694.50 6698.84 6701.41 6702.21 6701.28 6698.62 6694.27 6688.28 6680.73 6006.57 5996.23 5984.50 5308.99 4634.19 3961.09 3291.32 1314.27 0.00 0.00 0.00 
0.00 0.00 0.00 1487.86 2251.41 2655.42 3069.29 3491.52 3533.15 3968.11 4015.57 4066.49 4119.13 4174.22 4231.94 4292.28 4355.16 4420.39 4487.74 4556.91 4627.60 4699.47 4772.17 4845.38 4918.77 4992.07 5065.01 5137.35 5208.89 5279.44 5348.85 5416.98 5483.72 5548.96 5612.63 5674.66 5735.00 5793.60 5850.41 5905.43 5958.62 6009.97 6059.47 6107.12 6152.91 6196.85 6238.93 6279.16 6317.55 6354.10 6388.82 6421.72 6452.81 6482.09 6509.56 6535.24 6559.13 6581.24 6601.56 6620.11 6636.87 6651.86 6665.07 6676.50 6686.16 6694.04 6700.15 6704.48 6707.03 6707.83 6706.86 6704.15 6699.71 6693.54 6685.65 6675.96 6664.92 5988.44 5974.91 5298.26 4623.15 3950.98 2626.72 0.00 0.00 0.00 
0.00 0.00 0.00 1486.07 2253.99 2660.34 3075.48 3498.75 3541.83 3977.27 4025.81 4077.00 4130.38 4186.01 4244.00 4304.42 4367.21 4432.23 4499.28 4568.10 4638.38 4709.82 4782.07 4854.83 4927.80 5000.68 5073.22 5145.20 5216.40 5286.64 5355.76 5423.63 5490.13 5555.17 5618.65 5680.52 5740.70 5799.16 5855.86 5910.77 5963.87 6015.13 6064.56 6112.14 6157.87 6201.75 6243.78 6283.97 6322.31 6358.83 6393.52 6426.39 6457.44 6486.69 6514.15 6539.80 6563.67 6585.76 6606.06 6624.59 6641.34 6656.32 6669.52 6680.94 6690.59 6698.46 6704.56 6708.88 6711.43 6712.20 6711.21 6708.45 6703.92 6697.62 6689.55 6679.76 6668.37 5991.67 5977.59 5300.49 4624.85 3951.62 2625.25 0.00 0.00 0.00 
0.00 0.00 0.00 1858.79 2255.53 3042.76 3079.81 3503.84 3935.74 3983.22 4032.70 4084.46 4138.47 4194.46 4252.61 4313.06 4375.77 4440.65 4507.49 4576.06 4646.05 4717.18 4789.12 4861.57 4934.22 5006.81 5079.07 5150.79 5221.74 5291.76 5360.68 5428.37 5494.70 5559.59 5622.94 5684.68 5744.76 5803.12 5859.73 5914.56 5967.59 6018.80 6068.17 6115.70 6161.38 6205.22 6247.22 6287.37 6325.69 6362.18 6396.85 6429.69 6460.73 6489.96 6517.40 6543.04 6566.89 6588.97 6609.26 6627.77 6644.51 6659.48 6672.67 6684.09 6693.73 6701.59 6707.69 6712.00 6714.54 6715.30 6714.29 6711.49 6706.90 6700.50 6692.28 6682.34 6670.71 6657.44 5979.46 5302.02 5286.53 3952.01 3282.11 0.00 0.00 0.00 
0.00 0.00 0.00 1858.80 2256.51 3044.82 3273.45 3506.59 3938.98 3986.64 4036.50 4088.71 4347.43 4405.23 4465.79 4529.01 4594.75 4662.82 4732.99 4804.97 4878.47 4953.15 5028.69 5104.76 5181.04 5257.25 5333.13 5408.42 5482.92 5556.43 5628.79 5699.85 5769.50 5837.62 5904.13 5968.95 6032.03 6093.31 6152.74 6210.31 6265.99 6319.75 6371.59 6421.49 6469.46 6515.49 6559.58 6601.75 6641.98 6680.29 6716.69 6751.18 6783.77 6814.46 6843.27 6870.19 6895.24 6918.41 6939.72 6959.16 6976.74 6992.45 7006.30 7018.29 7028.42 7036.68 7043.07 7047.60 7050.27 7051.08 7050.02 7047.11 7042.34 7035.73 6693.81 6683.75 6672.03 6658.67 5980.52 5302.93 5287.19 4611.78 3281.95 0.00 0.00 0.00 
0.00 0.00 0.00 1858.99 2256.74 3045.13 3273.80 3507.00 3939.46 3987.16 4037.07 4089.32 4348.08 4405.91 4466.48 4529.72 4595.46 4663.52 4733.67 4805.64 4879.11 4953.77 5029.29 5105.33 5181.59 5257.78 5333.63 5408.90 5483.37 5556.86 5629.20 5700.25 5769.88 5837.99 5904.48 5969.30 6032.36 6093.63 6153.06 6210.62 6266.29 6320.04 6371.87 6421.77 6469.74 6515.76 6559.85 6602.01 6642.24 6680.55 6716.95 6751.43 6784.02 6814.71 6843.52 6870.44 6895.49 6918.66 6939.97 6959.41 6976.98 6992.70 7006.55 7018.53 7028.66 7036.92 7043.32 7047.85 7050.51 7051.32 7050.26 7047.34 7042.58 7035.96 6694.02 6683.96 6672.23 6658.87 5980.71 5303.10 5287.36 4611.94 3282.09 0.00 0.00 0.00 
0.00 0.00 0.00 1859.32 2256.22 3043.68 3080.83 3505.07 3937.16 3984.79 4034.42 4086.31 4140.43 4196.51 4254.71 4315.18 4377.89 4442.75 4509.55 4578.05 4647.99 4719.04 4790.91 4863.28 4935.86 5008.37 5080.57 5152.21 5223.10 5293.06 5361.92 5429.56 5495.85 5560.69 5624.00 5685.70 5745.75 5804.08 5860.67 5915.48 5968.48 6019.67 6069.02 6116.54 6162.21 6206.04 6248.02 6288.17 6326.48 6362.96 6397.62 6430.46 6461.49 6490.72 6518.15 6543.79 6567.64 6589.71 6610.00 6628.51 6645.25 6660.21 6673.40 6684.82 6694.46 6702.33 6708.42 6712.73 6715.27 6716.03 6715.01 6712.20 6707.60 6701.18 6692.94 6682.98 6671.33 6658.04 5980.03 5302.54 5287.05 3952.46 3282.51 0.00 0.00 0.00 
0.00 0.00 0.00 1486.81 2255.13 2661.73 3077.18 3500.80 3544.07 3979.91 4028.69 4080.11 4133.69 4189.47 4247.55 4308.00 4370.78 4435.76 4502.73 4571.45 4641.63 4712.94 4785.07 4857.70 4930.54 5003.30 5075.72 5147.58 5218.67 5288.81 5357.84 5425.62 5492.04 5557.01 5620.42 5682.23 5742.36 5800.77 5857.42 5912.29 5965.35 6016.59 6065.99 6113.54 6159.25 6203.11 6245.12 6285.29 6323.63 6360.13 6394.81 6427.67 6458.72 6487.96 6515.40 6541.06 6564.92 6587.00 6607.30 6625.82 6642.57 6657.54 6670.74 6682.16 6691.81 6699.68 6705.78 6710.10 6712.64 6713.41 6712.41 6709.63 6705.08 6698.76 6690.65 6680.82 6669.40 5992.62 5978.52 5301.35 4625.64 3952.35 2625.80 0.00 0.00 0.00 
0.00 0.00 0.00 1488.83 2252.96 2657.35 3071.65 3494.36 3536.29 3971.81 4019.62 4070.91 4123.86 4179.16 4237.00 4297.38 4360.23 4425.38 4492.61 4561.64 4632.17 4703.86 4776.38 4849.41 4922.62 4995.75 5068.51 5140.69 5212.08 5282.48 5351.76 5419.77 5486.39 5551.53 5615.11 5677.06 5737.32 5795.84 5852.60 5907.56 5960.70 6012.01 6061.48 6109.09 6154.85 6198.76 6240.82 6281.03 6319.40 6355.93 6390.64 6423.52 6454.60 6483.86 6511.33 6537.00 6560.88 6582.98 6603.30 6621.84 6638.60 6653.58 6666.79 6678.22 6687.88 6695.76 6701.86 6706.19 6708.75 6709.54 6708.56 6705.83 6701.35 6695.14 6687.20 6677.45 6666.36 5989.75 5976.19 5299.43 4624.22 3951.95 2627.40 0.00 0.00 0.00 
0.00 0.00 0.00 745.85 1874.42 2273.91 2683.58 3101.45 3526.80 3569.40 3613.96 4059.52 4110.93 4165.53 4223.05 4283.35 4346.30 4411.69 4479.26 4548.72 4619.73 4691.93 4764.97 4838.51 4912.23 4985.84 5059.06 5131.66 5203.43 5274.19 5343.79 5412.08 5478.97 5544.35 5608.14 5670.27 5730.70 5789.38 5846.27 5901.35 5954.60 6006.01 6055.56 6103.25 6149.08 6193.05 6235.16 6275.42 6313.83 6350.41 6385.16 6418.08 6449.18 6478.48 6505.98 6531.67 6555.58 6577.70 6598.04 6616.60 6633.38 6648.38 6661.60 6673.05 6682.71 6690.60 6696.72 6701.06 6703.62 6704.43 6703.48 6700.80 6696.42 6690.36 6682.73 6008.36 5997.95 5986.16 5310.49 4635.52 3962.28 3292.35 1314.68 0.00 0.00 0.00 
0.00 0.00 0.00 0.00 1499.17 2269.41 2676.18 3091.80 3127.07 3556.91 3599.17 3644.58 3692.50 3742.00 3793.76 3848.00 3904.67 3963.60 4024.57 4087.27 4151.40 4216.62 4282.61 4349.05 4415.65 4482.13 4548.26 4613.81 4678.61 4742.47 4805.27 4866.89 4927.22 4986.19 5043.71 5099.73 5154.20 5207.09 5258.36 5308.00 5355.98 5402.29 5446.93 5489.89 5531.17 5570.78 5608.71 5644.97 5679.57 5712.51 5743.80 5773.45 5801.46 5827.85 5852.61 5875.75 5897.28 5917.20 5935.51 5952.23 5967.34 5980.85 5992.76 6003.06 6011.77 6018.88 6024.39 6028.30 6030.62 6031.36 6030.53 6028.13 6024.17 6018.64 6011.46 6002.90 5993.16 5318.19 5306.88 4632.81 3960.84 2634.45 0.00 0.00 0.00 0.00 
0.00 0.00 0.00 0.00 0.00 1510.92 2288.10 2697.48 2727.46 3152.04 3189.41 3230.32 3475.18 3520.78 3569.16 3620.23 3673.82 3729.72 3787.65 3847.31 3908.37 3970.49 4033.35 4096.62 4160.03 4223.31 4286.21 4348.54 4410.12 4470.78 4530.41 4588.90 4646.13 4702.05 4756.58 4809.67 4861.28 4911.38 4959.94 5006.93 5052.35 5096.19 5138.43 5179.08 5218.14 5255.60 5291.48 5325.78 5358.50 5389.65 5419.24 5447.28 5473.77 5498.71 5522.13 5544.01 5564.37 5583.21 5600.53 5616.33 5630.62 5643.39 5654.66 5664.40 5672.64 5679.36 5684.57 5688.27 5690.48 5691.19 5690.43 5688.22 5684.59 5679.55 5340.01 5332.27 5323.64 4650.14 4640.51 3968.64 2639.53 659.30 0.00 0.00 0.00 0.00 
0.00 0.00 0.00 0.00 0.00 757.97 1521.45 2305.15 2328.65 2747.25 2778.75 3213.34 3253.91 3296.47 3341.74 3389.78 3440.42 3493.40 3548.43 3605.18 3663.29 3722.44 3782.28 3842.51 3902.82 3962.98 4022.75 4081.93 4140.35 4197.88 4254.39 4309.77 4363.96 4416.86 4468.43 4518.63 4567.40 4614.73 4660.59 4704.96 4747.83 4789.20 4829.06 4867.40 4904.24 4939.58 4973.41 5005.75 5036.60 5065.97 5093.87 5120.29 5145.26 5168.78 5190.85 5211.48 5230.67 5248.42 5264.75 5279.65 5293.12 5305.16 5315.78 5324.97 5332.73 5339.06 5343.97 5347.46 5349.54 5350.22 5349.52 5347.48 5344.13 5339.49 5333.54 4661.38 4654.17 3982.37 3974.85 2643.92 1320.83 0.00 0.00 0.00 0.00 0.00 
0.00 0.00 0.00 0.00 0.00 0.00 381.82 1534.49 1933.15 2344.57 2369.03 2397.70 2833.41 2869.18 2908.30 2950.31 2994.84 3041.59 3090.23 3140.46 3191.92 3244.31 3297.30 3350.61 3403.97 3457.15 3509.95 3562.19 3613.72 3664.44 3714.22 3762.99 3810.67 3857.20 3902.54 3946.65 3989.50 4031.06 4071.33 4110.27 4147.89 4184.19 4219.15 4252.78 4285.09 4316.07 4345.73 4374.07 4401.12 4426.86 4451.30 4474.46 4496.35 4516.95 4536.29 4554.37 4571.19 4586.75 4601.06 4614.12 4625.92 4636.48 4645.78 4653.84 4660.64 4666.19 4670.48 4673.53 4675.35 4675.94 4675.33 4673.57 4670.72 4666.88 3996.09 3990.89 3985.48 3315.81 2649.19 0.00 0.00 0.00 0.00 0.00 0.00 0.00 
0.00 0.00 0.00 0.00 0.00 0.00 0.00 0.00 775.39 1559.63 1570.59 1986.97 2011.05 2036.87 2064.94 2095.13 2127.22 2160.98 2196.16 2232.51 2269.78 2307.71 2346.07 2384.62 2423.19 2461.59 2499.69 2537.35 2574.47 2610.97 2646.78 2681.84 2716.10 2749.51 2782.06 2813.70 2844.43 2874.23 2903.09 2931.00 2957.95 2983.94 3008.98 3033.06 3056.18 3078.36 3099.58 3119.87 3139.22 3157.64 3175.13 3191.70 3207.35 3222.09 3235.93 3248.86 3260.90 3272.03 3282.27 3291.61 3300.06 3307.61 3314.27 3320.03 3324.90 3328.86 3331.93 3334.11 3335.39 3335.80 3335.34 3334.06 3332.01 3329.27 3325.90 2657.48 2655.57 1326.99 0.00 0.00 0.00 0.00 0.00 0.00 0.00 0.00 
0.00 0.00 0.00 0.00 0.00 0.00 0.00 0.00 0.00 0.00 0.00 0.00 407.76 411.13 415.99 421.66 427.86 434.46 441.37 448.52 455.86 463.34 470.91 478.52 486.15 493.74 501.29 508.76 516.12 523.37 530.49 537.46 544.27 550.92 557.40 563.71 569.83 575.77 581.52 587.09 592.46 597.65 602.65 607.45 612.07 616.50 620.73 624.79 628.65 632.33 635.82 639.13 642.26 645.20 647.96 650.55 652.95 655.17 657.22 659.08 660.77 662.28 663.61 664.76 665.73 666.52 667.14 667.58 667.84 667.93 667.87 667.66 667.35 667.04 0.00 0.00 0.00 0.00 0.00 0.00 0.00 0.00 0.00 0.00 0.00 0.00 
0.00 0.00 0.00 0.00 0.00 0.00 0.00 0.00 0.00 0.00 0.00 0.00 0.00 0.00 0.00 0.00 0.00 0.00 0.00 0.00 0.00 0.00 0.00 0.00 0.00 0.00 0.00 0.00 0.00 0.00 0.00 0.00 0.00 0.00 0.00 0.00 0.00 0.00 0.00 0.00 0.00 0.00 0.00 0.00 0.00 0.00 0.00 0.00 0.00 0.00 0.00 0.00 0.00 0.00 0.00 0.00 0.00 0.00 0.00 0.00 0.00 0.00 0.00 0.00 0.00 0.00 0.00 0.00 0.00 0.00 0.00 0.00 0.00 0.00 0.00 0.00 0.00 0.00 0.00 0.00 0.00 0.00 0.00 0.00 0.00 0.00 
0.00 0.00 0.00 0.00 0.00 0.00 0.00 0.00 0.00 0.00 0.00 0.00 0.00 0.00 0.00 0.00 0.00 0.00 0.00 0.00 0.00 0.00 0.00 0.00 0.00 0.00 0.00 0.00 0.00 0.00 0.00 0.00 0.00 0.00 0.00 0.00 0.00 0.00 0.00 0.00 0.00 0.00 0.00 0.00 0.00 0.00 0.00 0.00 0.00 0.00 0.00 0.00 0.00 0.00 0.00 0.00 0.00 0.00 0.00 0.00 0.00 0.00 0.00 0.00 0.00 0.00 0.00 0.00 0.00 0.00 0.00 0.00 0.00 0.00 0.00 0.00 0.00 0.00 0.00 0.00 0.00 0.00 0.00 0.00 0.00 0.00 
0.00 0.00 0.00 0.00 0.00 0.00 0.00 0.00 0.00 0.00 0.00 0.00 0.00 0.00 0.00 0.00 0.00 0.00 0.00 0.00 0.00 0.00 0.00 0.00 0.00 0.00 0.00 0.00 0.00 0.00 0.00 0.00 0.00 0.00 0.00 0.00 0.00 0.00 0.00 0.00 0.00 0.00 0.00 0.00 0.00 0.00 0.00 0.00 0.00 0.00 0.00 0.00 0.00 0.00 0.00 0.00 0.00 0.00 0.00 0.00 0.00 0.00 0.00 0.00 0.00 0.00 0.00 0.00 0.00 0.00 0.00 0.00 0.00 0.00 0.00 0.00 0.00 0.00 0.00 0.00 0.00 0.00 0.00 0.00 0.00 0.00 
