0.00 0.00 0.00 0.00 0.00 0.00 0.00 0.00 0.00 0.00 0.00 0.00 0.00 0.00 0.00 0.00 0.00 0.00 0.00 0.00 0.00 0.00 0.00 0.00 0.00 0.00 0.00 0.00 0.00 0.00 0.00 0.00 0.00 0.00 0.00 0.00 0.00 0.00 0.00 0.00 0.00 0.00 0.00 0.00 0.00 0.00 0.00 0.00 0.00 0.00 0.00 0.00 0.00 0.00 0.00 0.00 0.00 0.00 0.00 0.00 0.00 0.00 0.00 0.00 0.00 0.00 0.00 0.00 0.00 0.00 0.00 0.00 0.00 0.00 0.00 0.00 0.00 0.00 0.00 0.00 0.00 0.00 0.00 0.00 0.00 0.00 
0.00 0.00 0.00 0.00 0.00 0.00 0.00 0.00 0.00 0.00 0.00 0.00 0.00 0.00 0.00 0.00 0.00 0.00 0.00 0.00 0.00 0.00 0.00 0.00 0.00 0.00 0.00 0.00 0.00 0.00 0.00 0.00 0.00 0.00 0.00 0.00 0.00 0.00 0.00 0.00 0.00 0.00 0.00 0.00 0.00 0.00 0.00 0.00 0.00 0.00 0.00 0.00 0.00 0.00 0.00 0.00 0.00 0.00 0.00 0.00 0.00 0.00 0.00 0.00 0.00 0.00 0.00 0.00 0.00 0.00 0.00 0.00 0.00 0.00 0.00 0.00 0.00 0.00 0.00 0.00 0.00 0.00 0.00 0.00 0.00 0.00 
0.00 0.00 0.00 0.00 0.00 0.00 0.00 0.00 0.00 0.00 0.00 0.00 0.00 0.00 0.00 0.00 0.00 0.00 0.00 0.00 0.00 0.00 0.00 0.00 0.00 0.00 0.00 0.00 0.00 0.00 0.00 0.00 0.00 0.00 0.00 0.00 0.00 0.00 0.00 0.00 0.00 0.00 0.00 0.00 0.00 0.00 0.00 0.00 0.00 0.00 0.00 0.00 0.00 0.00 0.00 0.00 0.00 0.00 0.00 0.00 0.00 0.00 0.00 0.00 0.00 0.00 0.00 0.00 0.00 0.00 0.00 0.00 0.00 0.00 0.00 0.00 0.00 0.00 0.00 0.00 0.00 0.00 0.00 0.00 0.00 0.00 
0.00 0.00 0.00 0.00 0.00 0.00 0.00 0.00 1307.79 2617.06 2619.06 3278.51 3282.58 3286.88 3291.06 3294.95 3298.47 3301.60 3304.33 3306.64 3308.54 3310.02 3311.08 3311.73 3311.96 3311.77 3311.16 3310.13 3308.65 3306.74 3304.37 3301.53 3298.22 3294.40 3290.07 3285.21 3279.80 3273.80 3267.21 3259.98 3252.10 3243.53 3234.25 3224.22 3213.40 3201.78 3189.30 3175.93 3161.64 3146.38 3130.12 3112.83 3094.45 3074.95 3054.30 3032.44 3009.35 2984.99 2959.31 2932.29 2903.89 2874.08 2842.83 2810.13 2775.96 2740.32 2703.21 2664.68 2624.77 2583.61 2541.39 2498.44 2455.36 2413.24 2374.39 1865.09 1842.62 910.44 0.00 0.00 0.00 0.00 0.00 0.00 0.00 0.00 
0.00 0.00 0.00 0.00 0.00 0.00 0.00 2611.32 3268.35 3928.83 3934.83 3940.94 3946.69 3952.17 3957.30 3962.00 3966.26 3970.04 3973.32 3976.11 3978.40 3980.19 3981.48 3982.27 3982.55 3982.33 3981.60 3980.35 3978.58 3976.27 3973.42 3970.00 3965.99 3961.39 3956.17 3950.31 3943.78 3936.55 3928.59 3919.88 3910.38 3900.06 3888.87 3876.79 3863.77 3849.77 3834.75 3818.67 3801.48 3783.14 3763.60 3742.82 3720.75 3697.35 3672.56 3646.35 3618.66 3589.46 3558.71 3526.36 3492.39 3456.75 3419.43 3380.40 3339.66 3297.22 3253.09 3207.33 3160.02 3111.32 3061.43 3010.69 2959.59 2908.73 2858.76 2809.04 2763.89 2261.33 1782.26 0.00 0.00 0.00 0.00 0.00 0.00 0.00 
0.00 0.00 0.00 0.00 0.00 1302.90 2607.26 3919.16 3926.83 4589.75 4597.89 5262.22 5270.07 5277.51 5284.41 5290.73 5296.43 5301.48 5305.88 5309.61 5312.68 5315.08 5316.81 5317.87 5318.25 5317.96 5316.99 5315.33 5312.96 5309.87 5306.05 5301.47 5296.11 5289.96 5282.97 5275.12 5266.38 5256.70 5246.06 5234.40 5221.69 5207.88 5192.93 5176.77 5159.37 5140.66 5120.60 5099.11 5076.16 5051.67 5025.59 4997.86 4968.42 4937.21 4904.16 4869.23 4832.35 4793.47 4752.53 4709.49 4664.31 4616.95 4567.37 4515.57 4461.55 4405.31 4346.91 4286.43 4224.00 4159.82 4094.19 4027.54 3960.46 3893.76 3828.76 3289.53 3232.47 2716.66 2668.29 1738.79 858.96 0.00 0.00 0.00 0.00 0.00 
0.00 0.00 0.00 0.00 0.00 2604.04 3914.50 4576.96 4586.92 5251.80 5261.66 5271.16 5608.61 5616.73 5624.20 5631.01 5637.12 5642.54 5647.24 5651.24 5654.52 5657.09 5658.94 5660.08 5660.50 5660.20 5659.17 5657.39 5654.87 5651.58 5647.50 5642.62 5636.90 5630.33 5622.87 5614.50 5605.17 5594.85 5583.49 5571.06 5557.51 5542.79 5526.85 5509.63 5491.09 5471.16 5449.79 5426.92 5402.49 5376.44 5348.70 5319.21 5287.92 5254.75 5219.65 5182.56 5143.42 5102.17 5058.77 5013.16 4965.30 4915.17 4862.73 4807.99 4750.93 4691.60 4630.04 4566.35 4500.67 4433.20 4364.26 4294.23 4223.71 4153.52 3840.67 3770.96 3703.62 3176.54 3116.37 2615.98 1707.01 421.94 0.00 0.00 0.00 0.00 
0.00 0.00 0.00 0.00 2599.74 3908.23 4570.81 5235.64 5247.42 5914.03 5925.26 5935.90 5945.81 5954.76 5962.87 5970.19 5976.74 5982.53 5987.55 5991.81 5995.31 5998.05 6000.03 6001.24 6001.70 6001.38 6000.29 5998.41 5995.73 5992.24 5987.91 5982.72 5976.65 5969.67 5961.75 5952.85 5942.94 5931.98 5919.92 5906.72 5892.33 5876.70 5859.77 5841.50 5821.83 5800.69 5778.02 5753.77 5727.87 5700.25 5670.86 5639.62 5606.47 5571.35 5534.20 5494.95 5453.54 5409.92 5364.04 5315.84 5265.29 5212.37 5157.04 5099.29 5039.15 4976.64 4911.82 4844.79 4775.68 4704.68 4632.05 4558.10 4483.13 4407.26 4329.71 4251.95 4175.80 3638.83 3568.96 3056.94 2563.73 1675.55 0.00 0.00 0.00 0.00 
0.00 0.00 0.00 1298.44 3250.21 3910.88 4574.90 5240.81 5907.82 5920.72 5932.80 6600.45 6611.14 6621.03 6630.08 6638.27 6645.60 6652.07 6657.68 6662.43 6666.34 6669.40 6671.60 6672.96 6673.47 6673.13 6671.91 6669.82 6666.84 6662.96 6658.14 6652.36 6645.61 6637.84 6629.02 6619.12 6608.08 6595.88 6582.46 6567.77 6551.76 6534.37 6515.54 6495.22 6473.33 6449.82 6424.61 6397.65 6368.85 6338.15 6305.48 6270.77 6233.94 6194.92 6153.65 6110.06 6064.09 6015.66 5964.74 5911.27 5855.20 5796.50 5735.16 5671.16 5604.53 5535.29 5463.51 5389.28 5312.76 5234.13 5153.65 5071.67 4988.60 4905.04 4822.00 4263.27 4183.82 4103.89 3574.97 3060.61 2563.86 2089.53 823.33 0.00 0.00 0.00 
0.00 0.00 0.00 2595.50 3902.34 4565.22 5231.11 5898.80 5913.01 6581.61 6594.55 6606.83 6617.98 6628.14 6637.37 6645.68 6653.09 6659.62 6665.27 6670.06 6674.00 6677.07 6679.30 6680.67 6681.19 6680.84 6679.63 6677.54 6674.56 6670.66 6665.83 6660.04 6653.26 6645.47 6636.63 6626.70 6615.64 6603.40 6589.95 6575.22 6559.17 6541.74 6522.88 6502.51 6480.59 6457.04 6431.80 6404.80 6375.98 6345.25 6312.56 6277.84 6241.00 6201.99 6160.74 6117.18 6071.25 6022.88 5972.04 5918.67 5862.73 5804.20 5743.05 5679.28 5612.91 5543.98 5472.54 5398.69 5322.54 5244.28 5164.10 5082.26 4999.04 4914.72 4829.43 4742.28 4656.95 4109.83 4028.25 3502.97 2995.65 2510.38 1639.41 0.00 0.00 0.00 
0.00 0.00 0.00 2594.51 3903.61 4567.66 5234.22 5902.41 5917.24 6586.09 6599.45 6611.89 6623.29 6633.66 6643.03 6651.44 6658.92 6665.50 6671.20 6676.02 6679.97 6683.07 6685.30 6686.69 6687.21 6686.87 6685.66 6683.57 6680.58 6676.67 6671.83 6666.03 6659.24 6651.43 6642.57 6632.62 6621.54 6609.28 6595.80 6581.04 6564.96 6547.51 6528.61 6508.22 6486.26 6462.69 6437.42 6410.40 6381.55 6350.81 6318.11 6283.37 6246.54 6207.53 6166.30 6122.76 6076.87 6028.56 5977.78 5924.50 5868.67 5810.27 5749.28 5685.70 5619.55 5550.86 5479.70 5406.13 5330.29 5252.30 5172.34 5090.59 5007.23 4922.43 4836.34 4749.37 4662.97 4115.76 4032.50 3506.24 2998.37 2510.25 1633.17 0.00 0.00 0.00 
0.00 0.00 0.00 3243.74 3904.37 5221.21 5236.44 5904.95 6574.52 6589.16 6602.80 6615.44 6627.05 6637.57 6647.04 6655.52 6663.06 6669.68 6675.40 6680.24 6684.21 6687.32 6689.56 6690.95 6691.48 6691.15 6689.94 6687.84 6684.85 6680.94 6676.09 6670.28 6663.48 6655.66 6646.79 6636.82 6625.72 6613.44 6599.94 6585.17 6569.07 6551.59 6532.68 6512.26 6490.29 6466.69 6441.41 6414.37 6385.51 6354.76 6322.05 6287.31 6250.47 6211.48 6170.25 6126.74 6080.88 6032.61 5981.89 5928.68 5872.94 5814.64 5753.77 5690.33 5624.35 5555.85 5484.89 5411.54 5335.93 5258.16 5178.40 5096.78 5013.42 4928.36 4841.59 4753.99 4666.13 4577.83 4035.64 3507.80 3431.67 2509.74 2043.39 0.00 0.00 0.00 
0.00 0.00 0.00 3243.72 3904.85 5222.22 5564.19 5906.36 6576.11 6590.86 6604.63 6617.41 6958.70 6969.58 6979.44 6988.31 6996.21 7003.15 7009.16 7014.24 7018.41 7021.68 7024.04 7025.50 7026.05 7025.70 7024.43 7022.23 7019.09 7014.98 7009.89 7003.79 6996.65 6988.44 6979.12 6968.66 6957.00 6944.11 6929.94 6914.42 6897.52 6879.17 6859.31 6837.88 6814.81 6790.03 6763.49 6735.10 6704.80 6672.52 6638.18 6601.71 6563.04 6522.11 6478.83 6433.16 6385.02 6334.36 6281.13 6225.29 6166.79 6105.62 6041.75 5975.19 5905.97 5834.11 5759.68 5682.78 5603.51 5522.04 5438.59 5353.41 5266.86 5179.40 4845.04 4756.92 4668.64 4580.57 4037.72 3509.29 3432.26 2934.06 2042.51 0.00 0.00 0.00 
0.00 0.00 0.00 3243.84 3904.99 5222.39 5564.37 5906.56 6576.34 6591.10 6604.88 6617.67 6958.97 6969.87 6979.74 6988.62 6996.52 7003.47 7009.48 7014.57 7018.74 7022.00 7024.37 7025.82 7026.38 7026.03 7024.76 7022.56 7019.42 7015.31 7010.22 7004.12 6996.98 6988.77 6979.45 6968.98 6957.32 6944.43 6930.26 6914.74 6897.84 6879.49 6859.63 6838.19 6815.12 6790.35 6763.80 6735.42 6705.12 6672.84 6638.50 6602.04 6563.38 6522.45 6479.18 6433.52 6385.40 6334.75 6281.54 6225.72 6167.25 6106.10 6042.27 5975.76 5906.58 5834.78 5760.41 5683.56 5604.36 5522.95 5439.56 5354.43 5267.92 5180.49 4846.13 4758.01 4669.71 4581.62 4038.69 3510.14 3433.08 2934.75 2043.06 0.00 0.00 0.00 
0.00 0.00 0.00 3244.08 3904.78 5221.71 5236.97 5905.55 6575.19 6589.88 6603.56 6616.23 6627.89 6638.44 6647.94 6656.44 6664.00 6670.63 6676.36 6681.21 6685.19 6688.30 6690.55 6691.94 6692.47 6692.13 6690.92 6688.83 6685.83 6681.92 6677.07 6671.26 6664.46 6656.64 6647.76 6637.79 6626.69 6614.41 6600.90 6586.13 6570.02 6552.54 6533.62 6513.21 6491.23 6467.64 6442.36 6415.32 6386.46 6355.72 6323.02 6288.29 6251.47 6212.50 6171.30 6127.82 6081.99 6033.77 5983.11 5929.97 5874.30 5816.09 5755.33 5692.02 5626.18 5557.83 5487.04 5413.89 5338.46 5260.89 5181.31 5099.84 5016.61 4931.62 4844.89 4757.27 4669.36 4580.96 4038.54 3510.36 3434.13 2511.68 2044.99 0.00 0.00 0.00 
0.00 0.00 0.00 2594.98 3904.28 4568.43 5235.10 5903.41 5918.29 6587.28 6600.71 6613.22 6624.69 6635.12 6644.54 6652.99 6660.50 6667.10 6672.81 6677.64 6681.61 6684.71 6686.95 6688.33 6688.86 6688.52 6687.31 6685.22 6682.23 6678.32 6673.48 6667.67 6660.88 6653.07 6644.20 6634.24 6623.15 6610.89 6597.40 6582.64 6566.56 6549.09 6530.19 6509.80 6487.84 6464.27 6439.00 6411.98 6383.14 6352.41 6319.73 6285.01 6248.20 6209.23 6168.04 6124.55 6078.72 6030.49 5979.81 5926.64 5870.94 5812.69 5751.88 5688.50 5622.59 5554.16 5483.29 5410.04 5334.53 5256.87 5177.23 5095.75 5012.61 4927.93 4841.88 4754.87 4668.39 4120.68 4037.33 3510.53 3002.13 2513.49 1635.37 0.00 0.00 0.00 
0.00 0.00 0.00 2596.11 3903.24 4566.28 5232.34 5900.20 5914.48 6583.27 6596.30 6608.70 6619.96 6630.21 6639.50 6647.86 6655.32 6661.87 6667.55 6672.35 6676.29 6679.38 6681.61 6682.99 6683.51 6683.16 6681.95 6679.86 6676.87 6672.97 6668.14 6662.34 6655.56 6647.76 6638.92 6628.98 6617.91 6605.67 6592.20 6577.47 6561.41 6543.97 6525.10 6504.73 6482.81 6459.26 6434.02 6407.03 6378.21 6347.50 6314.83 6280.13 6243.33 6204.37 6163.17 6119.68 6073.83 6025.58 5974.86 5921.64 5865.88 5807.56 5746.66 5683.18 5617.14 5548.58 5477.55 5404.15 5328.49 5250.72 5171.02 5089.59 5006.68 4922.55 4837.28 4750.02 4664.55 4116.73 4034.96 3508.91 3000.82 2514.76 1642.24 0.00 0.00 0.00 
0.00 0.00 0.00 1298.81 3251.19 3912.09 4576.33 5242.46 5909.70 5922.71 5934.92 6602.88 6613.71 6623.72 6632.86 6641.12 6648.49 6654.99 6660.62 6665.40 6669.31 6672.38 6674.59 6675.96 6676.47 6676.12 6674.91 6672.82 6669.84 6665.94 6661.12 6655.34 6648.58 6640.80 6631.97 6622.06 6611.02 6598.80 6585.37 6570.67 6554.65 6537.25 6518.41 6498.08 6476.19 6452.67 6427.47 6400.51 6371.72 6341.04 6308.39 6273.71 6236.93 6197.97 6156.77 6113.27 6067.40 6019.11 5968.34 5915.05 5859.21 5800.78 5739.75 5676.12 5609.91 5541.15 5469.91 5396.29 5320.42 5242.47 5162.66 5081.27 4998.66 4915.34 4832.29 4272.68 4193.00 4112.79 3582.88 3067.47 2569.67 2094.26 825.07 0.00 0.00 0.00 
0.00 0.00 0.00 0.00 2600.69 3909.69 4572.55 5237.63 5249.51 5916.45 5927.86 5938.71 5948.84 5957.94 5966.15 5973.54 5980.13 5985.95 5990.99 5995.26 5998.77 6001.52 6003.50 6004.73 6005.18 6004.87 6003.77 6001.89 5999.21 5995.71 5991.38 5986.18 5980.10 5973.11 5965.18 5956.27 5946.35 5935.37 5923.30 5910.08 5895.68 5880.04 5863.10 5844.82 5825.14 5804.00 5781.33 5757.08 5731.19 5703.59 5674.22 5643.02 5609.92 5574.86 5537.78 5498.63 5457.34 5413.86 5368.15 5320.16 5269.87 5217.24 5162.26 5104.93 5045.27 4983.32 4919.14 4852.82 4784.51 4714.37 4642.61 4569.46 4495.13 4419.54 4341.82 4263.69 4187.13 3648.75 3578.55 3065.21 2570.66 1680.07 0.00 0.00 0.00 0.00 
0.00 0.00 0.00 0.00 0.00 2605.33 3916.35 4579.07 4589.12 5254.42 5264.50 5274.31 5612.20 5620.50 5628.08 5634.94 5641.09 5646.53 5651.25 5655.25 5658.54 5661.12 5662.98 5664.12 5664.54 5664.24 5663.21 5661.44 5658.91 5655.61 5651.52 5646.63 5640.91 5634.33 5626.86 5618.47 5609.12 5598.78 5587.41 5574.97 5561.40 5546.66 5530.71 5513.48 5494.92 5474.99 5453.62 5430.75 5406.33 5380.29 5352.58 5323.13 5291.89 5258.78 5223.76 5186.77 5147.76 5106.67 5063.45 5018.07 4970.49 4920.69 4868.64 4814.36 4757.85 4699.15 4638.33 4575.50 4510.79 4444.41 4376.61 4307.74 4238.18 4168.44 3854.44 3783.97 3715.99 3187.04 3126.46 2624.40 1712.57 423.25 0.00 0.00 0.00 0.00 
0.00 0.00 0.00 0.00 0.00 1303.76 2608.93 3921.27 3929.00 4592.42 4600.83 5265.94 5274.33 5281.94 5288.91 5295.26 5300.97 5306.03 5310.44 5314.18 5317.25 5319.65 5321.39 5322.45 5322.84 5322.56 5321.58 5319.91 5317.54 5314.45 5310.61 5306.03 5300.66 5294.49 5287.49 5279.62 5270.86 5261.17 5250.50 5238.83 5226.10 5212.27 5197.30 5181.13 5163.71 5145.00 5124.93 5103.44 5080.50 5056.02 5029.97 5002.27 4972.88 4941.73 4908.77 4873.94 4837.19 4798.47 4757.73 4714.93 4670.04 4623.03 4573.87 4522.57 4469.14 4413.61 4356.04 4296.54 4235.25 4172.40 4108.27 4043.26 3977.78 3912.10 3845.46 3303.20 3245.33 2727.22 2678.36 1745.28 862.03 0.00 0.00 0.00 0.00 0.00 
0.00 0.00 0.00 0.00 0.00 0.00 652.82 2612.81 3270.32 3931.39 3937.69 3944.24 4608.36 4614.66 4620.58 4626.04 4630.98 4635.38 4639.20 4642.45 4645.12 4647.21 4648.72 4649.64 4649.97 4649.72 4648.86 4647.41 4645.33 4642.64 4639.30 4635.30 4630.62 4625.24 4619.14 4612.28 4604.65 4596.20 4586.90 4576.72 4565.62 4553.57 4540.50 4526.40 4511.20 4494.86 4477.33 4458.58 4438.53 4417.15 4394.38 4370.17 4344.46 4317.22 4288.38 4257.89 4225.71 4191.80 4156.10 4118.59 4079.22 4037.97 3994.81 3949.75 3902.79 3853.95 3803.29 3750.89 3696.89 3641.50 3585.05 3527.99 3471.02 3415.29 2873.70 2822.55 2776.49 2271.34 1789.96 0.00 0.00 0.00 0.00 0.00 0.00 0.00 
0.00 0.00 0.00 0.00 0.00 0.00 0.00 0.00 1308.69 2618.95 2621.15 3281.52 3286.23 3290.68 3294.88 3298.75 3302.27 3305.39 3308.12 3310.43 3312.32 3313.81 3314.87 3315.52 3315.76 3315.57 3314.96 3313.92 3312.45 3310.52 3308.15 3305.30 3301.97 3298.15 3293.81 3288.93 3283.50 3277.49 3270.88 3263.64 3255.74 3247.15 3237.86 3227.81 3216.98 3205.34 3192.86 3179.49 3165.20 3149.95 3133.71 3116.43 3098.08 3078.63 3058.03 3036.26 3013.26 2989.01 2963.48 2936.64 2908.46 2878.91 2847.99 2815.67 2781.97 2746.89 2710.47 2672.77 2633.87 2593.91 2553.13 2511.84 2470.45 2429.41 2388.24 1875.25 1852.03 914.98 0.00 0.00 0.00 0.00 0.00 0.00 0.00 0.00 
0.00 0.00 0.00 0.00 0.00 0.00 0.00 0.00 0.00 0.00 0.00 0.00 658.84 659.40 660.10 660.82 661.50 662.11 662.65 663.11 663.49 663.79 664.00 664.13 664.18 664.15 664.02 663.81 663.52 663.13 662.66 662.08 661.42 660.65 659.78 658.80 657.71 656.50 655.17 653.72 652.13 650.41 648.55 646.53 644.36 642.03 639.52 636.84 633.98 630.93 627.67 624.22 620.54 616.65 612.53 608.18 603.58 598.74 593.64 588.28 582.65 576.76 570.60 564.16 557.46 550.50 543.28 535.83 528.19 520.42 512.64 505.08 498.21 493.19 0.00 0.00 0.00 0.00 0.00 0.00 0.00 0.00 0.00 0.00 0.00 0.00 
0.00 0.00 0.00 0.00 0.00 0.00 0.00 0.00 0.00 0.00 0.00 0.00 0.00 0.00 0.00 0.00 0.00 0.00 0.00 0.00 0.00 0.00 0.00 0.00 0.00 0.00 0.00 0.00 0.00 0.00 0.00 0.00 0.00 0.00 0.00 0.00 0.00 0.00 0.00 0.00 0.00 0.00 0.00 0.00 0.00 0.00 0.00 0.00 0.00 0.00 0.00 0.00 0.00 0.00 0.00 0.00 0.00 0.00 0.00 0.00 0.00 0.00 0.00 0.00 0.00 0.00 0.00 0.00 0.00 0.00 0.00 0.00 0.00 0.00 0.00 0.00 0.00 0.00 0.00 0.00 0.00 0.00 0.00 0.00 0.00 0.00 
0.00 0.00 0.00 0.00 0.00 0.00 0.00 0.00 0.00 0.00 0.00 0.00 0.00 0.00 0.00 0.00 0.00 0.00 0.00 0.00 0.00 0.00 0.00 0.00 0.00 0.00 0.00 0.00 0.00 0.00 0.00 0.00 0.00 0.00 0.00 0.00 0.00 0.00 0.00 0.00 0.00 0.00 0.00 0.00 0.00 0.00 0.00 0.00 0.00 0.00 0.00 0.00 0.00 0.00 0.00 0.00 0.00 0.00 0.00 0.00 0.00 0.00 0.00 0.00 0.00 0.00 0.00 0.00 0.00 0.00 0.00 0.00 0.00 0.00 0.00 0.00 0.00 0.00 0.00 0.00 0.00 0.00 0.00 0.00 0.00 0.00 
0.00 0.00 0.00 0.00 0.00 0.00 0.00 0.00 0.00 0.00 0.00 0.00 0.00 0.00 0.00 0.00 0.00 0.00 0.00 0.00 0.00 0.00 0.00 0.00 0.00 0.00 0.00 0.00 0.00 0.00 0.00 0.00 0.00 0.00 0.00 0.00 0.00 0.00 0.00 0.00 0.00 0.00 0.00 0.00 0.00 0.00 0.00 0.00 0.00 0.00 0.00 0.00 0.00 0.00 0.00 0.00 0.00 0.00 0.00 0.00 0.00 0.00 0.00 0.00 0.00 0.00 0.00 0.00 0.00 0.00 0.00 0.00 0.00 0.00 0.00 0.00 0.00 0.00 0.00 0.00 0.00 0.00 0.00 0.00 0.00 0.00 
