0.00 0.00 0.00 0.00 0.00 0.00 0.00 0.00 0.00 0.00 0.00 0.00 0.00 0.00 0.00 0.00 0.00 0.00 0.00 0.00 0.00 0.00 0.00 0.00 0.00 0.00 0.00 0.00 0.00 0.00 0.00 0.00 0.00 0.00 0.00 0.00 0.00 0.00 0.00 0.00 0.00 0.00 0.00 0.00 0.00 0.00 0.00 0.00 0.00 0.00 0.00 0.00 0.00 0.00 0.00 0.00 0.00 0.00 0.00 0.00 0.00 0.00 0.00 0.00 0.00 0.00 0.00 0.00 0.00 0.00 0.00 0.00 0.00 0.00 0.00 0.00 0.00 0.00 0.00 0.00 0.00 0.00 0.00 0.00 0.00 0.00 
0.00 0.00 0.00 0.00 0.00 0.00 0.00 0.00 0.00 0.00 0.00 0.00 0.00 0.00 0.00 0.00 0.00 0.00 0.00 0.00 0.00 0.00 0.00 0.00 0.00 0.00 0.00 0.00 0.00 0.00 0.00 0.00 0.00 0.00 0.00 0.00 0.00 0.00 0.00 0.00 0.00 0.00 0.00 0.00 0.00 0.00 0.00 0.00 0.00 0.00 0.00 0.00 0.00 0.00 0.00 0.00 0.00 0.00 0.00 0.00 0.00 0.00 0.00 0.00 0.00 0.00 0.00 0.00 0.00 0.00 0.00 0.00 0.00 0.00 0.00 0.00 0.00 0.00 0.00 0.00 0.00 0.00 0.00 0.00 0.00 0.00 
0.00 0.00 0.00 0.00 0.00 0.00 0.00 0.00 0.00 0.00 0.00 0.00 0.00 0.00 0.00 0.00 0.00 0.00 0.00 0.00 0.00 0.00 0.00 0.00 0.00 0.00 0.00 0.00 0.00 0.00 0.00 0.00 0.00 0.00 0.00 0.00 0.00 0.00 0.00 0.00 0.00 0.00 0.00 0.00 0.00 0.00 0.00 0.00 0.00 0.00 0.00 0.00 0.00 0.00 0.00 0.00 0.00 0.00 0.00 0.00 0.00 0.00 0.00 0.00 0.00 0.00 0.00 0.00 0.00 0.00 0.00 0.00 0.00 0.00 0.00 0.00 0.00 0.00 0.00 0.00 0.00 0.00 0.00 0.00 0.00 0.00 
0.00 0.00 0.00 0.00 0.00 0.00 0.00 0.00 1359.04 2719.37 2721.01 3405.00 3408.01 3410.95 3413.49 3415.48 3416.84 3417.54 3417.58 3416.92 3415.58 3413.55 3410.82 3407.39 3403.27 3398.46 3392.93 3386.70 3379.76 3372.09 3363.70 3354.56 3344.68 3334.03 3322.60 3310.39 3297.37 3283.53 3268.84 3253.30 3236.88 3219.56 3201.32 3182.14 3162.00 3140.88 3118.75 3095.60 3071.39 3046.12 3019.76 2992.29 2963.70 2933.97 2903.09 2871.04 2837.81 2803.42 2767.85 2731.11 2693.21 2654.19 2614.07 2572.90 2530.75 2487.71 2443.89 2399.47 2354.67 2309.77 2265.18 2221.43 2179.27 2139.88 2105.39 1655.41 1638.08 811.48 0.00 0.00 0.00 0.00 0.00 0.00 0.00 0.00 
0.00 0.00 0.00 0.00 0.00 0.00 0.00 2714.06 3396.43 4081.73 4086.78 4091.67 4095.96 4099.71 4102.81 4105.20 4106.83 4107.67 4107.70 4106.91 4105.30 4102.86 4099.60 4095.49 4090.56 4084.78 4078.16 4070.69 4062.36 4053.16 4043.09 4032.13 4020.26 4007.49 3993.78 3979.12 3963.49 3946.88 3929.26 3910.61 3890.91 3870.13 3848.25 3825.25 3801.10 3775.77 3749.25 3721.49 3692.49 3662.22 3630.65 3597.77 3563.55 3527.98 3491.05 3452.74 3413.05 3371.98 3329.53 3285.72 3240.58 3194.12 3146.42 3097.52 3047.53 2996.55 2944.75 2892.33 2839.55 2786.75 2734.37 2682.93 2633.09 2585.56 2540.97 2498.69 2462.02 2019.83 1597.10 0.00 0.00 0.00 0.00 0.00 0.00 0.00 
0.00 0.00 0.00 0.00 0.00 1354.15 2709.90 4072.78 4079.73 4767.16 4774.02 5461.94 5467.80 5472.88 5477.04 5480.22 5482.39 5483.50 5483.53 5482.48 5480.34 5477.09 5472.74 5467.27 5460.69 5453.00 5444.17 5434.22 5423.11 5410.85 5397.43 5382.81 5367.00 5349.96 5331.68 5312.13 5291.30 5269.15 5245.66 5220.79 5194.53 5166.83 5137.67 5107.01 5074.83 5041.08 5005.74 4968.77 4930.15 4889.84 4847.82 4804.05 4758.53 4711.21 4662.10 4611.18 4558.44 4503.90 4447.55 4389.43 4329.58 4268.03 4204.88 4140.21 4074.16 4006.89 3938.63 3869.64 3800.28 3730.99 3662.32 3594.92 3529.58 3467.16 3408.87 2932.48 2885.73 2432.84 2397.02 1571.89 780.38 0.00 0.00 0.00 0.00 0.00 
0.00 0.00 0.00 0.00 0.00 2706.49 4067.95 4755.40 4764.41 5453.54 5461.84 5469.45 5817.16 5822.71 5827.21 5830.64 5832.96 5834.15 5834.19 5833.08 5830.81 5827.36 5822.74 5816.94 5809.96 5801.79 5792.42 5781.85 5770.06 5757.04 5742.77 5727.25 5710.44 5692.34 5672.92 5652.15 5630.01 5606.48 5581.52 5555.10 5527.20 5497.78 5466.81 5434.26 5400.08 5364.26 5326.75 5287.52 5246.54 5203.78 5159.22 5112.82 5064.57 5014.44 4962.43 4908.52 4852.72 4795.04 4735.48 4674.09 4610.91 4546.00 4479.46 4411.38 4341.92 4271.26 4199.63 4127.33 4054.71 3982.22 3910.39 3839.83 3771.30 3705.68 3427.49 3367.65 3312.37 2850.51 2805.44 2366.89 1554.40 386.25 0.00 0.00 0.00 0.00 
0.00 0.00 0.00 0.00 2701.77 4061.42 4749.15 5438.80 5449.44 6140.08 6149.52 6158.02 6165.44 6171.56 6176.46 6180.15 6182.65 6183.93 6183.99 6182.83 6180.43 6176.79 6171.90 6165.77 6158.38 6149.74 6139.82 6128.63 6116.15 6102.37 6087.26 6070.83 6053.04 6033.87 6013.30 5991.32 5967.88 5942.96 5916.54 5888.57 5859.03 5827.89 5795.11 5760.66 5724.49 5686.59 5646.90 5605.41 5562.07 5516.86 5469.75 5420.71 5369.72 5316.77 5261.84 5204.93 5146.04 5085.19 5022.39 4957.70 4891.15 4822.82 4752.81 4681.25 4608.28 4534.11 4458.98 4383.18 4307.07 4231.09 4155.70 4081.46 4008.85 3938.14 3868.75 3802.13 3739.63 3269.87 3217.27 2769.97 2337.01 1537.82 0.00 0.00 0.00 0.00 
0.00 0.00 0.00 1349.16 3377.50 4063.47 4752.49 5443.10 6134.42 6145.70 6155.85 6846.43 6854.40 6861.14 6866.59 6870.73 6873.53 6874.97 6875.05 6873.77 6871.11 6867.07 6861.65 6854.84 6846.64 6837.03 6826.02 6813.59 6799.72 6784.41 6767.63 6749.37 6729.60 6708.30 6685.45 6661.02 6634.98 6607.30 6577.94 6546.87 6514.06 6479.46 6443.05 6404.77 6364.61 6322.51 6278.44 6232.36 6184.24 6134.05 6081.75 6027.32 5970.74 5911.98 5851.04 5787.92 5722.62 5655.15 5585.55 5513.86 5440.15 5364.48 5286.99 5207.80 5127.08 5045.06 4962.00 4878.22 4794.10 4710.09 4626.70 4544.52 4464.17 4386.36 4312.05 3818.87 3753.44 3690.40 3228.34 2778.44 2341.83 1921.13 761.94 0.00 0.00 0.00 
0.00 0.00 0.00 2696.91 4054.74 4742.85 5433.67 6125.94 6138.76 6831.13 6841.98 6851.78 6860.10 6867.04 6872.61 6876.82 6879.67 6881.14 6881.25 6879.98 6877.33 6873.30 6867.88 6861.08 6852.88 6843.29 6832.28 6819.85 6805.99 6790.68 6773.90 6755.64 6735.87 6714.58 6691.73 6667.30 6641.26 6613.58 6584.22 6553.16 6520.35 6485.76 6449.36 6411.11 6370.96 6328.89 6284.85 6238.82 6190.75 6140.62 6088.39 6034.05 5977.57 5918.94 5858.14 5795.19 5730.08 5662.83 5593.49 5522.10 5448.72 5373.45 5296.39 5217.69 5137.52 5056.10 4973.68 4890.58 4807.14 4723.79 4640.96 4559.15 4478.85 4400.49 4324.26 4249.46 4179.19 3701.15 3639.24 3181.74 2737.96 2309.76 1519.57 0.00 0.00 0.00 
0.00 0.00 0.00 2695.78 4055.66 4744.83 5436.23 6128.94 6142.30 6834.88 6846.09 6856.01 6864.53 6871.62 6877.29 6881.57 6884.45 6885.96 6886.08 6884.82 6882.18 6878.16 6872.75 6865.96 6857.76 6848.17 6837.17 6824.74 6810.88 6795.57 6778.80 6760.54 6740.77 6719.48 6696.63 6672.20 6646.16 6618.48 6589.13 6558.07 6525.27 6490.69 6454.30 6416.06 6375.93 6333.88 6289.87 6243.87 6195.84 6145.76 6093.60 6039.32 5982.93 5924.39 5863.71 5800.89 5735.94 5668.88 5599.74 5528.59 5455.48 5380.51 5303.80 5225.49 5145.76 5064.81 4982.89 4900.31 4817.40 4734.53 4652.12 4570.57 4490.28 4411.57 4334.68 4260.00 4188.68 3710.43 3646.87 3188.24 2743.26 2312.28 1516.50 0.00 0.00 0.00 
0.00 0.00 0.00 3370.25 4056.15 5423.68 5438.06 6131.05 6824.69 6837.46 6848.90 6858.98 6867.66 6874.86 6880.61 6884.93 6887.85 6889.37 6889.51 6888.26 6885.63 6881.61 6876.21 6869.42 6861.23 6851.64 6840.64 6828.21 6814.35 6799.05 6782.27 6764.02 6744.25 6722.96 6700.11 6675.68 6649.64 6621.96 6592.61 6561.56 6528.76 6494.19 6457.80 6419.57 6379.46 6337.42 6293.44 6247.46 6199.46 6149.42 6097.30 6043.08 5986.74 5928.28 5867.69 5804.96 5740.12 5673.19 5604.21 5533.23 5460.32 5385.58 5309.12 5231.10 5151.67 5071.06 4989.51 4907.31 4824.77 4742.27 4660.17 4578.85 4498.64 4419.73 4342.25 4267.02 4194.50 4124.52 3652.28 3192.47 3138.29 2313.87 1897.27 0.00 0.00 0.00 
0.00 0.00 0.00 3370.16 4056.50 5424.53 5778.42 6132.23 6826.03 6838.90 6850.43 6860.63 7211.25 7218.70 7224.68 7229.19 7232.24 7233.84 7233.98 7232.67 7229.91 7225.69 7220.02 7212.89 7204.29 7194.22 7182.67 7169.62 7155.07 7139.00 7121.39 7102.22 7081.46 7059.11 7035.12 7009.47 6982.13 6953.06 6922.25 6889.64 6855.20 6818.90 6780.70 6740.56 6698.44 6654.31 6608.13 6559.86 6509.46 6456.92 6402.20 6345.28 6286.14 6224.76 6161.15 6095.30 6027.24 5956.98 5884.57 5810.06 5733.53 5655.08 5574.84 5492.94 5409.58 5324.98 5239.40 5153.14 5066.56 4980.05 4894.06 4809.09 4725.67 4644.38 4346.75 4271.03 4198.10 4128.14 3655.36 3195.07 3140.10 2702.39 1897.15 0.00 0.00 0.00 
0.00 0.00 0.00 3370.29 4056.64 5424.70 5778.60 6132.42 6826.24 6839.11 6850.66 6860.86 7211.49 7218.94 7224.93 7229.45 7232.50 7234.10 7234.25 7232.94 7230.18 7225.96 7220.29 7213.16 7204.56 7194.49 7182.94 7169.89 7155.34 7139.27 7121.66 7102.49 7081.74 7059.38 7035.39 7009.74 6982.40 6953.34 6922.52 6889.91 6855.47 6819.18 6780.98 6740.84 6698.72 6654.59 6608.41 6560.15 6509.76 6457.23 6402.51 6345.60 6286.46 6225.10 6161.50 6095.67 6027.62 5957.38 5885.00 5810.51 5734.02 5655.60 5575.39 5493.53 5410.22 5325.66 5240.13 5153.92 5067.39 4980.92 4894.96 4810.01 4726.59 4645.29 4347.63 4271.86 4198.88 4128.86 3655.97 3195.58 3140.56 2702.76 1897.42 0.00 0.00 0.00 
0.00 0.00 0.00 3370.61 4056.57 5424.18 5438.57 6131.62 6825.30 6838.11 6849.57 6859.67 6868.38 6875.60 6881.36 6885.70 6888.63 6890.16 6890.30 6889.06 6886.43 6882.41 6877.01 6870.22 6862.03 6852.44 6841.44 6829.02 6815.16 6799.86 6783.08 6764.83 6745.06 6723.77 6700.92 6676.49 6650.46 6622.78 6593.43 6562.37 6529.58 6495.01 6458.63 6420.41 6380.30 6338.27 6294.30 6248.33 6200.35 6150.32 6098.22 6044.03 5987.72 5929.29 5868.74 5806.06 5741.27 5674.40 5605.49 5534.58 5461.76 5387.12 5310.77 5232.87 5153.57 5073.10 4991.69 4909.64 4827.24 4744.86 4662.87 4581.62 4501.42 4422.47 4344.89 4269.53 4196.84 4126.66 3654.13 3194.01 3139.68 2314.91 1898.08 0.00 0.00 0.00 
0.00 0.00 0.00 2696.28 4056.35 4745.60 5437.09 6129.88 6143.26 6835.96 6847.20 6857.17 6865.73 6872.86 6878.56 6882.86 6885.77 6887.28 6887.41 6886.16 6883.52 6879.51 6874.10 6867.30 6859.11 6849.52 6838.52 6826.09 6812.23 6796.93 6780.15 6761.89 6742.13 6720.84 6697.99 6673.56 6647.52 6619.84 6590.49 6559.44 6526.64 6492.07 6455.68 6417.45 6377.33 6335.30 6291.31 6245.33 6197.32 6147.27 6095.14 6040.91 5984.56 5926.08 5865.47 5802.72 5737.85 5670.89 5601.87 5530.84 5457.88 5383.08 5306.55 5228.44 5148.92 5068.21 4986.54 4904.21 4821.55 4738.90 4656.67 4575.24 4494.98 4416.20 4339.15 4264.22 4192.62 3713.79 3649.97 3190.81 2745.36 2313.99 1517.62 0.00 0.00 0.00 
0.00 0.00 0.00 2697.55 4055.67 4743.90 5434.85 6127.25 6140.10 6832.61 6843.53 6853.40 6861.79 6868.79 6874.41 6878.65 6881.52 6883.01 6883.12 6881.86 6879.21 6875.19 6869.78 6862.98 6854.78 6845.18 6834.18 6821.75 6807.89 6792.58 6775.80 6757.54 6737.78 6716.48 6693.63 6669.20 6643.17 6615.49 6586.13 6555.07 6522.27 6487.69 6451.30 6413.06 6372.93 6330.88 6286.86 6240.86 6192.82 6142.73 6090.55 6036.27 5979.85 5921.29 5860.59 5797.73 5732.74 5665.64 5596.45 5525.24 5452.06 5377.02 5300.21 5221.80 5141.94 5060.86 4978.80 4896.07 4813.00 4729.98 4647.44 4565.82 4485.58 4407.12 4330.63 4255.42 4184.73 3705.87 3643.54 3185.30 2740.85 2312.08 1521.02 0.00 0.00 0.00 
0.00 0.00 0.00 1349.56 3378.51 4064.67 4753.87 5444.64 6136.14 6147.48 6157.72 6848.53 6856.59 6863.41 6868.93 6873.11 6875.93 6877.39 6877.48 6876.20 6873.55 6869.51 6864.09 6857.29 6849.09 6839.48 6828.47 6816.04 6802.17 6786.86 6770.08 6751.82 6732.06 6710.76 6687.91 6663.48 6637.44 6609.76 6580.41 6549.34 6516.54 6481.95 6445.55 6407.29 6367.15 6325.07 6281.03 6234.99 6186.91 6136.76 6084.53 6030.17 5973.66 5915.01 5854.18 5791.19 5726.03 5658.74 5589.34 5517.88 5444.42 5369.05 5291.88 5213.05 5132.75 5051.17 4968.59 4885.31 4801.69 4718.17 4635.21 4553.33 4473.10 4395.16 4320.46 3826.19 3760.16 3696.51 3233.41 2782.54 2345.07 1923.61 762.84 0.00 0.00 0.00 
0.00 0.00 0.00 0.00 2702.74 4062.87 4750.83 5440.67 5451.34 6142.25 6151.81 6160.45 6168.02 6174.24 6179.21 6182.94 6185.46 6186.75 6186.82 6185.66 6183.26 6179.63 6174.74 6168.61 6161.23 6152.59 6142.67 6131.48 6119.00 6105.22 6090.12 6073.68 6055.89 6036.72 6016.16 5994.17 5970.74 5945.82 5919.40 5891.44 5861.91 5830.78 5798.01 5763.58 5727.43 5689.55 5649.90 5608.44 5565.15 5520.00 5472.95 5423.99 5373.09 5320.25 5265.44 5208.68 5149.96 5089.30 5026.73 4962.29 4896.03 4828.04 4758.41 4687.27 4614.78 4541.13 4466.57 4391.39 4315.93 4240.58 4165.79 4092.01 4019.63 3948.77 3878.75 3811.31 3747.97 3276.68 3223.42 2774.90 2340.87 1540.21 0.00 0.00 0.00 0.00 
0.00 0.00 0.00 0.00 0.00 2707.76 4069.73 4757.37 4766.40 5455.88 5464.33 5472.15 5820.21 5825.88 5830.45 5833.91 5836.24 5837.44 5837.49 5836.38 5834.10 5830.66 5826.04 5820.25 5813.27 5805.10 5795.73 5785.16 5773.36 5760.34 5746.08 5730.55 5713.75 5695.65 5676.23 5655.46 5633.33 5609.79 5584.84 5558.43 5530.54 5501.13 5470.17 5437.63 5403.48 5367.68 5330.21 5291.02 5250.10 5207.40 5162.91 5116.60 5068.44 5018.44 4966.56 4912.82 4857.20 4799.73 4740.43 4679.33 4616.48 4551.95 4485.83 4418.24 4349.34 4279.29 4208.36 4136.81 4065.00 3993.35 3922.35 3852.54 3784.48 3718.78 3439.02 3377.92 3321.54 2857.74 2811.91 2371.89 1557.49 386.95 0.00 0.00 0.00 0.00 
0.00 0.00 0.00 0.00 0.00 1354.99 2711.52 4074.74 4081.70 4769.53 4776.58 5465.13 5471.39 5476.59 5480.79 5483.98 5486.14 5487.25 5487.28 5486.23 5484.08 5480.83 5476.48 5471.02 5464.44 5456.74 5447.92 5437.97 5426.86 5414.61 5401.18 5386.57 5370.75 5353.71 5335.43 5315.89 5295.05 5272.91 5249.42 5224.56 5198.30 5170.61 5141.47 5110.83 5078.67 5044.95 5009.64 4972.72 4934.16 4893.91 4851.96 4808.29 4762.87 4715.69 4666.72 4615.97 4563.44 4509.13 4453.06 4395.25 4335.76 4274.63 4211.95 4147.83 4082.40 4015.84 3948.37 3880.27 3811.90 3743.69 3676.17 3609.94 3545.59 3483.50 3423.03 2943.35 2895.31 2440.12 2403.49 1575.72 782.12 0.00 0.00 0.00 0.00 0.00 
0.00 0.00 0.00 0.00 0.00 0.00 678.45 2715.41 3398.21 4084.00 4089.27 4094.49 4781.86 4786.16 4789.73 4792.47 4794.34 4795.30 4795.33 4794.40 4792.52 4789.67 4785.85 4781.07 4775.31 4768.57 4760.85 4752.13 4742.41 4731.68 4719.93 4707.15 4693.31 4678.40 4662.40 4645.30 4627.07 4607.69 4587.14 4565.38 4542.41 4518.17 4492.66 4465.84 4437.68 4408.16 4377.24 4344.90 4311.12 4275.85 4239.09 4200.80 4160.98 4119.59 4076.63 4032.08 3985.96 3938.24 3888.96 3838.13 3785.78 3731.95 3676.72 3620.17 3562.41 3503.60 3443.92 3383.63 3323.06 3262.61 3202.83 3144.38 3088.12 3035.24 2553.70 2509.47 2471.42 2026.74 1602.10 0.00 0.00 0.00 0.00 0.00 0.00 0.00 
0.00 0.00 0.00 0.00 0.00 0.00 0.00 0.00 1359.83 2721.03 2722.83 3407.56 3411.08 3414.12 3416.66 3418.63 3419.97 3420.66 3420.68 3420.02 3418.67 3416.64 3413.91 3410.49 3406.37 3401.55 3396.03 3389.80 3382.86 3375.19 3366.80 3357.66 3347.78 3337.13 3325.70 3313.49 3300.47 3286.63 3271.94 3256.41 3239.99 3222.68 3204.45 3185.28 3165.16 3144.06 3121.96 3098.83 3074.67 3049.45 3023.15 2995.75 2967.24 2937.61 2906.84 2874.92 2841.86 2807.64 2772.28 2735.79 2698.18 2659.49 2619.76 2579.03 2537.40 2494.95 2451.82 2408.19 2364.29 2320.42 2276.98 2234.47 2193.46 2154.51 2117.21 1663.49 1645.16 814.73 0.00 0.00 0.00 0.00 0.00 0.00 0.00 0.00 
0.00 0.00 0.00 0.00 0.00 0.00 0.00 0.00 0.00 0.00 0.00 0.00 683.48 683.84 684.25 684.60 684.85 684.97 684.97 684.84 684.57 684.16 683.61 682.93 682.11 681.14 680.04 678.79 677.41 675.87 674.19 672.37 670.39 668.26 665.98 663.53 660.93 658.16 655.22 652.11 648.83 645.37 641.72 637.89 633.87 629.65 625.23 620.61 615.79 610.75 605.50 600.02 594.33 588.42 582.28 575.92 569.32 562.51 555.46 548.20 540.72 533.03 525.13 517.06 508.81 500.41 491.90 483.33 474.74 466.23 457.95 450.12 443.22 438.32 0.00 0.00 0.00 0.00 0.00 0.00 0.00 0.00 0.00 0.00 0.00 0.00 
0.00 0.00 0.00 0.00 0.00 0.00 0.00 0.00 0.00 0.00 0.00 0.00 0.00 0.00 0.00 0.00 0.00 0.00 0.00 0.00 0.00 0.00 0.00 0.00 0.00 0.00 0.00 0.00 0.00 0.00 0.00 0.00 0.00 0.00 0.00 0.00 0.00 0.00 0.00 0.00 0.00 0.00 0.00 0.00 0.00 0.00 0.00 0.00 0.00 0.00 0.00 0.00 0.00 0.00 0.00 0.00 0.00 0.00 0.00 0.00 0.00 0.00 0.00 0.00 0.00 0.00 0.00 0.00 0.00 0.00 0.00 0.00 0.00 0.00 0.00 0.00 0.00 0.00 0.00 0.00 0.00 0.00 0.00 0.00 0.00 0.00 
0.00 0.00 0.00 0.00 0.00 0.00 0.00 0.00 0.00 0.00 0.00 0.00 0.00 0.00 0.00 0.00 0.00 0.00 0.00 0.00 0.00 0.00 0.00 0.00 0.00 0.00 0.00 0.00 0.00 0.00 0.00 0.00 0.00 0.00 0.00 0.00 0.00 0.00 0.00 0.00 0.00 0.00 0.00 0.00 0.00 0.00 0.00 0.00 0.00 0.00 0.00 0.00 0.00 0.00 0.00 0.00 0.00 0.00 0.00 0.00 0.00 0.00 0.00 0.00 0.00 0.00 0.00 0.00 0.00 0.00 0.00 0.00 0.00 0.00 0.00 0.00 0.00 0.00 0.00 0.00 0.00 0.00 0.00 0.00 0.00 0.00 
0.00 0.00 0.00 0.00 0.00 0.00 0.00 0.00 0.00 0.00 0.00 0.00 0.00 0.00 0.00 0.00 0.00 0.00 0.00 0.00 0.00 0.00 0.00 0.00 0.00 0.00 0.00 0.00 0.00 0.00 0.00 0.00 0.00 0.00 0.00 0.00 0.00 0.00 0.00 0.00 0.00 0.00 0.00 0.00 0.00 0.00 0.00 0.00 0.00 0.00 0.00 0.00 0.00 0.00 0.00 0.00 0.00 0.00 0.00 0.00 0.00 0.00 0.00 0.00 0.00 0.00 0.00 0.00 0.00 0.00 0.00 0.00 0.00 0.00 0.00 0.00 0.00 0.00 0.00 0.00 0.00 0.00 0.00 0.00 0.00 0.00 
