0.00 0.00 0.00 0.00 0.00 0.00 0.00 0.00 0.00 0.00 0.00 0.00 0.00 0.00 0.00 0.00 0.00 0.00 0.00 0.00 0.00 0.00 0.00 0.00 0.00 0.00 0.00 0.00 0.00 0.00 0.00 0.00 0.00 0.00 0.00 0.00 0.00 0.00 0.00 0.00 0.00 0.00 0.00 0.00 0.00 0.00 0.00 0.00 0.00 0.00 0.00 0.00 0.00 0.00 0.00 0.00 0.00 0.00 0.00 0.00 0.00 0.00 0.00 0.00 0.00 0.00 0.00 0.00 0.00 0.00 0.00 0.00 0.00 0.00 0.00 0.00 0.00 0.00 0.00 0.00 0.00 0.00 0.00 0.00 0.00 0.00 
0.00 0.00 0.00 0.00 0.00 0.00 0.00 0.00 0.00 0.00 0.00 0.00 0.00 0.00 0.00 0.00 0.00 0.00 0.00 0.00 0.00 0.00 0.00 0.00 0.00 0.00 0.00 0.00 0.00 0.00 0.00 0.00 0.00 0.00 0.00 0.00 0.00 0.00 0.00 0.00 0.00 0.00 0.00 0.00 0.00 0.00 0.00 0.00 0.00 0.00 0.00 0.00 0.00 0.00 0.00 0.00 0.00 0.00 0.00 0.00 0.00 0.00 0.00 0.00 0.00 0.00 0.00 0.00 0.00 0.00 0.00 0.00 0.00 0.00 0.00 0.00 0.00 0.00 0.00 0.00 0.00 0.00 0.00 0.00 0.00 0.00 
0.00 0.00 0.00 0.00 0.00 0.00 0.00 0.00 0.00 0.00 0.00 0.00 0.00 0.00 0.00 0.00 0.00 0.00 0.00 0.00 0.00 0.00 0.00 0.00 0.00 0.00 0.00 0.00 0.00 0.00 0.00 0.00 0.00 0.00 0.00 0.00 0.00 0.00 0.00 0.00 0.00 0.00 0.00 0.00 0.00 0.00 0.00 0.00 0.00 0.00 0.00 0.00 0.00 0.00 0.00 0.00 0.00 0.00 0.00 0.00 0.00 0.00 0.00 0.00 0.00 0.00 0.00 0.00 0.00 0.00 0.00 0.00 0.00 0.00 0.00 0.00 0.00 0.00 0.00 0.00 0.00 0.00 0.00 0.00 0.00 0.00 
0.00 0.00 0.00 0.00 0.00 0.00 0.00 0.00 1359.89 2721.06 2722.72 3407.21 3410.31 3413.38 3416.07 3418.25 3419.85 3420.82 3421.15 3420.83 3419.86 3418.23 3415.95 3413.01 3409.40 3405.14 3400.20 3394.59 3388.30 3381.32 3373.65 3365.27 3356.17 3346.33 3335.75 3324.41 3312.29 3299.37 3285.64 3271.06 3255.64 3239.33 3222.12 3203.99 3184.91 3164.85 3143.80 3121.73 3098.61 3074.42 3049.14 3022.75 2995.22 2966.53 2936.67 2905.61 2873.35 2839.88 2805.18 2769.26 2732.12 2693.78 2654.24 2613.56 2571.77 2528.95 2485.19 2440.63 2395.45 2349.93 2304.42 2259.44 2215.76 2174.62 2138.27 1679.91 1661.27 822.38 0.00 0.00 0.00 0.00 0.00 0.00 0.00 0.00 
0.00 0.00 0.00 0.00 0.00 0.00 0.00 2715.78 3398.58 4084.34 4089.46 4094.43 4098.85 4102.76 4106.06 4108.68 4110.59 4111.75 4112.14 4111.76 4110.60 4108.65 4105.92 4102.39 4098.07 4092.96 4087.04 4080.31 4072.76 4064.39 4055.18 4045.12 4034.19 4022.39 4009.69 3996.07 3981.52 3966.01 3949.52 3932.03 3913.51 3893.94 3873.29 3851.53 3828.64 3804.58 3779.34 3752.87 3725.16 3696.17 3665.89 3634.27 3601.31 3566.97 3531.24 3494.10 3455.54 3415.55 3374.12 3331.26 3286.98 3241.30 3194.25 3145.89 3096.28 3045.52 2993.73 2941.09 2887.83 2834.27 2780.79 2727.93 2676.35 2626.78 2579.96 2535.26 2496.29 2046.12 1616.61 0.00 0.00 0.00 0.00 0.00 0.00 0.00 
0.00 0.00 0.00 0.00 0.00 1355.08 2711.70 4075.43 4082.40 4770.31 4777.25 5465.75 5471.79 5477.08 5481.51 5485.02 5487.56 5489.10 5489.62 5489.11 5487.56 5484.97 5481.33 5476.63 5470.88 5464.06 5456.17 5447.20 5437.14 5425.98 5413.70 5400.28 5385.71 5369.96 5353.02 5334.86 5315.45 5294.77 5272.78 5249.45 5224.75 5198.66 5171.12 5142.11 5111.60 5079.54 5045.89 5010.63 4973.71 4935.11 4894.77 4852.69 4808.81 4763.12 4715.59 4666.21 4614.95 4561.81 4506.79 4449.90 4391.17 4330.61 4268.29 4204.29 4138.70 4071.67 4003.37 3934.06 3864.04 3793.72 3723.62 3654.39 3586.82 3521.85 3460.79 2974.86 2925.35 2463.93 2425.64 1588.75 788.17 0.00 0.00 0.00 0.00 0.00 
0.00 0.00 0.00 0.00 0.00 2708.36 4070.70 4758.58 4767.62 5457.25 5465.66 5473.41 5821.56 5827.34 5832.14 5835.91 5838.63 5840.29 5840.85 5840.32 5838.68 5835.93 5832.07 5827.08 5820.98 5813.74 5805.36 5795.83 5785.15 5773.28 5760.23 5745.98 5730.49 5713.76 5695.75 5676.45 5655.82 5633.83 5610.46 5585.67 5559.43 5531.70 5502.45 5471.63 5439.22 5405.17 5369.45 5332.01 5292.83 5251.86 5209.08 5164.44 5117.92 5069.50 5019.14 4966.83 4912.57 4856.35 4798.16 4738.04 4676.00 4612.10 4546.39 4478.96 4409.94 4339.48 4267.78 4195.09 4121.74 4048.15 3974.81 3902.36 3831.55 3763.34 3478.75 3415.81 3357.37 2886.50 2838.47 2392.32 1569.41 389.71 0.00 0.00 0.00 0.00 
0.00 0.00 0.00 0.00 2703.76 4064.29 4752.44 5442.52 5453.20 6144.35 6153.91 6162.58 6170.22 6176.60 6181.82 6185.89 6188.81 6190.59 6191.20 6190.65 6188.92 6186.02 6181.94 6176.67 6170.21 6162.55 6153.68 6143.60 6132.28 6119.72 6105.90 6090.80 6074.40 6056.68 6037.61 6017.17 5995.32 5972.04 5947.29 5921.03 5893.25 5863.89 5832.92 5800.30 5765.99 5729.95 5692.15 5652.54 5611.09 5567.76 5522.51 5475.32 5426.15 5374.97 5321.77 5266.54 5209.25 5149.91 5088.54 5025.15 4959.77 4892.47 4823.31 4752.39 4679.85 4605.84 4530.59 4454.35 4377.45 4300.28 4223.32 4147.09 4072.09 3998.62 3926.10 3856.07 3790.07 3310.89 3254.92 2799.52 2359.49 1551.06 0.00 0.00 0.00 0.00 
0.00 0.00 0.00 1350.22 3380.03 4066.42 4755.87 5446.92 6138.72 6150.09 6160.37 6851.58 6859.78 6866.82 6872.63 6877.19 6880.47 6882.46 6883.16 6882.55 6880.64 6877.43 6872.89 6867.04 6859.87 6851.36 6841.51 6830.31 6817.74 6803.78 6788.43 6771.65 6753.42 6733.73 6712.54 6689.82 6665.54 6639.67 6612.17 6583.00 6552.12 6519.50 6485.09 6448.85 6410.74 6370.71 6328.73 6284.74 6238.71 6190.59 6140.36 6087.97 6033.39 5976.60 5917.57 5856.29 5792.75 5726.96 5658.92 5588.66 5516.22 5441.67 5365.10 5286.60 5206.34 5124.48 5041.27 4956.98 4871.97 4786.66 4701.53 4617.15 4534.18 4453.36 4375.75 3872.42 3803.43 3736.68 3265.73 2807.75 2364.02 1937.34 767.76 0.00 0.00 0.00 
0.00 0.00 0.00 2699.05 4057.81 4746.33 5437.57 6130.29 6143.15 6836.04 6847.04 6857.04 6865.61 6872.85 6878.79 6883.42 6886.75 6888.78 6889.50 6888.91 6887.01 6883.80 6879.28 6873.44 6866.27 6857.76 6847.92 6836.71 6824.14 6810.19 6794.83 6778.05 6759.83 6740.13 6718.94 6696.21 6671.93 6646.05 6618.55 6589.38 6558.50 6525.88 6491.48 6455.25 6417.14 6377.13 6335.17 6291.21 6245.21 6197.15 6146.97 6094.65 6040.16 5983.47 5924.56 5863.42 5800.05 5734.45 5666.64 5596.65 5524.52 5450.32 5374.15 5296.11 5216.35 5135.06 5052.47 4968.83 4884.49 4799.82 4715.26 4631.28 4548.38 4467.02 4387.45 4308.96 4234.90 3747.10 3681.40 3215.28 2763.88 2329.23 1530.87 0.00 0.00 0.00 
0.00 0.00 0.00 2697.95 4058.78 4748.36 5440.19 6133.35 6146.77 6839.88 6851.24 6861.36 6870.13 6877.53 6883.57 6888.27 6891.65 6893.70 6894.44 6893.87 6891.99 6888.79 6884.27 6878.43 6871.26 6862.76 6852.92 6841.72 6829.15 6815.20 6799.84 6783.06 6764.83 6745.13 6723.94 6701.21 6676.92 6651.04 6623.54 6594.36 6563.49 6530.87 6496.47 6460.24 6422.15 6382.15 6340.21 6296.27 6250.31 6202.28 6152.15 6099.89 6045.47 5988.86 5930.05 5869.03 5805.80 5740.36 5672.73 5602.95 5531.07 5457.15 5381.30 5303.62 5224.27 5143.42 5061.30 4978.18 4894.35 4810.17 4726.02 4642.32 4559.45 4477.76 4397.54 4319.24 4244.15 3756.21 3688.85 3221.63 2769.09 2331.59 1527.48 0.00 0.00 0.00 
0.00 0.00 0.00 3372.97 4059.31 5427.71 5442.07 6135.51 6829.63 6842.52 6854.11 6864.39 6873.33 6880.84 6886.96 6891.71 6895.12 6897.19 6897.95 6897.39 6895.51 6892.32 6887.81 6881.97 6874.81 6866.31 6856.47 6845.27 6832.70 6818.75 6803.39 6786.61 6768.38 6748.68 6727.48 6704.75 6680.46 6654.58 6627.07 6597.90 6567.02 6534.41 6500.01 6463.79 6425.71 6385.72 6343.79 6299.87 6253.93 6205.93 6155.84 6103.62 6049.25 5992.70 5933.96 5873.03 5809.90 5744.57 5677.08 5607.46 5535.76 5462.05 5386.43 5309.02 5229.96 5149.44 5067.67 4984.91 4901.45 4817.63 4733.81 4650.35 4567.58 4485.71 4404.89 4326.05 4249.73 4175.79 3694.14 3225.71 3168.06 2333.06 1911.06 0.00 0.00 0.00 
0.00 0.00 0.00 3372.90 4059.68 5428.58 5782.68 6136.72 6831.00 6843.98 6855.67 6866.07 7217.20 7224.98 7231.34 7236.31 7239.87 7242.05 7242.85 7242.26 7240.29 7236.94 7232.20 7226.07 7218.55 7209.63 7199.29 7187.54 7174.34 7159.69 7143.56 7125.94 7106.80 7086.12 7063.86 7039.99 7014.49 6987.31 6958.43 6927.80 6895.38 6861.13 6825.02 6786.99 6747.00 6705.02 6660.99 6614.88 6566.65 6516.26 6463.67 6408.84 6351.76 6292.40 6230.74 6166.77 6100.50 6031.93 5961.09 5888.01 5812.75 5735.39 5656.02 5574.78 5491.81 5407.31 5321.51 5234.68 5147.14 5059.27 4971.49 4884.29 4798.24 4713.92 4409.33 4329.99 4253.26 4179.39 3697.18 3228.26 3169.80 2725.11 1910.88 0.00 0.00 0.00 
0.00 0.00 0.00 3373.02 4059.82 5428.75 5782.85 6136.91 6831.21 6844.19 6855.90 6866.30 7217.45 7225.23 7231.60 7236.57 7240.14 7242.32 7243.12 7242.53 7240.56 7237.21 7232.47 7226.35 7218.83 7209.91 7199.57 7187.81 7174.62 7159.97 7143.84 7126.22 7107.08 7086.39 7064.13 7040.27 7014.76 6987.59 6958.71 6928.08 6895.66 6861.41 6825.30 6787.27 6747.29 6705.30 6661.28 6615.18 6566.95 6516.56 6463.97 6409.16 6352.09 6292.74 6231.09 6167.14 6100.88 6032.33 5961.51 5888.46 5813.23 5735.90 5656.57 5575.37 5492.45 5408.00 5322.25 5235.47 5147.98 5060.16 4972.41 4885.25 4799.20 4714.88 4410.25 4330.87 4254.09 4180.16 3697.85 3228.82 3170.31 2725.51 1911.18 0.00 0.00 0.00 
0.00 0.00 0.00 3373.33 4059.73 5428.21 5442.58 6136.08 6830.25 6843.16 6854.78 6865.09 6874.05 6881.59 6887.73 6892.49 6895.91 6898.00 6898.77 6898.21 6896.33 6893.14 6888.63 6882.80 6875.64 6867.14 6857.30 6846.10 6833.53 6819.58 6804.22 6787.44 6769.21 6749.51 6728.31 6705.58 6681.29 6655.41 6627.90 6598.73 6567.86 6535.24 6500.85 6464.63 6426.55 6386.57 6344.65 6300.74 6254.82 6206.83 6156.76 6104.56 6050.22 5993.70 5935.01 5874.12 5811.03 5745.77 5678.34 5608.80 5537.19 5463.58 5388.07 5310.78 5231.86 5151.48 5069.87 4987.27 4903.97 4820.30 4736.59 4653.22 4570.47 4488.58 4407.68 4328.72 4252.23 4178.09 3696.15 3227.38 3169.57 2334.19 1911.95 0.00 0.00 0.00 
0.00 0.00 0.00 2698.44 4059.46 4749.13 5441.05 6134.30 6147.74 6840.96 6852.36 6862.53 6871.35 6878.79 6884.86 6889.59 6892.98 6895.06 6895.81 6895.24 6893.36 6890.16 6885.65 6879.81 6872.65 6864.15 6854.30 6843.10 6830.54 6816.58 6801.22 6784.44 6766.22 6746.52 6725.32 6702.59 6678.31 6652.43 6624.92 6595.75 6564.88 6532.26 6497.87 6461.65 6423.57 6383.58 6341.65 6297.73 6251.79 6203.79 6153.69 6101.47 6047.09 5990.53 5931.79 5870.84 5807.69 5742.34 5674.83 5605.18 5533.44 5459.69 5384.02 5306.56 5227.43 5146.84 5064.98 4982.13 4898.57 4814.64 4730.71 4647.15 4564.35 4482.61 4402.24 4323.72 4248.36 3759.82 3692.20 3224.43 2771.39 2333.47 1528.70 0.00 0.00 0.00 
0.00 0.00 0.00 2699.68 4058.73 4747.38 5438.75 6131.60 6144.50 6837.54 6848.61 6858.68 6867.33 6874.63 6880.61 6885.28 6888.64 6890.68 6891.41 6890.84 6888.94 6885.74 6881.22 6875.38 6868.21 6859.71 6849.86 6838.66 6826.09 6812.13 6796.78 6780.00 6761.77 6742.07 6720.88 6698.16 6673.87 6648.00 6620.49 6591.32 6560.45 6527.84 6493.44 6457.22 6419.13 6379.13 6337.19 6293.25 6247.29 6199.26 6149.12 6096.86 6042.42 5985.81 5926.98 5865.95 5802.69 5737.23 5669.57 5599.75 5527.83 5453.86 5377.95 5300.20 5220.77 5139.84 5057.62 4974.39 4890.45 4806.16 4721.92 4638.18 4555.39 4473.97 4394.16 4315.29 4240.82 3752.19 3686.06 3219.16 2767.05 2331.77 1532.46 0.00 0.00 0.00 
0.00 0.00 0.00 1350.61 3381.02 4067.61 4757.24 5448.46 6140.45 6151.88 6162.26 6853.71 6862.02 6869.14 6875.01 6879.61 6882.92 6884.93 6885.64 6885.04 6883.14 6879.93 6875.40 6869.55 6862.38 6853.87 6844.02 6832.82 6820.25 6806.29 6790.94 6774.16 6755.93 6736.24 6715.05 6692.33 6668.05 6642.18 6614.68 6585.51 6554.64 6522.02 6487.62 6451.39 6413.30 6373.29 6331.33 6287.37 6241.37 6193.30 6143.12 6090.80 6036.30 5979.60 5920.67 5859.52 5796.13 5730.50 5662.65 5592.62 5520.44 5446.19 5369.95 5291.83 5211.99 5130.60 5047.89 4964.14 4879.69 4794.91 4710.26 4626.26 4543.47 4462.58 4384.62 3880.18 3810.62 3743.25 3271.23 2812.22 2367.56 1940.08 768.75 0.00 0.00 0.00 
0.00 0.00 0.00 0.00 2704.72 4065.72 4754.11 5444.39 5455.11 6146.54 6156.22 6165.05 6172.83 6179.33 6184.62 6188.73 6191.68 6193.47 6194.10 6193.55 6191.83 6188.93 6184.85 6179.58 6173.12 6165.46 6156.60 6146.51 6135.20 6122.64 6108.82 6093.72 6077.32 6059.59 6040.52 6020.08 5998.23 5974.95 5950.20 5923.95 5896.16 5866.81 5835.85 5803.24 5768.95 5732.93 5695.16 5655.58 5614.17 5570.89 5525.70 5478.58 5429.49 5378.42 5325.34 5270.24 5213.12 5153.97 5092.82 5029.68 4964.59 4897.62 4828.85 4758.36 4686.31 4612.85 4538.21 4462.62 4386.42 4309.96 4233.66 4157.98 4083.30 4009.75 3936.64 3865.82 3798.99 3318.23 3261.59 2804.90 2363.72 1553.69 0.00 0.00 0.00 0.00 
0.00 0.00 0.00 0.00 0.00 2709.62 4072.47 4760.56 4769.63 5459.61 5468.17 5476.15 5824.65 5830.57 5835.44 5839.25 5841.99 5843.65 5844.22 5843.69 5842.05 5839.31 5835.45 5830.46 5824.36 5817.12 5808.75 5799.22 5788.53 5776.67 5763.62 5749.36 5733.87 5717.13 5699.13 5679.82 5659.19 5637.20 5613.83 5589.05 5562.81 5535.08 5505.84 5475.04 5442.64 5408.62 5372.93 5335.53 5296.39 5255.47 5212.75 5168.19 5121.77 5073.45 5023.23 4971.08 4916.99 4860.98 4803.04 4743.20 4681.49 4617.96 4552.69 4485.76 4417.31 4347.49 4276.50 4204.61 4132.14 4059.47 3987.06 3915.46 3845.23 3777.04 3490.89 3426.71 3367.19 2894.30 2845.49 2397.79 1572.79 390.49 0.00 0.00 0.00 0.00 
0.00 0.00 0.00 0.00 0.00 1355.91 2713.31 4077.39 4084.38 4772.70 4779.85 5468.99 5475.43 5480.86 5485.34 5488.86 5491.40 5492.93 5493.45 5492.94 5491.39 5488.80 5485.16 5480.47 5474.72 5467.90 5460.01 5451.04 5440.98 5429.82 5417.53 5404.11 5389.54 5373.79 5356.85 5338.69 5319.27 5298.59 5276.60 5253.27 5228.58 5202.49 5174.96 5145.97 5115.47 5083.43 5049.82 5014.59 4977.72 4939.17 4898.91 4856.90 4813.13 4767.55 4720.17 4670.94 4619.88 4566.97 4512.21 4455.63 4397.25 4337.10 4275.27 4211.81 4146.86 4080.55 4013.09 3944.71 3875.75 3806.60 3737.76 3669.83 3603.42 3538.91 3475.69 2986.41 2935.61 2471.79 2432.67 1592.94 790.08 0.00 0.00 0.00 0.00 0.00 
0.00 0.00 0.00 0.00 0.00 0.00 678.90 2717.14 3400.37 4086.63 4091.97 4097.29 4785.29 4789.77 4793.57 4796.60 4798.80 4800.13 4800.58 4800.13 4798.77 4796.50 4793.30 4789.19 4784.15 4778.18 4771.28 4763.43 4754.62 4744.86 4734.11 4722.37 4709.62 4695.85 4681.02 4665.13 4648.15 4630.06 4610.82 4590.42 4568.82 4545.99 4521.90 4496.53 4469.84 4441.79 4412.36 4381.52 4349.23 4315.46 4280.19 4243.38 4205.00 4165.05 4123.48 4080.30 4035.48 3989.02 3940.92 3891.19 3839.85 3786.92 3732.47 3676.54 3619.25 3560.70 3501.08 3440.59 3379.53 3318.29 3257.37 3197.42 3139.33 3084.35 2593.36 2546.72 2506.37 2053.60 1622.04 0.00 0.00 0.00 0.00 0.00 0.00 0.00 
0.00 0.00 0.00 0.00 0.00 0.00 0.00 0.00 1360.69 2722.75 2724.57 3409.81 3413.43 3416.60 3419.31 3421.47 3423.05 3424.00 3424.33 3424.00 3423.03 3421.40 3419.12 3416.18 3412.58 3408.31 3403.37 3397.76 3391.47 3384.50 3376.82 3368.44 3359.33 3349.50 3338.91 3327.57 3315.44 3302.52 3288.79 3274.22 3258.79 3242.49 3225.28 3207.16 3188.09 3168.05 3147.02 3124.97 3101.89 3077.75 3052.52 3026.19 2998.73 2970.13 2940.37 2909.45 2877.33 2844.03 2809.54 2773.86 2737.00 2698.98 2659.83 2619.59 2578.32 2536.10 2493.05 2449.32 2405.10 2360.69 2316.43 2272.83 2230.46 2189.89 2150.73 1688.52 1668.87 825.89 0.00 0.00 0.00 0.00 0.00 0.00 0.00 0.00 
0.00 0.00 0.00 0.00 0.00 0.00 0.00 0.00 0.00 0.00 0.00 0.00 683.98 684.36 684.80 685.19 685.48 685.66 685.72 685.65 685.46 685.13 684.68 684.09 683.37 682.52 681.53 680.41 679.15 677.75 676.22 674.54 672.72 670.75 668.63 666.36 663.94 661.35 658.60 655.69 652.60 649.34 645.90 642.28 638.46 634.46 630.25 625.84 621.23 616.41 611.37 606.11 600.62 594.92 588.98 582.81 576.40 569.76 562.89 555.78 548.45 540.88 533.10 525.11 516.93 508.58 500.08 491.47 482.82 474.20 465.77 457.75 450.65 445.57 0.00 0.00 0.00 0.00 0.00 0.00 0.00 0.00 0.00 0.00 0.00 0.00 
0.00 0.00 0.00 0.00 0.00 0.00 0.00 0.00 0.00 0.00 0.00 0.00 0.00 0.00 0.00 0.00 0.00 0.00 0.00 0.00 0.00 0.00 0.00 0.00 0.00 0.00 0.00 0.00 0.00 0.00 0.00 0.00 0.00 0.00 0.00 0.00 0.00 0.00 0.00 0.00 0.00 0.00 0.00 0.00 0.00 0.00 0.00 0.00 0.00 0.00 0.00 0.00 0.00 0.00 0.00 0.00 0.00 0.00 0.00 0.00 0.00 0.00 0.00 0.00 0.00 0.00 0.00 0.00 0.00 0.00 0.00 0.00 0.00 0.00 0.00 0.00 0.00 0.00 0.00 0.00 0.00 0.00 0.00 0.00 0.00 0.00 
0.00 0.00 0.00 0.00 0.00 0.00 0.00 0.00 0.00 0.00 0.00 0.00 0.00 0.00 0.00 0.00 0.00 0.00 0.00 0.00 0.00 0.00 0.00 0.00 0.00 0.00 0.00 0.00 0.00 0.00 0.00 0.00 0.00 0.00 0.00 0.00 0.00 0.00 0.00 0.00 0.00 0.00 0.00 0.00 0.00 0.00 0.00 0.00 0.00 0.00 0.00 0.00 0.00 0.00 0.00 0.00 0.00 0.00 0.00 0.00 0.00 0.00 0.00 0.00 0.00 0.00 0.00 0.00 0.00 0.00 0.00 0.00 0.00 0.00 0.00 0.00 0.00 0.00 0.00 0.00 0.00 0.00 0.00 0.00 0.00 0.00 
0.00 0.00 0.00 0.00 0.00 0.00 0.00 0.00 0.00 0.00 0.00 0.00 0.00 0.00 0.00 0.00 0.00 0.00 0.00 0.00 0.00 0.00 0.00 0.00 0.00 0.00 0.00 0.00 0.00 0.00 0.00 0.00 0.00 0.00 0.00 0.00 0.00 0.00 0.00 0.00 0.00 0.00 0.00 0.00 0.00 0.00 0.00 0.00 0.00 0.00 0.00 0.00 0.00 0.00 0.00 0.00 0.00 0.00 0.00 0.00 0.00 0.00 0.00 0.00 0.00 0.00 0.00 0.00 0.00 0.00 0.00 0.00 0.00 0.00 0.00 0.00 0.00 0.00 0.00 0.00 0.00 0.00 0.00 0.00 0.00 0.00 
