0.00 0.00 0.00 0.00 0.00 0.00 0.00 0.00 0.00 0.00 0.00 0.00 0.00 0.00 0.00 0.00 0.00 0.00 0.00 0.00 0.00 0.00 0.00 0.00 0.00 0.00 0.00 0.00 0.00 0.00 0.00 0.00 0.00 0.00 0.00 0.00 0.00 0.00 0.00 0.00 0.00 0.00 0.00 0.00 0.00 0.00 0.00 0.00 0.00 0.00 0.00 0.00 0.00 0.00 0.00 0.00 0.00 0.00 0.00 0.00 0.00 0.00 0.00 0.00 0.00 0.00 0.00 0.00 0.00 0.00 0.00 0.00 0.00 0.00 0.00 0.00 0.00 0.00 0.00 0.00 0.00 0.00 0.00 0.00 0.00 0.00 
0.00 0.00 0.00 0.00 0.00 0.00 0.00 0.00 0.00 0.00 0.00 0.00 0.00 0.00 0.00 0.00 0.00 0.00 0.00 0.00 0.00 0.00 0.00 0.00 0.00 0.00 0.00 0.00 0.00 0.00 0.00 0.00 0.00 0.00 0.00 0.00 0.00 0.00 0.00 0.00 0.00 0.00 0.00 0.00 0.00 0.00 0.00 0.00 0.00 0.00 0.00 0.00 0.00 0.00 0.00 0.00 0.00 0.00 0.00 0.00 0.00 0.00 0.00 0.00 0.00 0.00 0.00 0.00 0.00 0.00 0.00 0.00 0.00 0.00 0.00 0.00 0.00 0.00 0.00 0.00 0.00 0.00 0.00 0.00 0.00 0.00 
0.00 0.00 0.00 0.00 0.00 0.00 0.00 0.00 0.00 0.00 0.00 0.00 0.00 0.00 0.00 0.00 0.00 0.00 0.00 0.00 0.00 0.00 0.00 0.00 0.00 0.00 0.00 0.00 0.00 0.00 0.00 0.00 0.00 0.00 0.00 0.00 0.00 0.00 0.00 0.00 0.00 0.00 0.00 0.00 0.00 0.00 0.00 0.00 0.00 0.00 0.00 0.00 0.00 0.00 0.00 0.00 0.00 0.00 0.00 0.00 0.00 0.00 0.00 0.00 0.00 0.00 0.00 0.00 0.00 0.00 0.00 0.00 0.00 0.00 0.00 0.00 0.00 0.00 0.00 0.00 0.00 0.00 0.00 0.00 0.00 0.00 
0.00 0.00 0.00 0.00 0.00 0.00 0.00 0.00 1114.62 2237.82 2246.46 2824.39 2838.27 2852.50 2866.08 2878.58 2889.76 2899.53 2907.84 2914.67 2920.03 2923.96 2926.49 2927.64 2927.49 2926.06 2923.43 2919.64 2914.75 2908.83 2901.93 2894.12 2885.46 2876.02 2865.87 2855.08 2843.69 2831.80 2819.45 2806.72 2793.67 2780.36 2766.84 2753.18 2739.43 2725.64 2711.86 2698.13 2684.49 2670.98 2657.64 2644.49 2631.56 2618.87 2606.44 2594.28 2582.40 2570.82 2559.52 2548.52 2537.81 2527.38 2517.22 2507.32 2497.67 2488.24 2479.02 2469.99 2461.14 2452.44 2443.91 2435.56 2427.45 2419.77 2412.99 1924.56 1921.44 959.58 0.00 0.00 0.00 0.00 0.00 0.00 0.00 0.00 
0.00 0.00 0.00 0.00 0.00 0.00 0.00 2211.63 2779.77 3357.74 3376.44 3395.81 3414.08 3431.46 3447.66 3462.47 3475.70 3487.28 3497.14 3505.27 3511.68 3516.40 3519.46 3520.90 3520.79 3519.18 3516.12 3511.70 3505.97 3499.01 3490.88 3481.67 3471.46 3460.31 3448.30 3435.53 3422.05 3407.96 3393.32 3378.22 3362.73 3346.92 3330.86 3314.62 3298.27 3281.85 3265.44 3249.07 3232.81 3216.69 3200.76 3185.04 3169.58 3154.39 3139.50 3124.93 3110.68 3096.78 3083.21 3069.98 3057.08 3044.52 3032.27 3020.32 3008.66 2997.27 2986.12 2975.20 2964.47 2953.94 2943.58 2933.40 2923.42 2913.67 2904.22 2894.87 2886.24 2397.48 1913.58 0.00 0.00 0.00 0.00 0.00 0.00 0.00 
0.00 0.00 0.00 0.00 0.00 1090.01 2190.17 3315.19 3338.17 3922.49 3946.65 4537.13 4561.15 4584.09 4605.45 4624.94 4642.38 4657.64 4670.66 4681.43 4689.93 4696.21 4700.31 4702.29 4702.21 4700.14 4696.18 4690.40 4682.89 4673.75 4663.07 4650.95 4637.50 4622.80 4606.98 4590.12 4572.33 4553.72 4534.38 4514.42 4493.94 4473.02 4451.77 4430.27 4408.60 4386.84 4365.08 4343.37 4321.79 4300.39 4279.22 4258.33 4237.77 4217.56 4197.74 4178.32 4159.33 4140.78 4122.67 4105.00 4087.77 4070.97 4054.59 4038.59 4022.98 4007.71 3992.76 3978.10 3963.71 3949.55 3935.63 3921.92 3908.44 3895.20 3882.33 3386.71 3375.08 2883.08 2873.14 1908.62 953.41 0.00 0.00 0.00 0.00 0.00 
0.00 0.00 0.00 0.00 0.00 2173.04 3288.84 3869.71 3898.78 4488.57 4517.43 4545.43 4856.19 4880.58 4903.19 4923.77 4942.16 4958.25 4971.98 4983.35 4992.35 4999.03 5003.41 5005.56 5005.56 5003.47 4999.38 4993.38 4985.56 4976.01 4964.85 4952.16 4938.06 4922.66 4906.05 4888.35 4869.66 4850.10 4829.77 4808.77 4787.21 4765.18 4742.79 4720.12 4697.27 4674.31 4651.33 4628.41 4605.59 4582.96 4560.56 4538.45 4516.66 4495.24 4474.21 4453.61 4433.44 4413.72 4394.46 4375.65 4357.30 4339.39 4321.91 4304.84 4288.16 4271.83 4255.84 4240.14 4224.71 4209.52 4194.55 4179.76 4165.15 4150.72 3893.88 3879.46 3865.39 3370.73 3357.84 2867.48 1904.90 475.85 0.00 0.00 0.00 0.00 
0.00 0.00 0.00 0.00 2149.89 3258.37 3838.62 4426.22 4460.45 5055.09 5087.96 5119.36 5148.64 5175.22 5199.43 5221.30 5240.75 5257.75 5272.25 5284.26 5293.79 5300.86 5305.53 5307.87 5307.93 5305.81 5301.58 5295.34 5287.19 5277.23 5265.55 5252.28 5237.51 5221.37 5203.96 5185.39 5165.78 5145.25 5123.89 5101.83 5079.17 5056.01 5032.46 5008.60 4984.55 4960.38 4936.17 4912.00 4887.95 4864.08 4840.44 4817.09 4794.08 4771.44 4749.20 4727.40 4706.05 4685.17 4664.76 4644.82 4625.35 4606.34 4587.78 4569.63 4551.89 4534.52 4517.48 4500.75 4484.29 4468.05 4452.00 4436.10 4420.27 4404.38 4388.19 4371.99 4355.92 3858.91 3843.66 3350.40 2860.47 1900.98 0.00 0.00 0.00 0.00 
0.00 0.00 0.00 1065.06 2684.96 3257.14 3839.83 4429.28 5023.24 5060.38 5095.08 5694.25 5725.69 5755.02 5781.91 5806.22 5827.84 5846.71 5862.81 5876.13 5886.70 5894.56 5899.76 5902.38 5902.49 5900.17 5895.53 5888.66 5879.68 5868.69 5855.80 5841.14 5824.83 5806.99 5787.74 5767.22 5745.53 5722.82 5699.19 5674.78 5649.70 5624.06 5597.98 5571.57 5544.92 5518.14 5491.31 5464.53 5437.86 5411.39 5385.17 5359.27 5333.73 5308.60 5283.91 5259.70 5235.98 5212.77 5190.08 5167.92 5146.26 5125.11 5104.45 5084.25 5064.49 5045.13 5026.14 5007.48 4989.10 4970.97 4953.02 4935.22 4917.53 4899.91 4882.38 4381.73 4364.47 4346.98 3850.27 3355.66 2863.90 2376.50 948.91 0.00 0.00 0.00 
0.00 0.00 0.00 2125.27 3223.14 3802.03 4390.87 4986.15 5026.83 5626.77 5664.11 5699.75 5732.28 5762.09 5789.21 5813.60 5835.24 5854.09 5870.17 5883.47 5894.03 5901.90 5907.13 5909.79 5909.96 5907.72 5903.17 5896.41 5887.54 5876.68 5863.93 5849.41 5833.25 5815.57 5796.48 5776.12 5754.59 5732.04 5708.58 5684.32 5659.40 5633.91 5607.98 5581.70 5555.19 5528.53 5501.82 5475.13 5448.56 5422.17 5396.03 5370.18 5344.69 5319.60 5294.94 5270.75 5247.04 5223.83 5201.12 5178.93 5157.24 5136.05 5115.33 5095.07 5075.23 5055.79 5036.70 5017.93 4999.42 4981.13 4962.99 4944.95 4926.94 4908.86 4890.60 4871.87 4853.32 4353.59 4335.18 3838.33 3344.31 2854.26 1896.17 0.00 0.00 0.00 
0.00 0.00 0.00 2120.22 3221.77 3802.76 4392.32 4988.38 5030.23 5630.53 5668.63 5704.43 5737.44 5767.59 5794.89 5819.37 5841.03 5859.88 5875.94 5889.23 5899.79 5907.66 5912.91 5915.60 5915.81 5913.63 5909.15 5902.47 5893.69 5882.92 5870.28 5855.88 5839.83 5822.27 5803.30 5783.06 5761.67 5739.24 5715.90 5691.77 5666.97 5641.60 5615.78 5589.61 5563.19 5536.63 5510.00 5483.40 5456.90 5430.58 5404.49 5378.69 5353.24 5328.18 5303.55 5279.36 5255.66 5232.44 5209.73 5187.52 5165.80 5144.57 5123.81 5103.50 5083.60 5064.09 5044.93 5026.07 5007.45 4989.03 4970.74 4952.50 4934.23 4915.82 4897.16 4878.19 4859.05 4358.97 4339.75 3842.26 3347.42 2855.98 1895.16 0.00 0.00 0.00 
0.00 0.00 0.00 2651.12 3220.04 4349.61 4393.22 4990.04 5591.11 5632.77 5671.63 5707.83 5741.24 5771.61 5799.01 5823.52 5845.19 5864.03 5880.07 5893.35 5903.90 5911.77 5917.03 5919.74 5919.98 5917.83 5913.40 5906.77 5898.06 5887.36 5874.79 5860.46 5844.50 5827.02 5808.14 5787.99 5766.68 5744.34 5721.09 5697.05 5672.33 5647.04 5621.30 5595.20 5568.86 5542.36 5515.80 5489.26 5462.81 5436.53 5410.48 5384.72 5359.29 5334.25 5309.63 5285.46 5261.76 5238.54 5215.82 5193.59 5171.85 5150.60 5129.81 5109.46 5089.53 5069.97 5050.75 5031.82 5013.13 4994.62 4976.22 4957.85 4939.40 4920.75 4901.76 4882.49 4862.94 4843.03 4342.95 3845.02 3826.69 2857.19 2369.69 0.00 0.00 0.00 
0.00 0.00 0.00 2650.03 3219.59 4350.34 4669.91 4991.02 5592.61 5634.31 5673.43 5709.91 6029.87 6061.11 6089.53 6115.09 6137.73 6157.45 6174.25 6188.16 6199.21 6207.45 6212.95 6215.78 6216.02 6213.76 6209.09 6202.12 6192.96 6181.72 6168.52 6153.47 6136.70 6118.35 6098.52 6077.36 6054.98 6031.52 6007.11 5981.86 5955.90 5929.34 5902.31 5874.91 5847.25 5819.42 5791.53 5763.66 5735.88 5708.29 5680.93 5653.88 5627.19 5600.89 5575.04 5549.66 5524.77 5500.39 5476.53 5453.19 5430.37 5408.06 5386.23 5364.86 5343.93 5323.39 5303.22 5283.34 5263.73 5244.31 5225.02 5205.80 5186.58 5167.28 4904.31 4884.82 4865.08 4845.02 4344.70 3846.57 3827.90 3334.13 2369.75 0.00 0.00 0.00 
0.00 0.00 0.00 2650.52 3220.11 4350.91 4670.47 4991.58 5593.18 5634.87 5673.98 5710.45 6030.40 6061.62 6090.03 6115.57 6138.19 6157.89 6174.67 6188.56 6199.60 6207.83 6213.32 6216.14 6216.37 6214.11 6209.44 6202.47 6193.31 6182.07 6168.86 6153.82 6137.06 6118.70 6098.88 6077.72 6055.36 6031.90 6007.49 5982.25 5956.29 5929.74 5902.72 5875.32 5847.66 5819.84 5791.95 5764.08 5736.31 5708.72 5681.36 5654.32 5627.62 5601.33 5575.48 5550.10 5525.21 5500.83 5476.97 5453.63 5430.81 5408.49 5386.66 5365.29 5344.35 5323.82 5303.63 5283.76 5264.13 5244.71 5225.41 5206.18 5186.94 5167.61 4904.62 4885.11 4865.35 4845.27 4344.91 3846.75 3828.07 3334.26 2369.86 0.00 0.00 0.00 
0.00 0.00 0.00 2652.53 3221.58 4351.32 4394.86 4991.73 5592.82 5634.45 5673.28 5709.45 5742.82 5773.15 5800.50 5824.96 5846.57 5865.35 5881.34 5894.56 5905.06 5912.90 5918.12 5920.81 5921.03 5918.87 5914.43 5907.80 5899.08 5888.39 5875.82 5861.51 5845.56 5828.09 5809.22 5789.09 5767.80 5745.47 5722.24 5698.21 5673.51 5648.23 5622.51 5596.43 5570.10 5543.61 5517.06 5490.53 5464.09 5437.81 5411.77 5386.01 5360.59 5335.56 5310.94 5286.77 5263.06 5239.85 5217.12 5194.89 5173.15 5151.89 5131.10 5110.74 5090.80 5071.23 5052.00 5033.05 5014.35 4995.81 4977.38 4958.97 4940.47 4921.76 4902.70 4883.37 4863.74 4843.75 4343.58 3845.55 3827.17 2857.56 2370.00 0.00 0.00 0.00 
0.00 0.00 0.00 2122.16 3224.27 3805.38 4395.04 4991.19 5032.91 5633.33 5671.37 5707.12 5740.09 5770.18 5797.40 5821.78 5843.34 5862.09 5878.05 5891.25 5901.73 5909.54 5914.73 5917.38 5917.56 5915.36 5910.87 5904.18 5895.40 5884.64 5872.01 5857.63 5841.60 5824.06 5805.12 5784.90 5763.54 5741.14 5717.82 5693.72 5668.94 5643.60 5617.80 5591.65 5565.26 5538.72 5512.11 5485.53 5459.04 5432.73 5406.65 5380.87 5355.42 5330.37 5305.73 5281.55 5257.85 5234.63 5211.91 5189.69 5167.97 5146.73 5125.96 5105.64 5085.73 5066.20 5047.02 5028.13 5009.49 4991.03 4972.69 4954.39 4936.03 4917.52 4898.74 4879.65 4860.39 4360.11 4340.80 3843.14 3348.16 2856.60 1895.57 0.00 0.00 0.00 
0.00 0.00 0.00 2127.71 3226.49 3805.60 4394.60 4990.01 5030.56 5630.65 5667.93 5703.54 5736.02 5765.74 5792.74 5817.00 5838.48 5857.19 5873.12 5886.30 5896.75 5904.53 5909.68 5912.28 5912.41 5910.14 5905.58 5898.81 5889.94 5879.09 5866.36 5851.87 5835.74 5818.08 5799.03 5778.70 5757.22 5734.70 5711.28 5687.06 5662.17 5636.72 5610.82 5584.58 5558.10 5531.47 5504.78 5478.12 5451.57 5425.20 5399.07 5373.24 5347.76 5322.68 5298.02 5273.83 5250.12 5226.90 5204.19 5181.99 5160.29 5139.09 5118.36 5098.08 5078.22 5058.76 5039.65 5020.84 5002.29 4983.95 4965.75 4947.62 4929.49 4911.27 4892.83 4873.92 4855.19 4355.18 4336.63 3839.55 3345.31 2855.09 1896.70 0.00 0.00 0.00 
0.00 0.00 0.00 1066.54 2688.58 3261.19 3844.17 4433.83 5027.98 5065.02 5099.67 5699.14 5730.55 5759.78 5786.52 5810.63 5832.03 5850.70 5866.60 5879.76 5890.18 5897.92 5903.03 5905.57 5905.63 5903.28 5898.62 5891.75 5882.77 5871.79 5858.93 5844.31 5828.03 5810.24 5791.03 5770.55 5748.92 5726.25 5702.68 5678.32 5653.28 5627.69 5601.66 5575.29 5548.68 5521.94 5495.15 5468.39 5441.75 5415.30 5389.11 5363.22 5337.69 5312.57 5287.89 5263.68 5239.96 5216.75 5194.06 5171.88 5150.21 5129.05 5108.37 5088.15 5068.36 5048.98 5029.96 5011.26 4992.84 4974.64 4956.62 4938.71 4920.87 4903.06 4885.30 4384.21 4366.72 4349.01 3851.96 3357.05 2865.03 2377.39 949.23 0.00 0.00 0.00 
0.00 0.00 0.00 0.00 2153.35 3263.22 3843.86 4431.66 4465.66 5060.69 5093.56 5125.03 5154.35 5180.84 5204.84 5226.44 5245.63 5262.36 5276.63 5288.44 5297.79 5304.73 5309.29 5311.55 5311.56 5309.40 5305.15 5298.91 5290.77 5280.83 5269.19 5255.95 5241.23 5225.14 5207.78 5189.27 5169.72 5149.25 5127.95 5105.95 5083.34 5060.24 5036.74 5012.94 4988.93 4964.80 4940.64 4916.51 4892.49 4868.64 4845.03 4821.70 4798.70 4776.07 4753.84 4732.05 4710.70 4689.81 4669.39 4649.44 4629.96 4610.93 4592.34 4574.18 4556.41 4539.01 4521.94 4505.18 4488.67 4472.38 4456.25 4440.24 4424.24 4408.12 4391.60 4375.05 4358.67 3861.16 3845.69 3352.06 2861.79 1901.83 0.00 0.00 0.00 0.00 
0.00 0.00 0.00 0.00 0.00 2177.29 3294.40 3875.37 3904.17 4494.54 4523.51 4551.76 4863.01 4887.27 4909.57 4929.78 4947.80 4963.56 4977.01 4988.13 4996.94 5003.46 5007.72 5009.79 5009.72 5007.60 5003.50 4997.50 4989.69 4980.18 4969.05 4956.42 4942.38 4927.03 4910.49 4892.85 4874.24 4854.75 4834.48 4813.56 4792.06 4770.10 4747.77 4725.17 4702.37 4679.47 4656.53 4633.65 4610.88 4588.28 4565.91 4543.81 4522.05 4500.64 4479.62 4459.01 4438.84 4419.12 4399.85 4381.03 4362.66 4344.73 4327.23 4310.13 4293.42 4277.06 4261.04 4245.31 4229.84 4214.60 4199.56 4184.68 4169.92 4155.21 3897.72 3882.83 3868.37 3373.08 3359.95 2869.14 1905.95 476.10 0.00 0.00 0.00 0.00 
0.00 0.00 0.00 0.00 0.00 1092.81 2195.34 3320.55 3343.29 3928.47 3952.88 4544.62 4569.33 4591.97 4612.81 4631.78 4648.74 4663.59 4676.27 4686.76 4695.05 4701.16 4705.13 4707.02 4706.88 4704.78 4700.81 4695.04 4687.56 4678.45 4667.83 4655.77 4642.38 4627.76 4612.01 4595.23 4577.53 4559.00 4539.74 4519.87 4499.46 4478.62 4457.44 4436.01 4414.41 4392.71 4371.00 4349.34 4327.80 4306.44 4285.30 4264.44 4243.90 4223.71 4203.89 4184.48 4165.49 4146.93 4128.81 4111.13 4093.88 4077.05 4060.64 4044.62 4028.97 4013.67 3998.68 3983.99 3969.57 3955.39 3941.43 3927.67 3914.09 3900.60 3886.93 3390.21 3378.14 2885.41 2875.22 1909.89 954.00 0.00 0.00 0.00 0.00 0.00 
0.00 0.00 0.00 0.00 0.00 0.00 550.85 2214.40 2784.12 3363.35 3382.45 3402.41 3992.05 4011.10 4029.10 4045.66 4060.53 4073.57 4084.71 4093.91 4101.16 4106.49 4109.93 4111.53 4111.33 4109.41 4105.83 4100.67 4094.00 4085.90 4076.46 4065.76 4053.89 4040.94 4026.99 4012.15 3996.49 3980.11 3963.10 3945.55 3927.54 3909.15 3890.47 3871.58 3852.54 3833.44 3814.33 3795.27 3776.33 3757.55 3738.99 3720.67 3702.65 3684.94 3667.57 3650.57 3633.95 3617.71 3601.87 3586.43 3571.37 3556.69 3542.38 3528.42 3514.80 3501.49 3488.47 3475.71 3463.20 3450.92 3438.86 3427.05 3415.51 3404.36 2908.31 2898.29 2889.20 2399.66 1915.17 0.00 0.00 0.00 0.00 0.00 0.00 0.00 
0.00 0.00 0.00 0.00 0.00 0.00 0.00 0.00 1116.47 2241.87 2250.86 2830.42 2845.32 2859.25 2872.28 2884.24 2894.97 2904.36 2912.37 2918.97 2924.16 2927.96 2930.38 2931.48 2931.28 2929.84 2927.21 2923.44 2918.58 2912.69 2905.84 2898.08 2889.49 2880.11 2870.03 2859.30 2847.99 2836.16 2823.89 2811.23 2798.24 2784.99 2771.54 2757.94 2744.24 2730.50 2716.76 2703.07 2689.47 2676.00 2662.68 2649.55 2636.64 2623.96 2611.54 2599.38 2587.50 2575.91 2564.61 2553.59 2542.86 2532.41 2522.23 2512.31 2502.63 2493.18 2483.94 2474.89 2466.02 2457.33 2448.80 2440.46 2432.33 2424.45 2416.72 1927.07 1923.64 960.59 0.00 0.00 0.00 0.00 0.00 0.00 0.00 0.00 
0.00 0.00 0.00 0.00 0.00 0.00 0.00 0.00 0.00 0.00 0.00 0.00 572.15 573.80 575.91 578.07 580.09 581.90 583.46 584.76 585.79 586.55 587.04 587.26 587.23 586.95 586.44 585.70 584.75 583.59 582.24 580.71 579.01 577.16 575.17 573.04 570.80 568.46 566.03 563.52 560.94 558.32 555.65 552.94 550.22 547.49 544.76 542.04 539.33 536.65 533.99 531.37 528.80 526.27 523.79 521.36 518.98 516.66 514.40 512.19 510.04 507.95 505.90 503.91 501.97 500.07 498.21 496.40 494.62 492.89 491.22 489.64 488.23 487.20 0.00 0.00 0.00 0.00 0.00 0.00 0.00 0.00 0.00 0.00 0.00 0.00 
0.00 0.00 0.00 0.00 0.00 0.00 0.00 0.00 0.00 0.00 0.00 0.00 0.00 0.00 0.00 0.00 0.00 0.00 0.00 0.00 0.00 0.00 0.00 0.00 0.00 0.00 0.00 0.00 0.00 0.00 0.00 0.00 0.00 0.00 0.00 0.00 0.00 0.00 0.00 0.00 0.00 0.00 0.00 0.00 0.00 0.00 0.00 0.00 0.00 0.00 0.00 0.00 0.00 0.00 0.00 0.00 0.00 0.00 0.00 0.00 0.00 0.00 0.00 0.00 0.00 0.00 0.00 0.00 0.00 0.00 0.00 0.00 0.00 0.00 0.00 0.00 0.00 0.00 0.00 0.00 0.00 0.00 0.00 0.00 0.00 0.00 
0.00 0.00 0.00 0.00 0.00 0.00 0.00 0.00 0.00 0.00 0.00 0.00 0.00 0.00 0.00 0.00 0.00 0.00 0.00 0.00 0.00 0.00 0.00 0.00 0.00 0.00 0.00 0.00 0.00 0.00 0.00 0.00 0.00 0.00 0.00 0.00 0.00 0.00 0.00 0.00 0.00 0.00 0.00 0.00 0.00 0.00 0.00 0.00 0.00 0.00 0.00 0.00 0.00 0.00 0.00 0.00 0.00 0.00 0.00 0.00 0.00 0.00 0.00 0.00 0.00 0.00 0.00 0.00 0.00 0.00 0.00 0.00 0.00 0.00 0.00 0.00 0.00 0.00 0.00 0.00 0.00 0.00 0.00 0.00 0.00 0.00 
0.00 0.00 0.00 0.00 0.00 0.00 0.00 0.00 0.00 0.00 0.00 0.00 0.00 0.00 0.00 0.00 0.00 0.00 0.00 0.00 0.00 0.00 0.00 0.00 0.00 0.00 0.00 0.00 0.00 0.00 0.00 0.00 0.00 0.00 0.00 0.00 0.00 0.00 0.00 0.00 0.00 0.00 0.00 0.00 0.00 0.00 0.00 0.00 0.00 0.00 0.00 0.00 0.00 0.00 0.00 0.00 0.00 0.00 0.00 0.00 0.00 0.00 0.00 0.00 0.00 0.00 0.00 0.00 0.00 0.00 0.00 0.00 0.00 0.00 0.00 0.00 0.00 0.00 0.00 0.00 0.00 0.00 0.00 0.00 0.00 0.00 
