0.00 0.00 0.00 0.00 0.00 0.00 0.00 0.00 0.00 0.00 0.00 0.00 0.00 0.00 0.00 0.00 0.00 0.00 0.00 0.00 0.00 0.00 0.00 0.00 0.00 0.00 0.00 0.00 0.00 0.00 0.00 0.00 0.00 0.00 0.00 0.00 0.00 0.00 0.00 0.00 0.00 0.00 0.00 0.00 0.00 0.00 0.00 0.00 0.00 0.00 0.00 0.00 0.00 0.00 0.00 0.00 0.00 0.00 0.00 0.00 0.00 0.00 0.00 0.00 0.00 0.00 0.00 0.00 0.00 0.00 0.00 0.00 0.00 0.00 0.00 0.00 0.00 0.00 0.00 0.00 0.00 0.00 0.00 0.00 0.00 0.00 
0.00 0.00 0.00 0.00 0.00 0.00 0.00 0.00 0.00 0.00 0.00 0.00 0.00 0.00 0.00 0.00 0.00 0.00 0.00 0.00 0.00 0.00 0.00 0.00 0.00 0.00 0.00 0.00 0.00 0.00 0.00 0.00 0.00 0.00 0.00 0.00 0.00 0.00 0.00 0.00 0.00 0.00 0.00 0.00 0.00 0.00 0.00 0.00 0.00 0.00 0.00 0.00 0.00 0.00 0.00 0.00 0.00 0.00 0.00 0.00 0.00 0.00 0.00 0.00 0.00 0.00 0.00 0.00 0.00 0.00 0.00 0.00 0.00 0.00 0.00 0.00 0.00 0.00 0.00 0.00 0.00 0.00 0.00 0.00 0.00 0.00 
0.00 0.00 0.00 0.00 0.00 0.00 0.00 0.00 0.00 0.00 0.00 0.00 0.00 0.00 0.00 0.00 0.00 0.00 0.00 0.00 0.00 0.00 0.00 0.00 0.00 0.00 0.00 0.00 0.00 0.00 0.00 0.00 0.00 0.00 0.00 0.00 0.00 0.00 0.00 0.00 0.00 0.00 0.00 0.00 0.00 0.00 0.00 0.00 0.00 0.00 0.00 0.00 0.00 0.00 0.00 0.00 0.00 0.00 0.00 0.00 0.00 0.00 0.00 0.00 0.00 0.00 0.00 0.00 0.00 0.00 0.00 0.00 0.00 0.00 0.00 0.00 0.00 0.00 0.00 0.00 0.00 0.00 0.00 0.00 0.00 0.00 
0.00 0.00 0.00 0.00 0.00 0.00 0.00 0.00 796.87 1606.70 1621.89 2059.58 2090.67 2126.64 2165.61 2206.59 2248.88 2291.97 2335.43 2378.92 2422.18 2465.00 2507.20 2548.65 2589.27 2628.96 2667.68 2705.38 2742.02 2777.58 2812.05 2845.42 2877.69 2908.85 2938.91 2967.88 2995.77 3022.59 3048.35 3073.06 3096.76 3119.44 3141.13 3161.84 3181.60 3200.41 3218.30 3235.29 3251.39 3266.61 3280.98 3294.50 3307.19 3319.06 3330.12 3340.39 3349.87 3358.57 3366.50 3373.67 3380.07 3385.72 3390.62 3394.76 3398.15 3400.79 3402.69 3403.84 3404.25 3403.92 3402.89 3401.18 3398.86 3396.07 3393.17 2711.61 2709.98 1354.33 0.00 0.00 0.00 0.00 0.00 0.00 0.00 0.00 
0.00 0.00 0.00 0.00 0.00 0.00 0.00 1571.39 1984.71 2415.50 2448.32 2486.38 2526.87 2570.48 2616.71 2664.97 2714.70 2765.36 2816.51 2867.78 2918.86 2969.48 3019.46 3068.62 3116.85 3164.04 3210.11 3255.00 3298.68 3341.10 3382.24 3422.09 3460.64 3497.89 3533.84 3568.50 3601.88 3633.98 3664.82 3694.43 3722.81 3749.99 3775.98 3800.81 3824.49 3847.05 3868.51 3888.88 3908.18 3926.44 3943.67 3959.89 3975.11 3989.34 4002.61 4014.93 4026.30 4036.73 4046.24 4054.83 4062.51 4069.28 4075.14 4080.10 4084.17 4087.34 4089.61 4090.99 4091.49 4091.12 4089.89 4087.84 4085.01 4081.47 4077.33 4072.55 4067.56 3384.63 2704.59 0.00 0.00 0.00 0.00 0.00 0.00 0.00 
0.00 0.00 0.00 0.00 0.00 770.68 1550.15 2359.22 2391.10 2831.66 2873.76 3335.80 3388.99 3446.47 3507.25 3570.60 3635.83 3702.33 3769.53 3836.96 3904.21 3970.94 4036.90 4101.86 4165.63 4228.09 4289.11 4348.62 4406.55 4462.84 4517.47 4570.41 4621.64 4671.15 4718.96 4765.06 4809.46 4852.18 4893.24 4932.65 4970.45 5006.64 5041.26 5074.34 5105.89 5135.95 5164.54 5191.69 5217.42 5241.75 5264.71 5286.33 5306.61 5325.59 5343.28 5359.69 5374.84 5388.75 5401.42 5412.86 5423.09 5432.10 5439.92 5446.53 5451.94 5456.16 5459.20 5461.04 5461.72 5461.23 5459.61 5456.88 5453.09 5448.31 5442.66 4757.26 4750.49 4065.45 4058.48 2700.26 1349.24 0.00 0.00 0.00 0.00 0.00 
0.00 0.00 0.00 0.00 0.00 1535.61 2333.72 2761.53 2801.89 3250.66 3300.63 3355.04 3622.93 3683.55 3747.45 3813.88 3882.18 3951.76 4022.10 4092.71 4163.20 4233.24 4302.52 4370.82 4437.95 4503.75 4568.10 4630.90 4692.07 4751.56 4809.31 4865.31 4919.52 4971.95 5022.58 5071.42 5118.48 5163.77 5207.30 5249.11 5289.20 5327.60 5364.34 5399.45 5432.94 5464.86 5495.21 5524.03 5551.36 5577.20 5601.58 5624.54 5646.08 5666.23 5685.02 5702.44 5718.53 5733.30 5746.75 5758.90 5769.76 5779.33 5787.62 5794.63 5800.38 5804.86 5808.08 5810.04 5810.75 5810.23 5808.49 5805.55 5801.45 5796.23 5449.97 5442.54 5434.36 4747.63 4738.62 4053.48 2696.68 673.72 0.00 0.00 0.00 0.00 
0.00 0.00 0.00 0.00 1519.17 2307.39 2730.86 3166.84 3214.16 3670.18 3726.80 3787.49 3851.17 3916.60 3984.38 4054.34 4126.04 4198.99 4272.68 4346.67 4420.57 4494.02 4566.74 4638.48 4709.04 4778.25 4845.98 4912.11 4976.56 5039.27 5100.18 5159.26 5216.48 5271.83 5325.31 5376.90 5426.63 5474.49 5520.51 5564.71 5607.11 5647.72 5686.59 5723.72 5759.16 5792.93 5825.05 5855.55 5884.47 5911.81 5937.62 5961.92 5984.72 6006.05 6025.93 6044.38 6061.40 6077.03 6091.26 6104.12 6115.61 6125.73 6134.50 6141.92 6148.00 6152.74 6156.14 6158.21 6158.95 6158.38 6156.50 6153.33 6148.88 6143.11 6135.97 6127.68 6118.38 5430.17 5419.55 4732.28 4046.98 2692.55 0.00 0.00 0.00 0.00 
0.00 0.00 0.00 754.10 1899.46 2312.39 2739.35 3177.96 3627.31 3684.32 3743.79 4221.55 4289.86 4361.92 4436.99 4514.47 4593.81 4674.47 4755.92 4837.70 4919.38 5000.58 5081.00 5160.36 5238.43 5315.04 5390.03 5463.28 5534.70 5604.19 5671.72 5737.22 5800.69 5862.08 5921.41 5978.66 6033.84 6086.97 6138.06 6187.12 6234.19 6279.29 6322.45 6363.69 6403.05 6440.55 6476.23 6510.11 6542.23 6572.61 6601.28 6628.26 6653.59 6677.29 6699.37 6719.86 6738.78 6756.13 6771.94 6786.22 6798.98 6810.23 6819.97 6828.21 6834.95 6840.21 6843.98 6846.27 6847.09 6846.44 6844.33 6840.78 6835.82 6829.48 6821.82 6133.84 6123.84 6112.66 5423.74 4735.53 4048.92 3365.41 1344.29 0.00 0.00 0.00 
0.00 0.00 0.00 1504.73 2284.03 2703.60 3136.97 3582.32 3638.25 4102.01 4165.92 4234.31 4304.48 4377.16 4452.26 4529.44 4608.28 4688.32 4769.10 4850.19 4931.19 5011.76 5091.58 5170.39 5247.97 5324.14 5398.74 5471.64 5542.75 5611.98 5679.26 5744.57 5807.85 5869.09 5928.28 5985.41 6040.50 6093.54 6144.55 6193.55 6240.57 6285.62 6328.74 6369.95 6409.28 6446.76 6482.41 6516.28 6548.38 6578.75 6607.41 6634.39 6659.71 6683.40 6705.47 6725.96 6744.86 6762.21 6778.01 6792.28 6805.03 6816.27 6826.00 6834.24 6840.98 6846.22 6849.99 6852.26 6853.06 6852.39 6850.24 6846.62 6841.55 6835.02 6827.02 6817.46 6806.78 6116.86 6104.09 5414.19 4725.75 4040.02 2686.95 0.00 0.00 0.00 
0.00 0.00 0.00 1502.17 2286.66 2708.97 3143.64 3590.07 3647.61 4111.66 4176.67 4245.06 4315.92 4388.99 4464.13 4541.11 4619.59 4699.17 4779.44 4860.00 4940.49 5020.56 5099.91 5178.30 5255.49 5331.31 5405.60 5478.22 5549.08 5618.10 5685.19 5750.33 5813.47 5874.58 5933.67 5990.71 6045.71 6098.68 6149.63 6198.58 6245.56 6290.57 6333.66 6374.84 6414.15 6451.61 6487.25 6521.10 6553.20 6583.55 6612.21 6639.18 6664.49 6688.17 6710.24 6730.72 6749.62 6766.96 6782.76 6797.02 6809.76 6821.00 6830.72 6838.95 6845.68 6850.92 6854.67 6856.94 6857.72 6857.02 6854.83 6851.16 6845.99 6839.32 6831.13 6821.46 6810.42 6120.29 6106.97 5416.63 4727.63 4040.87 2685.72 0.00 0.00 0.00 
0.00 0.00 0.00 1879.17 2288.09 3099.25 3148.25 3595.54 4054.14 4117.69 4183.84 4252.79 4324.26 4397.58 4472.70 4549.50 4627.70 4706.94 4786.85 4867.04 4947.15 5026.86 5105.88 5183.96 5260.87 5336.44 5410.50 5482.92 5553.61 5622.46 5689.42 5754.44 5817.47 5878.50 5937.50 5994.47 6049.41 6102.33 6153.24 6202.16 6249.10 6294.09 6337.15 6378.32 6417.61 6455.05 6490.68 6524.53 6556.61 6586.96 6615.61 6642.57 6667.88 6691.56 6713.62 6734.09 6752.99 6770.33 6786.12 6800.38 6813.12 6824.35 6834.07 6842.29 6849.02 6854.25 6858.00 6860.26 6861.03 6860.31 6858.09 6854.37 6849.14 6842.35 6834.01 6824.18 6812.92 6800.23 6108.99 5418.32 5403.92 4041.43 3357.70 0.00 0.00 0.00 
0.00 0.00 0.00 1879.07 2289.09 3101.58 3346.74 3598.47 4057.69 4121.32 4187.87 4257.33 4543.66 4619.24 4697.40 4777.69 4859.62 4942.73 5026.57 5110.72 5194.81 5278.48 5361.42 5443.38 5524.12 5603.44 5681.18 5757.21 5831.40 5903.69 5973.98 6042.24 6108.41 6172.48 6234.42 6294.23 6351.92 6407.48 6460.93 6512.28 6561.57 6608.81 6654.02 6697.24 6738.49 6777.81 6815.22 6850.76 6884.44 6916.31 6946.39 6974.70 7001.28 7026.14 7049.30 7070.80 7090.64 7108.84 7125.43 7140.40 7153.78 7165.56 7175.77 7184.40 7191.47 7196.96 7200.90 7203.27 7204.08 7203.32 7201.00 7197.12 7191.68 7184.66 6835.61 6825.67 6814.30 6801.53 6110.11 5419.30 5404.66 4715.91 3357.60 0.00 0.00 0.00 
0.00 0.00 0.00 1879.32 2289.41 3102.00 3347.21 3599.03 4058.33 4122.02 4188.63 4258.12 4544.49 4620.09 4698.26 4778.53 4860.44 4943.52 5027.32 5111.44 5195.48 5279.11 5362.02 5443.94 5524.64 5603.93 5681.64 5757.64 5831.82 5904.08 5974.36 6042.60 6108.76 6172.81 6234.74 6294.55 6352.22 6407.78 6461.22 6512.57 6561.85 6609.09 6654.30 6697.51 6738.77 6778.08 6815.49 6851.02 6884.71 6916.58 6946.65 6974.97 7001.54 7026.40 7049.57 7071.06 7090.90 7109.11 7125.69 7140.66 7154.04 7165.82 7176.03 7184.66 7191.73 7197.22 7201.15 7203.52 7204.33 7203.57 7201.25 7197.37 7191.91 7184.89 6835.82 6825.87 6814.50 6801.72 6110.29 5419.46 5404.81 4716.05 3357.72 0.00 0.00 0.00 
0.00 0.00 0.00 1879.91 2289.03 3100.51 3149.64 3597.21 4056.06 4119.80 4186.10 4255.20 4326.77 4400.15 4475.28 4552.04 4630.17 4709.32 4789.11 4869.17 4949.16 5028.75 5107.65 5185.62 5262.43 5337.90 5411.88 5484.23 5554.84 5623.64 5690.54 5755.51 5818.50 5879.49 5938.46 5995.41 6050.33 6103.23 6154.12 6203.02 6249.95 6294.93 6337.98 6379.14 6418.42 6455.86 6491.49 6525.33 6557.41 6587.76 6616.40 6643.36 6668.67 6692.35 6714.41 6734.88 6753.77 6771.11 6786.90 6801.16 6813.90 6825.13 6834.85 6843.07 6849.79 6855.03 6858.77 6861.02 6861.79 6861.06 6858.83 6855.10 6849.84 6843.04 6834.66 6824.81 6813.52 6800.81 6109.51 5418.80 5404.38 4041.82 3358.04 0.00 0.00 0.00 
0.00 0.00 0.00 1503.19 2288.23 2710.90 3145.98 3592.86 3650.64 4115.20 4180.48 4249.11 4320.16 4393.33 4468.49 4545.40 4623.75 4703.16 4783.23 4863.58 4943.85 5023.71 5102.87 5181.06 5258.09 5333.75 5407.90 5480.39 5551.14 5620.05 5687.06 5752.12 5815.19 5876.25 5935.28 5992.27 6047.23 6100.17 6151.09 6200.02 6246.97 6291.97 6335.04 6376.21 6415.51 6452.96 6488.60 6522.44 6554.53 6584.88 6613.53 6640.50 6665.81 6689.49 6711.56 6732.03 6750.93 6768.27 6784.06 6798.33 6811.07 6822.30 6832.02 6840.25 6846.98 6852.21 6855.96 6858.22 6859.00 6858.28 6856.08 6852.38 6847.17 6840.46 6832.23 6822.51 6811.43 6121.19 6107.84 5417.41 4728.34 4041.51 2686.19 0.00 0.00 0.00 
0.00 0.00 0.00 1506.06 2286.17 2706.27 3140.22 3586.22 3642.51 4106.98 4171.30 4240.09 4310.55 4383.37 4458.48 4535.54 4614.18 4693.95 4774.43 4855.21 4935.90 5016.17 5095.71 5174.26 5251.60 5327.55 5401.95 5474.67 5545.62 5614.71 5681.87 5747.07 5810.25 5871.41 5930.53 5987.60 6042.63 6095.63 6146.60 6195.57 6242.56 6287.58 6330.68 6371.87 6411.19 6448.65 6484.30 6518.16 6550.25 6580.62 6609.27 6636.25 6661.56 6685.25 6707.32 6727.80 6746.70 6764.05 6779.85 6794.12 6806.87 6818.10 6827.83 6836.06 6842.80 6848.04 6851.80 6854.07 6854.86 6854.16 6851.99 6848.34 6843.22 6836.63 6828.56 6818.92 6808.17 6118.11 6105.29 5415.26 4726.71 4040.88 2687.55 0.00 0.00 0.00 
0.00 0.00 0.00 754.95 1901.79 2315.43 2743.16 3182.58 3632.80 3690.35 3750.38 4229.17 4297.90 4370.17 4445.21 4522.49 4601.52 4681.79 4762.83 4844.18 4925.44 5006.25 5086.29 5165.31 5243.07 5319.40 5394.14 5467.16 5538.37 5607.69 5675.06 5740.43 5803.77 5865.07 5924.30 5981.47 6036.59 6089.66 6140.69 6189.72 6236.75 6281.82 6324.95 6366.17 6405.51 6442.99 6478.66 6512.53 6544.64 6575.01 6603.68 6630.66 6655.99 6679.68 6701.76 6722.24 6741.15 6758.51 6774.31 6788.59 6801.35 6812.59 6822.32 6830.56 6837.31 6842.56 6846.32 6848.61 6849.41 6848.74 6846.61 6843.02 6838.00 6831.57 6823.81 6135.60 6125.51 6114.24 5425.14 4736.76 4049.99 3366.33 1344.64 0.00 0.00 0.00 
0.00 0.00 0.00 0.00 1521.45 2311.12 2735.54 3172.46 3220.27 3677.63 3735.03 3796.53 3860.88 3926.56 3994.24 4063.88 4135.13 4207.55 4280.71 4354.18 4427.57 4500.55 4572.83 4644.17 4714.37 4783.25 4850.69 4916.56 4980.78 5043.29 5104.02 5162.95 5220.04 5275.27 5328.64 5380.15 5429.80 5477.60 5523.56 5567.71 5610.07 5650.65 5689.48 5726.60 5762.01 5795.76 5827.87 5858.36 5887.27 5914.61 5940.41 5964.70 5987.50 6008.83 6028.70 6047.14 6064.17 6079.79 6094.02 6106.87 6118.35 6128.48 6137.24 6144.66 6150.73 6155.47 6158.86 6160.93 6161.66 6161.08 6159.18 6155.97 6151.44 6145.57 6138.28 6129.84 6120.40 5431.91 5421.23 4733.74 4048.24 2693.40 0.00 0.00 0.00 0.00 
0.00 0.00 0.00 0.00 0.00 1538.96 2338.75 2767.45 2808.32 3258.78 3309.80 3365.45 3634.90 3695.74 3759.35 3825.23 3892.87 3961.76 4031.41 4101.37 4171.25 4240.72 4309.49 4377.32 4444.04 4509.46 4573.48 4635.99 4696.90 4756.16 4813.72 4869.54 4923.60 4975.90 5026.42 5075.16 5122.13 5167.35 5210.82 5252.57 5292.62 5330.99 5367.70 5402.77 5436.25 5468.14 5498.48 5527.29 5554.60 5580.44 5604.81 5627.76 5649.30 5669.45 5688.23 5705.65 5721.74 5736.50 5749.95 5762.09 5772.94 5782.51 5790.80 5797.81 5803.56 5808.03 5811.25 5813.21 5813.92 5813.39 5811.63 5808.66 5804.50 5799.15 5452.54 5444.89 5436.54 4749.45 4740.36 4054.94 2697.67 673.96 0.00 0.00 0.00 0.00 
0.00 0.00 0.00 0.00 0.00 773.04 1554.85 2364.98 2397.39 2840.02 2883.40 3348.54 3403.91 3461.29 3521.34 3583.78 3648.09 3713.69 3780.04 3846.68 3913.21 3979.30 4044.67 4109.10 4172.41 4234.45 4295.11 4354.30 4411.94 4467.99 4522.40 4575.15 4626.21 4675.59 4723.27 4769.26 4813.57 4856.22 4897.21 4936.56 4974.31 5010.46 5045.05 5078.10 5109.63 5139.67 5168.24 5195.38 5221.10 5245.42 5268.38 5289.98 5310.26 5329.24 5346.92 5363.33 5378.47 5392.37 5405.04 5416.48 5426.70 5435.72 5443.53 5450.13 5455.55 5459.77 5462.80 5464.65 5465.33 5464.85 5463.22 5460.48 5456.65 5451.75 5445.71 4759.69 4752.72 4067.25 4060.18 2701.37 1349.78 0.00 0.00 0.00 0.00 0.00 
0.00 0.00 0.00 0.00 0.00 0.00 390.77 1574.74 1990.33 2423.55 2457.78 2497.79 2964.84 3013.59 3066.01 3121.07 3178.00 3236.15 3294.98 3354.03 3412.95 3471.41 3529.19 3586.08 3641.93 3696.61 3750.04 3802.14 3852.85 3902.12 3949.94 3996.27 4041.11 4084.44 4126.28 4166.62 4205.48 4242.87 4278.80 4313.29 4346.36 4378.03 4408.33 4437.27 4464.89 4491.19 4516.21 4539.96 4562.48 4583.77 4603.87 4622.78 4640.54 4657.14 4672.62 4686.99 4700.25 4712.42 4723.51 4733.53 4742.48 4750.37 4757.21 4763.00 4767.75 4771.44 4774.10 4775.72 4776.32 4775.90 4774.49 4772.13 4768.88 4764.83 4080.03 4074.92 4069.71 3386.31 2705.87 0.00 0.00 0.00 0.00 0.00 0.00 0.00 
0.00 0.00 0.00 0.00 0.00 0.00 0.00 0.00 799.47 1612.70 1628.90 2070.11 2103.99 2139.75 2177.86 2217.85 2259.21 2301.43 2344.11 2386.90 2429.54 2471.79 2513.50 2554.52 2594.75 2634.11 2672.53 2709.97 2746.38 2781.75 2816.05 2849.27 2881.41 2912.46 2942.43 2971.31 2999.13 3025.89 3051.60 3076.27 3099.93 3122.58 3144.24 3164.93 3184.67 3203.47 3221.35 3238.33 3254.42 3269.64 3284.00 3297.51 3310.20 3322.07 3333.13 3343.39 3352.87 3361.57 3369.50 3376.66 3383.06 3388.71 3393.60 3397.74 3401.13 3403.77 3405.67 3406.83 3407.25 3406.94 3405.92 3404.23 3401.91 3399.03 3395.64 2713.36 2711.57 1355.09 0.00 0.00 0.00 0.00 0.00 0.00 0.00 0.00 
0.00 0.00 0.00 0.00 0.00 0.00 0.00 0.00 0.00 0.00 0.00 0.00 427.81 432.37 438.82 446.21 454.12 462.30 470.65 479.05 487.45 495.80 504.05 512.18 520.16 527.97 535.61 543.05 550.30 557.34 564.18 570.80 577.20 583.40 589.38 595.14 600.69 606.04 611.17 616.10 620.82 625.35 629.68 633.81 637.76 641.52 645.09 648.48 651.70 654.74 657.61 660.32 662.85 665.23 667.44 669.49 671.38 673.12 674.71 676.14 677.42 678.55 679.52 680.35 681.03 681.56 681.94 682.17 682.26 682.21 682.03 681.74 681.37 681.03 0.00 0.00 0.00 0.00 0.00 0.00 0.00 0.00 0.00 0.00 0.00 0.00 
0.00 0.00 0.00 0.00 0.00 0.00 0.00 0.00 0.00 0.00 0.00 0.00 0.00 0.00 0.00 0.00 0.00 0.00 0.00 0.00 0.00 0.00 0.00 0.00 0.00 0.00 0.00 0.00 0.00 0.00 0.00 0.00 0.00 0.00 0.00 0.00 0.00 0.00 0.00 0.00 0.00 0.00 0.00 0.00 0.00 0.00 0.00 0.00 0.00 0.00 0.00 0.00 0.00 0.00 0.00 0.00 0.00 0.00 0.00 0.00 0.00 0.00 0.00 0.00 0.00 0.00 0.00 0.00 0.00 0.00 0.00 0.00 0.00 0.00 0.00 0.00 0.00 0.00 0.00 0.00 0.00 0.00 0.00 0.00 0.00 0.00 
0.00 0.00 0.00 0.00 0.00 0.00 0.00 0.00 0.00 0.00 0.00 0.00 0.00 0.00 0.00 0.00 0.00 0.00 0.00 0.00 0.00 0.00 0.00 0.00 0.00 0.00 0.00 0.00 0.00 0.00 0.00 0.00 0.00 0.00 0.00 0.00 0.00 0.00 0.00 0.00 0.00 0.00 0.00 0.00 0.00 0.00 0.00 0.00 0.00 0.00 0.00 0.00 0.00 0.00 0.00 0.00 0.00 0.00 0.00 0.00 0.00 0.00 0.00 0.00 0.00 0.00 0.00 0.00 0.00 0.00 0.00 0.00 0.00 0.00 0.00 0.00 0.00 0.00 0.00 0.00 0.00 0.00 0.00 0.00 0.00 0.00 
0.00 0.00 0.00 0.00 0.00 0.00 0.00 0.00 0.00 0.00 0.00 0.00 0.00 0.00 0.00 0.00 0.00 0.00 0.00 0.00 0.00 0.00 0.00 0.00 0.00 0.00 0.00 0.00 0.00 0.00 0.00 0.00 0.00 0.00 0.00 0.00 0.00 0.00 0.00 0.00 0.00 0.00 0.00 0.00 0.00 0.00 0.00 0.00 0.00 0.00 0.00 0.00 0.00 0.00 0.00 0.00 0.00 0.00 0.00 0.00 0.00 0.00 0.00 0.00 0.00 0.00 0.00 0.00 0.00 0.00 0.00 0.00 0.00 0.00 0.00 0.00 0.00 0.00 0.00 0.00 0.00 0.00 0.00 0.00 0.00 0.00 
