0.00 0.00 0.00 0.00 0.00 0.00 0.00 0.00 0.00 0.00 0.00 0.00 0.00 0.00 0.00 0.00 0.00 0.00 0.00 0.00 0.00 0.00 0.00 0.00 0.00 0.00 0.00 0.00 0.00 0.00 0.00 0.00 0.00 0.00 0.00 0.00 0.00 0.00 0.00 0.00 0.00 0.00 0.00 0.00 0.00 0.00 0.00 0.00 0.00 0.00 0.00 0.00 0.00 0.00 0.00 0.00 0.00 0.00 0.00 0.00 0.00 0.00 0.00 0.00 0.00 0.00 0.00 0.00 0.00 0.00 0.00 0.00 0.00 0.00 0.00 0.00 0.00 0.00 0.00 0.00 0.00 0.00 0.00 0.00 0.00 0.00 
0.00 0.00 0.00 0.00 0.00 0.00 0.00 0.00 0.00 0.00 0.00 0.00 0.00 0.00 0.00 0.00 0.00 0.00 0.00 0.00 0.00 0.00 0.00 0.00 0.00 0.00 0.00 0.00 0.00 0.00 0.00 0.00 0.00 0.00 0.00 0.00 0.00 0.00 0.00 0.00 0.00 0.00 0.00 0.00 0.00 0.00 0.00 0.00 0.00 0.00 0.00 0.00 0.00 0.00 0.00 0.00 0.00 0.00 0.00 0.00 0.00 0.00 0.00 0.00 0.00 0.00 0.00 0.00 0.00 0.00 0.00 0.00 0.00 0.00 0.00 0.00 0.00 0.00 0.00 0.00 0.00 0.00 0.00 0.00 0.00 0.00 
0.00 0.00 0.00 0.00 0.00 0.00 0.00 0.00 0.00 0.00 0.00 0.00 0.00 0.00 0.00 0.00 0.00 0.00 0.00 0.00 0.00 0.00 0.00 0.00 0.00 0.00 0.00 0.00 0.00 0.00 0.00 0.00 0.00 0.00 0.00 0.00 0.00 0.00 0.00 0.00 0.00 0.00 0.00 0.00 0.00 0.00 0.00 0.00 0.00 0.00 0.00 0.00 0.00 0.00 0.00 0.00 0.00 0.00 0.00 0.00 0.00 0.00 0.00 0.00 0.00 0.00 0.00 0.00 0.00 0.00 0.00 0.00 0.00 0.00 0.00 0.00 0.00 0.00 0.00 0.00 0.00 0.00 0.00 0.00 0.00 0.00 
0.00 0.00 0.00 0.00 0.00 0.00 0.00 0.00 1327.15 2655.82 2657.60 3325.79 3328.71 3331.40 3333.49 3334.83 3335.35 3335.00 3333.77 3331.65 3328.63 3324.71 3319.90 3314.19 3307.58 3300.08 3291.69 3282.41 3272.23 3261.16 3249.19 3236.33 3222.56 3207.89 3192.31 3175.81 3158.39 3140.04 3120.76 3100.54 3079.37 3057.26 3034.18 3010.15 2985.15 2959.19 2932.25 2904.35 2875.49 2845.66 2814.89 2783.18 2750.55 2717.02 2682.63 2647.40 2611.39 2574.65 2537.24 2499.26 2460.79 2421.98 2382.95 2343.89 2304.99 2266.47 2228.59 2191.59 2155.73 2121.27 2088.45 2057.52 2028.80 2002.81 1980.72 1566.49 1556.16 773.86 0.00 0.00 0.00 0.00 0.00 0.00 0.00 0.00 
0.00 0.00 0.00 0.00 0.00 0.00 0.00 2649.75 3316.43 3986.10 3991.31 3996.22 4000.36 4003.75 4006.28 4007.87 4008.46 4008.02 4006.53 4003.97 4000.35 3995.65 3989.89 3983.05 3975.14 3966.16 3956.11 3944.99 3932.80 3919.55 3905.21 3889.81 3873.32 3855.74 3837.08 3817.31 3796.45 3774.48 3751.39 3727.18 3701.84 3675.36 3647.75 3618.99 3589.08 3558.02 3525.82 3492.46 3457.97 3422.34 3385.60 3347.75 3308.82 3268.85 3227.87 3185.92 3143.07 3099.39 3054.95 3009.88 2964.28 2918.31 2872.14 2825.96 2780.02 2734.54 2689.82 2646.13 2603.75 2562.95 2523.99 2487.12 2452.55 2420.49 2391.09 2363.68 2340.04 1929.93 1532.48 0.00 0.00 0.00 0.00 0.00 0.00 0.00 
0.00 0.00 0.00 0.00 0.00 1321.30 2644.68 3975.90 3983.32 4655.18 4662.21 5334.27 5339.88 5344.44 5347.81 5349.90 5350.66 5350.05 5348.04 5344.63 5339.79 5333.54 5325.85 5316.75 5306.22 5294.26 5280.89 5266.09 5249.86 5232.21 5213.12 5192.61 5170.65 5147.25 5122.40 5096.09 5068.31 5039.06 5008.32 4976.10 4942.37 4907.13 4870.39 4832.13 4792.34 4751.03 4708.21 4663.87 4618.02 4570.68 4521.87 4471.62 4419.95 4366.92 4312.57 4256.97 4200.21 4142.38 4083.60 4024.01 3963.77 3903.08 3842.18 3781.31 3720.76 3660.87 3601.96 3544.39 3488.52 3434.68 3383.18 3334.33 3288.39 3245.61 3206.45 2773.58 2742.76 2325.16 2301.81 1518.40 756.24 0.00 0.00 0.00 0.00 0.00 
0.00 0.00 0.00 0.00 0.00 2640.47 3969.92 4641.96 4651.52 5325.16 5333.64 5341.21 5680.69 5685.65 5689.28 5691.51 5692.32 5691.66 5689.52 5685.89 5680.76 5674.11 5665.96 5656.30 5645.13 5632.45 5618.26 5602.57 5585.36 5566.63 5546.39 5524.63 5501.34 5476.51 5450.15 5422.24 5392.78 5361.75 5329.16 5294.98 5259.22 5221.87 5182.92 5142.36 5100.21 5056.45 5011.09 4964.14 4915.61 4865.51 4813.88 4760.74 4706.14 4650.11 4592.73 4534.06 4474.20 4413.25 4351.35 4288.64 4225.30 4161.54 4097.59 4033.71 3970.20 3907.39 3845.60 3785.19 3726.49 3669.83 3615.52 3563.82 3515.00 3469.34 3225.18 3184.91 3148.02 2724.15 2694.28 2285.12 1508.53 375.91 0.00 0.00 0.00 0.00 
0.00 0.00 0.00 0.00 2634.57 3962.02 4634.42 5308.81 5320.10 5995.29 6004.94 6013.39 6020.46 6025.94 6029.89 6032.30 6033.17 6032.49 6030.23 6026.38 6020.95 6013.93 6005.31 5995.09 5983.28 5969.87 5954.87 5938.27 5920.07 5900.27 5878.87 5855.86 5831.23 5804.98 5777.10 5747.59 5716.44 5683.64 5649.17 5613.05 5575.24 5535.76 5494.60 5451.75 5407.21 5360.98 5313.08 5263.50 5212.27 5159.40 5104.93 5048.88 4991.31 4932.26 4871.80 4810.02 4747.02 4682.90 4617.82 4551.92 4485.39 4418.46 4351.36 4284.36 4217.77 4151.90 4087.10 4023.70 3962.04 3902.42 3845.12 3790.34 3738.21 3688.59 3640.84 3595.70 3553.70 3124.27 3089.10 2673.83 2267.63 1499.01 0.00 0.00 0.00 0.00 
0.00 0.00 0.00 1314.99 3293.25 3963.64 4637.33 5312.67 5988.69 6000.44 6010.80 6685.45 6693.02 6699.04 6703.43 6706.13 6707.11 6706.36 6703.86 6699.59 6693.56 6685.76 6676.19 6664.85 6651.73 6636.85 6620.19 6601.76 6581.55 6559.57 6535.80 6510.25 6482.91 6453.76 6422.81 6390.05 6355.46 6319.04 6280.78 6240.67 6198.71 6154.89 6109.20 6061.64 6012.21 5960.92 5907.77 5852.77 5795.95 5737.31 5676.91 5614.77 5550.95 5485.50 5418.52 5350.09 5280.31 5209.33 5137.28 5064.36 4990.77 4916.74 4842.54 4768.46 4694.84 4622.01 4550.35 4480.21 4411.95 4345.90 4282.33 4221.49 4163.57 4108.74 4057.26 3611.77 3567.28 3524.75 3099.57 2681.95 2272.66 1873.68 745.64 0.00 0.00 0.00 
0.00 0.00 0.00 2628.35 3953.46 4626.21 5301.90 5979.07 5992.63 6669.60 6680.67 6690.37 6698.29 6704.48 6708.96 6711.72 6712.73 6712.00 6709.50 6705.25 6699.22 6691.43 6681.87 6670.54 6657.44 6642.57 6625.94 6607.53 6587.34 6565.38 6541.64 6516.12 6488.80 6459.69 6428.78 6396.05 6361.50 6325.13 6286.92 6246.87 6204.97 6161.21 6115.60 6068.12 6018.79 5967.60 5914.57 5859.71 5803.03 5744.56 5684.34 5622.41 5558.82 5493.64 5426.95 5358.84 5289.42 5218.82 5147.21 5074.76 5001.67 4928.17 4854.54 4781.04 4708.00 4635.76 4564.64 4494.99 4427.14 4361.39 4297.97 4237.08 4178.83 4123.22 4070.08 4018.68 3970.78 3535.18 3493.20 3070.55 2656.44 2252.29 1488.38 0.00 0.00 0.00 
0.00 0.00 0.00 2626.93 3954.10 4627.93 5304.17 5981.77 5995.87 6673.06 6684.47 6694.28 6702.37 6708.70 6713.26 6716.07 6717.11 6716.39 6713.91 6709.66 6703.65 6695.86 6686.31 6674.99 6661.90 6647.05 6630.42 6612.03 6591.86 6569.92 6546.21 6520.70 6493.41 6464.33 6433.44 6400.74 6366.23 6329.89 6291.72 6251.71 6209.86 6166.16 6120.60 6073.20 6023.94 5972.84 5919.90 5865.14 5808.58 5750.24 5690.17 5628.40 5565.00 5500.03 5433.56 5365.71 5296.57 5226.28 5155.01 5082.92 5010.22 4937.15 4863.94 4790.90 4718.31 4646.50 4575.80 4506.52 4438.98 4373.44 4310.12 4249.17 4190.64 4134.50 4080.62 4028.96 3979.97 3543.89 3500.45 3076.69 2661.34 2254.89 1486.51 0.00 0.00 0.00 
0.00 0.00 0.00 3284.18 3954.36 5290.22 5305.78 5983.68 6662.13 6675.41 6687.05 6697.02 6705.26 6711.69 6716.31 6719.15 6720.22 6719.51 6717.04 6712.80 6706.79 6699.01 6689.46 6678.15 6665.07 6650.22 6633.61 6615.23 6595.07 6573.15 6549.44 6523.96 6496.68 6467.61 6436.75 6404.07 6369.58 6333.27 6295.13 6255.15 6213.33 6169.67 6124.16 6076.80 6027.59 5976.55 5923.68 5868.99 5812.52 5754.28 5694.31 5632.67 5569.40 5504.57 5438.27 5370.60 5301.66 5231.60 5160.57 5088.74 5016.32 4943.54 4870.64 4797.91 4725.64 4654.14 4583.73 4514.72 4447.39 4382.00 4318.76 4257.79 4199.12 4142.61 4088.10 4035.87 3985.94 3938.04 3505.53 3080.87 3043.61 2256.64 1859.39 0.00 0.00 0.00 
0.00 0.00 0.00 3284.01 3954.61 5290.99 5637.97 5984.75 6663.38 6676.74 6688.47 6698.55 7040.74 7047.38 7052.18 7055.13 7056.24 7055.50 7052.90 7048.44 7042.13 7033.96 7023.94 7012.06 6998.32 6982.74 6965.29 6945.99 6924.83 6901.80 6876.91 6850.15 6821.51 6790.99 6758.58 6724.27 6688.06 6649.93 6609.89 6567.91 6524.00 6478.16 6430.37 6380.65 6328.99 6275.40 6219.88 6162.47 6103.17 6042.03 5979.07 5914.35 5847.92 5779.86 5710.25 5639.20 5566.83 5493.27 5418.69 5343.28 5267.25 5190.83 5114.29 5037.93 4962.05 4886.97 4813.04 4740.58 4669.91 4601.30 4535.02 4471.24 4410.14 4351.81 4092.37 4039.68 3989.37 3941.31 3508.35 3083.29 3045.40 2634.36 1859.44 0.00 0.00 0.00 
0.00 0.00 0.00 3284.15 3954.77 5291.18 5638.16 5984.95 6663.59 6676.96 6688.69 6698.77 7040.97 7047.62 7052.42 7055.38 7056.49 7055.74 7053.14 7048.69 7042.38 7034.21 7024.18 7012.30 6998.57 6982.98 6965.54 6946.24 6925.08 6902.05 6877.16 6850.40 6821.77 6791.25 6758.84 6724.53 6688.32 6650.20 6610.15 6568.18 6524.28 6478.44 6430.65 6380.93 6329.28 6275.69 6220.19 6162.78 6103.49 6042.36 5979.41 5914.70 5848.29 5780.24 5710.65 5639.62 5567.26 5493.72 5419.17 5343.78 5267.77 5191.38 5114.87 5038.53 4962.67 4887.62 4813.71 4741.27 4670.61 4602.02 4535.73 4471.94 4410.82 4352.46 4092.98 4040.25 3989.89 3941.78 3508.75 3083.61 3045.69 2634.59 1859.61 0.00 0.00 0.00 
0.00 0.00 0.00 3284.61 3954.85 5290.78 5306.34 5984.28 6662.77 6676.07 6687.72 6697.70 6705.96 6712.40 6717.04 6719.88 6720.95 6720.25 6717.78 6713.53 6707.52 6699.74 6690.20 6678.89 6665.81 6650.96 6634.35 6615.97 6595.82 6573.89 6550.19 6524.71 6497.44 6468.38 6437.51 6404.84 6370.36 6334.06 6295.92 6255.95 6214.15 6170.50 6125.00 6077.65 6028.46 5977.44 5924.59 5869.93 5813.48 5755.27 5695.33 5633.72 5570.49 5505.71 5439.46 5371.84 5302.96 5232.96 5161.99 5090.23 5017.88 4945.18 4872.36 4799.71 4727.51 4656.08 4585.74 4516.78 4449.50 4384.14 4320.90 4259.91 4201.17 4144.58 4089.95 4037.58 3987.50 3939.44 3506.73 3081.85 3044.48 2257.29 1859.90 0.00 0.00 0.00 
0.00 0.00 0.00 2627.53 3954.90 4628.80 5305.10 5982.78 5996.88 6674.15 6685.58 6695.42 6703.54 6709.89 6714.47 6717.29 6718.34 6717.62 6715.14 6710.89 6704.88 6697.09 6687.54 6676.22 6663.14 6648.28 6631.66 6613.27 6593.11 6571.17 6547.46 6521.96 6494.68 6465.60 6434.72 6402.03 6367.53 6331.21 6293.05 6253.06 6211.22 6167.54 6122.01 6074.62 6025.39 5974.32 5921.41 5866.69 5810.18 5751.89 5691.87 5630.17 5566.83 5501.93 5435.54 5367.77 5298.73 5228.55 5157.39 5085.41 5012.84 4939.89 4866.81 4793.90 4721.44 4649.75 4579.16 4509.98 4442.52 4377.03 4313.72 4252.74 4194.12 4137.83 4083.73 4031.83 3982.59 3546.09 3502.43 3078.32 2662.66 2255.96 1487.21 0.00 0.00 0.00 
0.00 0.00 0.00 2629.10 3954.53 4627.40 5303.19 5980.46 5994.03 6671.12 6682.22 6691.97 6699.93 6706.16 6710.67 6713.44 6714.46 6713.73 6711.23 6706.98 6700.95 6693.16 6683.60 6672.27 6659.17 6644.31 6627.67 6609.27 6589.09 6567.13 6543.40 6517.89 6490.58 6461.48 6430.58 6397.86 6363.33 6326.98 6288.78 6248.75 6206.88 6163.15 6117.56 6070.12 6020.83 5969.68 5916.70 5861.89 5805.27 5746.87 5686.73 5624.88 5561.38 5496.30 5429.72 5361.73 5292.45 5222.00 5150.54 5078.25 5005.33 4932.02 4858.57 4785.26 4712.40 4640.33 4569.38 4499.89 4432.16 4366.49 4303.11 4242.18 4183.80 4127.97 4074.52 4022.73 3974.45 3538.25 3495.95 3072.79 2658.25 2253.74 1489.28 0.00 0.00 0.00 
0.00 0.00 0.00 1315.45 3294.41 3964.99 4638.83 5314.32 5990.48 6002.26 6012.66 6687.51 6695.16 6701.23 6705.65 6708.36 6709.35 6708.60 6706.10 6701.83 6695.79 6687.99 6678.42 6667.08 6653.97 6639.08 6622.43 6604.01 6583.81 6561.83 6538.07 6512.53 6485.20 6456.07 6425.13 6392.39 6357.82 6321.42 6283.18 6243.10 6201.17 6157.38 6111.73 6064.21 6014.84 5963.60 5910.51 5855.58 5798.83 5740.28 5679.97 5617.94 5554.23 5488.92 5422.08 5353.81 5284.20 5213.40 5141.56 5068.86 4995.49 4921.69 4847.73 4773.91 4700.53 4627.94 4556.51 4486.58 4418.50 4352.57 4289.08 4228.22 4170.15 4115.02 4063.10 3616.72 3571.73 3528.71 3102.80 2684.53 2274.68 1875.23 746.20 0.00 0.00 0.00 
0.00 0.00 0.00 0.00 2635.68 3963.64 4636.24 5310.79 5322.07 5997.50 6007.22 6015.77 6022.96 6028.51 6032.49 6034.92 6035.79 6035.10 6032.83 6028.98 6023.55 6016.52 6007.90 5997.68 5985.87 5972.47 5957.47 5940.88 5922.69 5902.90 5881.51 5858.51 5833.89 5807.66 5779.80 5750.31 5719.18 5686.40 5651.96 5615.86 5578.10 5538.65 5497.53 5454.73 5410.24 5364.08 5316.24 5266.75 5215.60 5162.83 5108.47 5052.54 4995.10 4936.20 4875.91 4814.32 4751.51 4687.61 4622.76 4557.11 4490.85 4424.20 4357.38 4290.68 4224.39 4158.82 4094.30 4031.17 3969.75 3910.33 3853.16 3798.42 3746.16 3696.17 3647.76 3601.88 3559.18 3128.66 3093.00 2676.91 2270.02 1500.49 0.00 0.00 0.00 0.00 
0.00 0.00 0.00 0.00 0.00 2641.88 3971.86 4644.05 4653.58 5327.52 5336.12 5343.85 5683.63 5688.68 5692.34 5694.58 5695.37 5694.70 5692.55 5688.91 5683.76 5677.12 5668.96 5659.30 5648.14 5635.46 5621.28 5605.59 5588.39 5569.68 5549.45 5527.70 5504.42 5479.62 5453.28 5425.39 5395.95 5364.95 5332.39 5298.24 5262.52 5225.21 5186.31 5145.81 5103.71 5060.02 5014.74 4967.88 4919.45 4869.47 4817.96 4764.96 4710.51 4654.65 4597.46 4539.00 4479.37 4418.68 4357.04 4294.63 4231.60 4168.17 4104.56 4041.04 3977.89 3915.43 3854.00 3793.93 3735.55 3679.19 3625.11 3573.56 3524.70 3478.64 3233.13 3191.79 3154.01 2728.78 2698.34 2288.22 1510.43 376.35 0.00 0.00 0.00 0.00 
0.00 0.00 0.00 0.00 0.00 1322.23 2646.45 3977.96 3985.34 4657.57 4664.75 5337.38 5343.34 5347.98 5351.35 5353.41 5354.15 5353.51 5351.48 5348.05 5343.20 5336.94 5329.25 5320.15 5309.62 5297.67 5284.30 5269.51 5253.30 5235.66 5216.59 5196.09 5174.15 5150.77 5125.94 5099.65 5071.90 5042.68 5011.98 4979.79 4946.10 4910.91 4874.22 4836.02 4796.30 4755.07 4712.33 4668.08 4622.35 4575.13 4526.46 4476.36 4424.86 4372.02 4317.88 4262.52 4206.02 4148.47 4090.00 4030.74 3970.86 3910.56 3850.05 3789.60 3729.48 3670.01 3611.53 3554.39 3498.92 3445.48 3394.37 3345.86 3300.13 3257.14 3216.13 2780.82 2748.97 2329.78 2305.84 1520.76 757.31 0.00 0.00 0.00 0.00 0.00 
0.00 0.00 0.00 0.00 0.00 0.00 662.26 2651.10 3318.23 3988.38 3993.77 3998.97 4670.24 4674.08 4676.95 4678.73 4679.37 4678.82 4677.05 4674.04 4669.80 4664.31 4657.58 4649.60 4640.37 4629.90 4618.19 4605.22 4591.01 4575.55 4558.84 4540.88 4521.66 4501.17 4479.41 4456.37 4432.05 4406.44 4379.53 4351.31 4321.78 4290.93 4258.76 4225.25 4190.42 4154.25 4116.74 4077.91 4037.76 3996.29 3953.54 3909.51 3864.24 3817.76 3770.13 3721.39 3671.61 3620.89 3569.31 3517.01 3464.12 3410.81 3357.29 3303.77 3250.54 3197.86 3146.07 3095.48 3046.44 2999.28 2954.33 2911.90 2872.37 2836.22 2399.76 2370.78 2346.09 1934.28 1535.57 0.00 0.00 0.00 0.00 0.00 0.00 0.00 
0.00 0.00 0.00 0.00 0.00 0.00 0.00 0.00 1327.95 2657.49 2659.40 3328.29 3331.67 3334.41 3336.47 3337.77 3338.24 3337.86 3336.61 3334.47 3331.44 3327.52 3322.70 3316.99 3310.39 3302.90 3294.51 3285.24 3275.07 3264.01 3252.06 3239.20 3225.45 3210.79 3195.23 3178.75 3161.35 3143.02 3123.77 3103.58 3082.44 3060.36 3037.33 3013.35 2988.40 2962.50 2935.63 2907.81 2879.03 2849.31 2818.64 2787.06 2754.57 2721.19 2686.97 2651.94 2616.14 2579.63 2542.48 2504.78 2466.62 2428.13 2389.45 2350.75 2312.22 2274.08 2236.57 2199.95 2164.47 2130.41 2098.00 2067.49 2039.12 2013.01 1988.67 1571.75 1560.68 775.91 0.00 0.00 0.00 0.00 0.00 0.00 0.00 0.00 
0.00 0.00 0.00 0.00 0.00 0.00 0.00 0.00 0.00 0.00 0.00 0.00 667.52 667.83 668.14 668.35 668.43 668.34 668.08 667.65 667.04 666.26 665.29 664.15 662.84 661.34 659.67 657.81 655.78 653.57 651.19 648.62 645.87 642.94 639.84 636.54 633.07 629.41 625.56 621.53 617.31 612.90 608.31 603.52 598.54 593.37 588.01 582.46 576.73 570.80 564.69 558.40 551.93 545.28 538.48 531.51 524.40 517.15 509.77 502.30 494.74 487.12 479.48 471.83 464.23 456.71 449.32 442.12 435.16 428.50 422.24 416.51 411.61 408.20 0.00 0.00 0.00 0.00 0.00 0.00 0.00 0.00 0.00 0.00 0.00 0.00 
0.00 0.00 0.00 0.00 0.00 0.00 0.00 0.00 0.00 0.00 0.00 0.00 0.00 0.00 0.00 0.00 0.00 0.00 0.00 0.00 0.00 0.00 0.00 0.00 0.00 0.00 0.00 0.00 0.00 0.00 0.00 0.00 0.00 0.00 0.00 0.00 0.00 0.00 0.00 0.00 0.00 0.00 0.00 0.00 0.00 0.00 0.00 0.00 0.00 0.00 0.00 0.00 0.00 0.00 0.00 0.00 0.00 0.00 0.00 0.00 0.00 0.00 0.00 0.00 0.00 0.00 0.00 0.00 0.00 0.00 0.00 0.00 0.00 0.00 0.00 0.00 0.00 0.00 0.00 0.00 0.00 0.00 0.00 0.00 0.00 0.00 
0.00 0.00 0.00 0.00 0.00 0.00 0.00 0.00 0.00 0.00 0.00 0.00 0.00 0.00 0.00 0.00 0.00 0.00 0.00 0.00 0.00 0.00 0.00 0.00 0.00 0.00 0.00 0.00 0.00 0.00 0.00 0.00 0.00 0.00 0.00 0.00 0.00 0.00 0.00 0.00 0.00 0.00 0.00 0.00 0.00 0.00 0.00 0.00 0.00 0.00 0.00 0.00 0.00 0.00 0.00 0.00 0.00 0.00 0.00 0.00 0.00 0.00 0.00 0.00 0.00 0.00 0.00 0.00 0.00 0.00 0.00 0.00 0.00 0.00 0.00 0.00 0.00 0.00 0.00 0.00 0.00 0.00 0.00 0.00 0.00 0.00 
0.00 0.00 0.00 0.00 0.00 0.00 0.00 0.00 0.00 0.00 0.00 0.00 0.00 0.00 0.00 0.00 0.00 0.00 0.00 0.00 0.00 0.00 0.00 0.00 0.00 0.00 0.00 0.00 0.00 0.00 0.00 0.00 0.00 0.00 0.00 0.00 0.00 0.00 0.00 0.00 0.00 0.00 0.00 0.00 0.00 0.00 0.00 0.00 0.00 0.00 0.00 0.00 0.00 0.00 0.00 0.00 0.00 0.00 0.00 0.00 0.00 0.00 0.00 0.00 0.00 0.00 0.00 0.00 0.00 0.00 0.00 0.00 0.00 0.00 0.00 0.00 0.00 0.00 0.00 0.00 0.00 0.00 0.00 0.00 0.00 0.00 
