0.00 0.00 0.00 0.00 0.00 0.00 0.00 0.00 0.00 0.00 0.00 0.00 0.00 0.00 0.00 0.00 0.00 0.00 0.00 0.00 0.00 0.00 0.00 0.00 0.00 0.00 0.00 0.00 0.00 0.00 0.00 0.00 0.00 0.00 0.00 0.00 0.00 0.00 0.00 0.00 0.00 0.00 0.00 0.00 0.00 0.00 0.00 0.00 0.00 0.00 0.00 0.00 0.00 0.00 0.00 0.00 0.00 0.00 0.00 0.00 0.00 0.00 0.00 0.00 0.00 0.00 0.00 0.00 0.00 0.00 0.00 0.00 0.00 0.00 0.00 0.00 0.00 0.00 0.00 0.00 0.00 0.00 0.00 0.00 0.00 0.00 
0.00 0.00 0.00 0.00 0.00 0.00 0.00 0.00 0.00 0.00 0.00 0.00 0.00 0.00 0.00 0.00 0.00 0.00 0.00 0.00 0.00 0.00 0.00 0.00 0.00 0.00 0.00 0.00 0.00 0.00 0.00 0.00 0.00 0.00 0.00 0.00 0.00 0.00 0.00 0.00 0.00 0.00 0.00 0.00 0.00 0.00 0.00 0.00 0.00 0.00 0.00 0.00 0.00 0.00 0.00 0.00 0.00 0.00 0.00 0.00 0.00 0.00 0.00 0.00 0.00 0.00 0.00 0.00 0.00 0.00 0.00 0.00 0.00 0.00 0.00 0.00 0.00 0.00 0.00 0.00 0.00 0.00 0.00 0.00 0.00 0.00 
0.00 0.00 0.00 0.00 0.00 0.00 0.00 0.00 0.00 0.00 0.00 0.00 0.00 0.00 0.00 0.00 0.00 0.00 0.00 0.00 0.00 0.00 0.00 0.00 0.00 0.00 0.00 0.00 0.00 0.00 0.00 0.00 0.00 0.00 0.00 0.00 0.00 0.00 0.00 0.00 0.00 0.00 0.00 0.00 0.00 0.00 0.00 0.00 0.00 0.00 0.00 0.00 0.00 0.00 0.00 0.00 0.00 0.00 0.00 0.00 0.00 0.00 0.00 0.00 0.00 0.00 0.00 0.00 0.00 0.00 0.00 0.00 0.00 0.00 0.00 0.00 0.00 0.00 0.00 0.00 0.00 0.00 0.00 0.00 0.00 0.00 
0.00 0.00 0.00 0.00 0.00 0.00 0.00 0.00 770.25 1547.10 1555.36 1962.50 1980.37 2001.42 2024.73 2049.93 2076.84 2105.36 2135.39 2166.81 2199.50 2233.28 2267.99 2303.42 2339.38 2375.67 2412.10 2448.52 2484.78 2520.74 2556.30 2591.37 2625.85 2659.69 2692.84 2725.23 2756.84 2787.63 2817.57 2846.64 2874.83 2902.11 2928.48 2953.93 2978.45 3002.03 3024.68 3046.38 3067.14 3086.95 3105.81 3123.73 3140.70 3156.72 3171.79 3185.90 3199.07 3211.27 3222.53 3232.82 3242.15 3250.51 3257.90 3264.32 3269.75 3274.21 3277.68 3280.16 3281.67 3282.20 3281.77 3280.44 3278.28 3275.45 3272.33 2614.60 2612.64 1305.44 0.00 0.00 0.00 0.00 0.00 0.00 0.00 0.00 
0.00 0.00 0.00 0.00 0.00 0.00 0.00 1528.14 1921.94 2326.25 2345.74 2368.23 2392.29 2418.49 2446.78 2477.06 2509.26 2543.27 2578.99 2616.30 2655.05 2695.06 2736.13 2778.04 2820.57 2863.50 2906.63 2949.78 2992.76 3035.43 3077.65 3119.32 3160.34 3200.61 3240.08 3278.68 3316.37 3353.09 3388.82 3423.53 3457.19 3489.79 3521.30 3551.72 3581.04 3609.24 3636.32 3662.28 3687.12 3710.82 3733.40 3754.84 3775.14 3794.32 3812.35 3829.24 3845.00 3859.61 3873.08 3885.39 3896.56 3906.56 3915.41 3923.09 3929.60 3934.94 3939.11 3942.10 3943.92 3944.59 3944.12 3942.56 3939.95 3936.40 3932.02 3926.80 3921.23 3261.96 2605.86 0.00 0.00 0.00 0.00 0.00 0.00 0.00 
0.00 0.00 0.00 0.00 0.00 756.27 1516.94 2295.42 2315.03 2725.72 2751.36 3174.24 3206.50 3241.68 3279.50 3319.86 3362.66 3407.78 3455.11 3504.47 3555.68 3608.51 3662.69 3717.98 3774.08 3830.73 3887.66 3944.62 4001.41 4057.81 4113.67 4168.81 4223.13 4276.49 4328.81 4380.00 4430.00 4478.74 4526.18 4572.28 4617.00 4660.31 4702.20 4742.64 4781.61 4819.12 4855.14 4889.67 4922.71 4954.24 4984.28 5012.80 5039.82 5065.33 5089.33 5111.81 5132.78 5152.22 5170.14 5186.53 5201.38 5214.70 5226.47 5236.70 5245.37 5252.48 5258.04 5262.04 5264.49 5265.41 5264.82 5262.78 5259.33 5254.57 5248.66 4586.89 4579.42 3917.85 3909.90 2600.08 1298.75 0.00 0.00 0.00 0.00 0.00 
0.00 0.00 0.00 0.00 0.00 1509.09 2282.13 2686.25 2711.46 3127.52 3158.32 3191.81 3426.24 3464.04 3504.49 3547.47 3592.89 3640.64 3690.61 3742.63 3796.53 3852.07 3909.00 3967.07 4025.98 4085.47 4145.28 4205.16 4264.88 4324.23 4383.04 4441.15 4498.41 4554.70 4609.91 4663.97 4716.79 4768.30 4818.46 4867.22 4914.53 4960.37 5004.71 5047.52 5088.80 5128.53 5166.69 5203.27 5238.28 5271.70 5303.54 5333.77 5362.41 5389.46 5414.89 5438.73 5460.95 5481.56 5500.56 5517.93 5533.68 5547.80 5560.28 5571.12 5580.32 5587.87 5593.77 5598.02 5600.64 5601.63 5601.03 5598.85 5595.15 5589.99 5255.51 5247.52 5238.52 4575.08 4564.88 3903.11 2595.25 648.13 0.00 0.00 0.00 0.00 
0.00 0.00 0.00 0.00 1499.98 2267.41 2669.56 3079.07 3108.87 3529.68 3564.84 3602.47 3642.18 3683.43 3726.82 3772.57 3820.69 3871.14 3923.82 3978.59 4035.26 4093.60 4153.37 4214.31 4276.14 4338.57 4401.36 4464.23 4526.96 4589.33 4651.16 4712.27 4772.52 4831.78 4889.94 4946.89 5002.56 5056.88 5109.78 5161.21 5211.14 5259.52 5306.32 5351.53 5395.12 5437.08 5477.39 5516.04 5553.03 5588.35 5621.98 5653.94 5684.21 5712.79 5739.67 5764.86 5788.35 5810.13 5830.21 5848.57 5865.22 5880.14 5893.33 5904.79 5914.52 5922.50 5928.75 5933.25 5936.02 5937.07 5936.41 5934.06 5930.05 5924.36 5916.93 5908.02 5897.79 5232.71 5220.70 4556.53 3894.61 2589.67 0.00 0.00 0.00 0.00 
0.00 0.00 0.00 747.12 1875.86 2272.17 2677.09 3088.76 3506.48 3542.38 3579.77 4013.57 4056.49 4102.17 4150.48 4201.40 4254.89 4310.91 4369.33 4430.01 4492.76 4557.33 4623.47 4690.88 4759.26 4828.32 4897.76 4967.31 5036.71 5105.74 5174.17 5241.83 5308.55 5374.19 5438.62 5501.73 5563.42 5623.63 5682.28 5739.31 5794.68 5848.34 5900.26 5950.41 5998.78 6045.33 6090.06 6132.96 6174.01 6213.20 6250.53 6286.00 6319.60 6351.32 6381.16 6409.12 6435.19 6459.38 6481.66 6502.04 6520.52 6537.08 6551.73 6564.45 6575.25 6584.12 6591.05 6596.05 6599.12 6600.28 6599.54 6596.91 6592.45 6586.21 6578.26 5913.80 5902.86 5890.39 5224.49 4559.36 3896.08 3236.38 1292.00 0.00 0.00 0.00 
0.00 0.00 0.00 1491.94 2254.85 2655.56 3064.58 3480.50 3516.21 3942.39 3982.69 4025.75 4070.20 4116.68 4165.44 4216.58 4270.14 4326.08 4384.32 4444.73 4507.12 4571.29 4636.97 4703.89 4771.77 4840.32 4909.26 4978.33 5047.27 5115.85 5183.88 5251.16 5317.52 5382.84 5446.97 5509.81 5571.27 5631.25 5689.70 5746.55 5801.76 5855.27 5907.06 5957.09 6005.34 6051.80 6096.44 6139.25 6180.22 6219.35 6256.62 6292.02 6325.57 6357.24 6387.03 6414.95 6440.98 6465.13 6487.38 6507.73 6526.18 6542.72 6557.35 6570.05 6580.83 6589.69 6596.61 6601.61 6604.67 6605.82 6605.05 6602.38 6597.82 6591.40 6583.11 6572.89 6561.18 5894.24 5879.84 5212.72 4547.27 3884.98 2582.02 0.00 0.00 0.00 
0.00 0.00 0.00 1490.41 2257.30 2660.14 3070.36 3487.26 3524.31 3950.98 3992.29 4035.69 4080.86 4127.91 4177.02 4228.36 4281.97 4337.87 4395.98 4456.18 4518.32 4582.17 4647.51 4714.06 4781.56 4849.72 4918.27 4986.96 5055.54 5123.78 5191.49 5258.47 5324.56 5389.62 5453.52 5516.15 5577.41 5637.22 5695.52 5752.22 5807.30 5860.69 5912.38 5962.31 6010.48 6056.86 6101.42 6144.17 6185.08 6224.15 6261.37 6296.73 6330.23 6361.86 6391.62 6419.51 6445.51 6469.62 6491.85 6512.18 6530.60 6547.12 6561.73 6574.43 6585.20 6594.04 6600.96 6605.95 6609.01 6610.14 6609.34 6606.62 6601.99 6595.43 6586.97 6576.63 6564.58 5897.41 5882.44 5214.86 4548.88 3885.50 2580.38 0.00 0.00 0.00 
0.00 0.00 0.00 1864.10 2258.79 3042.20 3074.43 3492.02 3916.02 3956.63 3998.78 4042.72 4088.49 4135.92 4185.27 4236.72 4290.36 4346.23 4404.24 4464.31 4526.26 4589.90 4654.99 4721.28 4788.51 4856.40 4924.68 4993.10 5061.42 5129.42 5196.90 5263.67 5329.56 5394.44 5458.18 5520.66 5581.78 5641.47 5699.65 5756.25 5811.23 5864.55 5916.15 5966.02 6014.13 6060.45 6104.96 6147.66 6188.53 6227.56 6264.74 6300.07 6333.54 6365.15 6394.88 6422.74 6448.72 6472.81 6495.02 6515.33 6533.74 6550.25 6564.85 6577.53 6588.29 6597.13 6604.05 6609.03 6612.08 6613.20 6612.39 6609.64 6604.94 6598.29 6589.67 6579.18 6566.87 6552.78 5884.26 5216.32 5199.78 3885.80 3226.03 0.00 0.00 0.00 
0.00 0.00 0.00 1864.14 2259.72 3044.10 3267.54 3494.60 3919.04 3959.83 4002.33 4046.68 4294.49 4343.49 4394.88 4448.71 4504.95 4563.56 4624.47 4687.53 4752.59 4819.42 4887.78 4957.39 5027.98 5099.27 5170.97 5242.82 5314.56 5385.95 5456.80 5526.90 5596.09 5664.21 5731.13 5796.73 5860.90 5923.57 5984.65 6044.09 6101.81 6157.79 6211.97 6264.33 6314.84 6363.47 6410.21 6455.05 6497.96 6538.94 6577.98 6615.08 6650.22 6683.40 6714.62 6743.87 6771.15 6796.45 6819.77 6841.09 6860.43 6877.76 6893.09 6906.41 6917.71 6926.99 6934.25 6939.49 6942.69 6943.87 6943.03 6940.17 6935.30 6928.43 6591.18 6580.57 6568.17 6554.00 5885.30 5217.19 5200.40 4534.68 3225.83 0.00 0.00 0.00 
0.00 0.00 0.00 1864.30 2259.92 3044.37 3267.84 3494.95 3919.45 3960.29 4002.83 4047.22 4295.06 4344.09 4395.51 4449.34 4505.59 4564.20 4625.11 4688.17 4753.21 4820.03 4888.37 4957.97 5028.54 5099.81 5171.49 5243.32 5315.04 5386.42 5457.25 5527.33 5596.50 5664.61 5731.51 5797.09 5861.26 5923.91 5984.99 6044.41 6102.13 6158.09 6212.27 6264.62 6315.12 6363.75 6410.49 6455.32 6498.23 6539.20 6578.24 6615.33 6650.47 6683.65 6714.87 6744.12 6771.40 6796.70 6820.01 6841.34 6860.67 6878.00 6893.33 6906.65 6917.95 6927.24 6934.50 6939.73 6942.94 6944.12 6943.27 6940.41 6935.54 6928.67 6591.40 6580.79 6568.39 6554.22 5885.50 5217.38 5200.59 4534.85 3225.98 0.00 0.00 0.00 
0.00 0.00 0.00 1864.57 2259.39 3042.99 3075.31 3493.09 3917.26 3958.00 4000.27 4044.33 4090.21 4137.73 4187.14 4238.63 4292.29 4348.16 4406.16 4466.20 4528.12 4591.72 4656.76 4723.01 4790.18 4858.01 4926.23 4994.60 5062.86 5130.81 5198.23 5264.94 5330.79 5395.62 5459.31 5521.75 5582.84 5642.49 5700.64 5757.22 5812.17 5865.46 5917.05 5966.90 6014.98 6061.29 6105.79 6148.47 6189.33 6228.35 6265.53 6300.85 6334.31 6365.90 6395.63 6423.48 6449.46 6473.55 6495.75 6516.06 6534.47 6550.97 6565.57 6578.25 6589.02 6597.86 6604.77 6609.76 6612.81 6613.93 6613.11 6610.35 6605.65 6598.98 6590.35 6579.84 6567.52 6553.42 5884.87 5216.87 5200.35 3886.28 3226.47 0.00 0.00 0.00 
0.00 0.00 0.00 1491.06 2258.29 2661.35 3071.84 3489.04 3526.25 3953.27 3994.80 4038.40 4083.76 4130.96 4180.18 4231.58 4285.22 4341.11 4399.20 4459.36 4521.44 4585.22 4650.48 4716.94 4784.35 4852.41 4920.87 4989.46 5057.94 5126.09 5193.70 5260.60 5326.61 5391.59 5455.42 5517.98 5579.18 5638.94 5697.17 5753.83 5808.86 5862.22 5913.87 5963.77 6011.91 6058.26 6102.80 6145.53 6186.42 6225.47 6262.68 6298.03 6331.51 6363.13 6392.88 6420.75 6446.75 6470.85 6493.07 6513.39 6531.82 6548.34 6562.94 6575.64 6586.41 6595.26 6602.18 6607.17 6610.22 6611.35 6610.55 6607.83 6603.18 6596.60 6588.10 6577.74 6565.66 5898.41 5883.43 5215.79 4549.74 3886.30 2580.98 0.00 0.00 0.00 
0.00 0.00 0.00 1492.79 2256.19 2657.24 3066.63 3482.96 3518.93 3945.60 3986.21 4029.61 4074.33 4121.03 4169.94 4221.16 4274.74 4330.67 4388.87 4449.21 4511.52 4575.58 4641.15 4707.95 4775.70 4844.11 4912.91 4981.84 5050.64 5119.09 5186.99 5254.14 5320.39 5385.60 5449.63 5512.38 5573.74 5633.65 5692.03 5748.81 5803.95 5857.41 5909.15 5959.14 6007.35 6053.77 6098.38 6141.16 6182.10 6221.20 6258.45 6293.84 6327.36 6359.02 6388.80 6416.70 6442.72 6466.86 6489.10 6509.44 6527.89 6544.42 6559.04 6571.75 6582.53 6591.39 6598.32 6603.32 6606.39 6607.53 6606.76 6604.08 6599.50 6593.05 6584.71 6574.43 6562.69 5895.62 5881.20 5213.98 4548.43 3886.04 2582.78 0.00 0.00 0.00 
0.00 0.00 0.00 747.65 1877.33 2274.08 2679.48 3091.68 3509.97 3546.26 3584.08 4018.63 4061.95 4107.92 4156.41 4207.41 4260.92 4316.90 4375.25 4435.84 4498.47 4562.90 4628.89 4696.13 4764.34 4833.21 4902.47 4971.84 5041.06 5109.91 5178.18 5245.68 5312.25 5377.74 5442.04 5505.02 5566.61 5626.72 5685.27 5742.22 5797.51 5851.10 5902.95 5953.05 6001.36 6047.87 6092.56 6135.42 6176.43 6215.59 6252.90 6288.34 6321.91 6353.61 6383.44 6411.38 6437.44 6461.61 6483.88 6504.25 6522.72 6539.28 6553.92 6566.65 6577.44 6586.31 6593.25 6598.26 6601.34 6602.50 6601.76 6599.13 6594.64 6588.34 6580.33 5915.66 5904.65 5892.15 5226.08 4560.80 3897.37 3237.50 1292.45 0.00 0.00 0.00 
0.00 0.00 0.00 0.00 1501.41 2269.74 2672.49 3082.60 3112.75 3534.44 3570.17 3608.43 3648.74 3690.35 3733.92 3779.72 3827.82 3878.20 3930.78 3985.42 4041.93 4100.11 4159.70 4220.43 4282.05 4344.27 4406.83 4469.48 4532.00 4594.16 4655.79 4716.72 4776.79 4835.89 4893.89 4950.71 5006.25 5060.44 5113.24 5164.57 5214.41 5262.71 5309.44 5354.59 5398.12 5440.02 5480.29 5518.90 5555.84 5591.12 5624.73 5656.65 5686.90 5715.45 5742.32 5767.48 5790.96 5812.72 5832.79 5851.14 5867.77 5882.69 5895.88 5907.34 5917.06 5925.05 5931.31 5935.82 5938.61 5939.67 5939.01 5936.66 5932.61 5926.85 5919.32 5910.29 5899.98 5234.64 5222.60 4558.23 3896.11 2590.72 0.00 0.00 0.00 0.00 
0.00 0.00 0.00 0.00 0.00 1511.17 2285.26 2689.97 2715.54 3132.69 3164.23 3198.63 3434.24 3472.45 3513.02 3555.98 3601.32 3648.95 3698.77 3750.63 3804.33 3859.66 3916.37 3974.19 4032.85 4092.08 4151.63 4211.25 4270.71 4329.82 4388.40 4446.28 4503.33 4559.43 4614.47 4668.37 4721.04 4772.42 4822.45 4871.10 4918.31 4964.06 5008.31 5051.05 5092.26 5131.93 5170.04 5206.57 5241.54 5274.92 5306.71 5336.92 5365.53 5392.54 5417.96 5441.77 5463.97 5484.56 5503.54 5520.90 5536.64 5550.75 5563.23 5574.07 5583.27 5590.82 5596.74 5601.01 5603.65 5604.67 5604.08 5601.91 5598.19 5592.94 5258.17 5250.00 5240.87 4577.09 4566.84 3904.81 2596.44 648.43 0.00 0.00 0.00 0.00 
0.00 0.00 0.00 0.00 0.00 757.72 1519.83 2299.08 2319.03 2731.03 2757.52 3182.49 3216.34 3251.81 3289.57 3329.77 3372.40 3417.34 3464.47 3513.62 3564.60 3617.17 3671.09 3726.09 3781.89 3838.22 3894.84 3951.51 4008.00 4064.12 4119.70 4174.60 4228.68 4281.83 4333.95 4384.96 4434.79 4483.38 4530.68 4576.66 4621.26 4664.48 4706.27 4746.63 4785.53 4822.96 4858.93 4893.40 4926.39 4957.88 4987.87 5016.37 5043.35 5068.83 5092.80 5115.26 5136.20 5155.62 5173.52 5189.90 5204.74 5218.05 5229.81 5240.03 5248.71 5255.83 5261.40 5265.43 5267.91 5268.87 5268.33 5266.32 5262.88 5258.05 5251.80 4589.45 4581.82 3919.84 3911.82 2601.38 1299.39 0.00 0.00 0.00 0.00 0.00 
0.00 0.00 0.00 0.00 0.00 0.00 381.19 1530.46 1925.53 2331.33 2351.75 2375.59 2801.20 2830.84 2863.30 2898.25 2935.53 2974.98 3016.46 3059.80 3104.81 3151.28 3198.97 3247.63 3297.00 3346.83 3396.90 3446.98 3496.88 3546.42 3595.46 3643.87 3691.52 3738.33 3784.21 3829.10 3872.92 3915.65 3957.22 3997.61 4036.79 4074.74 4111.43 4146.85 4180.99 4213.84 4245.39 4275.63 4304.57 4332.19 4358.49 4383.47 4407.14 4429.48 4450.50 4470.19 4488.55 4505.58 4521.28 4535.64 4548.65 4560.32 4570.64 4579.60 4587.20 4593.44 4598.32 4601.84 4604.01 4604.84 4604.36 4602.62 4599.69 4595.68 3934.80 3929.28 3923.54 3263.81 2607.30 0.00 0.00 0.00 0.00 0.00 0.00 0.00 
0.00 0.00 0.00 0.00 0.00 0.00 0.00 0.00 771.92 1550.87 1559.76 1969.21 1989.02 2010.26 2033.39 2058.35 2085.04 2113.37 2143.21 2174.45 2206.94 2240.51 2274.98 2310.17 2345.86 2381.88 2418.05 2454.21 2490.21 2525.93 2561.27 2596.12 2630.41 2664.07 2697.05 2729.29 2760.76 2791.43 2821.26 2850.23 2878.33 2905.53 2931.83 2957.21 2981.67 3005.20 3027.80 3049.45 3070.17 3089.95 3108.78 3126.67 3143.61 3159.60 3174.65 3188.74 3201.89 3214.08 3225.32 3235.60 3244.91 3253.27 3260.65 3267.07 3272.51 3276.97 3280.45 3282.96 3284.50 3285.07 3284.70 3283.43 3281.31 3278.44 3274.87 2616.44 2614.34 1306.27 0.00 0.00 0.00 0.00 0.00 0.00 0.00 0.00 
0.00 0.00 0.00 0.00 0.00 0.00 0.00 0.00 0.00 0.00 0.00 0.00 402.59 405.39 409.42 414.14 419.33 424.91 430.80 436.98 443.41 450.04 456.85 463.80 470.86 477.98 485.13 492.29 499.42 506.50 513.51 520.43 527.24 533.93 540.49 546.90 553.17 559.27 565.22 570.99 576.59 582.01 587.25 592.32 597.19 601.89 606.40 610.72 614.85 618.80 622.56 626.13 629.51 632.70 635.71 638.52 641.14 643.58 645.82 647.87 649.73 651.40 652.87 654.15 655.24 656.13 656.83 657.34 657.65 657.78 657.73 657.53 657.21 656.90 0.00 0.00 0.00 0.00 0.00 0.00 0.00 0.00 0.00 0.00 0.00 0.00 
0.00 0.00 0.00 0.00 0.00 0.00 0.00 0.00 0.00 0.00 0.00 0.00 0.00 0.00 0.00 0.00 0.00 0.00 0.00 0.00 0.00 0.00 0.00 0.00 0.00 0.00 0.00 0.00 0.00 0.00 0.00 0.00 0.00 0.00 0.00 0.00 0.00 0.00 0.00 0.00 0.00 0.00 0.00 0.00 0.00 0.00 0.00 0.00 0.00 0.00 0.00 0.00 0.00 0.00 0.00 0.00 0.00 0.00 0.00 0.00 0.00 0.00 0.00 0.00 0.00 0.00 0.00 0.00 0.00 0.00 0.00 0.00 0.00 0.00 0.00 0.00 0.00 0.00 0.00 0.00 0.00 0.00 0.00 0.00 0.00 0.00 
0.00 0.00 0.00 0.00 0.00 0.00 0.00 0.00 0.00 0.00 0.00 0.00 0.00 0.00 0.00 0.00 0.00 0.00 0.00 0.00 0.00 0.00 0.00 0.00 0.00 0.00 0.00 0.00 0.00 0.00 0.00 0.00 0.00 0.00 0.00 0.00 0.00 0.00 0.00 0.00 0.00 0.00 0.00 0.00 0.00 0.00 0.00 0.00 0.00 0.00 0.00 0.00 0.00 0.00 0.00 0.00 0.00 0.00 0.00 0.00 0.00 0.00 0.00 0.00 0.00 0.00 0.00 0.00 0.00 0.00 0.00 0.00 0.00 0.00 0.00 0.00 0.00 0.00 0.00 0.00 0.00 0.00 0.00 0.00 0.00 0.00 
0.00 0.00 0.00 0.00 0.00 0.00 0.00 0.00 0.00 0.00 0.00 0.00 0.00 0.00 0.00 0.00 0.00 0.00 0.00 0.00 0.00 0.00 0.00 0.00 0.00 0.00 0.00 0.00 0.00 0.00 0.00 0.00 0.00 0.00 0.00 0.00 0.00 0.00 0.00 0.00 0.00 0.00 0.00 0.00 0.00 0.00 0.00 0.00 0.00 0.00 0.00 0.00 0.00 0.00 0.00 0.00 0.00 0.00 0.00 0.00 0.00 0.00 0.00 0.00 0.00 0.00 0.00 0.00 0.00 0.00 0.00 0.00 0.00 0.00 0.00 0.00 0.00 0.00 0.00 0.00 0.00 0.00 0.00 0.00 0.00 0.00 
