0.00 0.00 0.00 0.00 0.00 0.00 0.00 0.00 0.00 0.00 0.00 0.00 0.00 0.00 0.00 0.00 0.00 0.00 0.00 0.00 0.00 0.00 0.00 0.00 0.00 0.00 0.00 0.00 0.00 0.00 0.00 0.00 0.00 0.00 0.00 0.00 0.00 0.00 0.00 0.00 0.00 0.00 0.00 0.00 0.00 0.00 0.00 0.00 0.00 0.00 0.00 0.00 0.00 0.00 0.00 0.00 0.00 0.00 0.00 0.00 0.00 0.00 0.00 0.00 0.00 0.00 0.00 0.00 0.00 0.00 0.00 0.00 0.00 0.00 0.00 0.00 0.00 0.00 0.00 0.00 0.00 0.00 0.00 
0.00 0.00 0.00 0.00 0.00 0.00 0.00 0.00 1.22 3.45 3.49 3.03 2.45 1.96 1.57 1.28 1.07 0.91 0.79 0.70 0.62 0.56 0.52 0.48 0.45 0.42 0.40 0.38 0.36 0.35 0.33 0.32 0.31 0.31 0.30 0.29 0.29 0.28 0.28 0.27 0.27 0.27 0.26 0.26 0.26 0.26 0.25 0.25 0.25 0.25 0.25 0.25 0.24 0.24 0.24 0.24 0.24 0.24 0.24 0.24 0.23 0.23 0.23 0.23 0.23 0.23 0.23 0.23 0.23 0.23 0.23 0.24 0.23 0.19 0.06 0.00 0.00 0.00 0.00 0.00 0.00 0.00 0.00 
0.00 0.00 0.00 0.00 0.00 0.00 3.31 7.17 6.52 3.90 2.89 2.29 1.84 1.48 1.19 0.98 0.82 0.70 0.61 0.54 0.48 0.43 0.40 0.37 0.34 0.32 0.31 0.29 0.28 0.27 0.26 0.25 0.24 0.24 0.23 0.22 0.22 0.22 0.21 0.21 0.21 0.21 0.20 0.20 0.20 0.20 0.20 0.19 0.19 0.19 0.19 0.19 0.19 0.19 0.19 0.19 0.18 0.18 0.18 0.18 0.18 0.18 0.18 0.18 0.18 0.18 0.18 0.18 0.18 0.18 0.18 0.18 0.19 0.22 0.32 0.32 0.14 0.00 0.00 0.00 0.00 0.00 0.00 
0.00 0.00 0.00 0.00 0.21 7.96 7.68 4.39 3.22 2.50 1.96 1.57 1.27 1.02 0.83 0.68 0.57 0.49 0.42 0.37 0.34 0.30 0.28 0.26 0.24 0.23 0.21 0.20 0.19 0.19 0.18 0.17 0.17 0.16 0.16 0.16 0.15 0.15 0.15 0.15 0.15 0.14 0.14 0.14 0.14 0.14 0.14 0.14 0.14 0.13 0.13 0.13 0.13 0.13 0.13 0.13 0.13 0.13 0.13 0.13 0.13 0.13 0.12 0.12 0.12 0.12 0.12 0.12 0.12 0.12 0.13 0.13 0.13 0.14 0.16 0.20 0.32 0.32 0.01 0.00 0.00 0.00 0.00 
0.00 0.00 0.00 0.23 10.16 6.59 4.25 3.21 2.52 2.06 1.60 1.27 1.03 0.83 0.67 0.55 0.46 0.40 0.34 0.30 0.27 0.25 0.23 0.21 0.20 0.18 0.17 0.17 0.16 0.15 0.15 0.14 0.14 0.13 0.13 0.13 0.13 0.12 0.12 0.12 0.12 0.12 0.12 0.11 0.11 0.11 0.11 0.11 0.11 0.11 0.11 0.11 0.11 0.11 0.11 0.11 0.10 0.10 0.10 0.10 0.10 0.10 0.10 0.10 0.10 0.10 0.10 0.10 0.10 0.10 0.10 0.10 0.11 0.12 0.13 0.14 0.18 0.27 0.41 0.01 0.00 0.00 0.00 
0.00 0.00 0.00 9.49 7.22 4.52 3.41 2.74 2.18 1.82 1.45 1.17 0.94 0.76 0.61 0.51 0.42 0.36 0.32 0.28 0.25 0.23 0.21 0.19 0.18 0.17 0.16 0.15 0.15 0.14 0.13 0.13 0.13 0.12 0.12 0.12 0.12 0.11 0.11 0.11 0.11 0.11 0.11 0.10 0.10 0.10 0.10 0.10 0.10 0.10 0.10 0.10 0.10 0.10 0.10 0.10 0.10 0.10 0.09 0.09 0.09 0.09 0.09 0.09 0.09 0.09 0.09 0.09 0.09 0.09 0.09 0.09 0.10 0.10 0.11 0.12 0.14 0.19 0.30 0.41 0.00 0.00 0.00 
0.00 0.00 4.77 10.13 5.13 3.75 2.98 2.46 1.98 1.59 1.33 1.10 0.89 0.71 0.58 0.48 0.40 0.34 0.30 0.26 0.24 0.21 0.20 0.18 0.17 0.16 0.15 0.14 0.14 0.13 0.13 0.12 0.12 0.12 0.11 0.11 0.11 0.11 0.11 0.10 0.10 0.10 0.10 0.10 0.10 0.10 0.10 0.10 0.10 0.09 0.09 0.09 0.09 0.09 0.09 0.09 0.09 0.09 0.09 0.09 0.09 0.09 0.09 0.09 0.09 0.09 0.09 0.09 0.09 0.09 0.09 0.09 0.09 0.08 0.10 0.11 0.12 0.14 0.19 0.43 0.19 0.00 0.00 
0.00 0.00 11.56 6.52 4.37 3.39 2.76 2.21 1.89 1.53 1.25 1.02 0.82 0.66 0.53 0.44 0.37 0.32 0.28 0.25 0.22 0.20 0.18 0.17 0.16 0.15 0.14 0.13 0.13 0.12 0.12 0.11 0.11 0.11 0.11 0.10 0.10 0.10 0.10 0.10 0.10 0.09 0.09 0.09 0.09 0.09 0.09 0.09 0.09 0.09 0.09 0.09 0.09 0.09 0.09 0.09 0.08 0.08 0.08 0.08 0.08 0.08 0.08 0.08 0.08 0.08 0.08 0.08 0.08 0.08 0.08 0.08 0.09 0.09 0.10 0.10 0.12 0.14 0.18 0.28 0.52 0.00 0.00 
0.00 2.37 12.00 5.46 3.92 3.08 2.54 2.14 1.79 1.41 0.95 0.70 0.56 0.45 0.37 0.30 0.25 0.22 0.19 0.17 0.15 0.14 0.13 0.12 0.11 0.10 0.10 0.09 0.09 0.08 0.08 0.08 0.08 0.07 0.07 0.07 0.07 0.07 0.07 0.07 0.07 0.06 0.06 0.06 0.06 0.06 0.06 0.06 0.06 0.06 0.06 0.06 0.06 0.06 0.06 0.06 0.06 0.06 0.06 0.06 0.06 0.06 0.06 0.06 0.06 0.06 0.06 0.06 0.06 0.06 0.06 0.06 0.07 0.08 0.09 0.06 0.11 0.11 0.13 0.20 0.46 0.00 0.00 
0.00 7.96 8.46 4.98 3.81 3.01 2.40 2.06 1.66 0.91 0.61 0.50 0.40 0.32 0.26 0.21 0.17 0.15 0.13 0.11 0.10 0.09 0.08 0.08 0.07 0.07 0.06 0.06 0.06 0.06 0.05 0.05 0.05 0.05 0.05 0.05 0.05 0.05 0.04 0.04 0.04 0.04 0.04 0.04 0.04 0.04 0.04 0.04 0.04 0.04 0.04 0.04 0.04 0.04 0.04 0.04 0.04 0.04 0.04 0.04 0.04 0.04 0.04 0.04 0.04 0.04 0.04 0.04 0.04 0.04 0.04 0.04 0.04 0.05 0.09 0.10 0.09 0.08 0.15 0.15 0.34 0.00 0.00 
0.00 9.87 7.52 4.73 3.54 2.91 2.38 2.01 1.34 0.74 1.06 0.89 0.73 0.60 0.49 0.40 0.34 0.29 0.25 0.23 0.20 0.18 0.17 0.16 0.15 0.14 0.13 0.12 0.12 0.11 0.11 0.11 0.10 0.10 0.10 0.10 0.09 0.09 0.09 0.09 0.09 0.09 0.09 0.09 0.08 0.08 0.08 0.08 0.08 0.08 0.08 0.08 0.08 0.08 0.08 0.08 0.08 0.08 0.08 0.08 0.08 0.08 0.08 0.08 0.08 0.07 0.07 0.08 0.08 0.08 0.08 0.08 0.04 0.04 0.07 0.09 0.07 0.12 0.14 0.20 0.28 0.15 0.00 
0.00 10.42 7.30 4.62 3.32 2.84 2.38 1.99 1.22 0.74 1.05 0.89 0.73 0.59 0.48 0.40 0.34 0.29 0.25 0.22 0.20 0.18 0.17 0.16 0.15 0.14 0.13 0.12 0.12 0.11 0.11 0.11 0.10 0.10 0.10 0.10 0.09 0.09 0.09 0.09 0.09 0.09 0.09 0.09 0.08 0.08 0.08 0.08 0.08 0.08 0.08 0.08 0.08 0.08 0.08 0.08 0.08 0.08 0.08 0.08 0.08 0.08 0.08 0.08 0.07 0.07 0.07 0.07 0.08 0.08 0.08 0.08 0.04 0.04 0.06 0.09 0.07 0.12 0.14 0.19 0.26 0.15 0.00 
0.00 9.80 7.46 4.68 3.50 2.88 2.37 1.99 1.33 0.75 0.61 0.49 0.39 0.31 0.25 0.21 0.17 0.15 0.13 0.11 0.10 0.09 0.08 0.08 0.07 0.07 0.06 0.06 0.06 0.06 0.05 0.05 0.05 0.05 0.05 0.05 0.05 0.04 0.04 0.04 0.04 0.04 0.04 0.04 0.04 0.04 0.04 0.04 0.04 0.04 0.04 0.04 0.04 0.04 0.04 0.04 0.04 0.04 0.04 0.04 0.04 0.04 0.04 0.04 0.04 0.04 0.04 0.04 0.04 0.04 0.04 0.04 0.04 0.04 0.07 0.09 0.07 0.06 0.14 0.13 0.27 0.00 0.00 
0.00 7.84 8.29 4.90 3.72 2.96 2.00 1.99 1.62 0.91 0.62 0.50 0.40 0.32 0.26 0.21 0.17 0.15 0.13 0.11 0.10 0.09 0.08 0.08 0.07 0.07 0.06 0.06 0.06 0.06 0.05 0.05 0.05 0.05 0.05 0.05 0.05 0.05 0.04 0.04 0.04 0.04 0.04 0.04 0.04 0.04 0.04 0.04 0.04 0.04 0.04 0.04 0.04 0.04 0.04 0.04 0.04 0.04 0.04 0.04 0.04 0.04 0.04 0.04 0.04 0.04 0.04 0.04 0.04 0.04 0.04 0.04 0.04 0.05 0.09 0.05 0.09 0.08 0.10 0.15 0.23 0.00 0.00 
0.00 2.32 11.68 5.32 3.82 3.00 2.47 2.08 1.73 1.36 0.93 0.69 0.55 0.45 0.36 0.30 0.25 0.22 0.19 0.17 0.15 0.14 0.13 0.12 0.11 0.10 0.10 0.09 0.09 0.08 0.08 0.08 0.08 0.07 0.07 0.07 0.07 0.07 0.07 0.07 0.07 0.07 0.06 0.06 0.06 0.06 0.06 0.06 0.06 0.06 0.06 0.06 0.06 0.06 0.06 0.06 0.06 0.06 0.06 0.06 0.06 0.06 0.06 0.06 0.06 0.06 0.06 0.06 0.06 0.06 0.06 0.06 0.07 0.08 0.09 0.06 0.11 0.11 0.13 0.19 0.42 0.00 0.00 
0.00 0.00 11.12 6.27 4.13 3.26 2.65 2.06 1.17 1.44 1.20 0.98 0.79 0.64 0.53 0.44 0.37 0.32 0.28 0.25 0.22 0.20 0.19 0.17 0.16 0.15 0.14 0.14 0.13 0.13 0.12 0.12 0.11 0.11 0.11 0.11 0.10 0.10 0.10 0.10 0.10 0.10 0.10 0.09 0.09 0.09 0.09 0.09 0.09 0.09 0.09 0.09 0.09 0.09 0.09 0.09 0.09 0.09 0.09 0.08 0.08 0.08 0.08 0.08 0.08 0.08 0.08 0.08 0.08 0.08 0.08 0.09 0.09 0.04 0.06 0.10 0.08 0.08 0.11 0.21 0.27 0.00 0.00 
0.00 0.00 4.55 9.67 4.90 3.59 2.81 2.33 1.89 1.29 0.89 0.68 0.55 0.44 0.36 0.30 0.25 0.21 0.19 0.17 0.15 0.14 0.12 0.11 0.11 0.10 0.10 0.09 0.09 0.08 0.08 0.08 0.08 0.07 0.07 0.07 0.07 0.07 0.07 0.07 0.06 0.06 0.06 0.06 0.06 0.06 0.06 0.06 0.06 0.06 0.06 0.06 0.06 0.06 0.06 0.06 0.06 0.06 0.06 0.06 0.06 0.06 0.06 0.06 0.06 0.05 0.05 0.05 0.06 0.06 0.06 0.06 0.06 0.08 0.10 0.07 0.13 0.14 0.19 0.33 0.00 0.00 0.00 
0.00 0.00 0.00 8.96 6.81 4.28 2.92 2.56 1.71 1.09 1.34 1.11 0.91 0.73 0.60 0.50 0.42 0.36 0.32 0.28 0.25 0.23 0.21 0.20 0.18 0.17 0.16 0.16 0.15 0.14 0.14 0.13 0.13 0.13 0.12 0.12 0.12 0.12 0.11 0.11 0.11 0.11 0.11 0.11 0.11 0.11 0.10 0.10 0.10 0.10 0.10 0.10 0.10 0.10 0.10 0.10 0.10 0.10 0.10 0.10 0.10 0.10 0.10 0.09 0.09 0.09 0.09 0.09 0.09 0.10 0.10 0.10 0.05 0.07 0.09 0.07 0.13 0.16 0.19 0.14 0.00 0.00 0.00 
0.00 0.00 0.00 0.22 9.49 6.15 3.67 2.93 1.87 1.90 1.49 1.16 0.94 0.76 0.62 0.52 0.44 0.38 0.33 0.29 0.26 0.24 0.22 0.21 0.19 0.18 0.17 0.16 0.16 0.15 0.14 0.14 0.14 0.13 0.13 0.13 0.12 0.12 0.12 0.12 0.12 0.11 0.11 0.11 0.11 0.11 0.11 0.11 0.11 0.11 0.11 0.11 0.10 0.10 0.10 0.10 0.10 0.10 0.10 0.10 0.10 0.10 0.10 0.10 0.10 0.10 0.10 0.10 0.10 0.10 0.10 0.10 0.11 0.07 0.10 0.09 0.16 0.17 0.26 0.00 0.00 0.00 0.00 
0.00 0.00 0.00 0.00 0.00 7.29 7.02 4.05 2.65 1.70 1.78 1.42 1.16 0.94 0.77 0.64 0.54 0.47 0.41 0.37 0.33 0.30 0.28 0.26 0.24 0.23 0.21 0.20 0.19 0.19 0.18 0.17 0.17 0.16 0.16 0.16 0.15 0.15 0.15 0.15 0.14 0.14 0.14 0.14 0.14 0.14 0.14 0.13 0.13 0.13 0.13 0.13 0.13 0.13 0.13 0.13 0.13 0.13 0.13 0.13 0.12 0.12 0.12 0.12 0.12 0.12 0.12 0.12 0.12 0.12 0.13 0.13 0.08 0.11 0.14 0.16 0.28 0.12 0.00 0.00 0.00 0.00 0.00 
0.00 0.00 0.00 0.00 0.00 0.00 2.61 6.36 5.16 3.23 2.24 1.73 1.40 1.14 0.93 0.78 0.66 0.57 0.50 0.45 0.41 0.37 0.34 0.32 0.30 0.28 0.26 0.25 0.24 0.23 0.22 0.21 0.21 0.20 0.20 0.19 0.19 0.19 0.18 0.18 0.18 0.18 0.17 0.17 0.17 0.17 0.17 0.17 0.16 0.16 0.16 0.16 0.16 0.16 0.16 0.16 0.16 0.16 0.15 0.15 0.15 0.15 0.15 0.15 0.15 0.15 0.15 0.15 0.15 0.15 0.15 0.16 0.17 0.15 0.29 0.19 0.00 0.00 0.00 0.00 0.00 0.00 0.00 
0.00 0.00 0.00 0.00 0.00 0.00 0.00 0.00 0.00 0.00 0.95 0.83 0.69 0.57 0.47 0.40 0.34 0.29 0.26 0.23 0.21 0.19 0.17 0.16 0.15 0.14 0.13 0.13 0.12 0.12 0.11 0.11 0.11 0.10 0.10 0.10 0.10 0.09 0.09 0.09 0.09 0.09 0.09 0.09 0.09 0.09 0.09 0.08 0.08 0.08 0.08 0.08 0.08 0.08 0.08 0.08 0.08 0.08 0.08 0.08 0.08 0.08 0.08 0.08 0.08 0.08 0.08 0.08 0.08 0.08 0.08 0.08 0.00 0.00 0.00 0.00 0.00 0.00 0.00 0.00 0.00 0.00 0.00 
0.00 0.00 0.00 0.00 0.00 0.00 0.00 0.00 0.00 0.00 0.00 0.00 0.00 0.00 0.00 0.00 0.00 0.00 0.00 0.00 0.00 0.00 0.00 0.00 0.00 0.00 0.00 0.00 0.00 0.00 0.00 0.00 0.00 0.00 0.00 0.00 0.00 0.00 0.00 0.00 0.00 0.00 0.00 0.00 0.00 0.00 0.00 0.00 0.00 0.00 0.00 0.00 0.00 0.00 0.00 0.00 0.00 0.00 0.00 0.00 0.00 0.00 0.00 0.00 0.00 0.00 0.00 0.00 0.00 0.00 0.00 0.00 0.00 0.00 0.00 0.00 0.00 0.00 0.00 0.00 0.00 0.00 0.00 
