0.00 0.00 0.00 0.00 0.00 0.00 0.00 0.00 0.00 0.00 0.00 0.00 0.00 0.00 0.00 0.00 0.00 0.00 0.00 0.00 0.00 0.00 0.00 0.00 0.00 0.00 0.00 0.00 0.00 0.00 0.00 0.00 0.00 0.00 0.00 0.00 0.00 0.00 0.00 0.00 0.00 0.00 0.00 0.00 0.00 0.00 0.00 0.00 0.00 0.00 0.00 0.00 0.00 0.00 0.00 0.00 0.00 0.00 0.00 0.00 0.00 0.00 0.00 0.00 0.00 0.00 0.00 0.00 0.00 0.00 0.00 0.00 0.00 0.00 0.00 0.00 0.00 0.00 0.00 0.00 0.00 0.00 0.00 
0.00 0.00 0.00 0.00 0.00 0.00 0.00 0.00 0.48 1.31 1.34 1.22 1.07 0.95 0.85 0.78 0.72 0.67 0.63 0.60 0.58 0.56 0.54 0.53 0.52 0.51 0.51 0.50 0.50 0.50 0.50 0.50 0.50 0.50 0.50 0.51 0.51 0.51 0.51 0.52 0.52 0.52 0.53 0.53 0.53 0.54 0.54 0.54 0.55 0.55 0.55 0.55 0.55 0.56 0.56 0.56 0.56 0.56 0.56 0.56 0.55 0.55 0.55 0.55 0.55 0.55 0.55 0.55 0.55 0.55 0.55 0.55 0.53 0.44 0.14 0.00 0.00 0.00 0.00 0.00 0.00 0.00 0.00 
0.00 0.00 0.00 0.00 0.00 0.00 1.57 3.09 2.63 1.52 1.14 0.95 0.82 0.73 0.66 0.60 0.55 0.52 0.49 0.46 0.45 0.43 0.42 0.41 0.40 0.40 0.39 0.39 0.39 0.39 0.38 0.38 0.38 0.39 0.39 0.39 0.39 0.39 0.40 0.40 0.40 0.40 0.41 0.41 0.41 0.41 0.42 0.42 0.42 0.42 0.42 0.43 0.43 0.43 0.43 0.43 0.43 0.43 0.43 0.43 0.43 0.43 0.42 0.42 0.42 0.42 0.42 0.42 0.42 0.42 0.42 0.43 0.45 0.51 0.74 0.73 0.31 0.00 0.00 0.00 0.00 0.00 0.00 
0.00 0.00 0.00 0.00 0.14 4.52 3.81 1.93 1.31 0.98 0.78 0.66 0.57 0.51 0.46 0.42 0.39 0.36 0.34 0.33 0.31 0.30 0.29 0.29 0.28 0.28 0.27 0.27 0.27 0.27 0.27 0.27 0.27 0.27 0.27 0.27 0.27 0.28 0.28 0.28 0.28 0.28 0.28 0.29 0.29 0.29 0.29 0.29 0.29 0.30 0.30 0.30 0.30 0.30 0.30 0.30 0.30 0.30 0.30 0.30 0.30 0.30 0.30 0.30 0.30 0.29 0.29 0.29 0.29 0.30 0.30 0.30 0.31 0.33 0.37 0.45 0.73 0.72 0.02 0.00 0.00 0.00 0.00 
0.00 0.00 0.00 0.17 7.00 3.83 2.13 1.42 1.03 0.81 0.64 0.53 0.47 0.41 0.37 0.34 0.32 0.29 0.28 0.27 0.25 0.25 0.24 0.23 0.23 0.23 0.22 0.22 0.22 0.22 0.22 0.22 0.22 0.22 0.22 0.22 0.22 0.22 0.23 0.23 0.23 0.23 0.23 0.23 0.23 0.24 0.24 0.24 0.24 0.24 0.24 0.24 0.24 0.24 0.24 0.24 0.24 0.24 0.24 0.24 0.24 0.24 0.24 0.24 0.24 0.24 0.24 0.24 0.24 0.24 0.24 0.24 0.25 0.28 0.29 0.33 0.41 0.60 0.90 0.02 0.00 0.00 0.00 
0.00 0.00 0.00 7.81 5.05 2.64 1.72 1.21 0.90 0.72 0.58 0.49 0.43 0.38 0.34 0.31 0.29 0.27 0.26 0.24 0.23 0.23 0.22 0.21 0.21 0.21 0.21 0.20 0.20 0.20 0.20 0.20 0.20 0.20 0.20 0.20 0.20 0.21 0.21 0.21 0.21 0.21 0.21 0.21 0.21 0.22 0.22 0.22 0.22 0.22 0.22 0.22 0.22 0.22 0.22 0.22 0.22 0.22 0.22 0.22 0.22 0.22 0.22 0.22 0.22 0.22 0.22 0.22 0.22 0.22 0.22 0.22 0.23 0.24 0.25 0.28 0.33 0.41 0.65 0.85 0.00 0.00 0.00 
0.00 0.00 4.52 8.53 3.59 2.19 1.50 1.09 0.82 0.64 0.54 0.46 0.40 0.36 0.32 0.30 0.27 0.26 0.24 0.23 0.22 0.21 0.21 0.20 0.20 0.20 0.19 0.19 0.19 0.19 0.19 0.19 0.19 0.19 0.19 0.19 0.19 0.19 0.20 0.20 0.20 0.20 0.20 0.20 0.20 0.20 0.21 0.21 0.21 0.21 0.21 0.21 0.21 0.21 0.21 0.21 0.21 0.21 0.21 0.21 0.21 0.21 0.21 0.21 0.21 0.21 0.21 0.21 0.21 0.21 0.21 0.21 0.21 0.18 0.23 0.26 0.28 0.31 0.42 0.90 0.38 0.00 0.00 
0.00 0.00 11.26 5.49 3.09 1.99 1.39 0.99 0.78 0.61 0.51 0.43 0.38 0.33 0.30 0.28 0.26 0.24 0.23 0.22 0.21 0.20 0.19 0.19 0.19 0.18 0.18 0.18 0.18 0.18 0.18 0.18 0.18 0.18 0.18 0.18 0.18 0.18 0.18 0.18 0.18 0.19 0.19 0.19 0.19 0.19 0.19 0.19 0.19 0.19 0.19 0.20 0.20 0.20 0.20 0.20 0.20 0.20 0.20 0.20 0.20 0.20 0.20 0.19 0.19 0.19 0.19 0.19 0.19 0.19 0.20 0.20 0.20 0.21 0.22 0.22 0.27 0.31 0.38 0.58 1.02 0.00 0.00 
0.00 2.48 11.81 4.61 2.78 1.81 1.29 0.94 0.74 0.58 0.39 0.30 0.26 0.23 0.21 0.19 0.17 0.16 0.15 0.15 0.14 0.14 0.13 0.13 0.13 0.12 0.12 0.12 0.12 0.12 0.12 0.12 0.12 0.12 0.12 0.12 0.12 0.12 0.12 0.12 0.13 0.13 0.13 0.13 0.13 0.13 0.13 0.13 0.13 0.13 0.13 0.13 0.13 0.13 0.13 0.13 0.13 0.13 0.13 0.13 0.13 0.13 0.13 0.13 0.13 0.13 0.13 0.13 0.13 0.13 0.13 0.14 0.15 0.19 0.21 0.14 0.25 0.23 0.27 0.43 0.93 0.00 0.00 
0.00 8.52 8.35 4.23 2.75 1.77 1.21 0.92 0.71 0.36 0.23 0.20 0.17 0.15 0.14 0.13 0.12 0.11 0.10 0.10 0.09 0.09 0.09 0.09 0.08 0.08 0.08 0.08 0.08 0.08 0.08 0.08 0.08 0.08 0.08 0.08 0.08 0.08 0.08 0.08 0.08 0.08 0.09 0.09 0.09 0.09 0.09 0.09 0.09 0.09 0.09 0.09 0.09 0.09 0.09 0.09 0.09 0.09 0.09 0.09 0.09 0.09 0.09 0.09 0.09 0.09 0.09 0.09 0.09 0.09 0.09 0.09 0.09 0.12 0.20 0.22 0.20 0.17 0.34 0.32 0.68 0.00 0.00 
0.00 10.65 7.45 4.08 2.60 1.71 1.19 0.92 0.57 0.28 0.44 0.39 0.34 0.31 0.28 0.25 0.24 0.22 0.21 0.20 0.19 0.18 0.18 0.18 0.17 0.17 0.17 0.17 0.17 0.16 0.16 0.16 0.16 0.16 0.16 0.17 0.17 0.17 0.17 0.17 0.17 0.17 0.17 0.17 0.17 0.18 0.18 0.18 0.18 0.18 0.18 0.18 0.18 0.18 0.18 0.18 0.18 0.18 0.18 0.18 0.18 0.18 0.18 0.18 0.18 0.18 0.18 0.18 0.18 0.18 0.18 0.18 0.09 0.09 0.16 0.21 0.16 0.27 0.31 0.41 0.56 0.28 0.00 
0.00 11.28 7.28 3.99 2.45 1.68 1.19 0.91 0.51 0.28 0.44 0.39 0.34 0.31 0.28 0.25 0.23 0.22 0.21 0.20 0.19 0.18 0.18 0.18 0.17 0.17 0.17 0.17 0.16 0.16 0.16 0.16 0.16 0.16 0.16 0.17 0.17 0.17 0.17 0.17 0.17 0.17 0.17 0.17 0.17 0.17 0.18 0.18 0.18 0.18 0.18 0.18 0.18 0.18 0.18 0.18 0.18 0.18 0.18 0.18 0.18 0.18 0.18 0.18 0.18 0.18 0.18 0.18 0.18 0.18 0.18 0.18 0.09 0.09 0.14 0.21 0.15 0.27 0.30 0.39 0.52 0.28 0.00 
0.00 10.63 7.47 4.05 2.58 1.71 1.19 0.91 0.57 0.28 0.23 0.20 0.17 0.15 0.14 0.12 0.11 0.11 0.10 0.10 0.09 0.09 0.09 0.08 0.08 0.08 0.08 0.08 0.08 0.08 0.08 0.08 0.08 0.08 0.08 0.08 0.08 0.08 0.08 0.08 0.08 0.08 0.08 0.08 0.09 0.09 0.09 0.09 0.09 0.09 0.09 0.09 0.09 0.09 0.09 0.09 0.09 0.09 0.09 0.09 0.09 0.09 0.09 0.09 0.09 0.09 0.09 0.09 0.09 0.09 0.09 0.09 0.09 0.09 0.16 0.21 0.16 0.14 0.31 0.26 0.55 0.00 0.00 
0.00 8.50 8.33 4.27 2.71 1.76 1.04 0.89 0.70 0.36 0.24 0.20 0.17 0.15 0.14 0.13 0.12 0.11 0.10 0.10 0.09 0.09 0.09 0.09 0.08 0.08 0.08 0.08 0.08 0.08 0.08 0.08 0.08 0.08 0.08 0.08 0.08 0.08 0.08 0.08 0.08 0.08 0.09 0.09 0.09 0.09 0.09 0.09 0.09 0.09 0.09 0.09 0.09 0.09 0.09 0.09 0.09 0.09 0.09 0.09 0.09 0.09 0.09 0.09 0.09 0.09 0.09 0.09 0.09 0.09 0.09 0.09 0.09 0.12 0.20 0.11 0.20 0.17 0.21 0.31 0.47 0.00 0.00 
0.00 2.49 11.81 4.65 2.78 1.81 1.29 0.94 0.73 0.57 0.39 0.30 0.26 0.23 0.21 0.19 0.18 0.16 0.16 0.15 0.14 0.14 0.13 0.13 0.13 0.13 0.12 0.12 0.12 0.12 0.12 0.12 0.12 0.12 0.12 0.12 0.12 0.12 0.13 0.13 0.13 0.13 0.13 0.13 0.13 0.13 0.13 0.13 0.13 0.13 0.13 0.13 0.13 0.13 0.13 0.13 0.13 0.13 0.13 0.13 0.13 0.13 0.13 0.13 0.13 0.13 0.13 0.13 0.13 0.13 0.13 0.14 0.16 0.20 0.21 0.14 0.25 0.23 0.27 0.41 0.87 0.00 0.00 
0.00 0.00 11.24 5.51 3.03 1.97 1.37 0.95 0.49 0.59 0.50 0.43 0.38 0.34 0.31 0.28 0.26 0.24 0.23 0.22 0.21 0.21 0.20 0.19 0.19 0.19 0.19 0.18 0.18 0.18 0.18 0.18 0.18 0.18 0.18 0.18 0.18 0.18 0.19 0.19 0.19 0.19 0.19 0.19 0.19 0.19 0.19 0.20 0.20 0.20 0.20 0.20 0.20 0.20 0.20 0.20 0.20 0.20 0.20 0.20 0.20 0.20 0.20 0.20 0.20 0.20 0.20 0.20 0.20 0.20 0.20 0.20 0.20 0.10 0.14 0.23 0.17 0.18 0.23 0.44 0.55 0.00 0.00 
0.00 0.00 4.53 8.60 3.62 2.21 1.49 1.07 0.81 0.54 0.37 0.29 0.25 0.23 0.20 0.19 0.17 0.16 0.15 0.15 0.14 0.14 0.13 0.13 0.13 0.12 0.12 0.12 0.12 0.12 0.12 0.12 0.12 0.12 0.12 0.12 0.12 0.12 0.12 0.12 0.12 0.13 0.13 0.13 0.13 0.13 0.13 0.13 0.13 0.13 0.13 0.13 0.13 0.13 0.13 0.13 0.13 0.13 0.13 0.13 0.13 0.13 0.13 0.13 0.13 0.13 0.13 0.13 0.13 0.13 0.13 0.13 0.15 0.18 0.23 0.17 0.28 0.31 0.41 0.71 0.00 0.00 0.00 
0.00 0.00 0.00 7.90 5.08 2.64 1.57 1.18 0.73 0.44 0.56 0.49 0.43 0.39 0.35 0.32 0.30 0.28 0.26 0.25 0.24 0.23 0.23 0.22 0.22 0.21 0.21 0.21 0.21 0.21 0.21 0.21 0.21 0.21 0.21 0.21 0.21 0.21 0.21 0.21 0.21 0.22 0.22 0.22 0.22 0.22 0.22 0.22 0.22 0.22 0.23 0.23 0.23 0.23 0.23 0.23 0.23 0.23 0.23 0.23 0.23 0.23 0.23 0.23 0.22 0.22 0.22 0.22 0.23 0.23 0.23 0.23 0.12 0.15 0.21 0.16 0.29 0.35 0.40 0.29 0.00 0.00 0.00 
0.00 0.00 0.00 0.18 7.23 3.81 1.96 1.36 0.80 0.79 0.63 0.51 0.45 0.40 0.36 0.33 0.31 0.29 0.27 0.26 0.25 0.24 0.24 0.23 0.23 0.22 0.22 0.22 0.22 0.22 0.22 0.21 0.21 0.22 0.22 0.22 0.22 0.22 0.22 0.22 0.22 0.22 0.23 0.23 0.23 0.23 0.23 0.23 0.23 0.23 0.23 0.24 0.24 0.24 0.24 0.24 0.24 0.24 0.24 0.24 0.24 0.24 0.24 0.23 0.23 0.23 0.23 0.23 0.23 0.24 0.24 0.24 0.26 0.17 0.23 0.20 0.37 0.39 0.56 0.00 0.00 0.00 0.00 
0.00 0.00 0.00 0.00 0.00 4.39 3.75 1.90 1.16 0.71 0.76 0.64 0.56 0.50 0.45 0.42 0.39 0.36 0.34 0.33 0.31 0.30 0.29 0.29 0.28 0.28 0.27 0.27 0.27 0.27 0.27 0.27 0.27 0.27 0.27 0.27 0.27 0.27 0.27 0.28 0.28 0.28 0.28 0.28 0.28 0.29 0.29 0.29 0.29 0.29 0.29 0.29 0.29 0.29 0.29 0.29 0.30 0.29 0.29 0.29 0.29 0.29 0.29 0.29 0.29 0.29 0.29 0.29 0.29 0.29 0.29 0.30 0.20 0.24 0.33 0.36 0.62 0.26 0.00 0.00 0.00 0.00 0.00 
0.00 0.00 0.00 0.00 0.00 0.00 1.32 2.99 2.32 1.39 0.97 0.79 0.69 0.62 0.56 0.51 0.48 0.45 0.42 0.40 0.39 0.37 0.36 0.36 0.35 0.34 0.34 0.34 0.33 0.33 0.33 0.33 0.33 0.33 0.33 0.33 0.33 0.34 0.34 0.34 0.34 0.34 0.35 0.35 0.35 0.35 0.35 0.35 0.36 0.36 0.36 0.36 0.36 0.36 0.36 0.36 0.36 0.36 0.36 0.36 0.36 0.36 0.36 0.36 0.36 0.36 0.36 0.36 0.36 0.36 0.36 0.37 0.39 0.35 0.67 0.43 0.00 0.00 0.00 0.00 0.00 0.00 0.00 
0.00 0.00 0.00 0.00 0.00 0.00 0.00 0.00 0.00 0.00 0.42 0.39 0.35 0.31 0.28 0.26 0.24 0.23 0.22 0.21 0.20 0.19 0.19 0.18 0.18 0.17 0.17 0.17 0.17 0.17 0.17 0.17 0.17 0.17 0.17 0.17 0.17 0.17 0.17 0.17 0.17 0.17 0.18 0.18 0.18 0.18 0.18 0.18 0.18 0.18 0.18 0.18 0.18 0.18 0.18 0.18 0.18 0.18 0.18 0.18 0.18 0.18 0.18 0.18 0.18 0.18 0.18 0.18 0.18 0.18 0.18 0.19 0.00 0.00 0.00 0.00 0.00 0.00 0.00 0.00 0.00 0.00 0.00 
0.00 0.00 0.00 0.00 0.00 0.00 0.00 0.00 0.00 0.00 0.00 0.00 0.00 0.00 0.00 0.00 0.00 0.00 0.00 0.00 0.00 0.00 0.00 0.00 0.00 0.00 0.00 0.00 0.00 0.00 0.00 0.00 0.00 0.00 0.00 0.00 0.00 0.00 0.00 0.00 0.00 0.00 0.00 0.00 0.00 0.00 0.00 0.00 0.00 0.00 0.00 0.00 0.00 0.00 0.00 0.00 0.00 0.00 0.00 0.00 0.00 0.00 0.00 0.00 0.00 0.00 0.00 0.00 0.00 0.00 0.00 0.00 0.00 0.00 0.00 0.00 0.00 0.00 0.00 0.00 0.00 0.00 0.00 
