0.00 0.00 0.00 0.00 0.00 0.00 0.00 0.00 0.00 0.00 0.00 0.00 0.00 0.00 0.00 0.00 0.00 0.00 0.00 0.00 0.00 0.00 0.00 0.00 0.00 0.00 0.00 0.00 0.00 0.00 0.00 0.00 0.00 0.00 0.00 0.00 0.00 0.00 0.00 0.00 0.00 0.00 0.00 0.00 0.00 0.00 0.00 0.00 0.00 0.00 0.00 0.00 0.00 0.00 0.00 0.00 0.00 0.00 0.00 0.00 0.00 0.00 0.00 0.00 0.00 0.00 0.00 0.00 0.00 0.00 0.00 0.00 0.00 0.00 0.00 0.00 0.00 0.00 0.00 0.00 0.00 0.00 0.00 
0.00 0.00 0.00 0.00 0.00 0.00 0.00 0.00 0.47 1.29 1.32 1.21 1.06 0.94 0.84 0.77 0.71 0.67 0.63 0.60 0.57 0.56 0.54 0.53 0.52 0.51 0.50 0.50 0.49 0.49 0.49 0.49 0.49 0.49 0.49 0.50 0.50 0.50 0.50 0.51 0.51 0.51 0.52 0.52 0.52 0.52 0.53 0.53 0.53 0.54 0.54 0.54 0.54 0.54 0.54 0.54 0.54 0.54 0.54 0.54 0.54 0.54 0.54 0.54 0.54 0.54 0.54 0.54 0.54 0.54 0.54 0.54 0.51 0.42 0.13 0.00 0.00 0.00 0.00 0.00 0.00 0.00 0.00 
0.00 0.00 0.00 0.00 0.00 0.00 1.53 3.03 2.58 1.49 1.12 0.93 0.81 0.72 0.65 0.59 0.55 0.51 0.48 0.46 0.44 0.43 0.42 0.41 0.40 0.39 0.39 0.38 0.38 0.38 0.38 0.38 0.38 0.38 0.38 0.38 0.38 0.39 0.39 0.39 0.39 0.39 0.40 0.40 0.40 0.40 0.41 0.41 0.41 0.41 0.41 0.41 0.42 0.42 0.42 0.42 0.42 0.42 0.42 0.42 0.42 0.42 0.42 0.42 0.41 0.41 0.41 0.41 0.41 0.41 0.42 0.42 0.44 0.50 0.71 0.70 0.30 0.00 0.00 0.00 0.00 0.00 0.00 
0.00 0.00 0.00 0.00 0.14 4.44 3.72 1.88 1.28 0.96 0.77 0.65 0.57 0.50 0.45 0.42 0.38 0.36 0.34 0.32 0.31 0.30 0.29 0.28 0.28 0.27 0.27 0.27 0.27 0.27 0.26 0.26 0.26 0.27 0.27 0.27 0.27 0.27 0.27 0.27 0.27 0.28 0.28 0.28 0.28 0.28 0.28 0.29 0.29 0.29 0.29 0.29 0.29 0.29 0.29 0.29 0.29 0.29 0.29 0.29 0.29 0.29 0.29 0.29 0.29 0.29 0.29 0.29 0.29 0.29 0.29 0.29 0.30 0.32 0.36 0.44 0.70 0.69 0.02 0.00 0.00 0.00 0.00 
0.00 0.00 0.00 0.17 6.95 3.76 2.08 1.38 1.01 0.80 0.63 0.53 0.46 0.41 0.37 0.34 0.31 0.29 0.28 0.26 0.25 0.24 0.24 0.23 0.23 0.22 0.22 0.22 0.22 0.22 0.22 0.22 0.22 0.22 0.22 0.22 0.22 0.22 0.22 0.22 0.22 0.22 0.23 0.23 0.23 0.23 0.23 0.23 0.23 0.23 0.24 0.24 0.24 0.24 0.24 0.24 0.24 0.24 0.24 0.24 0.24 0.24 0.24 0.24 0.24 0.24 0.24 0.24 0.24 0.24 0.24 0.24 0.25 0.27 0.28 0.32 0.39 0.57 0.85 0.02 0.00 0.00 0.00 
0.00 0.00 0.00 7.92 5.00 2.59 1.68 1.18 0.88 0.71 0.57 0.48 0.42 0.38 0.34 0.31 0.29 0.27 0.25 0.24 0.23 0.22 0.22 0.21 0.21 0.20 0.20 0.20 0.20 0.20 0.20 0.20 0.20 0.20 0.20 0.20 0.20 0.20 0.20 0.20 0.20 0.21 0.21 0.21 0.21 0.21 0.21 0.21 0.21 0.21 0.22 0.22 0.22 0.22 0.22 0.22 0.22 0.22 0.22 0.22 0.22 0.22 0.22 0.22 0.22 0.22 0.22 0.22 0.22 0.22 0.22 0.22 0.23 0.24 0.25 0.27 0.31 0.39 0.61 0.81 0.00 0.00 0.00 
0.00 0.00 4.76 8.67 3.55 2.14 1.46 1.06 0.80 0.62 0.53 0.46 0.40 0.36 0.32 0.29 0.27 0.25 0.24 0.23 0.22 0.21 0.21 0.20 0.20 0.19 0.19 0.19 0.19 0.19 0.19 0.19 0.19 0.19 0.19 0.19 0.19 0.19 0.19 0.19 0.19 0.19 0.20 0.20 0.20 0.20 0.20 0.20 0.20 0.20 0.20 0.20 0.21 0.21 0.21 0.21 0.21 0.21 0.21 0.21 0.21 0.21 0.21 0.20 0.20 0.20 0.20 0.20 0.20 0.20 0.21 0.21 0.21 0.18 0.22 0.25 0.27 0.29 0.40 0.86 0.37 0.00 0.00 
0.00 0.00 11.96 5.57 3.05 1.95 1.35 0.96 0.76 0.60 0.50 0.43 0.37 0.33 0.30 0.27 0.25 0.24 0.22 0.21 0.20 0.20 0.19 0.19 0.18 0.18 0.18 0.18 0.18 0.18 0.17 0.17 0.17 0.17 0.18 0.18 0.18 0.18 0.18 0.18 0.18 0.18 0.18 0.18 0.18 0.19 0.19 0.19 0.19 0.19 0.19 0.19 0.19 0.19 0.19 0.19 0.19 0.19 0.19 0.19 0.19 0.19 0.19 0.19 0.19 0.19 0.19 0.19 0.19 0.19 0.19 0.19 0.20 0.20 0.22 0.22 0.26 0.30 0.36 0.55 1.00 0.00 0.00 
0.00 2.75 12.55 4.67 2.74 1.77 1.26 0.92 0.72 0.56 0.38 0.29 0.25 0.23 0.20 0.19 0.17 0.16 0.15 0.15 0.14 0.13 0.13 0.13 0.13 0.12 0.12 0.12 0.12 0.12 0.12 0.12 0.12 0.12 0.12 0.12 0.12 0.12 0.12 0.12 0.12 0.12 0.12 0.13 0.13 0.13 0.13 0.13 0.13 0.13 0.13 0.13 0.13 0.13 0.13 0.13 0.13 0.13 0.13 0.13 0.13 0.13 0.13 0.13 0.13 0.13 0.13 0.13 0.13 0.13 0.13 0.13 0.15 0.19 0.20 0.14 0.24 0.22 0.26 0.41 0.91 0.00 0.00 
0.00 9.61 8.85 4.27 2.71 1.72 1.18 0.89 0.69 0.35 0.23 0.20 0.17 0.15 0.14 0.12 0.12 0.11 0.10 0.10 0.09 0.09 0.09 0.09 0.08 0.08 0.08 0.08 0.08 0.08 0.08 0.08 0.08 0.08 0.08 0.08 0.08 0.08 0.08 0.08 0.08 0.08 0.08 0.08 0.08 0.08 0.09 0.09 0.09 0.09 0.09 0.09 0.09 0.09 0.09 0.09 0.09 0.09 0.09 0.09 0.09 0.09 0.09 0.09 0.09 0.09 0.09 0.09 0.09 0.09 0.09 0.09 0.09 0.12 0.19 0.21 0.19 0.17 0.32 0.31 0.67 0.00 0.00 
0.00 12.12 7.88 4.11 2.56 1.66 1.16 0.89 0.56 0.28 0.43 0.38 0.34 0.30 0.28 0.25 0.23 0.22 0.21 0.20 0.19 0.18 0.18 0.17 0.17 0.17 0.17 0.16 0.16 0.16 0.16 0.16 0.16 0.16 0.16 0.16 0.16 0.16 0.16 0.17 0.17 0.17 0.17 0.17 0.17 0.17 0.17 0.17 0.17 0.17 0.18 0.18 0.18 0.18 0.18 0.18 0.18 0.18 0.18 0.18 0.18 0.18 0.18 0.18 0.18 0.18 0.18 0.18 0.18 0.18 0.18 0.18 0.09 0.09 0.16 0.21 0.16 0.26 0.30 0.40 0.55 0.29 0.00 
0.00 12.86 7.68 4.02 2.41 1.63 1.15 0.89 0.50 0.28 0.43 0.38 0.34 0.30 0.27 0.25 0.23 0.22 0.21 0.20 0.19 0.18 0.18 0.17 0.17 0.17 0.16 0.16 0.16 0.16 0.16 0.16 0.16 0.16 0.16 0.16 0.16 0.16 0.16 0.17 0.17 0.17 0.17 0.17 0.17 0.17 0.17 0.17 0.17 0.17 0.17 0.18 0.18 0.18 0.18 0.18 0.18 0.18 0.18 0.18 0.18 0.18 0.18 0.18 0.18 0.17 0.17 0.17 0.18 0.18 0.18 0.18 0.09 0.09 0.14 0.21 0.15 0.25 0.28 0.38 0.51 0.28 0.00 
0.00 12.07 7.89 4.07 2.54 1.66 1.16 0.88 0.55 0.28 0.23 0.19 0.17 0.15 0.13 0.12 0.11 0.11 0.10 0.10 0.09 0.09 0.09 0.08 0.08 0.08 0.08 0.08 0.08 0.08 0.08 0.08 0.08 0.08 0.08 0.08 0.08 0.08 0.08 0.08 0.08 0.08 0.08 0.08 0.08 0.08 0.08 0.08 0.09 0.09 0.09 0.09 0.09 0.09 0.09 0.09 0.09 0.09 0.09 0.09 0.09 0.09 0.09 0.09 0.09 0.09 0.09 0.09 0.09 0.09 0.09 0.09 0.09 0.09 0.16 0.21 0.16 0.13 0.30 0.25 0.54 0.00 0.00 
0.00 9.55 8.76 4.28 2.65 1.71 1.01 0.87 0.68 0.35 0.23 0.20 0.17 0.15 0.14 0.12 0.12 0.11 0.10 0.10 0.09 0.09 0.09 0.09 0.08 0.08 0.08 0.08 0.08 0.08 0.08 0.08 0.08 0.08 0.08 0.08 0.08 0.08 0.08 0.08 0.08 0.08 0.08 0.08 0.08 0.08 0.09 0.09 0.09 0.09 0.09 0.09 0.09 0.09 0.09 0.09 0.09 0.09 0.09 0.09 0.09 0.09 0.09 0.09 0.09 0.09 0.09 0.09 0.09 0.09 0.09 0.09 0.09 0.12 0.19 0.10 0.19 0.17 0.20 0.30 0.46 0.00 0.00 
0.00 2.75 12.42 4.66 2.72 1.76 1.25 0.91 0.71 0.56 0.38 0.29 0.26 0.23 0.21 0.19 0.17 0.16 0.15 0.15 0.14 0.14 0.13 0.13 0.13 0.12 0.12 0.12 0.12 0.12 0.12 0.12 0.12 0.12 0.12 0.12 0.12 0.12 0.12 0.12 0.12 0.12 0.13 0.13 0.13 0.13 0.13 0.13 0.13 0.13 0.13 0.13 0.13 0.13 0.13 0.13 0.13 0.13 0.13 0.13 0.13 0.13 0.13 0.13 0.13 0.13 0.13 0.13 0.13 0.13 0.13 0.13 0.15 0.19 0.21 0.14 0.24 0.23 0.26 0.40 0.85 0.00 0.00 
0.00 0.00 11.76 5.52 2.95 1.91 1.32 0.92 0.47 0.58 0.49 0.43 0.38 0.34 0.30 0.28 0.26 0.24 0.23 0.22 0.21 0.20 0.20 0.19 0.19 0.19 0.18 0.18 0.18 0.18 0.18 0.18 0.18 0.18 0.18 0.18 0.18 0.18 0.18 0.18 0.18 0.18 0.19 0.19 0.19 0.19 0.19 0.19 0.19 0.19 0.19 0.19 0.19 0.19 0.19 0.20 0.20 0.20 0.20 0.20 0.19 0.19 0.19 0.19 0.19 0.19 0.19 0.19 0.19 0.19 0.20 0.20 0.20 0.10 0.13 0.22 0.17 0.17 0.22 0.42 0.54 0.00 0.00 
0.00 0.00 4.68 8.60 3.52 2.13 1.44 1.03 0.79 0.53 0.36 0.29 0.25 0.22 0.20 0.18 0.17 0.16 0.15 0.14 0.14 0.13 0.13 0.13 0.12 0.12 0.12 0.12 0.12 0.12 0.12 0.12 0.12 0.12 0.12 0.12 0.12 0.12 0.12 0.12 0.12 0.12 0.12 0.12 0.12 0.13 0.13 0.13 0.13 0.13 0.13 0.13 0.13 0.13 0.13 0.13 0.13 0.13 0.13 0.13 0.13 0.13 0.13 0.13 0.13 0.13 0.13 0.13 0.13 0.13 0.13 0.13 0.14 0.18 0.23 0.16 0.27 0.30 0.39 0.69 0.00 0.00 0.00 
0.00 0.00 0.00 7.85 4.94 2.55 1.51 1.14 0.71 0.43 0.55 0.48 0.43 0.38 0.35 0.32 0.29 0.28 0.26 0.25 0.24 0.23 0.22 0.22 0.21 0.21 0.21 0.21 0.20 0.20 0.20 0.20 0.20 0.20 0.20 0.20 0.20 0.21 0.21 0.21 0.21 0.21 0.21 0.21 0.21 0.22 0.22 0.22 0.22 0.22 0.22 0.22 0.22 0.22 0.22 0.22 0.22 0.22 0.22 0.22 0.22 0.22 0.22 0.22 0.22 0.22 0.22 0.22 0.22 0.22 0.22 0.22 0.11 0.15 0.21 0.16 0.28 0.34 0.39 0.28 0.00 0.00 0.00 
0.00 0.00 0.00 0.18 7.03 3.66 1.89 1.31 0.78 0.77 0.61 0.50 0.44 0.40 0.36 0.33 0.31 0.29 0.27 0.26 0.25 0.24 0.23 0.23 0.22 0.22 0.22 0.22 0.21 0.21 0.21 0.21 0.21 0.21 0.21 0.21 0.21 0.21 0.22 0.22 0.22 0.22 0.22 0.22 0.22 0.22 0.23 0.23 0.23 0.23 0.23 0.23 0.23 0.23 0.23 0.23 0.23 0.23 0.23 0.23 0.23 0.23 0.23 0.23 0.23 0.23 0.23 0.23 0.23 0.23 0.23 0.23 0.25 0.16 0.23 0.19 0.36 0.37 0.55 0.00 0.00 0.00 0.00 
0.00 0.00 0.00 0.00 0.00 4.22 3.61 1.83 1.12 0.69 0.75 0.63 0.55 0.49 0.45 0.41 0.38 0.36 0.34 0.32 0.31 0.30 0.29 0.28 0.28 0.27 0.27 0.27 0.27 0.27 0.26 0.26 0.26 0.26 0.26 0.27 0.27 0.27 0.27 0.27 0.27 0.27 0.27 0.28 0.28 0.28 0.28 0.28 0.28 0.28 0.29 0.29 0.29 0.29 0.29 0.29 0.29 0.29 0.29 0.29 0.29 0.29 0.29 0.29 0.29 0.29 0.29 0.29 0.29 0.29 0.29 0.29 0.19 0.24 0.32 0.35 0.60 0.25 0.00 0.00 0.00 0.00 0.00 
0.00 0.00 0.00 0.00 0.00 0.00 1.27 2.88 2.24 1.36 0.95 0.78 0.68 0.61 0.55 0.51 0.47 0.44 0.42 0.40 0.38 0.37 0.36 0.35 0.34 0.34 0.33 0.33 0.33 0.33 0.33 0.32 0.32 0.32 0.33 0.33 0.33 0.33 0.33 0.33 0.33 0.34 0.34 0.34 0.34 0.34 0.35 0.35 0.35 0.35 0.35 0.35 0.35 0.35 0.35 0.35 0.35 0.35 0.35 0.35 0.35 0.35 0.35 0.35 0.35 0.35 0.35 0.35 0.35 0.35 0.35 0.36 0.39 0.34 0.65 0.42 0.00 0.00 0.00 0.00 0.00 0.00 0.00 
0.00 0.00 0.00 0.00 0.00 0.00 0.00 0.00 0.00 0.00 0.41 0.38 0.34 0.31 0.28 0.26 0.24 0.23 0.21 0.20 0.20 0.19 0.18 0.18 0.18 0.17 0.17 0.17 0.17 0.17 0.17 0.17 0.17 0.17 0.17 0.17 0.17 0.17 0.17 0.17 0.17 0.17 0.17 0.17 0.17 0.17 0.18 0.18 0.18 0.18 0.18 0.18 0.18 0.18 0.18 0.18 0.18 0.18 0.18 0.18 0.18 0.18 0.18 0.18 0.18 0.18 0.18 0.18 0.18 0.18 0.18 0.18 0.00 0.00 0.00 0.00 0.00 0.00 0.00 0.00 0.00 0.00 0.00 
0.00 0.00 0.00 0.00 0.00 0.00 0.00 0.00 0.00 0.00 0.00 0.00 0.00 0.00 0.00 0.00 0.00 0.00 0.00 0.00 0.00 0.00 0.00 0.00 0.00 0.00 0.00 0.00 0.00 0.00 0.00 0.00 0.00 0.00 0.00 0.00 0.00 0.00 0.00 0.00 0.00 0.00 0.00 0.00 0.00 0.00 0.00 0.00 0.00 0.00 0.00 0.00 0.00 0.00 0.00 0.00 0.00 0.00 0.00 0.00 0.00 0.00 0.00 0.00 0.00 0.00 0.00 0.00 0.00 0.00 0.00 0.00 0.00 0.00 0.00 0.00 0.00 0.00 0.00 0.00 0.00 0.00 0.00 
