0.00 0.00 0.00 0.00 0.00 0.00 0.00 0.00 0.00 0.00 0.00 0.00 0.00 0.00 0.00 0.00 0.00 0.00 0.00 0.00 0.00 0.00 0.00 0.00 0.00 0.00 0.00 0.00 0.00 0.00 0.00 0.00 0.00 0.00 0.00 0.00 0.00 0.00 0.00 0.00 0.00 0.00 0.00 0.00 0.00 0.00 0.00 0.00 0.00 0.00 0.00 0.00 0.00 0.00 0.00 0.00 0.00 0.00 0.00 0.00 0.00 0.00 0.00 0.00 0.00 0.00 0.00 0.00 0.00 0.00 0.00 0.00 0.00 0.00 0.00 0.00 0.00 0.00 0.00 0.00 0.00 0.00 0.00 
0.00 0.00 0.00 0.00 0.00 0.00 0.00 0.00 0.04 0.12 0.15 0.15 0.15 0.15 0.15 0.15 0.15 0.15 0.15 0.15 0.15 0.15 0.16 0.16 0.16 0.16 0.17 0.17 0.17 0.18 0.18 0.18 0.19 0.19 0.20 0.20 0.21 0.21 0.22 0.23 0.24 0.25 0.26 0.27 0.28 0.29 0.31 0.33 0.35 0.38 0.41 0.44 0.49 0.54 0.61 0.69 0.79 0.93 1.10 1.31 1.57 1.89 2.26 2.66 3.09 3.53 3.94 4.33 4.67 4.96 5.21 5.38 5.23 4.35 1.35 0.00 0.00 0.00 0.00 0.00 0.00 0.00 0.00 
0.00 0.00 0.00 0.00 0.00 0.00 0.09 0.21 0.21 0.14 0.12 0.12 0.11 0.11 0.11 0.11 0.11 0.11 0.11 0.12 0.12 0.12 0.12 0.12 0.12 0.13 0.13 0.13 0.13 0.14 0.14 0.14 0.14 0.15 0.15 0.16 0.16 0.17 0.17 0.18 0.18 0.19 0.20 0.21 0.22 0.23 0.24 0.25 0.27 0.29 0.32 0.34 0.38 0.42 0.47 0.53 0.61 0.71 0.84 1.00 1.19 1.43 1.71 2.01 2.34 2.67 2.99 3.28 3.55 3.78 3.98 4.15 4.41 5.07 7.32 7.17 3.05 0.00 0.00 0.00 0.00 0.00 0.00 
0.00 0.00 0.00 0.00 0.01 0.21 0.21 0.13 0.10 0.09 0.08 0.08 0.08 0.08 0.08 0.08 0.08 0.08 0.08 0.08 0.08 0.08 0.08 0.09 0.09 0.09 0.09 0.09 0.09 0.09 0.10 0.10 0.10 0.10 0.11 0.11 0.11 0.12 0.12 0.12 0.13 0.13 0.14 0.14 0.15 0.16 0.17 0.18 0.19 0.20 0.22 0.24 0.26 0.29 0.33 0.37 0.43 0.49 0.58 0.69 0.83 0.99 1.19 1.40 1.62 1.85 2.08 2.28 2.47 2.64 2.77 2.89 3.05 3.29 3.67 4.45 7.06 6.78 0.17 0.00 0.00 0.00 0.00 
0.00 0.00 0.00 0.01 0.26 0.17 0.12 0.09 0.08 0.08 0.07 0.07 0.07 0.06 0.06 0.06 0.06 0.06 0.07 0.07 0.07 0.07 0.07 0.07 0.07 0.07 0.07 0.07 0.08 0.08 0.08 0.08 0.08 0.08 0.09 0.09 0.09 0.09 0.10 0.10 0.10 0.11 0.11 0.12 0.12 0.13 0.14 0.15 0.16 0.17 0.18 0.20 0.21 0.24 0.27 0.30 0.35 0.40 0.47 0.56 0.67 0.81 0.96 1.13 1.32 1.51 1.69 1.86 2.01 2.15 2.26 2.35 2.48 2.74 2.90 3.23 3.93 5.66 8.14 0.15 0.00 0.00 0.00 
0.00 0.00 0.00 0.25 0.19 0.12 0.09 0.08 0.07 0.07 0.06 0.06 0.06 0.06 0.06 0.06 0.06 0.06 0.06 0.06 0.06 0.06 0.06 0.06 0.06 0.07 0.07 0.07 0.07 0.07 0.07 0.07 0.08 0.08 0.08 0.08 0.08 0.09 0.09 0.09 0.10 0.10 0.10 0.11 0.11 0.12 0.13 0.13 0.14 0.15 0.16 0.18 0.20 0.22 0.24 0.28 0.32 0.37 0.43 0.52 0.62 0.74 0.88 1.04 1.21 1.38 1.55 1.71 1.85 1.97 2.07 2.16 2.28 2.42 2.52 2.81 3.17 3.90 5.90 7.48 0.00 0.00 0.00 
0.00 0.00 0.13 0.27 0.14 0.10 0.08 0.07 0.06 0.06 0.06 0.06 0.06 0.06 0.06 0.06 0.06 0.06 0.06 0.06 0.06 0.06 0.06 0.06 0.06 0.06 0.06 0.06 0.07 0.07 0.07 0.07 0.07 0.07 0.08 0.08 0.08 0.08 0.08 0.09 0.09 0.09 0.10 0.10 0.11 0.11 0.12 0.13 0.13 0.14 0.16 0.17 0.19 0.21 0.23 0.26 0.30 0.35 0.41 0.49 0.58 0.70 0.83 0.98 1.14 1.30 1.46 1.61 1.74 1.86 1.96 2.04 2.10 1.80 2.29 2.54 2.73 2.92 3.86 7.96 3.29 0.00 0.00 
0.00 0.00 0.33 0.18 0.12 0.09 0.08 0.07 0.06 0.06 0.05 0.05 0.05 0.05 0.05 0.05 0.05 0.05 0.05 0.05 0.05 0.05 0.06 0.06 0.06 0.06 0.06 0.06 0.06 0.06 0.06 0.07 0.07 0.07 0.07 0.07 0.07 0.08 0.08 0.08 0.08 0.09 0.09 0.10 0.10 0.11 0.11 0.12 0.13 0.13 0.15 0.16 0.17 0.19 0.21 0.24 0.28 0.32 0.38 0.45 0.54 0.64 0.77 0.90 1.05 1.20 1.35 1.48 1.61 1.72 1.81 1.89 1.97 2.06 2.22 2.22 2.61 2.96 3.54 5.17 8.89 0.00 0.00 
0.00 0.07 0.35 0.15 0.10 0.08 0.07 0.06 0.06 0.05 0.04 0.04 0.04 0.04 0.04 0.04 0.04 0.04 0.04 0.04 0.04 0.04 0.04 0.04 0.04 0.04 0.04 0.04 0.04 0.04 0.04 0.04 0.05 0.05 0.05 0.05 0.05 0.05 0.05 0.06 0.06 0.06 0.06 0.06 0.07 0.07 0.08 0.08 0.09 0.09 0.10 0.11 0.12 0.13 0.15 0.17 0.19 0.22 0.26 0.31 0.37 0.44 0.52 0.61 0.71 0.81 0.91 1.00 1.09 1.16 1.22 1.29 1.50 1.92 2.09 1.39 2.41 2.24 2.54 3.82 8.17 0.00 0.00 
0.00 0.25 0.24 0.14 0.10 0.08 0.07 0.06 0.05 0.03 0.03 0.02 0.02 0.02 0.02 0.02 0.02 0.02 0.02 0.02 0.02 0.02 0.03 0.03 0.03 0.03 0.03 0.03 0.03 0.03 0.03 0.03 0.03 0.03 0.03 0.03 0.03 0.03 0.04 0.04 0.04 0.04 0.04 0.04 0.05 0.05 0.05 0.05 0.06 0.06 0.07 0.07 0.08 0.09 0.10 0.11 0.13 0.15 0.18 0.21 0.25 0.31 0.37 0.43 0.50 0.57 0.64 0.70 0.76 0.80 0.84 0.88 0.91 1.20 1.97 2.16 1.94 1.65 3.16 2.88 6.09 0.00 0.00 
0.00 0.31 0.22 0.13 0.09 0.08 0.07 0.06 0.04 0.03 0.05 0.05 0.05 0.05 0.05 0.05 0.05 0.05 0.05 0.05 0.05 0.05 0.05 0.05 0.05 0.05 0.05 0.06 0.06 0.06 0.06 0.06 0.06 0.06 0.06 0.07 0.07 0.07 0.07 0.08 0.08 0.08 0.08 0.09 0.09 0.10 0.10 0.11 0.12 0.12 0.13 0.15 0.16 0.18 0.20 0.22 0.26 0.30 0.35 0.41 0.50 0.59 0.71 0.83 0.97 1.11 1.24 1.37 1.49 1.59 1.67 1.73 0.90 0.94 1.59 2.13 1.59 2.61 2.95 3.77 4.97 2.54 0.00 
0.00 0.33 0.21 0.13 0.09 0.08 0.07 0.06 0.04 0.03 0.05 0.05 0.05 0.05 0.05 0.05 0.05 0.05 0.05 0.05 0.05 0.05 0.05 0.05 0.05 0.05 0.05 0.06 0.06 0.06 0.06 0.06 0.06 0.06 0.06 0.07 0.07 0.07 0.07 0.07 0.08 0.08 0.08 0.09 0.09 0.10 0.10 0.11 0.12 0.12 0.13 0.15 0.16 0.18 0.20 0.22 0.25 0.30 0.35 0.41 0.49 0.59 0.70 0.83 0.96 1.10 1.23 1.36 1.48 1.58 1.66 1.72 0.89 0.93 1.44 2.12 1.48 2.56 2.78 3.61 4.69 2.50 0.00 
0.00 0.31 0.22 0.13 0.09 0.08 0.07 0.06 0.04 0.03 0.02 0.02 0.02 0.02 0.02 0.02 0.02 0.02 0.02 0.02 0.02 0.02 0.02 0.03 0.03 0.03 0.03 0.03 0.03 0.03 0.03 0.03 0.03 0.03 0.03 0.03 0.03 0.03 0.04 0.04 0.04 0.04 0.04 0.04 0.04 0.05 0.05 0.05 0.06 0.06 0.07 0.07 0.08 0.09 0.10 0.11 0.13 0.15 0.18 0.21 0.25 0.30 0.36 0.43 0.50 0.57 0.63 0.69 0.75 0.79 0.83 0.87 0.90 0.94 1.59 2.14 1.59 1.32 2.95 2.37 4.95 0.00 0.00 
0.00 0.25 0.24 0.13 0.10 0.08 0.06 0.06 0.05 0.03 0.03 0.02 0.02 0.02 0.02 0.02 0.02 0.02 0.02 0.02 0.02 0.02 0.03 0.03 0.03 0.03 0.03 0.03 0.03 0.03 0.03 0.03 0.03 0.03 0.03 0.03 0.03 0.03 0.04 0.04 0.04 0.04 0.04 0.04 0.05 0.05 0.05 0.05 0.06 0.06 0.07 0.07 0.08 0.09 0.10 0.11 0.13 0.15 0.18 0.21 0.26 0.31 0.37 0.44 0.51 0.58 0.64 0.71 0.76 0.81 0.85 0.88 0.91 1.20 1.98 1.07 1.96 1.65 1.91 2.88 4.27 0.00 0.00 
0.00 0.07 0.34 0.15 0.10 0.08 0.07 0.06 0.06 0.05 0.04 0.04 0.04 0.04 0.04 0.04 0.04 0.04 0.04 0.04 0.04 0.04 0.04 0.04 0.04 0.04 0.04 0.04 0.04 0.04 0.04 0.04 0.05 0.05 0.05 0.05 0.05 0.05 0.05 0.06 0.06 0.06 0.06 0.07 0.07 0.07 0.08 0.08 0.09 0.09 0.10 0.11 0.12 0.13 0.15 0.17 0.19 0.22 0.26 0.31 0.37 0.44 0.52 0.61 0.71 0.81 0.91 1.00 1.09 1.17 1.23 1.30 1.51 1.94 2.11 1.40 2.44 2.27 2.57 3.83 8.03 0.00 0.00 
0.00 0.00 0.33 0.17 0.11 0.09 0.08 0.06 0.04 0.06 0.05 0.05 0.05 0.05 0.05 0.05 0.05 0.05 0.05 0.05 0.05 0.06 0.06 0.06 0.06 0.06 0.06 0.06 0.06 0.06 0.07 0.07 0.07 0.07 0.07 0.07 0.08 0.08 0.08 0.08 0.09 0.09 0.09 0.10 0.10 0.11 0.11 0.12 0.13 0.14 0.15 0.16 0.18 0.20 0.22 0.25 0.28 0.32 0.38 0.45 0.54 0.64 0.76 0.89 1.04 1.19 1.34 1.48 1.61 1.73 1.83 1.91 1.99 1.02 1.37 2.26 1.69 1.68 2.15 4.11 5.11 0.00 0.00 
0.00 0.00 0.13 0.27 0.13 0.10 0.08 0.07 0.06 0.05 0.04 0.04 0.04 0.04 0.03 0.03 0.04 0.04 0.04 0.04 0.04 0.04 0.04 0.04 0.04 0.04 0.04 0.04 0.04 0.04 0.04 0.04 0.05 0.05 0.05 0.05 0.05 0.05 0.05 0.05 0.06 0.06 0.06 0.06 0.07 0.07 0.08 0.08 0.08 0.09 0.10 0.11 0.12 0.13 0.14 0.16 0.19 0.22 0.26 0.31 0.37 0.44 0.52 0.62 0.72 0.82 0.92 1.01 1.09 1.17 1.23 1.29 1.45 1.83 2.34 1.66 2.80 2.99 3.92 6.78 0.00 0.00 0.00 
0.00 0.00 0.00 0.25 0.18 0.12 0.08 0.08 0.06 0.04 0.06 0.06 0.06 0.06 0.06 0.06 0.06 0.06 0.06 0.06 0.06 0.06 0.06 0.07 0.07 0.07 0.07 0.07 0.07 0.07 0.07 0.08 0.08 0.08 0.08 0.08 0.09 0.09 0.09 0.09 0.10 0.10 0.11 0.11 0.12 0.12 0.13 0.14 0.15 0.16 0.17 0.18 0.20 0.22 0.25 0.28 0.32 0.37 0.44 0.52 0.62 0.74 0.88 1.04 1.21 1.38 1.56 1.72 1.87 2.00 2.11 2.19 1.16 1.51 2.11 1.60 2.92 3.44 3.91 2.77 0.00 0.00 0.00 
0.00 0.00 0.00 0.01 0.26 0.17 0.10 0.09 0.06 0.08 0.07 0.06 0.06 0.06 0.06 0.06 0.06 0.06 0.06 0.06 0.06 0.07 0.07 0.07 0.07 0.07 0.07 0.07 0.07 0.08 0.08 0.08 0.08 0.08 0.08 0.09 0.09 0.09 0.10 0.10 0.10 0.11 0.11 0.12 0.12 0.13 0.13 0.14 0.15 0.16 0.18 0.19 0.21 0.23 0.26 0.29 0.33 0.39 0.45 0.54 0.64 0.77 0.91 1.08 1.26 1.44 1.62 1.79 1.94 2.08 2.20 2.30 2.54 1.68 2.31 1.99 3.71 3.80 5.51 0.00 0.00 0.00 0.00 
0.00 0.00 0.00 0.00 0.00 0.20 0.20 0.12 0.09 0.07 0.08 0.08 0.08 0.08 0.08 0.08 0.08 0.08 0.08 0.08 0.08 0.08 0.08 0.08 0.09 0.09 0.09 0.09 0.09 0.09 0.10 0.10 0.10 0.10 0.11 0.11 0.11 0.12 0.12 0.12 0.13 0.13 0.14 0.14 0.15 0.16 0.17 0.18 0.19 0.20 0.22 0.24 0.26 0.29 0.32 0.36 0.41 0.48 0.56 0.67 0.79 0.95 1.13 1.33 1.55 1.77 2.00 2.21 2.40 2.58 2.72 2.85 1.92 2.43 3.33 3.66 6.21 2.60 0.00 0.00 0.00 0.00 0.00 
0.00 0.00 0.00 0.00 0.00 0.00 0.08 0.20 0.18 0.13 0.10 0.10 0.10 0.09 0.09 0.09 0.10 0.10 0.10 0.10 0.10 0.10 0.10 0.10 0.11 0.11 0.11 0.11 0.11 0.12 0.12 0.12 0.12 0.13 0.13 0.13 0.14 0.14 0.15 0.15 0.16 0.16 0.17 0.18 0.19 0.20 0.21 0.22 0.23 0.25 0.27 0.29 0.32 0.35 0.39 0.44 0.51 0.59 0.68 0.81 0.96 1.14 1.35 1.59 1.85 2.12 2.39 2.64 2.88 3.10 3.29 3.47 3.83 3.43 6.66 4.35 0.00 0.00 0.00 0.00 0.00 0.00 0.00 
0.00 0.00 0.00 0.00 0.00 0.00 0.00 0.00 0.00 0.00 0.05 0.05 0.05 0.05 0.05 0.05 0.05 0.05 0.05 0.05 0.05 0.05 0.05 0.05 0.05 0.05 0.06 0.06 0.06 0.06 0.06 0.06 0.06 0.06 0.07 0.07 0.07 0.07 0.07 0.08 0.08 0.08 0.09 0.09 0.09 0.10 0.11 0.11 0.12 0.13 0.14 0.15 0.16 0.18 0.20 0.23 0.26 0.30 0.35 0.41 0.49 0.58 0.69 0.82 0.95 1.09 1.23 1.36 1.48 1.59 1.68 1.74 0.00 0.00 0.00 0.00 0.00 0.00 0.00 0.00 0.00 0.00 0.00 
0.00 0.00 0.00 0.00 0.00 0.00 0.00 0.00 0.00 0.00 0.00 0.00 0.00 0.00 0.00 0.00 0.00 0.00 0.00 0.00 0.00 0.00 0.00 0.00 0.00 0.00 0.00 0.00 0.00 0.00 0.00 0.00 0.00 0.00 0.00 0.00 0.00 0.00 0.00 0.00 0.00 0.00 0.00 0.00 0.00 0.00 0.00 0.00 0.00 0.00 0.00 0.00 0.00 0.00 0.00 0.00 0.00 0.00 0.00 0.00 0.00 0.00 0.00 0.00 0.00 0.00 0.00 0.00 0.00 0.00 0.00 0.00 0.00 0.00 0.00 0.00 0.00 0.00 0.00 0.00 0.00 0.00 0.00 
