0.00 0.00 0.00 0.00 0.00 0.00 0.00 0.00 0.00 0.00 0.00 0.00 0.00 0.00 0.00 0.00 0.00 0.00 0.00 0.00 0.00 0.00 0.00 0.00 0.00 0.00 0.00 0.00 0.00 0.00 0.00 0.00 0.00 0.00 0.00 0.00 0.00 0.00 0.00 0.00 0.00 0.00 0.00 0.00 0.00 0.00 0.00 0.00 0.00 0.00 0.00 0.00 0.00 0.00 0.00 0.00 0.00 0.00 0.00 0.00 0.00 0.00 0.00 0.00 0.00 0.00 0.00 0.00 0.00 0.00 0.00 0.00 0.00 0.00 0.00 0.00 0.00 0.00 0.00 0.00 0.00 0.00 0.00 
0.00 0.00 0.00 0.00 0.00 0.00 0.00 0.00 0.04 0.12 0.14 0.14 0.14 0.14 0.14 0.14 0.14 0.14 0.14 0.14 0.15 0.15 0.15 0.15 0.16 0.16 0.16 0.17 0.17 0.17 0.18 0.18 0.19 0.19 0.20 0.21 0.22 0.22 0.23 0.24 0.25 0.27 0.28 0.30 0.32 0.34 0.36 0.39 0.42 0.47 0.51 0.57 0.65 0.74 0.86 1.00 1.19 1.41 1.67 1.97 2.31 2.66 3.02 3.38 3.71 4.02 4.28 4.51 4.70 4.85 4.97 5.04 4.82 3.96 1.22 0.00 0.00 0.00 0.00 0.00 0.00 0.00 0.00 
0.00 0.00 0.00 0.00 0.00 0.00 0.09 0.20 0.20 0.13 0.12 0.11 0.11 0.11 0.11 0.11 0.11 0.11 0.11 0.11 0.11 0.11 0.12 0.12 0.12 0.12 0.12 0.13 0.13 0.13 0.14 0.14 0.15 0.15 0.16 0.16 0.17 0.17 0.18 0.19 0.20 0.21 0.22 0.23 0.24 0.26 0.28 0.30 0.33 0.36 0.40 0.44 0.50 0.57 0.66 0.77 0.90 1.07 1.27 1.49 1.75 2.01 2.29 2.56 2.82 3.05 3.26 3.44 3.59 3.71 3.81 3.90 4.07 4.63 6.62 6.43 2.72 0.00 0.00 0.00 0.00 0.00 0.00 
0.00 0.00 0.00 0.00 0.01 0.20 0.20 0.12 0.10 0.09 0.08 0.08 0.08 0.08 0.07 0.07 0.07 0.08 0.08 0.08 0.08 0.08 0.08 0.08 0.08 0.09 0.09 0.09 0.09 0.09 0.10 0.10 0.10 0.11 0.11 0.11 0.12 0.12 0.13 0.13 0.14 0.14 0.15 0.16 0.17 0.18 0.20 0.21 0.23 0.25 0.28 0.31 0.35 0.40 0.46 0.54 0.63 0.74 0.88 1.04 1.21 1.40 1.59 1.78 1.96 2.13 2.28 2.40 2.51 2.60 2.66 2.72 2.82 3.01 3.32 4.00 6.30 6.02 0.15 0.00 0.00 0.00 0.00 
0.00 0.00 0.00 0.01 0.26 0.17 0.11 0.09 0.08 0.07 0.07 0.06 0.06 0.06 0.06 0.06 0.06 0.06 0.06 0.06 0.06 0.06 0.07 0.07 0.07 0.07 0.07 0.07 0.07 0.08 0.08 0.08 0.08 0.09 0.09 0.09 0.09 0.10 0.10 0.11 0.11 0.12 0.12 0.13 0.14 0.15 0.16 0.17 0.19 0.20 0.23 0.25 0.28 0.32 0.37 0.44 0.51 0.61 0.72 0.84 0.99 1.14 1.29 1.45 1.60 1.73 1.85 1.96 2.04 2.11 2.17 2.21 2.30 2.51 2.62 2.90 3.51 5.03 7.21 0.13 0.00 0.00 0.00 
0.00 0.00 0.00 0.25 0.19 0.12 0.09 0.08 0.07 0.06 0.06 0.06 0.06 0.06 0.06 0.06 0.06 0.06 0.06 0.06 0.06 0.06 0.06 0.06 0.06 0.06 0.07 0.07 0.07 0.07 0.07 0.07 0.08 0.08 0.08 0.08 0.09 0.09 0.09 0.10 0.10 0.11 0.11 0.12 0.13 0.14 0.15 0.16 0.17 0.19 0.21 0.23 0.26 0.30 0.34 0.40 0.47 0.55 0.66 0.77 0.90 1.04 1.19 1.33 1.46 1.59 1.70 1.79 1.87 1.94 1.99 2.03 2.11 2.22 2.28 2.53 2.83 3.47 5.23 6.61 0.00 0.00 0.00 
0.00 0.00 0.13 0.27 0.13 0.10 0.08 0.07 0.06 0.06 0.06 0.05 0.05 0.05 0.05 0.05 0.05 0.05 0.05 0.05 0.06 0.06 0.06 0.06 0.06 0.06 0.06 0.06 0.06 0.07 0.07 0.07 0.07 0.07 0.08 0.08 0.08 0.09 0.09 0.09 0.10 0.10 0.11 0.11 0.12 0.13 0.14 0.15 0.16 0.18 0.20 0.22 0.25 0.28 0.32 0.38 0.44 0.52 0.62 0.73 0.85 0.98 1.12 1.25 1.38 1.50 1.60 1.69 1.77 1.83 1.88 1.92 1.95 1.65 2.08 2.29 2.44 2.60 3.42 7.04 2.90 0.00 0.00 
0.00 0.00 0.33 0.17 0.11 0.09 0.07 0.06 0.06 0.05 0.05 0.05 0.05 0.05 0.05 0.05 0.05 0.05 0.05 0.05 0.05 0.05 0.05 0.05 0.06 0.06 0.06 0.06 0.06 0.06 0.06 0.07 0.07 0.07 0.07 0.07 0.08 0.08 0.08 0.09 0.09 0.10 0.10 0.11 0.11 0.12 0.13 0.14 0.15 0.17 0.18 0.20 0.23 0.26 0.30 0.35 0.41 0.48 0.57 0.67 0.79 0.91 1.03 1.16 1.27 1.38 1.48 1.57 1.64 1.70 1.75 1.79 1.83 1.89 2.01 2.00 2.33 2.64 3.14 4.58 7.86 0.00 0.00 
0.00 0.07 0.34 0.15 0.10 0.08 0.07 0.06 0.06 0.05 0.04 0.03 0.03 0.03 0.03 0.03 0.03 0.03 0.03 0.03 0.04 0.04 0.04 0.04 0.04 0.04 0.04 0.04 0.04 0.04 0.04 0.04 0.05 0.05 0.05 0.05 0.05 0.05 0.06 0.06 0.06 0.06 0.07 0.07 0.08 0.08 0.09 0.09 0.10 0.11 0.12 0.14 0.16 0.18 0.20 0.24 0.28 0.33 0.39 0.46 0.53 0.61 0.70 0.78 0.86 0.94 1.00 1.06 1.11 1.15 1.18 1.22 1.40 1.76 1.90 1.25 2.16 2.00 2.25 3.38 7.24 0.00 0.00 
0.00 0.25 0.24 0.13 0.10 0.08 0.06 0.06 0.05 0.03 0.02 0.02 0.02 0.02 0.02 0.02 0.02 0.02 0.02 0.02 0.02 0.02 0.02 0.02 0.03 0.03 0.03 0.03 0.03 0.03 0.03 0.03 0.03 0.03 0.03 0.03 0.03 0.04 0.04 0.04 0.04 0.04 0.05 0.05 0.05 0.05 0.06 0.06 0.07 0.08 0.08 0.09 0.11 0.12 0.14 0.16 0.19 0.23 0.27 0.32 0.37 0.43 0.49 0.55 0.60 0.65 0.69 0.73 0.76 0.79 0.81 0.82 0.84 1.10 1.80 1.95 1.74 1.47 2.81 2.55 5.39 0.00 0.00 
0.00 0.31 0.22 0.13 0.09 0.08 0.06 0.06 0.04 0.02 0.05 0.05 0.05 0.05 0.05 0.05 0.05 0.05 0.05 0.05 0.05 0.05 0.05 0.05 0.05 0.05 0.05 0.05 0.06 0.06 0.06 0.06 0.06 0.06 0.07 0.07 0.07 0.07 0.08 0.08 0.08 0.09 0.09 0.10 0.10 0.11 0.12 0.13 0.14 0.15 0.17 0.19 0.21 0.24 0.28 0.32 0.38 0.44 0.53 0.62 0.72 0.83 0.95 1.06 1.17 1.28 1.37 1.45 1.52 1.57 1.62 1.65 0.83 0.85 1.45 1.93 1.43 2.33 2.62 3.35 4.40 2.24 0.00 
0.00 0.33 0.21 0.12 0.09 0.07 0.06 0.06 0.04 0.02 0.05 0.05 0.05 0.05 0.04 0.04 0.05 0.05 0.05 0.05 0.05 0.05 0.05 0.05 0.05 0.05 0.05 0.05 0.06 0.06 0.06 0.06 0.06 0.06 0.07 0.07 0.07 0.07 0.08 0.08 0.08 0.09 0.09 0.10 0.10 0.11 0.12 0.13 0.14 0.15 0.17 0.19 0.21 0.24 0.27 0.32 0.37 0.44 0.52 0.62 0.72 0.83 0.94 1.06 1.17 1.27 1.36 1.44 1.51 1.56 1.61 1.64 0.82 0.85 1.31 1.92 1.33 2.28 2.47 3.20 4.15 2.22 0.00 
0.00 0.31 0.22 0.13 0.09 0.07 0.06 0.06 0.04 0.02 0.02 0.02 0.02 0.02 0.02 0.02 0.02 0.02 0.02 0.02 0.02 0.02 0.02 0.02 0.02 0.03 0.03 0.03 0.03 0.03 0.03 0.03 0.03 0.03 0.03 0.03 0.03 0.04 0.04 0.04 0.04 0.04 0.04 0.05 0.05 0.05 0.06 0.06 0.07 0.07 0.08 0.09 0.10 0.12 0.14 0.16 0.19 0.23 0.27 0.32 0.37 0.43 0.48 0.54 0.59 0.64 0.69 0.72 0.75 0.78 0.79 0.81 0.83 0.85 1.46 1.94 1.43 1.17 2.63 2.10 4.38 0.00 0.00 
0.00 0.25 0.24 0.13 0.10 0.08 0.05 0.06 0.05 0.03 0.02 0.02 0.02 0.02 0.02 0.02 0.02 0.02 0.02 0.02 0.02 0.02 0.02 0.02 0.03 0.03 0.03 0.03 0.03 0.03 0.03 0.03 0.03 0.03 0.03 0.03 0.03 0.04 0.04 0.04 0.04 0.04 0.05 0.05 0.05 0.05 0.06 0.06 0.07 0.08 0.08 0.09 0.11 0.12 0.14 0.16 0.19 0.23 0.27 0.32 0.38 0.43 0.49 0.55 0.61 0.65 0.70 0.73 0.76 0.79 0.81 0.82 0.84 1.10 1.82 0.96 1.76 1.47 1.70 2.55 3.79 0.00 0.00 
0.00 0.07 0.34 0.14 0.10 0.08 0.07 0.06 0.06 0.05 0.04 0.03 0.03 0.03 0.03 0.03 0.03 0.03 0.03 0.03 0.04 0.04 0.04 0.04 0.04 0.04 0.04 0.04 0.04 0.04 0.04 0.04 0.05 0.05 0.05 0.05 0.05 0.05 0.06 0.06 0.06 0.07 0.07 0.07 0.08 0.08 0.09 0.10 0.10 0.11 0.13 0.14 0.16 0.18 0.21 0.24 0.28 0.33 0.39 0.46 0.53 0.61 0.70 0.78 0.86 0.94 1.01 1.07 1.12 1.16 1.19 1.24 1.42 1.79 1.93 1.26 2.20 2.03 2.29 3.40 7.12 0.00 0.00 
0.00 0.00 0.32 0.17 0.11 0.09 0.07 0.06 0.04 0.05 0.05 0.05 0.05 0.05 0.05 0.05 0.05 0.05 0.05 0.05 0.05 0.05 0.05 0.06 0.06 0.06 0.06 0.06 0.06 0.06 0.06 0.07 0.07 0.07 0.07 0.08 0.08 0.08 0.08 0.09 0.09 0.10 0.10 0.11 0.12 0.12 0.13 0.14 0.15 0.17 0.19 0.21 0.23 0.26 0.30 0.35 0.41 0.48 0.57 0.67 0.78 0.90 1.02 1.15 1.27 1.38 1.49 1.58 1.65 1.72 1.78 1.82 1.86 0.93 1.25 2.05 1.51 1.49 1.91 3.65 4.53 0.00 0.00 
0.00 0.00 0.13 0.26 0.13 0.09 0.08 0.07 0.06 0.05 0.04 0.03 0.03 0.03 0.03 0.03 0.03 0.03 0.03 0.03 0.03 0.04 0.04 0.04 0.04 0.04 0.04 0.04 0.04 0.04 0.04 0.04 0.05 0.05 0.05 0.05 0.05 0.05 0.06 0.06 0.06 0.06 0.07 0.07 0.08 0.08 0.09 0.09 0.10 0.11 0.12 0.14 0.15 0.18 0.20 0.24 0.28 0.33 0.39 0.46 0.53 0.62 0.70 0.79 0.87 0.94 1.01 1.06 1.11 1.15 1.19 1.22 1.35 1.69 2.14 1.49 2.52 2.68 3.49 6.04 0.00 0.00 0.00 
0.00 0.00 0.00 0.24 0.18 0.11 0.08 0.08 0.05 0.04 0.06 0.06 0.06 0.06 0.06 0.06 0.06 0.06 0.06 0.06 0.06 0.06 0.06 0.06 0.06 0.07 0.07 0.07 0.07 0.07 0.07 0.08 0.08 0.08 0.08 0.09 0.09 0.09 0.10 0.10 0.11 0.11 0.12 0.12 0.13 0.14 0.15 0.16 0.17 0.19 0.21 0.23 0.26 0.30 0.34 0.40 0.47 0.55 0.65 0.77 0.90 1.04 1.19 1.33 1.47 1.60 1.72 1.82 1.91 1.98 2.04 2.09 1.08 1.38 1.93 1.44 2.63 3.09 3.49 2.46 0.00 0.00 0.00 
0.00 0.00 0.00 0.01 0.25 0.16 0.10 0.09 0.06 0.07 0.06 0.06 0.06 0.06 0.06 0.06 0.06 0.06 0.06 0.06 0.06 0.06 0.06 0.07 0.07 0.07 0.07 0.07 0.07 0.07 0.08 0.08 0.08 0.08 0.09 0.09 0.09 0.10 0.10 0.10 0.11 0.12 0.12 0.13 0.14 0.15 0.16 0.17 0.18 0.20 0.22 0.24 0.27 0.31 0.36 0.42 0.49 0.58 0.68 0.80 0.94 1.08 1.23 1.39 1.53 1.67 1.79 1.89 1.99 2.06 2.13 2.19 2.38 1.54 2.11 1.79 3.35 3.41 4.91 0.00 0.00 0.00 0.00 
0.00 0.00 0.00 0.00 0.00 0.19 0.19 0.12 0.09 0.06 0.08 0.07 0.07 0.07 0.07 0.07 0.07 0.07 0.08 0.08 0.08 0.08 0.08 0.08 0.08 0.08 0.09 0.09 0.09 0.09 0.10 0.10 0.10 0.10 0.11 0.11 0.12 0.12 0.13 0.13 0.14 0.14 0.15 0.16 0.17 0.18 0.19 0.21 0.23 0.25 0.27 0.30 0.34 0.39 0.45 0.52 0.61 0.71 0.84 0.99 1.16 1.34 1.52 1.71 1.89 2.06 2.21 2.35 2.46 2.56 2.64 2.71 1.79 2.24 3.05 3.32 5.62 2.33 0.00 0.00 0.00 0.00 0.00 
0.00 0.00 0.00 0.00 0.00 0.00 0.07 0.19 0.17 0.12 0.10 0.09 0.09 0.09 0.09 0.09 0.09 0.09 0.09 0.09 0.10 0.10 0.10 0.10 0.10 0.10 0.11 0.11 0.11 0.12 0.12 0.12 0.13 0.13 0.13 0.14 0.14 0.15 0.15 0.16 0.17 0.18 0.19 0.20 0.21 0.22 0.24 0.26 0.28 0.31 0.34 0.37 0.42 0.48 0.54 0.63 0.74 0.86 1.02 1.19 1.39 1.60 1.83 2.05 2.27 2.48 2.67 2.83 2.98 3.10 3.21 3.31 3.60 3.19 6.13 3.96 0.00 0.00 0.00 0.00 0.00 0.00 0.00 
0.00 0.00 0.00 0.00 0.00 0.00 0.00 0.00 0.00 0.00 0.05 0.05 0.05 0.05 0.05 0.05 0.05 0.05 0.05 0.05 0.05 0.05 0.05 0.05 0.05 0.05 0.05 0.06 0.06 0.06 0.06 0.06 0.06 0.07 0.07 0.07 0.07 0.08 0.08 0.08 0.09 0.09 0.10 0.10 0.11 0.11 0.12 0.13 0.14 0.16 0.17 0.19 0.21 0.24 0.28 0.32 0.37 0.44 0.52 0.61 0.71 0.82 0.94 1.05 1.16 1.27 1.37 1.45 1.53 1.59 1.64 1.67 0.00 0.00 0.00 0.00 0.00 0.00 0.00 0.00 0.00 0.00 0.00 
0.00 0.00 0.00 0.00 0.00 0.00 0.00 0.00 0.00 0.00 0.00 0.00 0.00 0.00 0.00 0.00 0.00 0.00 0.00 0.00 0.00 0.00 0.00 0.00 0.00 0.00 0.00 0.00 0.00 0.00 0.00 0.00 0.00 0.00 0.00 0.00 0.00 0.00 0.00 0.00 0.00 0.00 0.00 0.00 0.00 0.00 0.00 0.00 0.00 0.00 0.00 0.00 0.00 0.00 0.00 0.00 0.00 0.00 0.00 0.00 0.00 0.00 0.00 0.00 0.00 0.00 0.00 0.00 0.00 0.00 0.00 0.00 0.00 0.00 0.00 0.00 0.00 0.00 0.00 0.00 0.00 0.00 0.00 
