0.00 0.00 0.00 0.00 0.00 0.00 0.00 0.00 0.00 0.00 0.00 0.00 0.00 0.00 0.00 0.00 0.00 0.00 0.00 0.00 0.00 0.00 0.00 0.00 0.00 0.00 0.00 0.00 0.00 0.00 0.00 0.00 0.00 0.00 0.00 0.00 0.00 0.00 0.00 0.00 0.00 0.00 0.00 0.00 0.00 0.00 0.00 0.00 0.00 0.00 0.00 0.00 0.00 0.00 0.00 0.00 0.00 0.00 0.00 0.00 0.00 0.00 0.00 0.00 0.00 0.00 0.00 0.00 0.00 0.00 0.00 0.00 0.00 0.00 0.00 0.00 0.00 0.00 0.00 0.00 0.00 0.00 0.00 
0.00 0.00 0.00 0.00 0.00 0.00 0.00 0.00 1.07 2.92 2.85 2.43 1.95 1.57 1.29 1.08 0.92 0.80 0.71 0.64 0.58 0.53 0.50 0.46 0.44 0.42 0.40 0.38 0.37 0.35 0.34 0.34 0.33 0.32 0.32 0.31 0.31 0.30 0.30 0.30 0.29 0.29 0.29 0.29 0.29 0.28 0.28 0.28 0.28 0.28 0.28 0.28 0.28 0.27 0.27 0.27 0.27 0.27 0.27 0.27 0.27 0.26 0.26 0.26 0.26 0.26 0.26 0.26 0.26 0.26 0.27 0.27 0.26 0.21 0.07 0.00 0.00 0.00 0.00 0.00 0.00 0.00 0.00 
0.00 0.00 0.00 0.00 0.00 0.00 3.10 6.51 5.72 3.30 2.37 1.85 1.48 1.20 0.98 0.82 0.71 0.62 0.55 0.49 0.45 0.41 0.38 0.36 0.34 0.32 0.31 0.29 0.28 0.27 0.27 0.26 0.25 0.25 0.24 0.24 0.24 0.23 0.23 0.23 0.23 0.22 0.22 0.22 0.22 0.22 0.22 0.22 0.22 0.21 0.21 0.21 0.21 0.21 0.21 0.21 0.21 0.21 0.21 0.21 0.20 0.20 0.20 0.20 0.20 0.20 0.20 0.20 0.20 0.20 0.20 0.21 0.22 0.25 0.36 0.36 0.16 0.00 0.00 0.00 0.00 0.00 0.00 
0.00 0.00 0.00 0.00 0.21 7.75 7.23 3.99 2.82 2.11 1.61 1.27 1.02 0.83 0.68 0.57 0.49 0.43 0.38 0.34 0.31 0.29 0.27 0.25 0.24 0.22 0.21 0.21 0.20 0.19 0.19 0.18 0.18 0.17 0.17 0.17 0.16 0.16 0.16 0.16 0.16 0.16 0.16 0.15 0.15 0.15 0.15 0.15 0.15 0.15 0.15 0.15 0.15 0.15 0.15 0.15 0.15 0.15 0.14 0.14 0.14 0.14 0.14 0.14 0.14 0.14 0.14 0.14 0.14 0.14 0.14 0.14 0.15 0.16 0.18 0.22 0.36 0.36 0.01 0.00 0.00 0.00 0.00 
0.00 0.00 0.00 0.23 10.19 6.41 4.01 2.92 2.21 1.74 1.31 1.03 0.83 0.67 0.56 0.47 0.40 0.35 0.31 0.28 0.25 0.23 0.22 0.20 0.19 0.18 0.17 0.17 0.16 0.16 0.15 0.15 0.14 0.14 0.14 0.14 0.13 0.13 0.13 0.13 0.13 0.13 0.13 0.13 0.13 0.12 0.12 0.12 0.12 0.12 0.12 0.12 0.12 0.12 0.12 0.12 0.12 0.12 0.12 0.12 0.12 0.12 0.12 0.12 0.11 0.11 0.11 0.11 0.11 0.12 0.12 0.12 0.12 0.13 0.14 0.16 0.20 0.30 0.46 0.01 0.00 0.00 0.00 
0.00 0.00 0.00 9.75 7.24 4.40 3.22 2.48 1.91 1.54 1.19 0.94 0.76 0.62 0.51 0.43 0.37 0.32 0.28 0.26 0.23 0.21 0.20 0.19 0.18 0.17 0.16 0.15 0.15 0.14 0.14 0.14 0.13 0.13 0.13 0.12 0.12 0.12 0.12 0.12 0.12 0.12 0.12 0.12 0.11 0.11 0.11 0.11 0.11 0.11 0.11 0.11 0.11 0.11 0.11 0.11 0.11 0.11 0.11 0.11 0.11 0.11 0.11 0.11 0.11 0.11 0.10 0.11 0.11 0.11 0.11 0.11 0.11 0.12 0.12 0.14 0.16 0.21 0.33 0.45 0.00 0.00 0.00 
0.00 0.00 5.00 10.42 5.14 3.65 2.81 2.23 1.74 1.34 1.10 0.89 0.71 0.58 0.48 0.40 0.35 0.30 0.27 0.24 0.22 0.20 0.19 0.18 0.17 0.16 0.15 0.15 0.14 0.14 0.13 0.13 0.12 0.12 0.12 0.12 0.12 0.12 0.11 0.11 0.11 0.11 0.11 0.11 0.11 0.11 0.11 0.11 0.11 0.11 0.11 0.11 0.10 0.10 0.10 0.10 0.10 0.10 0.10 0.10 0.10 0.10 0.10 0.10 0.10 0.10 0.10 0.10 0.10 0.10 0.10 0.10 0.10 0.09 0.11 0.13 0.14 0.15 0.22 0.47 0.21 0.00 0.00 
0.00 0.00 12.13 6.70 4.38 3.30 2.60 2.01 1.66 1.30 1.03 0.82 0.66 0.54 0.44 0.37 0.32 0.28 0.25 0.23 0.21 0.19 0.18 0.17 0.16 0.15 0.14 0.14 0.13 0.13 0.12 0.12 0.12 0.11 0.11 0.11 0.11 0.11 0.11 0.11 0.10 0.10 0.10 0.10 0.10 0.10 0.10 0.10 0.10 0.10 0.10 0.10 0.10 0.10 0.10 0.10 0.10 0.10 0.09 0.09 0.09 0.09 0.09 0.09 0.09 0.09 0.09 0.09 0.09 0.09 0.09 0.10 0.10 0.10 0.11 0.11 0.13 0.16 0.20 0.30 0.57 0.00 0.00 
0.00 2.52 12.59 5.61 3.93 2.99 2.40 1.94 1.57 1.20 0.79 0.57 0.45 0.37 0.30 0.26 0.22 0.19 0.17 0.15 0.14 0.13 0.12 0.11 0.11 0.10 0.10 0.09 0.09 0.09 0.08 0.08 0.08 0.08 0.08 0.08 0.07 0.07 0.07 0.07 0.07 0.07 0.07 0.07 0.07 0.07 0.07 0.07 0.07 0.07 0.07 0.07 0.07 0.07 0.07 0.07 0.07 0.06 0.06 0.06 0.06 0.06 0.06 0.06 0.06 0.06 0.06 0.06 0.06 0.06 0.06 0.07 0.07 0.09 0.10 0.07 0.12 0.12 0.14 0.22 0.51 0.00 0.00 
0.00 8.48 8.87 5.11 3.82 2.93 2.26 1.87 1.46 0.77 0.50 0.40 0.32 0.26 0.21 0.17 0.15 0.13 0.11 0.10 0.09 0.09 0.08 0.08 0.07 0.07 0.06 0.06 0.06 0.06 0.06 0.05 0.05 0.05 0.05 0.05 0.05 0.05 0.05 0.05 0.05 0.05 0.05 0.05 0.05 0.05 0.05 0.05 0.05 0.05 0.04 0.04 0.04 0.04 0.04 0.04 0.04 0.04 0.04 0.04 0.04 0.04 0.04 0.04 0.04 0.04 0.04 0.04 0.04 0.04 0.04 0.04 0.04 0.06 0.10 0.11 0.10 0.09 0.17 0.17 0.38 0.00 0.00 
0.00 10.53 7.89 4.87 3.56 2.83 2.23 1.84 1.18 0.63 0.87 0.72 0.59 0.49 0.40 0.34 0.29 0.26 0.23 0.21 0.19 0.17 0.16 0.15 0.14 0.14 0.13 0.13 0.12 0.12 0.11 0.11 0.11 0.11 0.10 0.10 0.10 0.10 0.10 0.10 0.10 0.10 0.09 0.09 0.09 0.09 0.09 0.09 0.09 0.09 0.09 0.09 0.09 0.09 0.09 0.09 0.09 0.09 0.09 0.09 0.09 0.09 0.09 0.09 0.09 0.09 0.09 0.09 0.09 0.09 0.09 0.09 0.04 0.05 0.08 0.11 0.08 0.14 0.16 0.22 0.30 0.17 0.00 
0.00 11.11 7.66 4.74 3.34 2.76 2.23 1.81 1.07 0.63 0.86 0.72 0.59 0.48 0.40 0.34 0.29 0.26 0.23 0.21 0.19 0.17 0.16 0.15 0.14 0.14 0.13 0.12 0.12 0.12 0.11 0.11 0.11 0.11 0.10 0.10 0.10 0.10 0.10 0.10 0.10 0.09 0.09 0.09 0.09 0.09 0.09 0.09 0.09 0.09 0.09 0.09 0.09 0.09 0.09 0.09 0.09 0.09 0.09 0.09 0.09 0.09 0.09 0.09 0.09 0.09 0.09 0.09 0.09 0.09 0.09 0.09 0.04 0.05 0.07 0.11 0.08 0.13 0.15 0.21 0.29 0.16 0.00 
0.00 10.44 7.83 4.81 3.52 2.80 2.22 1.81 1.17 0.63 0.50 0.39 0.31 0.25 0.21 0.17 0.15 0.13 0.11 0.10 0.09 0.09 0.08 0.07 0.07 0.07 0.06 0.06 0.06 0.06 0.05 0.05 0.05 0.05 0.05 0.05 0.05 0.05 0.05 0.05 0.05 0.05 0.05 0.05 0.05 0.05 0.05 0.04 0.04 0.04 0.04 0.04 0.04 0.04 0.04 0.04 0.04 0.04 0.04 0.04 0.04 0.04 0.04 0.04 0.04 0.04 0.04 0.04 0.04 0.04 0.04 0.04 0.04 0.05 0.08 0.11 0.08 0.07 0.16 0.14 0.30 0.00 0.00 
0.00 8.35 8.69 5.03 3.73 2.87 1.89 1.80 1.42 0.77 0.51 0.40 0.32 0.26 0.21 0.17 0.15 0.13 0.11 0.10 0.09 0.09 0.08 0.08 0.07 0.07 0.06 0.06 0.06 0.06 0.06 0.05 0.05 0.05 0.05 0.05 0.05 0.05 0.05 0.05 0.05 0.05 0.05 0.05 0.05 0.05 0.05 0.05 0.05 0.05 0.04 0.04 0.04 0.04 0.04 0.04 0.04 0.04 0.04 0.04 0.04 0.04 0.04 0.04 0.04 0.04 0.04 0.04 0.04 0.04 0.04 0.04 0.04 0.06 0.10 0.05 0.10 0.09 0.11 0.17 0.25 0.00 0.00 
0.00 2.47 12.24 5.46 3.83 2.91 2.33 1.88 1.52 1.16 0.77 0.56 0.45 0.36 0.30 0.26 0.22 0.19 0.17 0.15 0.14 0.13 0.12 0.11 0.11 0.10 0.10 0.09 0.09 0.09 0.08 0.08 0.08 0.08 0.08 0.08 0.07 0.07 0.07 0.07 0.07 0.07 0.07 0.07 0.07 0.07 0.07 0.07 0.07 0.07 0.07 0.07 0.07 0.07 0.07 0.07 0.07 0.07 0.07 0.06 0.06 0.06 0.06 0.06 0.06 0.06 0.06 0.06 0.06 0.06 0.06 0.07 0.08 0.10 0.10 0.07 0.12 0.12 0.14 0.22 0.47 0.00 0.00 
0.00 0.00 11.66 6.44 4.14 3.17 2.49 1.87 1.03 1.21 0.99 0.80 0.64 0.53 0.44 0.37 0.32 0.28 0.25 0.23 0.21 0.19 0.18 0.17 0.16 0.15 0.14 0.14 0.13 0.13 0.13 0.12 0.12 0.12 0.11 0.11 0.11 0.11 0.11 0.11 0.11 0.11 0.10 0.10 0.10 0.10 0.10 0.10 0.10 0.10 0.10 0.10 0.10 0.10 0.10 0.10 0.10 0.10 0.10 0.10 0.10 0.10 0.10 0.09 0.09 0.09 0.09 0.09 0.09 0.10 0.10 0.10 0.10 0.05 0.07 0.11 0.09 0.09 0.12 0.23 0.30 0.00 0.00 
0.00 0.00 4.76 9.93 4.91 3.49 2.66 2.11 1.65 1.10 0.73 0.55 0.44 0.36 0.30 0.25 0.22 0.19 0.17 0.15 0.14 0.13 0.12 0.11 0.11 0.10 0.10 0.09 0.09 0.09 0.08 0.08 0.08 0.08 0.08 0.07 0.07 0.07 0.07 0.07 0.07 0.07 0.07 0.07 0.07 0.07 0.07 0.07 0.07 0.07 0.07 0.07 0.07 0.07 0.07 0.07 0.06 0.06 0.06 0.06 0.06 0.06 0.06 0.06 0.06 0.06 0.06 0.06 0.06 0.06 0.06 0.07 0.07 0.09 0.11 0.08 0.14 0.15 0.21 0.37 0.00 0.00 0.00 
0.00 0.00 0.00 9.21 6.83 4.16 2.76 2.32 1.50 0.92 1.10 0.90 0.73 0.60 0.50 0.42 0.37 0.32 0.29 0.26 0.24 0.22 0.20 0.19 0.18 0.17 0.16 0.16 0.15 0.15 0.14 0.14 0.14 0.13 0.13 0.13 0.13 0.12 0.12 0.12 0.12 0.12 0.12 0.12 0.12 0.12 0.12 0.12 0.11 0.11 0.11 0.11 0.11 0.11 0.11 0.11 0.11 0.11 0.11 0.11 0.11 0.11 0.11 0.11 0.11 0.11 0.11 0.11 0.11 0.11 0.11 0.11 0.06 0.07 0.10 0.08 0.15 0.18 0.21 0.15 0.00 0.00 0.00 
0.00 0.00 0.00 0.22 9.54 5.97 3.47 2.66 1.64 1.60 1.23 0.94 0.76 0.62 0.52 0.44 0.38 0.34 0.30 0.27 0.25 0.23 0.21 0.20 0.19 0.18 0.17 0.16 0.16 0.15 0.15 0.14 0.14 0.14 0.14 0.13 0.13 0.13 0.13 0.13 0.13 0.12 0.12 0.12 0.12 0.12 0.12 0.12 0.12 0.12 0.12 0.12 0.12 0.12 0.12 0.12 0.12 0.11 0.11 0.11 0.11 0.11 0.11 0.11 0.11 0.11 0.11 0.11 0.11 0.11 0.11 0.12 0.13 0.08 0.11 0.10 0.19 0.19 0.29 0.00 0.00 0.00 0.00 
0.00 0.00 0.00 0.00 0.00 7.06 6.60 3.67 2.33 1.45 1.47 1.16 0.94 0.77 0.64 0.55 0.47 0.42 0.37 0.34 0.31 0.29 0.27 0.25 0.24 0.22 0.21 0.20 0.20 0.19 0.19 0.18 0.18 0.17 0.17 0.17 0.16 0.16 0.16 0.16 0.16 0.16 0.15 0.15 0.15 0.15 0.15 0.15 0.15 0.15 0.15 0.15 0.15 0.15 0.15 0.14 0.14 0.14 0.14 0.14 0.14 0.14 0.14 0.14 0.14 0.14 0.14 0.14 0.14 0.14 0.14 0.14 0.10 0.12 0.16 0.18 0.31 0.13 0.00 0.00 0.00 0.00 0.00 
0.00 0.00 0.00 0.00 0.00 0.00 2.43 5.77 4.55 2.74 1.86 1.42 1.14 0.94 0.79 0.67 0.58 0.51 0.46 0.42 0.38 0.35 0.33 0.31 0.29 0.28 0.26 0.25 0.24 0.24 0.23 0.22 0.22 0.21 0.21 0.21 0.20 0.20 0.20 0.20 0.19 0.19 0.19 0.19 0.19 0.19 0.19 0.18 0.18 0.18 0.18 0.18 0.18 0.18 0.18 0.18 0.18 0.18 0.18 0.17 0.17 0.17 0.17 0.17 0.17 0.17 0.17 0.17 0.17 0.17 0.17 0.18 0.19 0.17 0.33 0.21 0.00 0.00 0.00 0.00 0.00 0.00 0.00 
0.00 0.00 0.00 0.00 0.00 0.00 0.00 0.00 0.00 0.00 0.77 0.67 0.57 0.47 0.40 0.34 0.29 0.26 0.23 0.21 0.19 0.18 0.17 0.16 0.15 0.14 0.13 0.13 0.12 0.12 0.12 0.11 0.11 0.11 0.11 0.10 0.10 0.10 0.10 0.10 0.10 0.10 0.10 0.10 0.10 0.09 0.09 0.09 0.09 0.09 0.09 0.09 0.09 0.09 0.09 0.09 0.09 0.09 0.09 0.09 0.09 0.09 0.09 0.09 0.09 0.09 0.09 0.09 0.09 0.09 0.09 0.09 0.00 0.00 0.00 0.00 0.00 0.00 0.00 0.00 0.00 0.00 0.00 
0.00 0.00 0.00 0.00 0.00 0.00 0.00 0.00 0.00 0.00 0.00 0.00 0.00 0.00 0.00 0.00 0.00 0.00 0.00 0.00 0.00 0.00 0.00 0.00 0.00 0.00 0.00 0.00 0.00 0.00 0.00 0.00 0.00 0.00 0.00 0.00 0.00 0.00 0.00 0.00 0.00 0.00 0.00 0.00 0.00 0.00 0.00 0.00 0.00 0.00 0.00 0.00 0.00 0.00 0.00 0.00 0.00 0.00 0.00 0.00 0.00 0.00 0.00 0.00 0.00 0.00 0.00 0.00 0.00 0.00 0.00 0.00 0.00 0.00 0.00 0.00 0.00 0.00 0.00 0.00 0.00 0.00 0.00 
