0.00 0.00 0.00 0.00 0.00 0.00 0.00 0.00 0.00 0.00 0.00 0.00 0.00 0.00 0.00 0.00 0.00 0.00 0.00 0.00 0.00 0.00 0.00 0.00 0.00 0.00 0.00 0.00 0.00 0.00 0.00 0.00 0.00 0.00 0.00 0.00 0.00 0.00 0.00 0.00 0.00 0.00 0.00 0.00 0.00 0.00 0.00 0.00 0.00 0.00 0.00 0.00 0.00 0.00 0.00 0.00 0.00 0.00 0.00 0.00 0.00 0.00 0.00 0.00 0.00 0.00 0.00 0.00 0.00 0.00 0.00 0.00 0.00 0.00 0.00 0.00 0.00 0.00 0.00 0.00 0.00 0.00 0.00 
0.00 0.00 0.00 0.00 0.00 0.00 0.00 0.00 0.06 0.21 0.25 0.27 0.27 0.26 0.26 0.26 0.26 0.26 0.26 0.26 0.26 0.26 0.27 0.27 0.27 0.27 0.27 0.27 0.27 0.27 0.27 0.27 0.27 0.27 0.27 0.27 0.27 0.27 0.27 0.27 0.27 0.27 0.27 0.27 0.28 0.28 0.28 0.28 0.29 0.29 0.30 0.30 0.31 0.32 0.33 0.34 0.35 0.37 0.39 0.41 0.44 0.48 0.52 0.58 0.65 0.74 0.87 1.04 1.27 1.60 2.07 2.72 3.49 3.73 1.39 0.00 0.00 0.00 0.00 0.00 0.00 0.00 0.00 
0.00 0.00 0.00 0.00 0.00 0.00 0.14 0.34 0.35 0.24 0.21 0.21 0.20 0.20 0.20 0.20 0.20 0.20 0.20 0.20 0.20 0.20 0.20 0.20 0.21 0.21 0.21 0.21 0.21 0.21 0.21 0.21 0.21 0.21 0.21 0.21 0.21 0.21 0.21 0.21 0.21 0.21 0.21 0.21 0.21 0.21 0.22 0.22 0.22 0.22 0.23 0.23 0.24 0.24 0.25 0.26 0.27 0.28 0.30 0.32 0.34 0.37 0.40 0.45 0.50 0.57 0.67 0.79 0.97 1.22 1.57 2.06 2.81 4.18 7.49 8.97 4.43 0.00 0.00 0.00 0.00 0.00 0.00 
0.00 0.00 0.00 0.00 0.01 0.31 0.33 0.21 0.17 0.16 0.15 0.14 0.14 0.14 0.14 0.14 0.14 0.14 0.14 0.14 0.14 0.14 0.14 0.14 0.14 0.14 0.14 0.14 0.14 0.14 0.14 0.14 0.14 0.14 0.14 0.14 0.14 0.15 0.15 0.15 0.15 0.15 0.15 0.15 0.15 0.15 0.15 0.15 0.16 0.16 0.16 0.16 0.17 0.17 0.18 0.18 0.19 0.20 0.21 0.22 0.24 0.26 0.28 0.31 0.35 0.40 0.46 0.55 0.67 0.84 1.07 1.40 1.91 2.67 3.69 5.50 10.10 11.06 0.29 0.00 0.00 0.00 0.00 
0.00 0.00 0.00 0.01 0.37 0.26 0.18 0.15 0.14 0.13 0.12 0.12 0.12 0.12 0.12 0.12 0.12 0.12 0.12 0.12 0.12 0.12 0.12 0.12 0.12 0.12 0.12 0.12 0.12 0.12 0.12 0.12 0.12 0.12 0.12 0.12 0.12 0.12 0.12 0.12 0.12 0.12 0.12 0.12 0.12 0.12 0.12 0.12 0.13 0.13 0.13 0.13 0.14 0.14 0.14 0.15 0.16 0.16 0.17 0.18 0.19 0.21 0.23 0.25 0.28 0.32 0.38 0.45 0.55 0.68 0.87 1.12 1.53 2.20 2.87 3.98 5.57 9.01 14.06 0.26 0.00 0.00 0.00 
0.00 0.00 0.00 0.33 0.27 0.18 0.15 0.13 0.12 0.11 0.11 0.11 0.11 0.11 0.11 0.11 0.11 0.11 0.11 0.11 0.11 0.11 0.11 0.11 0.11 0.11 0.11 0.11 0.11 0.11 0.11 0.11 0.11 0.11 0.11 0.11 0.11 0.11 0.11 0.11 0.11 0.11 0.11 0.11 0.11 0.11 0.11 0.11 0.12 0.12 0.12 0.12 0.12 0.13 0.13 0.14 0.14 0.15 0.16 0.17 0.18 0.19 0.21 0.23 0.26 0.30 0.35 0.41 0.50 0.62 0.80 1.03 1.42 1.93 2.46 3.43 4.45 6.15 10.02 13.16 0.00 0.00 0.00 
0.00 0.00 0.15 0.35 0.19 0.15 0.13 0.12 0.11 0.10 0.10 0.10 0.10 0.10 0.10 0.10 0.10 0.10 0.10 0.10 0.10 0.10 0.10 0.10 0.10 0.10 0.10 0.10 0.10 0.10 0.10 0.10 0.10 0.10 0.10 0.10 0.10 0.10 0.10 0.10 0.10 0.10 0.10 0.10 0.11 0.11 0.11 0.11 0.11 0.11 0.11 0.12 0.12 0.12 0.12 0.13 0.13 0.14 0.15 0.16 0.17 0.18 0.20 0.22 0.25 0.28 0.33 0.39 0.47 0.59 0.75 0.97 1.24 1.41 2.25 2.99 3.75 4.52 6.49 13.71 5.62 0.00 0.00 
0.00 0.00 0.37 0.23 0.16 0.14 0.12 0.11 0.10 0.10 0.10 0.09 0.09 0.09 0.09 0.09 0.09 0.09 0.09 0.09 0.09 0.09 0.09 0.09 0.09 0.09 0.09 0.09 0.09 0.09 0.09 0.09 0.09 0.09 0.09 0.10 0.10 0.10 0.10 0.10 0.10 0.10 0.10 0.10 0.10 0.10 0.10 0.10 0.10 0.10 0.11 0.11 0.11 0.11 0.12 0.12 0.13 0.13 0.14 0.15 0.16 0.17 0.19 0.20 0.23 0.26 0.30 0.36 0.44 0.54 0.69 0.90 1.19 1.59 2.07 2.59 3.51 4.53 5.87 8.86 15.04 0.00 0.00 
0.00 0.07 0.39 0.19 0.15 0.12 0.11 0.10 0.10 0.09 0.07 0.07 0.06 0.06 0.06 0.06 0.06 0.06 0.06 0.06 0.06 0.06 0.06 0.06 0.06 0.06 0.06 0.06 0.06 0.06 0.06 0.06 0.06 0.06 0.06 0.06 0.06 0.06 0.07 0.07 0.07 0.07 0.07 0.07 0.07 0.07 0.07 0.07 0.07 0.07 0.07 0.07 0.07 0.08 0.08 0.08 0.09 0.09 0.09 0.10 0.11 0.12 0.13 0.14 0.16 0.18 0.21 0.24 0.30 0.37 0.47 0.62 0.91 1.45 1.94 1.65 3.18 3.37 4.16 6.47 13.57 0.00 0.00 
0.00 0.24 0.28 0.17 0.14 0.12 0.11 0.10 0.09 0.06 0.04 0.04 0.04 0.04 0.04 0.04 0.04 0.04 0.04 0.04 0.04 0.04 0.04 0.04 0.04 0.04 0.04 0.04 0.04 0.04 0.04 0.04 0.04 0.04 0.04 0.04 0.04 0.04 0.04 0.04 0.04 0.04 0.04 0.04 0.04 0.05 0.05 0.05 0.05 0.05 0.05 0.05 0.05 0.05 0.05 0.05 0.06 0.06 0.06 0.07 0.07 0.08 0.08 0.09 0.11 0.12 0.14 0.17 0.21 0.26 0.34 0.45 0.60 0.95 1.81 2.38 2.52 2.57 5.07 4.86 10.08 0.00 0.00 
0.00 0.30 0.25 0.17 0.13 0.12 0.11 0.10 0.07 0.04 0.09 0.09 0.09 0.09 0.09 0.09 0.09 0.09 0.09 0.09 0.09 0.09 0.09 0.09 0.09 0.09 0.09 0.09 0.09 0.09 0.09 0.09 0.09 0.09 0.09 0.09 0.09 0.09 0.09 0.09 0.09 0.09 0.09 0.09 0.09 0.09 0.09 0.09 0.09 0.10 0.10 0.10 0.10 0.10 0.11 0.11 0.12 0.12 0.13 0.14 0.15 0.16 0.17 0.19 0.21 0.24 0.28 0.33 0.39 0.48 0.60 0.74 0.60 0.81 1.47 2.31 2.15 3.84 4.73 6.24 8.18 4.10 0.00 
0.00 0.32 0.24 0.16 0.12 0.12 0.11 0.10 0.07 0.04 0.09 0.09 0.09 0.09 0.09 0.09 0.09 0.09 0.09 0.09 0.09 0.09 0.09 0.09 0.09 0.09 0.09 0.09 0.09 0.09 0.09 0.09 0.09 0.09 0.09 0.09 0.09 0.09 0.09 0.09 0.09 0.09 0.09 0.09 0.09 0.09 0.09 0.09 0.09 0.10 0.10 0.10 0.10 0.10 0.11 0.11 0.12 0.12 0.13 0.14 0.14 0.16 0.17 0.19 0.21 0.24 0.28 0.33 0.39 0.48 0.60 0.74 0.60 0.81 1.35 2.26 2.02 3.72 4.39 5.92 7.65 4.05 0.00 
0.00 0.30 0.25 0.17 0.13 0.12 0.11 0.10 0.07 0.04 0.04 0.04 0.04 0.04 0.04 0.04 0.04 0.04 0.04 0.04 0.04 0.04 0.04 0.04 0.04 0.04 0.04 0.04 0.04 0.04 0.04 0.04 0.04 0.04 0.04 0.04 0.04 0.04 0.04 0.04 0.04 0.04 0.04 0.04 0.04 0.04 0.04 0.05 0.05 0.05 0.05 0.05 0.05 0.05 0.05 0.05 0.06 0.06 0.06 0.07 0.07 0.08 0.08 0.09 0.10 0.12 0.14 0.17 0.20 0.26 0.34 0.45 0.61 0.81 1.44 2.25 2.08 2.15 4.55 3.94 8.02 0.00 0.00 
0.00 0.24 0.28 0.17 0.14 0.12 0.09 0.10 0.09 0.06 0.04 0.04 0.04 0.04 0.04 0.04 0.04 0.04 0.04 0.04 0.04 0.04 0.04 0.04 0.04 0.04 0.04 0.04 0.04 0.04 0.04 0.04 0.04 0.04 0.04 0.04 0.04 0.04 0.04 0.04 0.04 0.04 0.04 0.04 0.04 0.05 0.05 0.05 0.05 0.05 0.05 0.05 0.05 0.05 0.05 0.05 0.06 0.06 0.06 0.07 0.07 0.08 0.08 0.09 0.11 0.12 0.14 0.17 0.21 0.26 0.34 0.46 0.61 0.94 1.68 1.37 2.40 2.49 3.10 4.66 6.85 0.00 0.00 
0.00 0.07 0.39 0.19 0.15 0.12 0.11 0.10 0.10 0.09 0.07 0.07 0.06 0.06 0.06 0.06 0.06 0.06 0.06 0.06 0.06 0.06 0.06 0.06 0.06 0.06 0.06 0.06 0.06 0.06 0.06 0.07 0.07 0.07 0.07 0.07 0.07 0.07 0.07 0.07 0.07 0.07 0.07 0.07 0.07 0.07 0.07 0.07 0.07 0.07 0.07 0.07 0.08 0.08 0.08 0.08 0.09 0.09 0.10 0.10 0.11 0.12 0.13 0.14 0.16 0.18 0.21 0.24 0.30 0.37 0.47 0.61 0.87 1.36 1.79 1.63 2.91 3.13 3.91 6.05 12.75 0.00 0.00 
0.00 0.00 0.37 0.23 0.16 0.13 0.12 0.10 0.06 0.10 0.10 0.09 0.09 0.09 0.09 0.09 0.09 0.09 0.09 0.10 0.10 0.10 0.10 0.10 0.10 0.10 0.10 0.10 0.10 0.10 0.10 0.10 0.10 0.10 0.10 0.10 0.10 0.10 0.10 0.10 0.10 0.10 0.10 0.10 0.10 0.10 0.10 0.10 0.10 0.11 0.11 0.11 0.11 0.12 0.12 0.12 0.13 0.13 0.14 0.15 0.16 0.17 0.19 0.21 0.23 0.26 0.30 0.36 0.43 0.53 0.67 0.85 1.08 0.87 1.32 2.29 2.20 2.55 3.41 6.45 8.22 0.00 0.00 
0.00 0.00 0.15 0.35 0.19 0.15 0.13 0.12 0.11 0.09 0.07 0.06 0.06 0.06 0.06 0.06 0.06 0.06 0.06 0.06 0.06 0.06 0.06 0.06 0.06 0.06 0.06 0.06 0.06 0.06 0.06 0.06 0.06 0.06 0.06 0.06 0.06 0.06 0.06 0.06 0.07 0.07 0.07 0.07 0.07 0.07 0.07 0.07 0.07 0.07 0.07 0.07 0.07 0.08 0.08 0.08 0.08 0.09 0.09 0.10 0.11 0.11 0.13 0.14 0.15 0.18 0.20 0.24 0.29 0.37 0.47 0.60 0.86 1.30 1.95 1.91 3.30 4.03 5.70 10.30 0.00 0.00 0.00 
0.00 0.00 0.00 0.32 0.26 0.18 0.13 0.13 0.10 0.07 0.11 0.11 0.11 0.11 0.11 0.11 0.11 0.11 0.11 0.11 0.11 0.11 0.11 0.11 0.11 0.11 0.11 0.11 0.11 0.11 0.11 0.11 0.11 0.11 0.11 0.11 0.11 0.11 0.11 0.11 0.11 0.11 0.11 0.11 0.11 0.11 0.12 0.12 0.12 0.12 0.12 0.13 0.13 0.13 0.14 0.14 0.15 0.15 0.16 0.17 0.18 0.20 0.21 0.24 0.26 0.30 0.35 0.41 0.49 0.60 0.75 0.92 0.73 1.16 1.79 1.92 3.46 4.55 5.59 4.34 0.00 0.00 0.00 
0.00 0.00 0.00 0.01 0.37 0.26 0.17 0.15 0.11 0.13 0.12 0.11 0.11 0.11 0.11 0.11 0.11 0.11 0.11 0.11 0.11 0.11 0.11 0.11 0.11 0.11 0.11 0.11 0.11 0.11 0.11 0.11 0.11 0.11 0.11 0.11 0.11 0.12 0.12 0.12 0.12 0.12 0.12 0.12 0.12 0.12 0.12 0.12 0.12 0.13 0.13 0.13 0.13 0.14 0.14 0.15 0.15 0.16 0.17 0.18 0.19 0.21 0.22 0.25 0.28 0.31 0.36 0.42 0.51 0.63 0.78 0.98 1.33 1.28 1.96 2.23 4.23 4.89 7.96 0.00 0.00 0.00 0.00 
0.00 0.00 0.00 0.00 0.00 0.31 0.32 0.21 0.15 0.11 0.15 0.14 0.14 0.14 0.14 0.14 0.14 0.14 0.14 0.14 0.14 0.14 0.14 0.14 0.14 0.14 0.14 0.14 0.14 0.14 0.14 0.14 0.14 0.14 0.14 0.14 0.14 0.14 0.14 0.14 0.14 0.15 0.15 0.15 0.15 0.15 0.15 0.15 0.15 0.16 0.16 0.16 0.17 0.17 0.18 0.18 0.19 0.20 0.21 0.22 0.24 0.26 0.28 0.31 0.34 0.39 0.45 0.53 0.63 0.77 0.96 1.19 1.12 1.73 2.72 3.61 6.75 3.38 0.00 0.00 0.00 0.00 0.00 
0.00 0.00 0.00 0.00 0.00 0.00 0.12 0.33 0.31 0.23 0.18 0.17 0.17 0.17 0.17 0.17 0.17 0.17 0.17 0.17 0.17 0.17 0.17 0.17 0.17 0.17 0.17 0.17 0.17 0.17 0.17 0.17 0.18 0.18 0.18 0.18 0.18 0.18 0.18 0.18 0.18 0.18 0.18 0.18 0.18 0.18 0.19 0.19 0.19 0.19 0.20 0.20 0.20 0.21 0.22 0.22 0.23 0.24 0.26 0.27 0.29 0.31 0.34 0.38 0.42 0.48 0.55 0.64 0.77 0.94 1.18 1.49 1.98 2.27 5.08 3.94 0.00 0.00 0.00 0.00 0.00 0.00 0.00 
0.00 0.00 0.00 0.00 0.00 0.00 0.00 0.00 0.00 0.00 0.09 0.09 0.09 0.09 0.09 0.09 0.09 0.09 0.09 0.09 0.09 0.09 0.09 0.09 0.09 0.09 0.09 0.09 0.09 0.09 0.09 0.09 0.09 0.09 0.09 0.09 0.09 0.09 0.09 0.09 0.09 0.09 0.09 0.09 0.09 0.09 0.09 0.10 0.10 0.10 0.10 0.10 0.10 0.11 0.11 0.11 0.12 0.12 0.13 0.14 0.15 0.16 0.17 0.19 0.21 0.24 0.28 0.32 0.38 0.46 0.55 0.63 0.00 0.00 0.00 0.00 0.00 0.00 0.00 0.00 0.00 0.00 0.00 
0.00 0.00 0.00 0.00 0.00 0.00 0.00 0.00 0.00 0.00 0.00 0.00 0.00 0.00 0.00 0.00 0.00 0.00 0.00 0.00 0.00 0.00 0.00 0.00 0.00 0.00 0.00 0.00 0.00 0.00 0.00 0.00 0.00 0.00 0.00 0.00 0.00 0.00 0.00 0.00 0.00 0.00 0.00 0.00 0.00 0.00 0.00 0.00 0.00 0.00 0.00 0.00 0.00 0.00 0.00 0.00 0.00 0.00 0.00 0.00 0.00 0.00 0.00 0.00 0.00 0.00 0.00 0.00 0.00 0.00 0.00 0.00 0.00 0.00 0.00 0.00 0.00 0.00 0.00 0.00 0.00 0.00 0.00 
