0.00 0.00 0.00 0.00 0.00 0.00 0.00 0.00 0.00 0.00 0.00 0.00 0.00 0.00 0.00 0.00 0.00 0.00 0.00 0.00 0.00 0.00 0.00 0.00 0.00 0.00 0.00 0.00 0.00 0.00 0.00 0.00 0.00 0.00 0.00 0.00 0.00 0.00 0.00 0.00 0.00 0.00 0.00 0.00 0.00 0.00 0.00 0.00 0.00 0.00 0.00 0.00 0.00 0.00 0.00 0.00 0.00 0.00 0.00 0.00 0.00 0.00 0.00 0.00 0.00 0.00 0.00 0.00 0.00 0.00 0.00 0.00 0.00 0.00 0.00 0.00 0.00 0.00 0.00 0.00 0.00 0.00 0.00 
0.00 0.00 0.00 0.00 0.00 0.00 0.00 0.00 0.05 0.16 0.19 0.20 0.20 0.19 0.19 0.19 0.19 0.19 0.20 0.20 0.20 0.20 0.20 0.20 0.20 0.21 0.21 0.21 0.21 0.21 0.21 0.22 0.22 0.22 0.22 0.23 0.23 0.23 0.24 0.24 0.24 0.25 0.25 0.26 0.26 0.27 0.28 0.29 0.30 0.31 0.32 0.33 0.35 0.37 0.39 0.42 0.45 0.49 0.54 0.60 0.67 0.76 0.88 1.04 1.25 1.52 1.89 2.35 2.90 3.54 4.21 4.86 5.25 4.73 1.54 0.00 0.00 0.00 0.00 0.00 0.00 0.00 0.00 
0.00 0.00 0.00 0.00 0.00 0.00 0.11 0.26 0.26 0.18 0.16 0.15 0.15 0.15 0.15 0.15 0.15 0.15 0.15 0.15 0.15 0.15 0.15 0.16 0.16 0.16 0.16 0.16 0.16 0.16 0.17 0.17 0.17 0.17 0.17 0.17 0.18 0.18 0.18 0.18 0.19 0.19 0.19 0.20 0.20 0.21 0.21 0.22 0.23 0.24 0.25 0.26 0.27 0.29 0.30 0.32 0.35 0.38 0.41 0.46 0.51 0.58 0.67 0.79 0.95 1.16 1.43 1.77 2.18 2.66 3.17 3.70 4.33 5.42 8.31 8.61 3.81 0.00 0.00 0.00 0.00 0.00 0.00 
0.00 0.00 0.00 0.00 0.01 0.26 0.26 0.16 0.13 0.12 0.11 0.11 0.11 0.10 0.10 0.10 0.10 0.10 0.11 0.11 0.11 0.11 0.11 0.11 0.11 0.11 0.11 0.11 0.11 0.11 0.12 0.12 0.12 0.12 0.12 0.12 0.12 0.13 0.13 0.13 0.13 0.13 0.14 0.14 0.14 0.15 0.15 0.15 0.16 0.17 0.17 0.18 0.19 0.20 0.21 0.23 0.24 0.27 0.29 0.32 0.36 0.41 0.47 0.55 0.66 0.81 0.99 1.23 1.51 1.84 2.19 2.54 2.98 3.50 4.15 5.32 8.77 8.75 0.22 0.00 0.00 0.00 0.00 
0.00 0.00 0.00 0.01 0.32 0.21 0.15 0.12 0.10 0.10 0.09 0.09 0.09 0.09 0.08 0.08 0.08 0.09 0.09 0.09 0.09 0.09 0.09 0.09 0.09 0.09 0.09 0.09 0.09 0.09 0.09 0.10 0.10 0.10 0.10 0.10 0.10 0.10 0.10 0.11 0.11 0.11 0.11 0.11 0.12 0.12 0.12 0.13 0.13 0.14 0.14 0.15 0.15 0.16 0.17 0.19 0.20 0.22 0.24 0.26 0.29 0.33 0.38 0.45 0.54 0.65 0.80 1.00 1.23 1.49 1.77 2.06 2.41 2.91 3.27 3.86 4.87 7.25 10.74 0.20 0.00 0.00 0.00 
0.00 0.00 0.00 0.30 0.23 0.15 0.12 0.10 0.09 0.09 0.08 0.08 0.08 0.08 0.08 0.08 0.08 0.08 0.08 0.08 0.08 0.08 0.08 0.08 0.08 0.08 0.08 0.08 0.08 0.09 0.09 0.09 0.09 0.09 0.09 0.09 0.09 0.09 0.09 0.10 0.10 0.10 0.10 0.10 0.11 0.11 0.11 0.12 0.12 0.12 0.13 0.13 0.14 0.15 0.16 0.17 0.18 0.20 0.22 0.24 0.27 0.30 0.35 0.41 0.49 0.60 0.74 0.91 1.13 1.37 1.63 1.90 2.23 2.57 2.83 3.35 3.92 4.99 7.75 10.04 0.00 0.00 0.00 
0.00 0.00 0.15 0.32 0.16 0.12 0.10 0.09 0.08 0.08 0.08 0.07 0.07 0.07 0.07 0.07 0.07 0.07 0.07 0.07 0.07 0.08 0.08 0.08 0.08 0.08 0.08 0.08 0.08 0.08 0.08 0.08 0.08 0.08 0.09 0.09 0.09 0.09 0.09 0.09 0.09 0.09 0.10 0.10 0.10 0.10 0.11 0.11 0.11 0.12 0.12 0.13 0.13 0.14 0.15 0.16 0.17 0.19 0.20 0.23 0.25 0.29 0.33 0.39 0.46 0.56 0.69 0.86 1.06 1.29 1.54 1.79 2.01 1.89 2.58 3.01 3.36 3.71 5.05 10.61 4.47 0.00 0.00 
0.00 0.00 0.38 0.21 0.14 0.11 0.10 0.08 0.08 0.07 0.07 0.07 0.07 0.07 0.07 0.07 0.07 0.07 0.07 0.07 0.07 0.07 0.07 0.07 0.07 0.07 0.07 0.07 0.07 0.08 0.08 0.08 0.08 0.08 0.08 0.08 0.08 0.08 0.08 0.08 0.09 0.09 0.09 0.09 0.09 0.10 0.10 0.10 0.11 0.11 0.11 0.12 0.13 0.13 0.14 0.15 0.16 0.17 0.19 0.21 0.24 0.27 0.31 0.36 0.43 0.52 0.64 0.79 0.98 1.19 1.42 1.66 1.90 2.17 2.46 2.61 3.19 3.76 4.62 6.88 12.01 0.00 0.00 
0.00 0.08 0.40 0.18 0.13 0.10 0.09 0.08 0.07 0.07 0.05 0.05 0.05 0.05 0.05 0.05 0.05 0.05 0.05 0.05 0.05 0.05 0.05 0.05 0.05 0.05 0.05 0.05 0.05 0.05 0.05 0.05 0.05 0.05 0.05 0.05 0.06 0.06 0.06 0.06 0.06 0.06 0.06 0.06 0.06 0.07 0.07 0.07 0.07 0.07 0.08 0.08 0.09 0.09 0.10 0.10 0.11 0.12 0.13 0.14 0.16 0.18 0.21 0.25 0.29 0.36 0.44 0.54 0.66 0.80 0.96 1.13 1.43 1.98 2.31 1.64 2.93 2.82 3.29 5.06 10.93 0.00 0.00 
0.00 0.28 0.28 0.16 0.12 0.10 0.08 0.08 0.07 0.04 0.03 0.03 0.03 0.03 0.03 0.03 0.03 0.03 0.03 0.03 0.03 0.03 0.03 0.03 0.03 0.03 0.03 0.03 0.03 0.03 0.03 0.04 0.04 0.04 0.04 0.04 0.04 0.04 0.04 0.04 0.04 0.04 0.04 0.04 0.04 0.04 0.04 0.05 0.05 0.05 0.05 0.05 0.06 0.06 0.06 0.07 0.07 0.08 0.09 0.10 0.11 0.12 0.14 0.17 0.20 0.25 0.30 0.38 0.47 0.57 0.68 0.80 0.91 1.26 2.16 2.51 2.34 2.10 4.08 3.81 8.13 0.00 0.00 
0.00 0.35 0.25 0.15 0.11 0.10 0.08 0.08 0.06 0.03 0.06 0.06 0.06 0.06 0.06 0.06 0.06 0.06 0.06 0.06 0.06 0.06 0.07 0.07 0.07 0.07 0.07 0.07 0.07 0.07 0.07 0.07 0.07 0.07 0.07 0.07 0.08 0.08 0.08 0.08 0.08 0.08 0.08 0.08 0.09 0.09 0.09 0.09 0.10 0.10 0.11 0.11 0.12 0.12 0.13 0.14 0.15 0.16 0.18 0.19 0.22 0.25 0.28 0.33 0.40 0.48 0.59 0.73 0.89 1.08 1.28 1.45 0.90 1.02 1.74 2.46 1.94 3.28 3.82 4.97 6.62 3.41 0.00 
0.00 0.37 0.25 0.15 0.11 0.09 0.08 0.08 0.05 0.03 0.06 0.06 0.06 0.06 0.06 0.06 0.06 0.06 0.06 0.06 0.06 0.06 0.07 0.07 0.07 0.07 0.07 0.07 0.07 0.07 0.07 0.07 0.07 0.07 0.07 0.07 0.07 0.08 0.08 0.08 0.08 0.08 0.08 0.08 0.09 0.09 0.09 0.09 0.10 0.10 0.10 0.11 0.12 0.12 0.13 0.14 0.15 0.16 0.18 0.19 0.22 0.25 0.28 0.33 0.39 0.48 0.59 0.72 0.89 1.08 1.27 1.44 0.90 1.02 1.58 2.43 1.81 3.21 3.58 4.74 6.23 3.36 0.00 
0.00 0.35 0.25 0.15 0.11 0.10 0.08 0.08 0.06 0.03 0.03 0.03 0.03 0.03 0.03 0.03 0.03 0.03 0.03 0.03 0.03 0.03 0.03 0.03 0.03 0.03 0.03 0.03 0.03 0.03 0.03 0.03 0.03 0.04 0.04 0.04 0.04 0.04 0.04 0.04 0.04 0.04 0.04 0.04 0.04 0.04 0.04 0.05 0.05 0.05 0.05 0.05 0.06 0.06 0.06 0.07 0.07 0.08 0.09 0.10 0.11 0.12 0.14 0.17 0.20 0.24 0.30 0.38 0.47 0.57 0.68 0.79 0.91 1.02 1.73 2.44 1.92 1.70 3.77 3.12 6.55 0.00 0.00 
0.00 0.28 0.28 0.16 0.12 0.10 0.07 0.08 0.07 0.04 0.03 0.03 0.03 0.03 0.03 0.03 0.03 0.03 0.03 0.03 0.03 0.03 0.03 0.03 0.03 0.03 0.03 0.03 0.03 0.03 0.03 0.04 0.04 0.04 0.04 0.04 0.04 0.04 0.04 0.04 0.04 0.04 0.04 0.04 0.04 0.04 0.04 0.05 0.05 0.05 0.05 0.05 0.06 0.06 0.06 0.07 0.07 0.08 0.09 0.10 0.11 0.12 0.14 0.17 0.20 0.25 0.31 0.38 0.48 0.58 0.70 0.81 0.92 1.26 2.12 1.29 2.32 2.08 2.47 3.76 5.63 0.00 0.00 
0.00 0.08 0.40 0.17 0.12 0.10 0.09 0.08 0.07 0.07 0.05 0.05 0.05 0.05 0.05 0.05 0.05 0.05 0.05 0.05 0.05 0.05 0.05 0.05 0.05 0.05 0.05 0.05 0.05 0.05 0.05 0.05 0.05 0.05 0.05 0.06 0.06 0.06 0.06 0.06 0.06 0.06 0.06 0.06 0.06 0.07 0.07 0.07 0.07 0.08 0.08 0.08 0.09 0.09 0.10 0.10 0.11 0.12 0.13 0.15 0.16 0.18 0.21 0.25 0.29 0.36 0.44 0.54 0.66 0.80 0.96 1.13 1.42 1.95 2.27 1.65 2.89 2.79 3.26 4.97 10.53 0.00 0.00 
0.00 0.00 0.38 0.21 0.13 0.11 0.09 0.08 0.05 0.07 0.07 0.07 0.07 0.07 0.07 0.07 0.07 0.07 0.07 0.07 0.07 0.07 0.07 0.07 0.07 0.07 0.07 0.08 0.08 0.08 0.08 0.08 0.08 0.08 0.08 0.08 0.08 0.08 0.09 0.09 0.09 0.09 0.09 0.09 0.10 0.10 0.10 0.10 0.11 0.11 0.12 0.12 0.13 0.14 0.14 0.15 0.16 0.18 0.19 0.22 0.24 0.27 0.31 0.36 0.43 0.52 0.64 0.78 0.96 1.17 1.39 1.62 1.83 1.11 1.53 2.55 2.04 2.12 2.77 5.32 6.73 0.00 0.00 
0.00 0.00 0.15 0.32 0.16 0.12 0.10 0.09 0.08 0.06 0.05 0.05 0.05 0.05 0.05 0.05 0.05 0.05 0.05 0.05 0.05 0.05 0.05 0.05 0.05 0.05 0.05 0.05 0.05 0.05 0.05 0.05 0.05 0.05 0.05 0.05 0.05 0.06 0.06 0.06 0.06 0.06 0.06 0.06 0.06 0.07 0.07 0.07 0.07 0.07 0.08 0.08 0.08 0.09 0.09 0.10 0.11 0.12 0.13 0.14 0.16 0.18 0.21 0.24 0.29 0.36 0.44 0.54 0.67 0.81 0.96 1.12 1.38 1.86 2.50 1.94 3.31 3.67 4.93 8.69 0.00 0.00 0.00 
0.00 0.00 0.00 0.29 0.22 0.14 0.10 0.10 0.07 0.05 0.08 0.08 0.08 0.08 0.08 0.08 0.08 0.08 0.08 0.08 0.08 0.08 0.08 0.08 0.08 0.08 0.08 0.09 0.09 0.09 0.09 0.09 0.09 0.09 0.09 0.09 0.09 0.10 0.10 0.10 0.10 0.10 0.10 0.11 0.11 0.11 0.11 0.12 0.12 0.13 0.13 0.14 0.15 0.15 0.16 0.17 0.19 0.20 0.22 0.24 0.27 0.31 0.36 0.42 0.49 0.60 0.73 0.91 1.12 1.36 1.61 1.84 1.15 1.57 2.26 1.89 3.45 4.21 4.88 3.59 0.00 0.00 0.00 
0.00 0.00 0.00 0.01 0.31 0.21 0.13 0.11 0.08 0.10 0.09 0.08 0.08 0.08 0.08 0.08 0.08 0.08 0.08 0.08 0.08 0.08 0.09 0.09 0.09 0.09 0.09 0.09 0.09 0.09 0.09 0.09 0.09 0.09 0.10 0.10 0.10 0.10 0.10 0.10 0.10 0.11 0.11 0.11 0.11 0.12 0.12 0.12 0.13 0.13 0.14 0.14 0.15 0.16 0.17 0.18 0.19 0.21 0.23 0.25 0.28 0.32 0.37 0.43 0.51 0.62 0.76 0.94 1.16 1.41 1.68 1.95 2.34 1.75 2.48 2.31 4.35 4.59 6.93 0.00 0.00 0.00 0.00 
0.00 0.00 0.00 0.00 0.00 0.25 0.25 0.16 0.11 0.08 0.11 0.10 0.10 0.10 0.10 0.10 0.10 0.10 0.10 0.10 0.10 0.11 0.11 0.11 0.11 0.11 0.11 0.11 0.11 0.11 0.11 0.12 0.12 0.12 0.12 0.12 0.12 0.12 0.13 0.13 0.13 0.13 0.14 0.14 0.14 0.15 0.15 0.15 0.16 0.17 0.17 0.18 0.19 0.20 0.21 0.23 0.24 0.26 0.29 0.32 0.35 0.40 0.46 0.54 0.64 0.77 0.94 1.16 1.43 1.74 2.06 2.37 1.83 2.47 3.55 4.11 7.18 3.17 0.00 0.00 0.00 0.00 0.00 
0.00 0.00 0.00 0.00 0.00 0.00 0.09 0.25 0.23 0.17 0.14 0.13 0.12 0.12 0.12 0.12 0.13 0.13 0.13 0.13 0.13 0.13 0.13 0.13 0.13 0.13 0.14 0.14 0.14 0.14 0.14 0.14 0.14 0.15 0.15 0.15 0.15 0.15 0.16 0.16 0.16 0.16 0.17 0.17 0.17 0.18 0.18 0.19 0.20 0.20 0.21 0.22 0.23 0.25 0.26 0.28 0.30 0.32 0.35 0.39 0.44 0.49 0.56 0.66 0.78 0.93 1.13 1.39 1.70 2.07 2.47 2.90 3.48 3.40 6.93 4.79 0.00 0.00 0.00 0.00 0.00 0.00 0.00 
0.00 0.00 0.00 0.00 0.00 0.00 0.00 0.00 0.00 0.00 0.06 0.06 0.06 0.06 0.06 0.06 0.06 0.06 0.06 0.06 0.07 0.07 0.07 0.07 0.07 0.07 0.07 0.07 0.07 0.07 0.07 0.07 0.07 0.07 0.07 0.08 0.08 0.08 0.08 0.08 0.08 0.08 0.08 0.09 0.09 0.09 0.09 0.10 0.10 0.10 0.11 0.11 0.12 0.13 0.13 0.14 0.15 0.17 0.18 0.20 0.22 0.25 0.29 0.33 0.39 0.47 0.58 0.71 0.87 1.04 1.22 1.36 0.00 0.00 0.00 0.00 0.00 0.00 0.00 0.00 0.00 0.00 0.00 
0.00 0.00 0.00 0.00 0.00 0.00 0.00 0.00 0.00 0.00 0.00 0.00 0.00 0.00 0.00 0.00 0.00 0.00 0.00 0.00 0.00 0.00 0.00 0.00 0.00 0.00 0.00 0.00 0.00 0.00 0.00 0.00 0.00 0.00 0.00 0.00 0.00 0.00 0.00 0.00 0.00 0.00 0.00 0.00 0.00 0.00 0.00 0.00 0.00 0.00 0.00 0.00 0.00 0.00 0.00 0.00 0.00 0.00 0.00 0.00 0.00 0.00 0.00 0.00 0.00 0.00 0.00 0.00 0.00 0.00 0.00 0.00 0.00 0.00 0.00 0.00 0.00 0.00 0.00 0.00 0.00 0.00 0.00 
