0.00 0.00 0.00 0.00 0.00 0.00 0.00 0.00 0.00 0.00 0.00 0.00 0.00 0.00 0.00 0.00 0.00 0.00 0.00 0.00 0.00 0.00 0.00 0.00 0.00 0.00 0.00 0.00 0.00 0.00 0.00 0.00 0.00 0.00 0.00 0.00 0.00 0.00 0.00 0.00 0.00 0.00 0.00 0.00 0.00 0.00 0.00 0.00 0.00 0.00 0.00 0.00 0.00 0.00 0.00 0.00 0.00 0.00 0.00 0.00 0.00 0.00 0.00 0.00 0.00 0.00 0.00 0.00 0.00 0.00 0.00 0.00 0.00 0.00 0.00 0.00 0.00 0.00 0.00 0.00 0.00 0.00 0.00 
0.00 0.00 0.00 0.00 0.00 0.00 0.00 0.00 0.55 1.48 1.48 1.33 1.14 1.00 0.88 0.80 0.73 0.67 0.63 0.59 0.56 0.54 0.52 0.50 0.49 0.48 0.47 0.46 0.46 0.45 0.45 0.45 0.44 0.44 0.44 0.44 0.44 0.44 0.44 0.45 0.45 0.45 0.45 0.45 0.45 0.46 0.46 0.46 0.46 0.46 0.46 0.46 0.46 0.47 0.47 0.47 0.47 0.47 0.46 0.46 0.46 0.46 0.46 0.46 0.46 0.46 0.46 0.46 0.46 0.46 0.46 0.46 0.44 0.36 0.11 0.00 0.00 0.00 0.00 0.00 0.00 0.00 0.00 
0.00 0.00 0.00 0.00 0.00 0.00 1.83 3.58 3.01 1.71 1.25 1.03 0.88 0.77 0.68 0.61 0.56 0.52 0.48 0.46 0.43 0.41 0.40 0.39 0.38 0.37 0.36 0.36 0.35 0.35 0.35 0.34 0.34 0.34 0.34 0.34 0.34 0.34 0.34 0.34 0.34 0.35 0.35 0.35 0.35 0.35 0.35 0.35 0.35 0.36 0.36 0.36 0.36 0.36 0.36 0.36 0.36 0.36 0.36 0.36 0.36 0.36 0.35 0.35 0.35 0.35 0.35 0.35 0.35 0.35 0.36 0.36 0.37 0.42 0.61 0.60 0.26 0.00 0.00 0.00 0.00 0.00 0.00 
0.00 0.00 0.00 0.00 0.16 5.23 4.41 2.22 1.49 1.10 0.86 0.71 0.61 0.54 0.48 0.43 0.39 0.36 0.34 0.32 0.30 0.29 0.28 0.27 0.26 0.26 0.25 0.25 0.25 0.24 0.24 0.24 0.24 0.24 0.24 0.24 0.24 0.24 0.24 0.24 0.24 0.24 0.24 0.24 0.24 0.25 0.25 0.25 0.25 0.25 0.25 0.25 0.25 0.25 0.25 0.25 0.25 0.25 0.25 0.25 0.25 0.25 0.25 0.25 0.25 0.25 0.25 0.25 0.25 0.25 0.25 0.25 0.26 0.28 0.31 0.37 0.60 0.59 0.02 0.00 0.00 0.00 0.00 
0.00 0.00 0.00 0.19 7.97 4.40 2.46 1.63 1.17 0.91 0.70 0.58 0.50 0.44 0.39 0.35 0.32 0.29 0.28 0.26 0.25 0.24 0.23 0.22 0.21 0.21 0.21 0.20 0.20 0.20 0.20 0.20 0.20 0.19 0.19 0.19 0.19 0.20 0.20 0.20 0.20 0.20 0.20 0.20 0.20 0.20 0.20 0.20 0.20 0.20 0.20 0.20 0.20 0.20 0.20 0.20 0.20 0.20 0.20 0.20 0.20 0.20 0.20 0.20 0.20 0.20 0.20 0.20 0.20 0.20 0.20 0.20 0.21 0.23 0.24 0.27 0.33 0.49 0.74 0.01 0.00 0.00 0.00 
0.00 0.00 0.00 8.74 5.71 3.03 1.98 1.39 1.02 0.81 0.64 0.53 0.46 0.40 0.35 0.32 0.29 0.27 0.25 0.24 0.23 0.22 0.21 0.20 0.20 0.19 0.19 0.19 0.18 0.18 0.18 0.18 0.18 0.18 0.18 0.18 0.18 0.18 0.18 0.18 0.18 0.18 0.18 0.18 0.18 0.18 0.18 0.18 0.19 0.19 0.19 0.19 0.19 0.19 0.19 0.19 0.19 0.19 0.19 0.19 0.19 0.19 0.19 0.18 0.18 0.18 0.18 0.18 0.18 0.18 0.19 0.19 0.19 0.20 0.21 0.24 0.27 0.34 0.53 0.71 0.00 0.00 0.00 
0.00 0.00 5.03 9.48 4.05 2.51 1.72 1.25 0.93 0.71 0.59 0.50 0.43 0.38 0.33 0.30 0.28 0.26 0.24 0.23 0.21 0.21 0.20 0.19 0.19 0.18 0.18 0.18 0.17 0.17 0.17 0.17 0.17 0.17 0.17 0.17 0.17 0.17 0.17 0.17 0.17 0.17 0.17 0.17 0.17 0.17 0.17 0.17 0.17 0.18 0.18 0.18 0.18 0.18 0.18 0.18 0.18 0.18 0.18 0.18 0.18 0.18 0.18 0.17 0.17 0.17 0.17 0.17 0.17 0.17 0.18 0.18 0.18 0.15 0.19 0.21 0.23 0.25 0.35 0.75 0.33 0.00 0.00 
0.00 0.00 12.51 6.09 3.47 2.28 1.59 1.13 0.88 0.68 0.56 0.47 0.40 0.35 0.31 0.28 0.26 0.24 0.22 0.21 0.20 0.19 0.18 0.18 0.17 0.17 0.17 0.16 0.16 0.16 0.16 0.16 0.16 0.16 0.16 0.16 0.16 0.16 0.16 0.16 0.16 0.16 0.16 0.16 0.16 0.16 0.16 0.16 0.16 0.16 0.16 0.16 0.16 0.16 0.16 0.16 0.16 0.16 0.16 0.16 0.16 0.16 0.16 0.16 0.16 0.16 0.16 0.16 0.16 0.16 0.16 0.16 0.17 0.17 0.18 0.19 0.22 0.26 0.32 0.48 0.88 0.00 0.00 
0.00 2.79 13.06 5.10 3.11 2.07 1.49 1.08 0.84 0.64 0.43 0.32 0.27 0.24 0.21 0.19 0.18 0.16 0.15 0.14 0.14 0.13 0.13 0.12 0.12 0.12 0.11 0.11 0.11 0.11 0.11 0.11 0.11 0.11 0.11 0.11 0.11 0.11 0.11 0.11 0.11 0.11 0.11 0.11 0.11 0.11 0.11 0.11 0.11 0.11 0.11 0.11 0.11 0.11 0.11 0.11 0.11 0.11 0.11 0.11 0.11 0.11 0.11 0.11 0.11 0.11 0.11 0.11 0.11 0.11 0.11 0.11 0.13 0.16 0.17 0.12 0.20 0.19 0.23 0.35 0.79 0.00 0.00 
0.00 9.65 9.21 4.66 3.07 2.01 1.39 1.05 0.80 0.40 0.26 0.22 0.19 0.16 0.14 0.13 0.12 0.11 0.10 0.10 0.09 0.09 0.08 0.08 0.08 0.08 0.08 0.07 0.07 0.07 0.07 0.07 0.07 0.07 0.07 0.07 0.07 0.07 0.07 0.07 0.07 0.07 0.07 0.07 0.07 0.07 0.07 0.07 0.07 0.07 0.07 0.08 0.08 0.08 0.08 0.08 0.08 0.08 0.08 0.08 0.08 0.07 0.07 0.07 0.07 0.07 0.07 0.07 0.07 0.07 0.07 0.08 0.08 0.10 0.17 0.18 0.16 0.14 0.28 0.27 0.59 0.00 0.00 
0.00 12.10 8.19 4.47 2.89 1.94 1.36 1.05 0.64 0.32 0.48 0.42 0.36 0.32 0.29 0.26 0.24 0.22 0.21 0.19 0.18 0.18 0.17 0.17 0.16 0.16 0.15 0.15 0.15 0.15 0.15 0.15 0.15 0.15 0.15 0.15 0.15 0.15 0.15 0.15 0.15 0.15 0.15 0.15 0.15 0.15 0.15 0.15 0.15 0.15 0.15 0.15 0.15 0.15 0.15 0.15 0.15 0.15 0.15 0.15 0.15 0.15 0.15 0.15 0.15 0.15 0.15 0.15 0.15 0.15 0.15 0.15 0.08 0.08 0.13 0.18 0.14 0.22 0.26 0.35 0.48 0.25 0.00 
0.00 12.80 7.97 4.36 2.71 1.90 1.36 1.04 0.58 0.32 0.47 0.41 0.36 0.32 0.29 0.26 0.24 0.22 0.21 0.19 0.18 0.18 0.17 0.16 0.16 0.16 0.15 0.15 0.15 0.15 0.15 0.15 0.15 0.14 0.14 0.14 0.14 0.14 0.15 0.15 0.15 0.15 0.15 0.15 0.15 0.15 0.15 0.15 0.15 0.15 0.15 0.15 0.15 0.15 0.15 0.15 0.15 0.15 0.15 0.15 0.15 0.15 0.15 0.15 0.15 0.15 0.15 0.15 0.15 0.15 0.15 0.15 0.08 0.08 0.12 0.18 0.13 0.22 0.25 0.33 0.45 0.25 0.00 
0.00 12.01 8.17 4.42 2.86 1.93 1.36 1.03 0.64 0.32 0.26 0.21 0.18 0.16 0.14 0.13 0.12 0.11 0.10 0.09 0.09 0.09 0.08 0.08 0.08 0.08 0.07 0.07 0.07 0.07 0.07 0.07 0.07 0.07 0.07 0.07 0.07 0.07 0.07 0.07 0.07 0.07 0.07 0.07 0.07 0.07 0.07 0.07 0.07 0.07 0.07 0.07 0.07 0.07 0.07 0.07 0.07 0.07 0.07 0.07 0.07 0.07 0.07 0.07 0.07 0.07 0.07 0.07 0.07 0.07 0.07 0.07 0.08 0.08 0.13 0.18 0.14 0.12 0.26 0.22 0.47 0.00 0.00 
0.00 9.54 9.07 4.64 2.99 1.99 1.18 1.02 0.78 0.40 0.26 0.22 0.19 0.16 0.14 0.13 0.12 0.11 0.10 0.10 0.09 0.09 0.08 0.08 0.08 0.08 0.08 0.07 0.07 0.07 0.07 0.07 0.07 0.07 0.07 0.07 0.07 0.07 0.07 0.07 0.07 0.07 0.07 0.07 0.07 0.07 0.07 0.07 0.07 0.07 0.07 0.08 0.08 0.08 0.08 0.08 0.08 0.08 0.08 0.08 0.08 0.07 0.07 0.07 0.07 0.07 0.07 0.07 0.07 0.07 0.07 0.08 0.08 0.10 0.17 0.09 0.17 0.14 0.17 0.26 0.40 0.00 0.00 
0.00 2.76 12.82 5.04 3.07 2.04 1.46 1.06 0.83 0.63 0.43 0.32 0.27 0.24 0.21 0.19 0.18 0.16 0.15 0.14 0.14 0.13 0.13 0.12 0.12 0.12 0.12 0.11 0.11 0.11 0.11 0.11 0.11 0.11 0.11 0.11 0.11 0.11 0.11 0.11 0.11 0.11 0.11 0.11 0.11 0.11 0.11 0.11 0.11 0.11 0.11 0.11 0.11 0.11 0.11 0.11 0.11 0.11 0.11 0.11 0.11 0.11 0.11 0.11 0.11 0.11 0.11 0.11 0.11 0.11 0.11 0.11 0.13 0.16 0.18 0.12 0.21 0.19 0.23 0.35 0.74 0.00 0.00 
0.00 0.00 12.17 5.96 3.33 2.21 1.55 1.08 0.55 0.65 0.55 0.47 0.40 0.35 0.32 0.29 0.26 0.24 0.23 0.22 0.20 0.20 0.19 0.18 0.18 0.17 0.17 0.17 0.17 0.16 0.16 0.16 0.16 0.16 0.16 0.16 0.16 0.16 0.16 0.16 0.16 0.16 0.16 0.16 0.16 0.16 0.16 0.17 0.17 0.17 0.17 0.17 0.17 0.17 0.17 0.17 0.17 0.17 0.17 0.17 0.17 0.17 0.17 0.17 0.17 0.17 0.17 0.17 0.17 0.17 0.17 0.17 0.17 0.09 0.11 0.19 0.14 0.15 0.19 0.37 0.47 0.00 0.00 
0.00 0.00 4.89 9.26 3.96 2.47 1.68 1.20 0.91 0.59 0.40 0.31 0.27 0.24 0.21 0.19 0.17 0.16 0.15 0.14 0.14 0.13 0.12 0.12 0.12 0.12 0.11 0.11 0.11 0.11 0.11 0.11 0.11 0.11 0.11 0.11 0.11 0.11 0.11 0.11 0.11 0.11 0.11 0.11 0.11 0.11 0.11 0.11 0.11 0.11 0.11 0.11 0.11 0.11 0.11 0.11 0.11 0.11 0.11 0.11 0.11 0.11 0.11 0.11 0.11 0.11 0.11 0.11 0.11 0.11 0.11 0.11 0.12 0.15 0.20 0.14 0.24 0.25 0.34 0.60 0.00 0.00 0.00 
0.00 0.00 0.00 8.50 5.54 2.94 1.76 1.33 0.82 0.49 0.61 0.52 0.46 0.40 0.36 0.32 0.30 0.28 0.26 0.24 0.23 0.22 0.22 0.21 0.20 0.20 0.19 0.19 0.19 0.19 0.19 0.18 0.18 0.18 0.18 0.18 0.18 0.18 0.18 0.18 0.18 0.18 0.19 0.19 0.19 0.19 0.19 0.19 0.19 0.19 0.19 0.19 0.19 0.19 0.19 0.19 0.19 0.19 0.19 0.19 0.19 0.19 0.19 0.19 0.19 0.19 0.19 0.19 0.19 0.19 0.19 0.19 0.10 0.13 0.18 0.13 0.25 0.29 0.34 0.24 0.00 0.00 0.00 
0.00 0.00 0.00 0.20 7.86 4.23 2.21 1.53 0.90 0.87 0.68 0.55 0.47 0.42 0.37 0.34 0.31 0.29 0.27 0.25 0.24 0.23 0.22 0.22 0.21 0.21 0.20 0.20 0.20 0.19 0.19 0.19 0.19 0.19 0.19 0.19 0.19 0.19 0.19 0.19 0.19 0.19 0.19 0.19 0.19 0.19 0.20 0.20 0.20 0.20 0.20 0.20 0.20 0.20 0.20 0.20 0.20 0.20 0.20 0.20 0.20 0.20 0.20 0.20 0.20 0.20 0.20 0.20 0.20 0.20 0.20 0.20 0.22 0.14 0.19 0.17 0.31 0.32 0.47 0.00 0.00 0.00 0.00 
0.00 0.00 0.00 0.00 0.00 4.90 4.21 2.13 1.29 0.78 0.82 0.68 0.59 0.52 0.47 0.42 0.39 0.36 0.34 0.32 0.30 0.29 0.28 0.27 0.26 0.26 0.25 0.25 0.25 0.24 0.24 0.24 0.24 0.24 0.24 0.24 0.24 0.24 0.24 0.24 0.24 0.24 0.24 0.24 0.24 0.24 0.24 0.24 0.24 0.25 0.25 0.25 0.25 0.25 0.25 0.25 0.25 0.25 0.25 0.25 0.25 0.25 0.25 0.24 0.24 0.24 0.24 0.24 0.24 0.25 0.25 0.25 0.16 0.20 0.28 0.31 0.52 0.22 0.00 0.00 0.00 0.00 0.00 
0.00 0.00 0.00 0.00 0.00 0.00 1.49 3.35 2.57 1.53 1.05 0.84 0.73 0.64 0.57 0.52 0.48 0.44 0.41 0.39 0.37 0.36 0.34 0.33 0.33 0.32 0.31 0.31 0.30 0.30 0.30 0.30 0.29 0.29 0.29 0.29 0.29 0.29 0.29 0.29 0.29 0.29 0.30 0.30 0.30 0.30 0.30 0.30 0.30 0.30 0.30 0.30 0.30 0.30 0.30 0.30 0.30 0.30 0.30 0.30 0.30 0.30 0.30 0.30 0.30 0.30 0.30 0.30 0.30 0.30 0.30 0.31 0.33 0.29 0.56 0.36 0.00 0.00 0.00 0.00 0.00 0.00 0.00 
0.00 0.00 0.00 0.00 0.00 0.00 0.00 0.00 0.00 0.00 0.45 0.41 0.36 0.32 0.29 0.26 0.24 0.23 0.21 0.20 0.19 0.18 0.18 0.17 0.17 0.16 0.16 0.16 0.15 0.15 0.15 0.15 0.15 0.15 0.15 0.15 0.15 0.15 0.15 0.15 0.15 0.15 0.15 0.15 0.15 0.15 0.15 0.15 0.15 0.15 0.15 0.15 0.15 0.15 0.15 0.15 0.15 0.15 0.15 0.15 0.15 0.15 0.15 0.15 0.15 0.15 0.15 0.15 0.15 0.15 0.15 0.16 0.00 0.00 0.00 0.00 0.00 0.00 0.00 0.00 0.00 0.00 0.00 
0.00 0.00 0.00 0.00 0.00 0.00 0.00 0.00 0.00 0.00 0.00 0.00 0.00 0.00 0.00 0.00 0.00 0.00 0.00 0.00 0.00 0.00 0.00 0.00 0.00 0.00 0.00 0.00 0.00 0.00 0.00 0.00 0.00 0.00 0.00 0.00 0.00 0.00 0.00 0.00 0.00 0.00 0.00 0.00 0.00 0.00 0.00 0.00 0.00 0.00 0.00 0.00 0.00 0.00 0.00 0.00 0.00 0.00 0.00 0.00 0.00 0.00 0.00 0.00 0.00 0.00 0.00 0.00 0.00 0.00 0.00 0.00 0.00 0.00 0.00 0.00 0.00 0.00 0.00 0.00 0.00 0.00 0.00 
