0.00 0.00 0.00 0.00 0.00 0.00 0.00 0.00 0.00 0.00 0.00 0.00 0.00 0.00 0.00 0.00 0.00 0.00 0.00 0.00 0.00 0.00 0.00 0.00 0.00 0.00 0.00 0.00 0.00 0.00 0.00 0.00 0.00 0.00 0.00 0.00 0.00 0.00 0.00 0.00 0.00 0.00 0.00 0.00 0.00 0.00 0.00 0.00 0.00 0.00 0.00 0.00 0.00 0.00 0.00 0.00 0.00 0.00 0.00 0.00 0.00 0.00 0.00 0.00 0.00 0.00 0.00 0.00 0.00 0.00 0.00 0.00 0.00 0.00 0.00 0.00 0.00 0.00 0.00 0.00 0.00 0.00 0.00 
0.00 0.00 0.00 0.00 0.00 0.00 0.00 0.00 0.04 0.14 0.16 0.17 0.17 0.17 0.17 0.17 0.17 0.17 0.18 0.18 0.19 0.20 0.21 0.22 0.23 0.25 0.26 0.28 0.30 0.33 0.35 0.39 0.42 0.46 0.51 0.56 0.63 0.70 0.77 0.86 0.96 1.06 1.18 1.29 1.42 1.55 1.67 1.80 1.93 2.05 2.17 2.28 2.38 2.47 2.55 2.63 2.69 2.75 2.79 2.83 2.86 2.88 2.89 2.90 2.90 2.90 2.89 2.88 2.87 2.86 2.85 2.82 2.65 2.15 0.66 0.00 0.00 0.00 0.00 0.00 0.00 0.00 0.00 
0.00 0.00 0.00 0.00 0.00 0.00 0.11 0.25 0.24 0.16 0.14 0.13 0.13 0.13 0.13 0.13 0.13 0.13 0.14 0.14 0.15 0.15 0.16 0.17 0.18 0.19 0.20 0.22 0.23 0.25 0.27 0.30 0.32 0.36 0.39 0.43 0.48 0.53 0.59 0.66 0.73 0.81 0.90 0.99 1.09 1.18 1.28 1.38 1.48 1.57 1.66 1.75 1.82 1.90 1.96 2.02 2.07 2.11 2.15 2.18 2.20 2.22 2.23 2.23 2.24 2.23 2.23 2.22 2.21 2.20 2.20 2.20 2.25 2.53 3.58 3.46 1.46 0.00 0.00 0.00 0.00 0.00 0.00 
0.00 0.00 0.00 0.00 0.01 0.26 0.26 0.15 0.12 0.11 0.10 0.09 0.09 0.09 0.09 0.09 0.09 0.09 0.10 0.10 0.10 0.11 0.11 0.12 0.13 0.13 0.14 0.15 0.16 0.18 0.19 0.21 0.23 0.25 0.27 0.30 0.34 0.37 0.42 0.46 0.51 0.57 0.63 0.69 0.76 0.83 0.89 0.96 1.03 1.10 1.16 1.22 1.27 1.32 1.37 1.41 1.45 1.48 1.50 1.52 1.54 1.55 1.56 1.56 1.56 1.56 1.56 1.56 1.55 1.54 1.54 1.53 1.56 1.64 1.80 2.15 3.39 3.23 0.08 0.00 0.00 0.00 0.00 
0.00 0.00 0.00 0.01 0.34 0.22 0.14 0.11 0.10 0.09 0.08 0.07 0.07 0.07 0.07 0.07 0.07 0.08 0.08 0.08 0.08 0.09 0.09 0.10 0.10 0.11 0.12 0.12 0.13 0.14 0.16 0.17 0.19 0.20 0.22 0.25 0.27 0.30 0.34 0.38 0.42 0.46 0.51 0.56 0.62 0.67 0.73 0.78 0.84 0.89 0.94 0.99 1.04 1.08 1.12 1.15 1.18 1.20 1.22 1.24 1.25 1.26 1.27 1.27 1.27 1.27 1.27 1.27 1.26 1.26 1.25 1.25 1.27 1.37 1.42 1.56 1.88 2.70 3.89 0.07 0.00 0.00 0.00 
0.00 0.00 0.00 0.34 0.25 0.15 0.11 0.10 0.08 0.08 0.07 0.07 0.07 0.07 0.07 0.07 0.07 0.07 0.07 0.07 0.08 0.08 0.08 0.09 0.09 0.10 0.11 0.11 0.12 0.13 0.14 0.16 0.17 0.19 0.20 0.23 0.25 0.28 0.31 0.34 0.38 0.42 0.47 0.52 0.56 0.62 0.67 0.72 0.77 0.82 0.86 0.91 0.95 0.99 1.02 1.05 1.08 1.10 1.12 1.14 1.15 1.16 1.16 1.17 1.17 1.17 1.16 1.16 1.16 1.15 1.15 1.15 1.17 1.21 1.24 1.36 1.52 1.87 2.82 3.58 0.00 0.00 0.00 
0.00 0.00 0.18 0.37 0.17 0.12 0.10 0.09 0.07 0.07 0.07 0.06 0.06 0.06 0.06 0.06 0.06 0.07 0.07 0.07 0.07 0.08 0.08 0.08 0.09 0.09 0.10 0.11 0.12 0.12 0.13 0.15 0.16 0.18 0.19 0.21 0.24 0.26 0.29 0.32 0.36 0.40 0.44 0.49 0.53 0.58 0.63 0.68 0.73 0.77 0.82 0.86 0.90 0.93 0.96 0.99 1.02 1.04 1.06 1.07 1.09 1.09 1.10 1.10 1.10 1.10 1.10 1.10 1.10 1.09 1.09 1.08 1.08 0.90 1.13 1.23 1.31 1.40 1.84 3.82 1.58 0.00 0.00 
0.00 0.00 0.46 0.24 0.15 0.11 0.09 0.08 0.07 0.06 0.06 0.06 0.06 0.06 0.06 0.06 0.06 0.06 0.06 0.07 0.07 0.07 0.07 0.08 0.08 0.09 0.09 0.10 0.11 0.12 0.13 0.14 0.15 0.16 0.18 0.20 0.22 0.24 0.27 0.30 0.34 0.37 0.41 0.45 0.49 0.54 0.58 0.63 0.67 0.72 0.76 0.80 0.83 0.87 0.90 0.92 0.95 0.97 0.99 1.00 1.01 1.02 1.02 1.03 1.03 1.03 1.03 1.02 1.02 1.02 1.01 1.01 1.02 1.03 1.09 1.08 1.25 1.42 1.69 2.48 4.28 0.00 0.00 
0.00 0.10 0.48 0.20 0.13 0.10 0.09 0.08 0.07 0.06 0.05 0.04 0.04 0.04 0.04 0.04 0.04 0.04 0.04 0.04 0.05 0.05 0.05 0.05 0.06 0.06 0.06 0.07 0.07 0.08 0.09 0.09 0.10 0.11 0.12 0.14 0.15 0.17 0.19 0.21 0.23 0.25 0.28 0.31 0.34 0.37 0.40 0.43 0.46 0.49 0.52 0.54 0.57 0.59 0.61 0.63 0.64 0.66 0.67 0.68 0.69 0.69 0.70 0.70 0.70 0.70 0.70 0.70 0.69 0.69 0.69 0.70 0.78 0.97 1.03 0.67 1.16 1.07 1.21 1.83 3.94 0.00 0.00 
0.00 0.35 0.34 0.18 0.13 0.10 0.08 0.07 0.06 0.04 0.03 0.03 0.03 0.03 0.03 0.03 0.03 0.03 0.03 0.03 0.03 0.03 0.03 0.04 0.04 0.04 0.04 0.05 0.05 0.05 0.06 0.06 0.07 0.08 0.08 0.09 0.10 0.11 0.13 0.14 0.16 0.17 0.19 0.21 0.23 0.25 0.27 0.29 0.31 0.33 0.35 0.37 0.39 0.40 0.41 0.43 0.44 0.44 0.45 0.46 0.46 0.47 0.47 0.47 0.47 0.47 0.47 0.47 0.46 0.46 0.46 0.46 0.46 0.60 0.98 1.05 0.94 0.79 1.51 1.38 2.93 0.00 0.00 
0.00 0.45 0.30 0.17 0.12 0.10 0.08 0.07 0.05 0.03 0.06 0.05 0.05 0.05 0.05 0.05 0.06 0.06 0.06 0.06 0.06 0.07 0.07 0.07 0.08 0.08 0.09 0.09 0.10 0.11 0.12 0.13 0.14 0.15 0.17 0.18 0.20 0.23 0.25 0.28 0.31 0.34 0.38 0.42 0.46 0.50 0.54 0.58 0.62 0.66 0.70 0.73 0.77 0.80 0.83 0.85 0.87 0.89 0.91 0.92 0.93 0.94 0.95 0.95 0.95 0.95 0.95 0.95 0.95 0.94 0.94 0.94 0.46 0.46 0.79 1.04 0.77 1.25 1.41 1.80 2.39 1.22 0.00 
0.00 0.48 0.30 0.17 0.11 0.09 0.08 0.07 0.05 0.03 0.06 0.05 0.05 0.05 0.05 0.05 0.06 0.06 0.06 0.06 0.06 0.07 0.07 0.07 0.08 0.08 0.09 0.09 0.10 0.11 0.12 0.13 0.14 0.15 0.17 0.18 0.20 0.22 0.25 0.28 0.31 0.34 0.38 0.41 0.45 0.49 0.54 0.58 0.62 0.66 0.70 0.73 0.76 0.80 0.82 0.85 0.87 0.89 0.91 0.92 0.93 0.94 0.94 0.95 0.95 0.95 0.95 0.94 0.94 0.94 0.94 0.94 0.45 0.46 0.71 1.04 0.71 1.23 1.33 1.73 2.25 1.21 0.00 
0.00 0.45 0.30 0.17 0.12 0.10 0.08 0.07 0.05 0.03 0.03 0.03 0.03 0.03 0.03 0.03 0.03 0.03 0.03 0.03 0.03 0.03 0.03 0.04 0.04 0.04 0.04 0.05 0.05 0.05 0.06 0.06 0.07 0.07 0.08 0.09 0.10 0.11 0.12 0.14 0.15 0.17 0.19 0.21 0.23 0.25 0.27 0.29 0.31 0.33 0.35 0.36 0.38 0.39 0.41 0.42 0.43 0.44 0.45 0.45 0.46 0.46 0.46 0.46 0.46 0.46 0.46 0.46 0.46 0.46 0.45 0.45 0.46 0.46 0.80 1.05 0.77 0.63 1.41 1.14 2.37 0.00 0.00 
0.00 0.36 0.34 0.18 0.13 0.10 0.07 0.07 0.06 0.04 0.03 0.03 0.03 0.03 0.03 0.03 0.03 0.03 0.03 0.03 0.03 0.03 0.03 0.04 0.04 0.04 0.04 0.05 0.05 0.05 0.06 0.06 0.07 0.08 0.08 0.09 0.10 0.11 0.13 0.14 0.16 0.17 0.19 0.21 0.23 0.25 0.27 0.29 0.31 0.33 0.35 0.37 0.39 0.40 0.41 0.43 0.44 0.45 0.45 0.46 0.46 0.47 0.47 0.47 0.47 0.47 0.47 0.47 0.47 0.46 0.46 0.46 0.46 0.61 0.99 0.52 0.95 0.79 0.91 1.38 2.05 0.00 0.00 
0.00 0.10 0.48 0.20 0.13 0.10 0.08 0.07 0.07 0.06 0.05 0.04 0.04 0.04 0.04 0.04 0.04 0.04 0.04 0.04 0.05 0.05 0.05 0.05 0.06 0.06 0.06 0.07 0.07 0.08 0.09 0.09 0.10 0.11 0.12 0.14 0.15 0.17 0.19 0.21 0.23 0.25 0.28 0.31 0.34 0.37 0.40 0.43 0.46 0.49 0.52 0.54 0.57 0.59 0.61 0.63 0.65 0.66 0.68 0.69 0.69 0.70 0.70 0.71 0.71 0.71 0.71 0.71 0.70 0.70 0.70 0.71 0.79 0.99 1.05 0.68 1.18 1.09 1.23 1.83 3.84 0.00 0.00 
0.00 0.00 0.45 0.23 0.14 0.11 0.09 0.07 0.04 0.06 0.06 0.06 0.06 0.06 0.06 0.06 0.06 0.06 0.06 0.07 0.07 0.07 0.08 0.08 0.08 0.09 0.10 0.10 0.11 0.12 0.13 0.14 0.15 0.17 0.18 0.20 0.22 0.25 0.27 0.30 0.34 0.37 0.41 0.45 0.50 0.54 0.59 0.63 0.68 0.72 0.76 0.80 0.84 0.88 0.91 0.94 0.96 0.98 1.00 1.02 1.03 1.04 1.04 1.05 1.05 1.05 1.05 1.05 1.05 1.04 1.04 1.04 1.04 0.51 0.68 1.11 0.81 0.80 1.03 1.96 2.44 0.00 0.00 
0.00 0.00 0.18 0.36 0.17 0.12 0.10 0.08 0.07 0.06 0.04 0.04 0.04 0.04 0.04 0.04 0.04 0.04 0.04 0.04 0.05 0.05 0.05 0.05 0.06 0.06 0.06 0.07 0.07 0.08 0.09 0.09 0.10 0.11 0.12 0.13 0.15 0.17 0.18 0.20 0.23 0.25 0.28 0.31 0.33 0.37 0.40 0.43 0.46 0.49 0.51 0.54 0.56 0.59 0.61 0.63 0.64 0.66 0.67 0.68 0.68 0.69 0.69 0.70 0.70 0.70 0.70 0.69 0.69 0.69 0.69 0.69 0.75 0.93 1.17 0.81 1.36 1.44 1.87 3.24 0.00 0.00 0.00 
0.00 0.00 0.00 0.33 0.24 0.15 0.10 0.09 0.07 0.05 0.07 0.07 0.07 0.07 0.07 0.07 0.07 0.07 0.07 0.08 0.08 0.08 0.09 0.09 0.10 0.10 0.11 0.12 0.12 0.13 0.15 0.16 0.17 0.19 0.21 0.23 0.25 0.28 0.31 0.35 0.39 0.43 0.47 0.52 0.57 0.62 0.67 0.73 0.78 0.83 0.87 0.92 0.96 1.00 1.04 1.07 1.10 1.12 1.14 1.16 1.17 1.18 1.19 1.19 1.20 1.20 1.20 1.20 1.19 1.19 1.19 1.19 0.60 0.76 1.06 0.78 1.42 1.66 1.87 1.32 0.00 0.00 0.00 
0.00 0.00 0.00 0.01 0.33 0.21 0.13 0.11 0.07 0.09 0.08 0.07 0.07 0.07 0.07 0.07 0.07 0.07 0.08 0.08 0.08 0.09 0.09 0.09 0.10 0.11 0.11 0.12 0.13 0.14 0.15 0.17 0.18 0.20 0.22 0.24 0.27 0.29 0.33 0.36 0.40 0.45 0.49 0.54 0.59 0.65 0.70 0.75 0.81 0.86 0.91 0.96 1.00 1.04 1.08 1.11 1.14 1.17 1.19 1.21 1.22 1.23 1.24 1.24 1.25 1.25 1.25 1.24 1.24 1.24 1.24 1.24 1.33 0.85 1.16 0.97 1.80 1.83 2.63 0.00 0.00 0.00 0.00 
0.00 0.00 0.00 0.00 0.00 0.25 0.24 0.15 0.10 0.07 0.09 0.09 0.09 0.09 0.09 0.09 0.09 0.09 0.10 0.10 0.10 0.11 0.11 0.12 0.13 0.13 0.14 0.15 0.16 0.18 0.19 0.21 0.22 0.25 0.27 0.30 0.33 0.37 0.41 0.45 0.50 0.55 0.61 0.67 0.74 0.80 0.87 0.94 1.00 1.07 1.13 1.19 1.25 1.30 1.34 1.38 1.42 1.45 1.48 1.50 1.52 1.53 1.54 1.55 1.55 1.56 1.55 1.55 1.55 1.55 1.55 1.55 1.00 1.23 1.66 1.80 3.03 1.25 0.00 0.00 0.00 0.00 0.00 
0.00 0.00 0.00 0.00 0.00 0.00 0.09 0.23 0.21 0.15 0.12 0.11 0.11 0.11 0.11 0.11 0.11 0.11 0.12 0.12 0.13 0.13 0.14 0.15 0.15 0.16 0.17 0.19 0.20 0.22 0.23 0.25 0.28 0.30 0.33 0.37 0.40 0.45 0.50 0.55 0.61 0.68 0.75 0.82 0.90 0.98 1.06 1.14 1.22 1.30 1.38 1.45 1.52 1.58 1.64 1.69 1.74 1.78 1.81 1.84 1.86 1.88 1.89 1.90 1.91 1.91 1.91 1.91 1.90 1.90 1.90 1.90 2.03 1.77 3.37 2.15 0.00 0.00 0.00 0.00 0.00 0.00 0.00 
0.00 0.00 0.00 0.00 0.00 0.00 0.00 0.00 0.00 0.00 0.06 0.05 0.05 0.05 0.05 0.06 0.06 0.06 0.06 0.06 0.06 0.07 0.07 0.07 0.08 0.08 0.09 0.09 0.10 0.11 0.12 0.13 0.14 0.15 0.17 0.19 0.21 0.23 0.25 0.28 0.31 0.34 0.38 0.42 0.46 0.50 0.54 0.58 0.62 0.67 0.70 0.74 0.78 0.81 0.84 0.86 0.89 0.91 0.92 0.94 0.95 0.96 0.97 0.97 0.97 0.97 0.97 0.97 0.97 0.97 0.97 0.97 0.00 0.00 0.00 0.00 0.00 0.00 0.00 0.00 0.00 0.00 0.00 
0.00 0.00 0.00 0.00 0.00 0.00 0.00 0.00 0.00 0.00 0.00 0.00 0.00 0.00 0.00 0.00 0.00 0.00 0.00 0.00 0.00 0.00 0.00 0.00 0.00 0.00 0.00 0.00 0.00 0.00 0.00 0.00 0.00 0.00 0.00 0.00 0.00 0.00 0.00 0.00 0.00 0.00 0.00 0.00 0.00 0.00 0.00 0.00 0.00 0.00 0.00 0.00 0.00 0.00 0.00 0.00 0.00 0.00 0.00 0.00 0.00 0.00 0.00 0.00 0.00 0.00 0.00 0.00 0.00 0.00 0.00 0.00 0.00 0.00 0.00 0.00 0.00 0.00 0.00 0.00 0.00 0.00 0.00 
