0.00 0.00 0.00 0.00 0.00 0.00 0.00 0.00 0.00 0.00 0.00 0.00 0.00 0.00 0.00 0.00 0.00 0.00 0.00 0.00 0.00 0.00 0.00 0.00 0.00 0.00 0.00 0.00 0.00 0.00 0.00 0.00 0.00 0.00 0.00 0.00 0.00 0.00 0.00 0.00 0.00 0.00 0.00 0.00 0.00 0.00 0.00 0.00 0.00 0.00 0.00 0.00 0.00 0.00 0.00 0.00 0.00 0.00 0.00 0.00 0.00 0.00 0.00 0.00 0.00 0.00 0.00 0.00 0.00 0.00 0.00 0.00 0.00 0.00 0.00 0.00 0.00 0.00 0.00 0.00 0.00 0.00 0.00 
0.00 0.00 0.00 0.00 0.00 0.00 0.00 0.00 0.07 0.21 0.26 0.27 0.27 0.27 0.27 0.27 0.27 0.27 0.27 0.27 0.27 0.27 0.27 0.27 0.27 0.28 0.28 0.28 0.28 0.28 0.28 0.28 0.28 0.28 0.29 0.29 0.29 0.29 0.29 0.29 0.29 0.30 0.30 0.30 0.30 0.31 0.31 0.32 0.32 0.33 0.34 0.35 0.36 0.37 0.38 0.40 0.42 0.44 0.47 0.50 0.54 0.58 0.64 0.71 0.81 0.93 1.09 1.30 1.60 1.99 2.51 3.16 3.79 3.79 1.34 0.00 0.00 0.00 0.00 0.00 0.00 0.00 0.00 
0.00 0.00 0.00 0.00 0.00 0.00 0.15 0.35 0.36 0.25 0.22 0.21 0.21 0.21 0.20 0.20 0.20 0.21 0.21 0.21 0.21 0.21 0.21 0.21 0.21 0.21 0.21 0.21 0.21 0.22 0.22 0.22 0.22 0.22 0.22 0.22 0.22 0.22 0.22 0.23 0.23 0.23 0.23 0.23 0.23 0.24 0.24 0.24 0.25 0.25 0.26 0.27 0.27 0.28 0.29 0.31 0.32 0.34 0.36 0.38 0.41 0.45 0.49 0.55 0.62 0.71 0.83 1.00 1.22 1.51 1.90 2.39 3.09 4.28 7.22 8.16 3.88 0.00 0.00 0.00 0.00 0.00 0.00 
0.00 0.00 0.00 0.00 0.01 0.34 0.35 0.22 0.18 0.16 0.15 0.15 0.14 0.14 0.14 0.14 0.14 0.14 0.14 0.14 0.14 0.15 0.15 0.15 0.15 0.15 0.15 0.15 0.15 0.15 0.15 0.15 0.15 0.15 0.15 0.15 0.16 0.16 0.16 0.16 0.16 0.16 0.16 0.16 0.16 0.17 0.17 0.17 0.17 0.18 0.18 0.19 0.19 0.20 0.21 0.21 0.22 0.24 0.25 0.27 0.29 0.31 0.35 0.38 0.43 0.50 0.58 0.69 0.84 1.05 1.31 1.63 2.11 2.76 3.58 5.03 8.89 9.49 0.25 0.00 0.00 0.00 0.00 
0.00 0.00 0.00 0.01 0.42 0.28 0.19 0.16 0.14 0.13 0.12 0.12 0.12 0.12 0.12 0.12 0.12 0.12 0.12 0.12 0.12 0.12 0.12 0.12 0.12 0.12 0.12 0.12 0.12 0.12 0.12 0.12 0.12 0.12 0.13 0.13 0.13 0.13 0.13 0.13 0.13 0.13 0.13 0.13 0.13 0.14 0.14 0.14 0.14 0.14 0.15 0.15 0.16 0.16 0.17 0.17 0.18 0.19 0.20 0.22 0.24 0.26 0.28 0.31 0.35 0.40 0.47 0.56 0.69 0.85 1.06 1.32 1.70 2.28 2.80 3.65 4.92 7.79 12.16 0.23 0.00 0.00 0.00 
0.00 0.00 0.00 0.38 0.30 0.19 0.16 0.14 0.12 0.12 0.11 0.11 0.11 0.11 0.11 0.11 0.11 0.11 0.11 0.11 0.11 0.11 0.11 0.11 0.11 0.11 0.11 0.11 0.11 0.11 0.11 0.11 0.11 0.11 0.11 0.12 0.12 0.12 0.12 0.12 0.12 0.12 0.12 0.12 0.12 0.12 0.13 0.13 0.13 0.13 0.14 0.14 0.14 0.15 0.15 0.16 0.17 0.18 0.19 0.20 0.22 0.23 0.26 0.29 0.32 0.37 0.43 0.52 0.63 0.78 0.97 1.22 1.58 2.01 2.42 3.16 3.95 5.34 8.72 11.79 0.00 0.00 0.00 
0.00 0.00 0.20 0.42 0.21 0.16 0.14 0.12 0.11 0.10 0.10 0.10 0.10 0.10 0.10 0.10 0.10 0.10 0.10 0.10 0.10 0.10 0.10 0.10 0.10 0.10 0.10 0.11 0.11 0.11 0.11 0.11 0.11 0.11 0.11 0.11 0.11 0.11 0.11 0.11 0.11 0.11 0.11 0.11 0.12 0.12 0.12 0.12 0.12 0.13 0.13 0.13 0.14 0.14 0.15 0.15 0.16 0.17 0.18 0.19 0.20 0.22 0.24 0.27 0.31 0.35 0.41 0.49 0.59 0.73 0.92 1.14 1.40 1.47 2.21 2.79 3.35 3.94 5.66 12.35 5.39 0.00 0.00 
0.00 0.00 0.48 0.27 0.18 0.15 0.13 0.11 0.11 0.10 0.10 0.09 0.09 0.09 0.09 0.09 0.09 0.09 0.09 0.09 0.10 0.10 0.10 0.10 0.10 0.10 0.10 0.10 0.10 0.10 0.10 0.10 0.10 0.10 0.10 0.10 0.10 0.10 0.10 0.10 0.10 0.11 0.11 0.11 0.11 0.11 0.11 0.11 0.11 0.12 0.12 0.12 0.13 0.13 0.14 0.14 0.15 0.16 0.17 0.18 0.19 0.21 0.23 0.25 0.28 0.33 0.38 0.45 0.55 0.68 0.85 1.07 1.34 1.68 2.07 2.42 3.16 3.97 5.14 7.97 14.35 0.00 0.00 
0.00 0.10 0.50 0.22 0.16 0.13 0.12 0.11 0.10 0.09 0.07 0.07 0.06 0.06 0.06 0.06 0.06 0.06 0.06 0.06 0.06 0.07 0.07 0.07 0.07 0.07 0.07 0.07 0.07 0.07 0.07 0.07 0.07 0.07 0.07 0.07 0.07 0.07 0.07 0.07 0.07 0.07 0.07 0.07 0.07 0.07 0.08 0.08 0.08 0.08 0.08 0.08 0.09 0.09 0.09 0.10 0.10 0.11 0.11 0.12 0.13 0.14 0.15 0.17 0.19 0.22 0.26 0.31 0.37 0.46 0.58 0.73 1.01 1.53 1.94 1.53 2.88 2.96 3.65 5.83 12.86 0.00 0.00 
0.00 0.34 0.36 0.21 0.16 0.13 0.11 0.10 0.09 0.06 0.04 0.04 0.04 0.04 0.04 0.04 0.04 0.04 0.04 0.04 0.04 0.04 0.04 0.04 0.04 0.04 0.04 0.04 0.05 0.05 0.05 0.05 0.05 0.05 0.05 0.05 0.05 0.05 0.05 0.05 0.05 0.05 0.05 0.05 0.05 0.05 0.05 0.05 0.05 0.05 0.05 0.06 0.06 0.06 0.06 0.06 0.07 0.07 0.08 0.08 0.09 0.09 0.10 0.12 0.13 0.15 0.18 0.21 0.26 0.32 0.41 0.52 0.66 0.99 1.81 2.27 2.29 2.24 4.47 4.39 9.54 0.00 0.00 
0.00 0.43 0.32 0.20 0.15 0.13 0.11 0.10 0.08 0.05 0.09 0.09 0.09 0.09 0.09 0.09 0.09 0.09 0.09 0.09 0.09 0.09 0.09 0.09 0.09 0.09 0.09 0.09 0.09 0.09 0.09 0.09 0.09 0.09 0.09 0.09 0.09 0.09 0.10 0.10 0.10 0.10 0.10 0.10 0.10 0.10 0.10 0.10 0.11 0.11 0.11 0.11 0.12 0.12 0.13 0.13 0.14 0.14 0.15 0.16 0.18 0.19 0.21 0.23 0.26 0.30 0.35 0.41 0.50 0.61 0.75 0.89 0.65 0.82 1.47 2.21 1.93 3.42 4.19 5.65 7.74 4.08 0.00 
0.00 0.46 0.31 0.19 0.14 0.12 0.11 0.10 0.07 0.05 0.09 0.09 0.09 0.09 0.09 0.09 0.09 0.09 0.09 0.09 0.09 0.09 0.09 0.09 0.09 0.09 0.09 0.09 0.09 0.09 0.09 0.09 0.09 0.09 0.09 0.09 0.09 0.09 0.09 0.10 0.10 0.10 0.10 0.10 0.10 0.10 0.10 0.10 0.11 0.11 0.11 0.11 0.12 0.12 0.13 0.13 0.14 0.14 0.15 0.16 0.18 0.19 0.21 0.23 0.26 0.30 0.35 0.41 0.50 0.61 0.74 0.89 0.65 0.82 1.34 2.18 1.81 3.33 3.91 5.37 7.24 4.00 0.00 
0.00 0.43 0.32 0.20 0.15 0.13 0.11 0.10 0.08 0.05 0.04 0.04 0.04 0.04 0.04 0.04 0.04 0.04 0.04 0.04 0.04 0.04 0.04 0.04 0.04 0.04 0.04 0.04 0.04 0.04 0.04 0.05 0.05 0.05 0.05 0.05 0.05 0.05 0.05 0.05 0.05 0.05 0.05 0.05 0.05 0.05 0.05 0.05 0.05 0.05 0.05 0.06 0.06 0.06 0.06 0.06 0.07 0.07 0.07 0.08 0.09 0.09 0.10 0.11 0.13 0.15 0.17 0.21 0.26 0.32 0.41 0.52 0.66 0.82 1.45 2.17 1.88 1.85 4.07 3.58 7.58 0.00 0.00 
0.00 0.35 0.35 0.20 0.16 0.13 0.09 0.10 0.09 0.06 0.04 0.04 0.04 0.04 0.04 0.04 0.04 0.04 0.04 0.04 0.04 0.04 0.04 0.04 0.04 0.04 0.04 0.04 0.05 0.05 0.05 0.05 0.05 0.05 0.05 0.05 0.05 0.05 0.05 0.05 0.05 0.05 0.05 0.05 0.05 0.05 0.05 0.05 0.05 0.05 0.05 0.06 0.06 0.06 0.06 0.06 0.07 0.07 0.08 0.08 0.09 0.09 0.10 0.12 0.13 0.15 0.18 0.21 0.26 0.33 0.42 0.53 0.67 0.98 1.73 1.24 2.23 2.19 2.73 4.25 6.47 0.00 0.00 
0.00 0.10 0.50 0.22 0.16 0.13 0.12 0.11 0.10 0.09 0.07 0.07 0.06 0.06 0.06 0.06 0.06 0.06 0.06 0.06 0.07 0.07 0.07 0.07 0.07 0.07 0.07 0.07 0.07 0.07 0.07 0.07 0.07 0.07 0.07 0.07 0.07 0.07 0.07 0.07 0.07 0.07 0.07 0.07 0.07 0.08 0.08 0.08 0.08 0.08 0.08 0.08 0.09 0.09 0.09 0.10 0.10 0.11 0.11 0.12 0.13 0.14 0.16 0.17 0.20 0.22 0.26 0.31 0.37 0.46 0.58 0.73 0.98 1.47 1.85 1.53 2.74 2.84 3.52 5.54 11.99 0.00 0.00 
0.00 0.00 0.47 0.26 0.18 0.14 0.13 0.11 0.07 0.10 0.10 0.09 0.09 0.09 0.09 0.09 0.09 0.10 0.10 0.10 0.10 0.10 0.10 0.10 0.10 0.10 0.10 0.10 0.10 0.10 0.10 0.10 0.10 0.10 0.10 0.10 0.10 0.10 0.11 0.11 0.11 0.11 0.11 0.11 0.11 0.11 0.11 0.12 0.12 0.12 0.12 0.13 0.13 0.13 0.14 0.15 0.15 0.16 0.17 0.18 0.19 0.21 0.23 0.26 0.29 0.33 0.38 0.45 0.54 0.67 0.83 1.02 1.24 0.89 1.30 2.25 2.00 2.24 3.03 5.91 7.68 0.00 0.00 
0.00 0.00 0.19 0.41 0.21 0.16 0.13 0.12 0.11 0.09 0.07 0.06 0.06 0.06 0.06 0.06 0.06 0.06 0.06 0.06 0.06 0.06 0.06 0.07 0.07 0.07 0.07 0.07 0.07 0.07 0.07 0.07 0.07 0.07 0.07 0.07 0.07 0.07 0.07 0.07 0.07 0.07 0.07 0.07 0.07 0.07 0.08 0.08 0.08 0.08 0.08 0.08 0.09 0.09 0.09 0.10 0.10 0.11 0.11 0.12 0.13 0.14 0.15 0.17 0.19 0.22 0.26 0.31 0.37 0.46 0.57 0.72 0.97 1.41 2.02 1.79 3.13 3.70 5.21 9.48 0.00 0.00 0.00 
0.00 0.00 0.00 0.38 0.29 0.19 0.14 0.13 0.10 0.07 0.11 0.11 0.11 0.11 0.11 0.11 0.11 0.11 0.11 0.11 0.11 0.11 0.11 0.11 0.11 0.11 0.11 0.11 0.11 0.11 0.12 0.12 0.12 0.12 0.12 0.12 0.12 0.12 0.12 0.12 0.12 0.12 0.12 0.12 0.13 0.13 0.13 0.13 0.13 0.14 0.14 0.14 0.15 0.15 0.16 0.16 0.17 0.18 0.19 0.21 0.22 0.24 0.26 0.29 0.33 0.37 0.44 0.52 0.62 0.76 0.94 1.13 0.81 1.22 1.84 1.78 3.27 4.21 5.12 3.96 0.00 0.00 0.00 
0.00 0.00 0.00 0.01 0.41 0.28 0.17 0.15 0.11 0.13 0.12 0.11 0.11 0.11 0.11 0.11 0.11 0.11 0.11 0.11 0.11 0.11 0.12 0.12 0.12 0.12 0.12 0.12 0.12 0.12 0.12 0.12 0.12 0.12 0.12 0.12 0.12 0.12 0.12 0.13 0.13 0.13 0.13 0.13 0.13 0.13 0.13 0.14 0.14 0.14 0.15 0.15 0.15 0.16 0.16 0.17 0.18 0.19 0.20 0.21 0.23 0.25 0.27 0.30 0.34 0.39 0.45 0.54 0.65 0.79 0.98 1.21 1.56 1.35 2.02 2.12 4.06 4.55 7.29 0.00 0.00 0.00 0.00 
0.00 0.00 0.00 0.00 0.00 0.33 0.34 0.21 0.15 0.11 0.15 0.14 0.14 0.14 0.14 0.14 0.14 0.14 0.14 0.14 0.14 0.14 0.14 0.14 0.15 0.15 0.15 0.15 0.15 0.15 0.15 0.15 0.15 0.15 0.15 0.15 0.15 0.15 0.16 0.16 0.16 0.16 0.16 0.16 0.16 0.17 0.17 0.17 0.17 0.18 0.18 0.19 0.19 0.20 0.21 0.21 0.22 0.24 0.25 0.27 0.29 0.31 0.34 0.38 0.43 0.49 0.56 0.67 0.80 0.98 1.20 1.46 1.28 1.87 2.85 3.60 6.59 3.15 0.00 0.00 0.00 0.00 0.00 
0.00 0.00 0.00 0.00 0.00 0.00 0.13 0.34 0.31 0.23 0.18 0.17 0.17 0.17 0.17 0.17 0.17 0.17 0.17 0.17 0.17 0.18 0.18 0.18 0.18 0.18 0.18 0.18 0.18 0.18 0.18 0.18 0.19 0.19 0.19 0.19 0.19 0.19 0.19 0.19 0.19 0.20 0.20 0.20 0.20 0.20 0.21 0.21 0.21 0.22 0.22 0.23 0.24 0.24 0.25 0.26 0.28 0.29 0.31 0.33 0.35 0.38 0.42 0.47 0.52 0.60 0.69 0.81 0.97 1.19 1.47 1.82 2.33 2.53 5.46 4.06 0.00 0.00 0.00 0.00 0.00 0.00 0.00 
0.00 0.00 0.00 0.00 0.00 0.00 0.00 0.00 0.00 0.00 0.09 0.09 0.09 0.09 0.09 0.09 0.09 0.09 0.09 0.09 0.09 0.09 0.09 0.09 0.09 0.09 0.09 0.09 0.09 0.09 0.09 0.09 0.09 0.09 0.10 0.10 0.10 0.10 0.10 0.10 0.10 0.10 0.10 0.10 0.10 0.10 0.11 0.11 0.11 0.11 0.11 0.12 0.12 0.12 0.13 0.13 0.14 0.15 0.16 0.17 0.18 0.20 0.21 0.24 0.27 0.30 0.35 0.41 0.49 0.59 0.70 0.80 0.00 0.00 0.00 0.00 0.00 0.00 0.00 0.00 0.00 0.00 0.00 
0.00 0.00 0.00 0.00 0.00 0.00 0.00 0.00 0.00 0.00 0.00 0.00 0.00 0.00 0.00 0.00 0.00 0.00 0.00 0.00 0.00 0.00 0.00 0.00 0.00 0.00 0.00 0.00 0.00 0.00 0.00 0.00 0.00 0.00 0.00 0.00 0.00 0.00 0.00 0.00 0.00 0.00 0.00 0.00 0.00 0.00 0.00 0.00 0.00 0.00 0.00 0.00 0.00 0.00 0.00 0.00 0.00 0.00 0.00 0.00 0.00 0.00 0.00 0.00 0.00 0.00 0.00 0.00 0.00 0.00 0.00 0.00 0.00 0.00 0.00 0.00 0.00 0.00 0.00 0.00 0.00 0.00 0.00 
