0.00 0.00 0.00 0.00 0.00 0.00 0.00 0.00 0.00 0.00 0.00 0.00 0.00 0.00 0.00 0.00 0.00 0.00 0.00 0.00 0.00 0.00 0.00 0.00 0.00 0.00 0.00 0.00 0.00 0.00 0.00 0.00 0.00 0.00 0.00 0.00 0.00 0.00 0.00 0.00 0.00 0.00 0.00 0.00 0.00 0.00 0.00 0.00 0.00 0.00 0.00 0.00 0.00 0.00 0.00 0.00 0.00 0.00 0.00 0.00 0.00 0.00 0.00 0.00 0.00 0.00 0.00 0.00 0.00 0.00 0.00 0.00 0.00 0.00 0.00 0.00 0.00 0.00 0.00 0.00 0.00 0.00 0.00 
0.00 0.00 0.00 0.00 0.00 0.00 0.00 0.00 1.36 4.04 4.34 3.97 3.35 2.75 2.22 1.79 1.46 1.20 1.00 0.85 0.74 0.65 0.59 0.53 0.49 0.45 0.42 0.39 0.37 0.35 0.33 0.32 0.31 0.30 0.29 0.28 0.27 0.26 0.26 0.25 0.25 0.24 0.24 0.24 0.23 0.23 0.23 0.22 0.22 0.22 0.22 0.22 0.21 0.21 0.21 0.21 0.21 0.20 0.20 0.20 0.20 0.20 0.20 0.20 0.20 0.19 0.19 0.19 0.20 0.20 0.20 0.20 0.19 0.16 0.05 0.00 0.00 0.00 0.00 0.00 0.00 0.00 0.00 
0.00 0.00 0.00 0.00 0.00 0.00 3.41 7.64 7.28 4.60 3.60 3.01 2.51 2.06 1.68 1.36 1.11 0.91 0.77 0.66 0.57 0.50 0.45 0.41 0.37 0.35 0.32 0.30 0.28 0.27 0.26 0.25 0.24 0.23 0.22 0.21 0.21 0.20 0.20 0.19 0.19 0.19 0.18 0.18 0.18 0.18 0.17 0.17 0.17 0.17 0.17 0.17 0.16 0.16 0.16 0.16 0.16 0.16 0.16 0.15 0.15 0.15 0.15 0.15 0.15 0.15 0.15 0.15 0.15 0.15 0.15 0.16 0.16 0.19 0.28 0.28 0.12 0.00 0.00 0.00 0.00 0.00 0.00 
0.00 0.00 0.00 0.00 0.20 7.88 7.87 4.70 3.62 2.96 2.45 2.07 1.73 1.42 1.16 0.94 0.77 0.64 0.53 0.46 0.40 0.35 0.32 0.29 0.26 0.24 0.23 0.21 0.20 0.19 0.18 0.17 0.17 0.16 0.15 0.15 0.15 0.14 0.14 0.14 0.13 0.13 0.13 0.13 0.13 0.12 0.12 0.12 0.12 0.12 0.12 0.12 0.11 0.11 0.11 0.11 0.11 0.11 0.11 0.11 0.11 0.11 0.11 0.11 0.11 0.10 0.10 0.10 0.11 0.11 0.11 0.11 0.11 0.12 0.14 0.17 0.28 0.29 0.01 0.00 0.00 0.00 0.00 
0.00 0.00 0.00 0.21 9.75 6.53 4.36 3.44 2.83 2.44 2.00 1.67 1.40 1.15 0.94 0.76 0.62 0.52 0.43 0.37 0.32 0.29 0.26 0.23 0.21 0.20 0.18 0.17 0.16 0.15 0.15 0.14 0.14 0.13 0.13 0.12 0.12 0.12 0.11 0.11 0.11 0.11 0.11 0.10 0.10 0.10 0.10 0.10 0.10 0.10 0.10 0.09 0.09 0.09 0.09 0.09 0.09 0.09 0.09 0.09 0.09 0.09 0.09 0.09 0.09 0.09 0.09 0.09 0.09 0.09 0.09 0.09 0.09 0.10 0.11 0.12 0.16 0.24 0.37 0.01 0.00 0.00 0.00 
0.00 0.00 0.00 8.89 6.94 4.48 3.50 2.93 2.45 2.16 1.82 1.53 1.28 1.06 0.86 0.70 0.57 0.47 0.40 0.34 0.30 0.26 0.24 0.21 0.20 0.18 0.17 0.16 0.15 0.14 0.13 0.13 0.12 0.12 0.12 0.11 0.11 0.11 0.10 0.10 0.10 0.10 0.10 0.09 0.09 0.09 0.09 0.09 0.09 0.09 0.09 0.09 0.09 0.08 0.08 0.08 0.08 0.08 0.08 0.08 0.08 0.08 0.08 0.08 0.08 0.08 0.08 0.08 0.08 0.08 0.08 0.08 0.08 0.09 0.09 0.11 0.13 0.16 0.27 0.37 0.00 0.00 0.00 
0.00 0.00 4.38 9.50 4.93 3.72 3.06 2.63 2.22 1.89 1.67 1.44 1.20 0.99 0.81 0.65 0.54 0.44 0.37 0.32 0.28 0.25 0.22 0.20 0.18 0.17 0.16 0.15 0.14 0.13 0.13 0.12 0.12 0.11 0.11 0.11 0.10 0.10 0.10 0.10 0.09 0.09 0.09 0.09 0.09 0.09 0.09 0.09 0.08 0.08 0.08 0.08 0.08 0.08 0.08 0.08 0.08 0.08 0.08 0.08 0.08 0.08 0.07 0.07 0.07 0.07 0.07 0.07 0.07 0.07 0.08 0.08 0.08 0.07 0.09 0.10 0.11 0.12 0.17 0.39 0.18 0.00 0.00 
0.00 0.00 10.58 6.11 4.21 3.37 2.84 2.37 2.13 1.82 1.56 1.33 1.11 0.91 0.74 0.61 0.50 0.41 0.35 0.30 0.26 0.23 0.21 0.19 0.17 0.16 0.15 0.14 0.13 0.12 0.12 0.11 0.11 0.11 0.10 0.10 0.10 0.09 0.09 0.09 0.09 0.09 0.09 0.08 0.08 0.08 0.08 0.08 0.08 0.08 0.08 0.08 0.08 0.07 0.07 0.07 0.07 0.07 0.07 0.07 0.07 0.07 0.07 0.07 0.07 0.07 0.07 0.07 0.07 0.07 0.07 0.07 0.07 0.08 0.08 0.09 0.10 0.12 0.16 0.25 0.47 0.00 0.00 
0.00 2.13 11.00 5.12 3.78 3.06 2.61 2.30 2.00 1.67 1.18 0.91 0.76 0.62 0.51 0.41 0.34 0.28 0.24 0.20 0.18 0.16 0.14 0.13 0.12 0.11 0.10 0.09 0.09 0.08 0.08 0.08 0.07 0.07 0.07 0.07 0.07 0.06 0.06 0.06 0.06 0.06 0.06 0.06 0.06 0.06 0.05 0.05 0.05 0.05 0.05 0.05 0.05 0.05 0.05 0.05 0.05 0.05 0.05 0.05 0.05 0.05 0.05 0.05 0.05 0.05 0.05 0.05 0.05 0.05 0.05 0.05 0.06 0.07 0.08 0.05 0.09 0.09 0.11 0.18 0.42 0.00 0.00 
0.00 7.11 7.76 4.67 3.66 2.99 2.48 2.20 1.86 1.07 0.76 0.65 0.54 0.45 0.36 0.29 0.24 0.19 0.16 0.14 0.12 0.11 0.09 0.09 0.08 0.07 0.07 0.06 0.06 0.06 0.05 0.05 0.05 0.05 0.05 0.04 0.04 0.04 0.04 0.04 0.04 0.04 0.04 0.04 0.04 0.04 0.04 0.04 0.04 0.04 0.04 0.03 0.03 0.03 0.03 0.03 0.03 0.03 0.03 0.03 0.03 0.03 0.03 0.03 0.03 0.03 0.03 0.03 0.03 0.03 0.03 0.03 0.03 0.04 0.07 0.08 0.08 0.07 0.14 0.14 0.31 0.00 0.00 
0.00 8.80 6.90 4.44 3.40 2.89 2.46 2.15 1.50 0.87 1.35 1.18 1.00 0.83 0.68 0.55 0.45 0.38 0.32 0.27 0.24 0.21 0.19 0.17 0.16 0.15 0.14 0.13 0.12 0.12 0.11 0.11 0.10 0.10 0.09 0.09 0.09 0.09 0.08 0.08 0.08 0.08 0.08 0.08 0.08 0.08 0.07 0.07 0.07 0.07 0.07 0.07 0.07 0.07 0.07 0.07 0.07 0.07 0.07 0.07 0.07 0.06 0.06 0.06 0.06 0.06 0.06 0.06 0.06 0.06 0.07 0.07 0.03 0.03 0.06 0.08 0.06 0.11 0.13 0.18 0.25 0.14 0.00 
0.00 9.28 6.70 4.34 3.19 2.82 2.46 2.13 1.37 0.87 1.34 1.17 1.00 0.82 0.67 0.55 0.45 0.37 0.32 0.27 0.24 0.21 0.19 0.17 0.16 0.15 0.14 0.13 0.12 0.11 0.11 0.10 0.10 0.10 0.09 0.09 0.09 0.09 0.08 0.08 0.08 0.08 0.08 0.08 0.08 0.07 0.07 0.07 0.07 0.07 0.07 0.07 0.07 0.07 0.07 0.07 0.07 0.07 0.07 0.07 0.07 0.06 0.06 0.06 0.06 0.06 0.06 0.06 0.06 0.06 0.07 0.07 0.03 0.03 0.05 0.08 0.06 0.10 0.12 0.17 0.23 0.13 0.00 
0.00 8.74 6.85 4.40 3.37 2.86 2.45 2.13 1.49 0.87 0.75 0.64 0.54 0.44 0.36 0.29 0.23 0.19 0.16 0.14 0.12 0.10 0.09 0.08 0.08 0.07 0.07 0.06 0.06 0.06 0.05 0.05 0.05 0.05 0.05 0.04 0.04 0.04 0.04 0.04 0.04 0.04 0.04 0.04 0.04 0.04 0.04 0.04 0.04 0.04 0.03 0.03 0.03 0.03 0.03 0.03 0.03 0.03 0.03 0.03 0.03 0.03 0.03 0.03 0.03 0.03 0.03 0.03 0.03 0.03 0.03 0.03 0.03 0.03 0.06 0.08 0.06 0.06 0.13 0.11 0.24 0.00 0.00 
0.00 7.02 7.62 4.60 3.58 2.94 2.06 2.15 1.82 1.07 0.77 0.66 0.55 0.45 0.36 0.29 0.24 0.19 0.16 0.14 0.12 0.11 0.09 0.09 0.08 0.07 0.07 0.06 0.06 0.06 0.05 0.05 0.05 0.05 0.05 0.04 0.04 0.04 0.04 0.04 0.04 0.04 0.04 0.04 0.04 0.04 0.04 0.04 0.04 0.04 0.04 0.03 0.03 0.03 0.03 0.03 0.03 0.03 0.03 0.03 0.03 0.03 0.03 0.03 0.03 0.03 0.03 0.03 0.03 0.03 0.03 0.03 0.03 0.04 0.07 0.04 0.08 0.07 0.08 0.13 0.21 0.00 0.00 
0.00 2.09 10.73 5.00 3.68 2.99 2.54 2.25 1.94 1.61 1.16 0.90 0.75 0.62 0.50 0.41 0.34 0.28 0.24 0.20 0.18 0.16 0.14 0.13 0.12 0.11 0.10 0.10 0.09 0.09 0.08 0.08 0.08 0.07 0.07 0.07 0.07 0.06 0.06 0.06 0.06 0.06 0.06 0.06 0.06 0.06 0.06 0.05 0.05 0.05 0.05 0.05 0.05 0.05 0.05 0.05 0.05 0.05 0.05 0.05 0.05 0.05 0.05 0.05 0.05 0.05 0.05 0.05 0.05 0.05 0.05 0.05 0.06 0.07 0.08 0.05 0.10 0.09 0.11 0.17 0.38 0.00 0.00 
0.00 0.00 10.22 5.90 3.99 3.24 2.74 2.21 1.31 1.72 1.50 1.28 1.07 0.88 0.72 0.59 0.49 0.41 0.35 0.30 0.26 0.23 0.21 0.19 0.18 0.16 0.15 0.14 0.13 0.13 0.12 0.12 0.11 0.11 0.10 0.10 0.10 0.10 0.09 0.09 0.09 0.09 0.09 0.09 0.08 0.08 0.08 0.08 0.08 0.08 0.08 0.08 0.08 0.08 0.08 0.07 0.07 0.07 0.07 0.07 0.07 0.07 0.07 0.07 0.07 0.07 0.07 0.07 0.07 0.07 0.07 0.07 0.07 0.04 0.05 0.09 0.07 0.07 0.09 0.18 0.24 0.00 0.00 
0.00 0.00 4.20 9.10 4.73 3.58 2.89 2.52 2.13 1.53 1.12 0.90 0.75 0.62 0.50 0.41 0.34 0.28 0.23 0.20 0.18 0.16 0.14 0.13 0.12 0.11 0.10 0.09 0.09 0.08 0.08 0.08 0.07 0.07 0.07 0.07 0.07 0.06 0.06 0.06 0.06 0.06 0.06 0.06 0.06 0.06 0.05 0.05 0.05 0.05 0.05 0.05 0.05 0.05 0.05 0.05 0.05 0.05 0.05 0.05 0.05 0.05 0.05 0.05 0.05 0.05 0.05 0.05 0.05 0.05 0.05 0.05 0.05 0.07 0.09 0.06 0.11 0.12 0.16 0.30 0.00 0.00 0.00 
0.00 0.00 0.00 8.44 6.59 4.26 3.00 2.77 1.93 1.29 1.71 1.46 1.23 1.02 0.83 0.68 0.56 0.47 0.40 0.34 0.30 0.27 0.24 0.22 0.20 0.18 0.17 0.16 0.15 0.14 0.14 0.13 0.13 0.12 0.12 0.11 0.11 0.11 0.11 0.10 0.10 0.10 0.10 0.10 0.10 0.09 0.09 0.09 0.09 0.09 0.09 0.09 0.09 0.09 0.09 0.09 0.08 0.08 0.08 0.08 0.08 0.08 0.08 0.08 0.08 0.08 0.08 0.08 0.08 0.08 0.08 0.08 0.04 0.06 0.08 0.06 0.11 0.14 0.16 0.12 0.00 0.00 0.00 
0.00 0.00 0.00 0.20 9.14 6.13 3.78 3.17 2.11 2.29 1.89 1.53 1.28 1.06 0.86 0.71 0.58 0.48 0.41 0.35 0.31 0.28 0.25 0.23 0.21 0.19 0.18 0.17 0.16 0.15 0.14 0.14 0.13 0.13 0.12 0.12 0.12 0.11 0.11 0.11 0.11 0.10 0.10 0.10 0.10 0.10 0.10 0.10 0.09 0.09 0.09 0.09 0.09 0.09 0.09 0.09 0.09 0.09 0.09 0.09 0.09 0.08 0.08 0.08 0.08 0.08 0.08 0.08 0.08 0.08 0.09 0.09 0.10 0.06 0.09 0.08 0.14 0.15 0.23 0.00 0.00 0.00 0.00 
0.00 0.00 0.00 0.00 0.00 7.28 7.25 4.37 2.98 2.02 2.26 1.87 1.57 1.30 1.06 0.87 0.72 0.60 0.51 0.44 0.39 0.34 0.31 0.28 0.26 0.24 0.22 0.21 0.20 0.19 0.18 0.17 0.17 0.16 0.15 0.15 0.15 0.14 0.14 0.14 0.13 0.13 0.13 0.13 0.12 0.12 0.12 0.12 0.12 0.12 0.12 0.11 0.11 0.11 0.11 0.11 0.11 0.11 0.11 0.11 0.11 0.11 0.11 0.10 0.10 0.10 0.10 0.10 0.11 0.11 0.11 0.11 0.07 0.09 0.12 0.14 0.24 0.10 0.00 0.00 0.00 0.00 0.00 
0.00 0.00 0.00 0.00 0.00 0.00 2.72 6.88 5.83 3.86 2.80 2.25 1.88 1.55 1.28 1.05 0.87 0.73 0.62 0.54 0.47 0.42 0.38 0.35 0.32 0.30 0.28 0.26 0.24 0.23 0.22 0.21 0.20 0.20 0.19 0.18 0.18 0.17 0.17 0.17 0.16 0.16 0.16 0.16 0.15 0.15 0.15 0.15 0.15 0.14 0.14 0.14 0.14 0.14 0.14 0.14 0.14 0.13 0.13 0.13 0.13 0.13 0.13 0.13 0.13 0.13 0.13 0.13 0.13 0.13 0.13 0.13 0.15 0.13 0.25 0.16 0.00 0.00 0.00 0.00 0.00 0.00 0.00 
0.00 0.00 0.00 0.00 0.00 0.00 0.00 0.00 0.00 0.00 1.23 1.10 0.94 0.78 0.65 0.53 0.44 0.37 0.32 0.27 0.24 0.21 0.19 0.18 0.16 0.15 0.14 0.13 0.12 0.12 0.11 0.11 0.10 0.10 0.10 0.09 0.09 0.09 0.09 0.09 0.08 0.08 0.08 0.08 0.08 0.08 0.08 0.08 0.07 0.07 0.07 0.07 0.07 0.07 0.07 0.07 0.07 0.07 0.07 0.07 0.07 0.07 0.07 0.07 0.07 0.07 0.07 0.07 0.07 0.07 0.07 0.07 0.00 0.00 0.00 0.00 0.00 0.00 0.00 0.00 0.00 0.00 0.00 
0.00 0.00 0.00 0.00 0.00 0.00 0.00 0.00 0.00 0.00 0.00 0.00 0.00 0.00 0.00 0.00 0.00 0.00 0.00 0.00 0.00 0.00 0.00 0.00 0.00 0.00 0.00 0.00 0.00 0.00 0.00 0.00 0.00 0.00 0.00 0.00 0.00 0.00 0.00 0.00 0.00 0.00 0.00 0.00 0.00 0.00 0.00 0.00 0.00 0.00 0.00 0.00 0.00 0.00 0.00 0.00 0.00 0.00 0.00 0.00 0.00 0.00 0.00 0.00 0.00 0.00 0.00 0.00 0.00 0.00 0.00 0.00 0.00 0.00 0.00 0.00 0.00 0.00 0.00 0.00 0.00 0.00 0.00 
