0.00 0.00 0.00 0.00 0.00 0.00 0.00 0.00 0.00 0.00 0.00 0.00 0.00 0.00 0.00 0.00 0.00 0.00 0.00 0.00 0.00 0.00 0.00 0.00 0.00 0.00 0.00 0.00 0.00 0.00 0.00 0.00 0.00 0.00 0.00 0.00 0.00 0.00 0.00 0.00 0.00 0.00 0.00 0.00 0.00 0.00 0.00 0.00 0.00 0.00 0.00 0.00 0.00 0.00 0.00 0.00 0.00 0.00 0.00 0.00 0.00 0.00 0.00 0.00 0.00 0.00 0.00 0.00 0.00 0.00 0.00 0.00 0.00 0.00 0.00 0.00 0.00 0.00 0.00 0.00 0.00 0.00 0.00 
0.00 0.00 0.00 0.00 0.00 0.00 0.00 0.00 1.37 4.10 4.44 4.09 3.47 2.87 2.33 1.88 1.53 1.25 1.04 0.89 0.76 0.67 0.60 0.54 0.49 0.45 0.42 0.40 0.37 0.35 0.33 0.32 0.31 0.30 0.29 0.28 0.27 0.26 0.26 0.25 0.25 0.24 0.24 0.23 0.23 0.23 0.22 0.22 0.22 0.22 0.21 0.21 0.21 0.21 0.21 0.20 0.20 0.20 0.20 0.20 0.20 0.19 0.19 0.19 0.19 0.19 0.19 0.19 0.19 0.19 0.20 0.20 0.19 0.16 0.05 0.00 0.00 0.00 0.00 0.00 0.00 0.00 0.00 
0.00 0.00 0.00 0.00 0.00 0.00 3.40 7.66 7.33 4.67 3.68 3.10 2.61 2.15 1.76 1.42 1.16 0.95 0.80 0.68 0.59 0.52 0.46 0.42 0.38 0.35 0.33 0.30 0.29 0.27 0.26 0.25 0.24 0.23 0.22 0.21 0.21 0.20 0.20 0.19 0.19 0.19 0.18 0.18 0.18 0.17 0.17 0.17 0.17 0.17 0.16 0.16 0.16 0.16 0.16 0.16 0.16 0.15 0.15 0.15 0.15 0.15 0.15 0.15 0.15 0.15 0.15 0.15 0.15 0.15 0.15 0.15 0.16 0.19 0.27 0.27 0.12 0.00 0.00 0.00 0.00 0.00 0.00 
0.00 0.00 0.00 0.00 0.20 7.82 7.85 4.71 3.64 3.00 2.51 2.13 1.80 1.49 1.21 0.99 0.81 0.66 0.56 0.47 0.41 0.36 0.32 0.29 0.27 0.25 0.23 0.21 0.20 0.19 0.18 0.17 0.17 0.16 0.15 0.15 0.15 0.14 0.14 0.14 0.13 0.13 0.13 0.13 0.12 0.12 0.12 0.12 0.12 0.12 0.12 0.11 0.11 0.11 0.11 0.11 0.11 0.11 0.11 0.11 0.11 0.10 0.10 0.10 0.10 0.10 0.10 0.10 0.10 0.10 0.11 0.11 0.11 0.12 0.14 0.17 0.28 0.28 0.01 0.00 0.00 0.00 0.00 
0.00 0.00 0.00 0.21 9.65 6.48 4.35 3.45 2.86 2.48 2.05 1.72 1.45 1.20 0.98 0.80 0.65 0.54 0.45 0.39 0.33 0.29 0.26 0.24 0.22 0.20 0.19 0.17 0.16 0.15 0.15 0.14 0.14 0.13 0.13 0.12 0.12 0.12 0.11 0.11 0.11 0.11 0.10 0.10 0.10 0.10 0.10 0.10 0.10 0.10 0.09 0.09 0.09 0.09 0.09 0.09 0.09 0.09 0.09 0.09 0.09 0.09 0.08 0.08 0.08 0.08 0.08 0.08 0.08 0.08 0.09 0.09 0.09 0.10 0.11 0.12 0.15 0.23 0.36 0.01 0.00 0.00 0.00 
0.00 0.00 0.00 8.77 6.87 4.45 3.49 2.94 2.47 2.19 1.86 1.58 1.33 1.10 0.90 0.73 0.60 0.49 0.41 0.35 0.31 0.27 0.24 0.22 0.20 0.18 0.17 0.16 0.15 0.14 0.14 0.13 0.12 0.12 0.12 0.11 0.11 0.11 0.10 0.10 0.10 0.10 0.10 0.09 0.09 0.09 0.09 0.09 0.09 0.09 0.09 0.09 0.08 0.08 0.08 0.08 0.08 0.08 0.08 0.08 0.08 0.08 0.08 0.08 0.08 0.08 0.08 0.08 0.08 0.08 0.08 0.08 0.08 0.09 0.09 0.11 0.12 0.16 0.26 0.36 0.00 0.00 0.00 
0.00 0.00 4.32 9.38 4.88 3.70 3.06 2.64 2.24 1.92 1.71 1.48 1.25 1.03 0.84 0.69 0.56 0.46 0.39 0.33 0.29 0.25 0.23 0.21 0.19 0.17 0.16 0.15 0.14 0.13 0.13 0.12 0.12 0.11 0.11 0.11 0.10 0.10 0.10 0.10 0.09 0.09 0.09 0.09 0.09 0.09 0.09 0.08 0.08 0.08 0.08 0.08 0.08 0.08 0.08 0.08 0.08 0.08 0.08 0.08 0.07 0.07 0.07 0.07 0.07 0.07 0.07 0.07 0.07 0.07 0.07 0.08 0.08 0.07 0.08 0.10 0.11 0.12 0.17 0.38 0.17 0.00 0.00 
0.00 0.00 10.45 6.03 4.16 3.34 2.83 2.37 2.14 1.84 1.60 1.37 1.15 0.95 0.78 0.63 0.52 0.43 0.36 0.31 0.27 0.24 0.21 0.19 0.18 0.16 0.15 0.14 0.13 0.13 0.12 0.11 0.11 0.11 0.10 0.10 0.10 0.09 0.09 0.09 0.09 0.09 0.08 0.08 0.08 0.08 0.08 0.08 0.08 0.08 0.08 0.08 0.07 0.07 0.07 0.07 0.07 0.07 0.07 0.07 0.07 0.07 0.07 0.07 0.07 0.07 0.07 0.07 0.07 0.07 0.07 0.07 0.07 0.08 0.08 0.08 0.10 0.12 0.15 0.24 0.46 0.00 0.00 
0.00 2.12 10.87 5.05 3.74 3.04 2.60 2.31 2.02 1.69 1.21 0.94 0.78 0.65 0.53 0.43 0.35 0.29 0.25 0.21 0.18 0.16 0.14 0.13 0.12 0.11 0.10 0.10 0.09 0.09 0.08 0.08 0.07 0.07 0.07 0.07 0.07 0.06 0.06 0.06 0.06 0.06 0.06 0.06 0.06 0.05 0.05 0.05 0.05 0.05 0.05 0.05 0.05 0.05 0.05 0.05 0.05 0.05 0.05 0.05 0.05 0.05 0.05 0.05 0.05 0.05 0.05 0.05 0.05 0.05 0.05 0.05 0.06 0.07 0.08 0.05 0.09 0.09 0.11 0.18 0.41 0.00 0.00 
0.00 7.09 7.66 4.61 3.62 2.97 2.47 2.21 1.87 1.09 0.78 0.67 0.56 0.47 0.38 0.31 0.25 0.20 0.17 0.14 0.12 0.11 0.10 0.09 0.08 0.07 0.07 0.06 0.06 0.06 0.05 0.05 0.05 0.05 0.05 0.04 0.04 0.04 0.04 0.04 0.04 0.04 0.04 0.04 0.04 0.04 0.04 0.04 0.04 0.04 0.03 0.03 0.03 0.03 0.03 0.03 0.03 0.03 0.03 0.03 0.03 0.03 0.03 0.03 0.03 0.03 0.03 0.03 0.03 0.03 0.03 0.03 0.03 0.04 0.07 0.08 0.08 0.07 0.13 0.14 0.30 0.00 0.00 
0.00 8.78 6.82 4.39 3.36 2.87 2.46 2.16 1.51 0.88 1.39 1.22 1.04 0.87 0.71 0.58 0.47 0.39 0.33 0.28 0.25 0.22 0.20 0.18 0.16 0.15 0.14 0.13 0.12 0.12 0.11 0.11 0.10 0.10 0.09 0.09 0.09 0.09 0.08 0.08 0.08 0.08 0.08 0.08 0.08 0.07 0.07 0.07 0.07 0.07 0.07 0.07 0.07 0.07 0.07 0.07 0.07 0.07 0.07 0.06 0.06 0.06 0.06 0.06 0.06 0.06 0.06 0.06 0.06 0.06 0.06 0.06 0.03 0.03 0.06 0.08 0.06 0.11 0.13 0.17 0.25 0.14 0.00 
0.00 9.27 6.62 4.28 3.15 2.80 2.45 2.14 1.38 0.88 1.38 1.21 1.03 0.86 0.71 0.58 0.47 0.39 0.33 0.28 0.25 0.22 0.19 0.18 0.16 0.15 0.14 0.13 0.12 0.12 0.11 0.10 0.10 0.10 0.09 0.09 0.09 0.09 0.08 0.08 0.08 0.08 0.08 0.08 0.08 0.07 0.07 0.07 0.07 0.07 0.07 0.07 0.07 0.07 0.07 0.07 0.07 0.07 0.06 0.06 0.06 0.06 0.06 0.06 0.06 0.06 0.06 0.06 0.06 0.06 0.06 0.06 0.03 0.03 0.05 0.08 0.06 0.10 0.12 0.16 0.23 0.13 0.00 
0.00 8.72 6.77 4.34 3.33 2.85 2.44 2.14 1.50 0.89 0.77 0.66 0.56 0.46 0.37 0.30 0.24 0.20 0.17 0.14 0.12 0.11 0.10 0.09 0.08 0.07 0.07 0.06 0.06 0.06 0.05 0.05 0.05 0.05 0.05 0.04 0.04 0.04 0.04 0.04 0.04 0.04 0.04 0.04 0.04 0.04 0.04 0.04 0.03 0.03 0.03 0.03 0.03 0.03 0.03 0.03 0.03 0.03 0.03 0.03 0.03 0.03 0.03 0.03 0.03 0.03 0.03 0.03 0.03 0.03 0.03 0.03 0.03 0.03 0.06 0.08 0.06 0.06 0.12 0.11 0.24 0.00 0.00 
0.00 6.99 7.53 4.54 3.54 2.93 2.06 2.15 1.84 1.08 0.78 0.67 0.57 0.47 0.38 0.31 0.25 0.20 0.17 0.14 0.12 0.11 0.10 0.09 0.08 0.07 0.07 0.06 0.06 0.06 0.05 0.05 0.05 0.05 0.05 0.04 0.04 0.04 0.04 0.04 0.04 0.04 0.04 0.04 0.04 0.04 0.04 0.04 0.04 0.04 0.03 0.03 0.03 0.03 0.03 0.03 0.03 0.03 0.03 0.03 0.03 0.03 0.03 0.03 0.03 0.03 0.03 0.03 0.03 0.03 0.03 0.03 0.03 0.04 0.07 0.04 0.08 0.07 0.08 0.13 0.20 0.00 0.00 
0.00 2.08 10.60 4.93 3.65 2.97 2.54 2.26 1.96 1.64 1.18 0.93 0.77 0.64 0.53 0.43 0.35 0.29 0.25 0.21 0.18 0.16 0.15 0.13 0.12 0.11 0.10 0.10 0.09 0.09 0.08 0.08 0.08 0.07 0.07 0.07 0.07 0.06 0.06 0.06 0.06 0.06 0.06 0.06 0.06 0.06 0.05 0.05 0.05 0.05 0.05 0.05 0.05 0.05 0.05 0.05 0.05 0.05 0.05 0.05 0.05 0.05 0.05 0.05 0.05 0.05 0.05 0.05 0.05 0.05 0.05 0.05 0.06 0.07 0.08 0.05 0.09 0.09 0.11 0.17 0.37 0.00 0.00 
0.00 0.00 10.09 5.82 3.95 3.23 2.74 2.22 1.32 1.75 1.53 1.32 1.11 0.92 0.76 0.62 0.51 0.43 0.36 0.31 0.27 0.24 0.21 0.19 0.18 0.16 0.15 0.14 0.14 0.13 0.12 0.12 0.11 0.11 0.10 0.10 0.10 0.10 0.09 0.09 0.09 0.09 0.09 0.08 0.08 0.08 0.08 0.08 0.08 0.08 0.08 0.08 0.08 0.08 0.07 0.07 0.07 0.07 0.07 0.07 0.07 0.07 0.07 0.07 0.07 0.07 0.07 0.07 0.07 0.07 0.07 0.07 0.07 0.04 0.05 0.08 0.07 0.07 0.09 0.18 0.24 0.00 0.00 
0.00 0.00 4.14 8.98 4.68 3.55 2.89 2.53 2.15 1.56 1.14 0.92 0.78 0.64 0.53 0.43 0.35 0.29 0.24 0.21 0.18 0.16 0.14 0.13 0.12 0.11 0.10 0.10 0.09 0.08 0.08 0.08 0.07 0.07 0.07 0.07 0.06 0.06 0.06 0.06 0.06 0.06 0.06 0.06 0.06 0.05 0.05 0.05 0.05 0.05 0.05 0.05 0.05 0.05 0.05 0.05 0.05 0.05 0.05 0.05 0.05 0.05 0.05 0.05 0.05 0.05 0.05 0.05 0.05 0.05 0.05 0.05 0.05 0.07 0.09 0.06 0.11 0.12 0.16 0.29 0.00 0.00 0.00 
0.00 0.00 0.00 8.33 6.52 4.23 3.00 2.78 1.95 1.31 1.75 1.51 1.28 1.06 0.87 0.71 0.58 0.49 0.41 0.35 0.31 0.27 0.24 0.22 0.20 0.19 0.17 0.16 0.15 0.15 0.14 0.13 0.13 0.12 0.12 0.11 0.11 0.11 0.11 0.10 0.10 0.10 0.10 0.10 0.09 0.09 0.09 0.09 0.09 0.09 0.09 0.09 0.09 0.09 0.08 0.08 0.08 0.08 0.08 0.08 0.08 0.08 0.08 0.08 0.08 0.08 0.08 0.08 0.08 0.08 0.08 0.08 0.04 0.06 0.08 0.06 0.11 0.14 0.16 0.12 0.00 0.00 0.00 
0.00 0.00 0.00 0.20 9.05 6.09 3.78 3.18 2.13 2.33 1.93 1.58 1.33 1.10 0.90 0.74 0.61 0.51 0.43 0.37 0.32 0.28 0.25 0.23 0.21 0.20 0.18 0.17 0.16 0.15 0.14 0.14 0.13 0.13 0.12 0.12 0.12 0.11 0.11 0.11 0.11 0.10 0.10 0.10 0.10 0.10 0.10 0.09 0.09 0.09 0.09 0.09 0.09 0.09 0.09 0.09 0.09 0.09 0.09 0.08 0.08 0.08 0.08 0.08 0.08 0.08 0.08 0.08 0.08 0.08 0.08 0.09 0.09 0.06 0.09 0.08 0.14 0.15 0.22 0.00 0.00 0.00 0.00 
0.00 0.00 0.00 0.00 0.00 7.24 7.24 4.39 3.01 2.05 2.31 1.93 1.63 1.36 1.11 0.91 0.75 0.63 0.53 0.46 0.40 0.35 0.32 0.29 0.26 0.24 0.23 0.21 0.20 0.19 0.18 0.17 0.17 0.16 0.15 0.15 0.14 0.14 0.14 0.13 0.13 0.13 0.13 0.13 0.12 0.12 0.12 0.12 0.12 0.12 0.11 0.11 0.11 0.11 0.11 0.11 0.11 0.11 0.11 0.11 0.10 0.10 0.10 0.10 0.10 0.10 0.10 0.10 0.10 0.10 0.11 0.11 0.07 0.09 0.12 0.14 0.24 0.10 0.00 0.00 0.00 0.00 0.00 
0.00 0.00 0.00 0.00 0.00 0.00 2.72 6.91 5.89 3.93 2.86 2.32 1.95 1.62 1.33 1.10 0.91 0.76 0.65 0.56 0.49 0.43 0.39 0.35 0.32 0.30 0.28 0.26 0.25 0.23 0.22 0.21 0.20 0.20 0.19 0.18 0.18 0.17 0.17 0.17 0.16 0.16 0.16 0.15 0.15 0.15 0.15 0.15 0.14 0.14 0.14 0.14 0.14 0.14 0.14 0.13 0.13 0.13 0.13 0.13 0.13 0.13 0.13 0.13 0.13 0.13 0.13 0.13 0.13 0.13 0.13 0.13 0.14 0.13 0.25 0.16 0.00 0.00 0.00 0.00 0.00 0.00 0.00 
0.00 0.00 0.00 0.00 0.00 0.00 0.00 0.00 0.00 0.00 1.27 1.14 0.98 0.82 0.68 0.56 0.46 0.39 0.33 0.28 0.25 0.22 0.20 0.18 0.17 0.15 0.14 0.13 0.13 0.12 0.11 0.11 0.10 0.10 0.10 0.09 0.09 0.09 0.09 0.08 0.08 0.08 0.08 0.08 0.08 0.08 0.08 0.07 0.07 0.07 0.07 0.07 0.07 0.07 0.07 0.07 0.07 0.07 0.07 0.07 0.07 0.07 0.06 0.06 0.06 0.06 0.06 0.06 0.06 0.07 0.07 0.07 0.00 0.00 0.00 0.00 0.00 0.00 0.00 0.00 0.00 0.00 0.00 
0.00 0.00 0.00 0.00 0.00 0.00 0.00 0.00 0.00 0.00 0.00 0.00 0.00 0.00 0.00 0.00 0.00 0.00 0.00 0.00 0.00 0.00 0.00 0.00 0.00 0.00 0.00 0.00 0.00 0.00 0.00 0.00 0.00 0.00 0.00 0.00 0.00 0.00 0.00 0.00 0.00 0.00 0.00 0.00 0.00 0.00 0.00 0.00 0.00 0.00 0.00 0.00 0.00 0.00 0.00 0.00 0.00 0.00 0.00 0.00 0.00 0.00 0.00 0.00 0.00 0.00 0.00 0.00 0.00 0.00 0.00 0.00 0.00 0.00 0.00 0.00 0.00 0.00 0.00 0.00 0.00 0.00 0.00 
