0.00 0.00 0.00 0.00 0.00 0.00 0.00 0.00 0.00 0.00 0.00 0.00 0.00 0.00 0.00 0.00 0.00 0.00 0.00 0.00 0.00 0.00 0.00 0.00 0.00 0.00 0.00 0.00 0.00 0.00 0.00 0.00 0.00 0.00 0.00 0.00 0.00 0.00 0.00 0.00 0.00 0.00 0.00 0.00 0.00 0.00 0.00 0.00 0.00 0.00 0.00 0.00 0.00 0.00 0.00 0.00 0.00 0.00 0.00 0.00 0.00 0.00 0.00 0.00 0.00 0.00 0.00 0.00 0.00 0.00 0.00 0.00 0.00 0.00 0.00 0.00 0.00 0.00 0.00 0.00 0.00 0.00 0.00 
0.00 0.00 0.00 0.00 0.00 0.00 0.00 0.00 0.10 0.33 0.40 0.42 0.42 0.42 0.42 0.42 0.42 0.42 0.42 0.42 0.42 0.43 0.43 0.43 0.43 0.43 0.43 0.43 0.43 0.43 0.43 0.43 0.43 0.43 0.42 0.42 0.42 0.42 0.42 0.42 0.42 0.42 0.42 0.41 0.41 0.41 0.41 0.41 0.42 0.42 0.42 0.42 0.43 0.43 0.44 0.45 0.46 0.47 0.49 0.51 0.53 0.55 0.59 0.63 0.68 0.74 0.82 0.93 1.06 1.24 1.48 1.79 2.14 2.22 0.83 0.00 0.00 0.00 0.00 0.00 0.00 0.00 0.00 
0.00 0.00 0.00 0.00 0.00 0.00 0.23 0.54 0.55 0.39 0.34 0.33 0.33 0.32 0.32 0.32 0.32 0.32 0.33 0.33 0.33 0.33 0.33 0.33 0.33 0.33 0.33 0.33 0.33 0.33 0.33 0.33 0.33 0.33 0.33 0.33 0.33 0.32 0.32 0.32 0.32 0.32 0.32 0.32 0.32 0.32 0.32 0.32 0.32 0.32 0.32 0.33 0.33 0.33 0.34 0.35 0.35 0.36 0.38 0.39 0.41 0.43 0.45 0.48 0.52 0.57 0.63 0.71 0.82 0.95 1.13 1.38 1.77 2.54 4.58 5.70 3.00 0.00 0.00 0.00 0.00 0.00 0.00 
0.00 0.00 0.00 0.00 0.01 0.51 0.53 0.34 0.28 0.25 0.24 0.23 0.23 0.23 0.23 0.23 0.23 0.23 0.23 0.23 0.23 0.23 0.23 0.23 0.23 0.23 0.23 0.23 0.23 0.23 0.23 0.23 0.23 0.23 0.23 0.23 0.23 0.23 0.23 0.23 0.23 0.22 0.22 0.22 0.22 0.22 0.22 0.22 0.22 0.23 0.23 0.23 0.23 0.23 0.24 0.24 0.25 0.25 0.26 0.27 0.28 0.30 0.32 0.34 0.37 0.40 0.44 0.50 0.57 0.66 0.78 0.94 1.21 1.63 2.25 3.52 6.98 8.44 0.24 0.00 0.00 0.00 0.00 
0.00 0.00 0.00 0.01 0.63 0.43 0.30 0.25 0.22 0.21 0.19 0.19 0.18 0.18 0.18 0.18 0.18 0.18 0.19 0.19 0.19 0.19 0.19 0.19 0.19 0.19 0.19 0.19 0.19 0.19 0.19 0.19 0.19 0.19 0.19 0.19 0.19 0.18 0.18 0.18 0.18 0.18 0.18 0.18 0.18 0.18 0.18 0.18 0.18 0.18 0.18 0.19 0.19 0.19 0.19 0.20 0.20 0.21 0.21 0.22 0.23 0.24 0.26 0.28 0.30 0.33 0.36 0.41 0.46 0.54 0.63 0.76 0.97 1.34 1.75 2.56 3.84 6.87 11.98 0.25 0.00 0.00 0.00 
0.00 0.00 0.00 0.57 0.45 0.30 0.24 0.21 0.19 0.18 0.17 0.17 0.17 0.17 0.17 0.17 0.17 0.17 0.17 0.17 0.17 0.17 0.17 0.17 0.17 0.17 0.17 0.17 0.17 0.17 0.17 0.17 0.17 0.17 0.17 0.17 0.17 0.17 0.17 0.17 0.17 0.17 0.17 0.17 0.17 0.17 0.17 0.17 0.17 0.17 0.17 0.17 0.17 0.17 0.18 0.18 0.19 0.19 0.20 0.20 0.21 0.22 0.24 0.25 0.27 0.30 0.33 0.37 0.42 0.49 0.58 0.70 0.90 1.18 1.51 2.20 3.05 4.66 8.55 12.68 0.00 0.00 0.00 
0.00 0.00 0.29 0.62 0.32 0.25 0.21 0.19 0.17 0.16 0.16 0.16 0.16 0.16 0.16 0.16 0.16 0.16 0.16 0.16 0.16 0.16 0.16 0.16 0.16 0.16 0.16 0.16 0.16 0.16 0.16 0.16 0.16 0.16 0.16 0.16 0.16 0.16 0.16 0.16 0.16 0.16 0.16 0.16 0.16 0.16 0.16 0.16 0.16 0.16 0.16 0.16 0.16 0.17 0.17 0.17 0.18 0.18 0.19 0.19 0.20 0.21 0.22 0.24 0.26 0.28 0.31 0.35 0.40 0.46 0.55 0.66 0.80 0.87 1.38 1.89 2.56 3.40 5.49 13.14 6.18 0.00 0.00 
0.00 0.00 0.70 0.40 0.27 0.22 0.19 0.17 0.17 0.15 0.15 0.15 0.15 0.15 0.15 0.15 0.15 0.15 0.15 0.15 0.15 0.15 0.15 0.15 0.15 0.15 0.15 0.15 0.15 0.15 0.15 0.15 0.15 0.15 0.15 0.15 0.15 0.15 0.15 0.15 0.15 0.15 0.15 0.15 0.15 0.15 0.15 0.15 0.15 0.15 0.15 0.15 0.15 0.15 0.16 0.16 0.16 0.17 0.17 0.18 0.19 0.20 0.21 0.22 0.24 0.26 0.29 0.33 0.37 0.43 0.51 0.62 0.76 0.98 1.27 1.66 2.37 3.38 4.93 8.38 16.20 0.00 0.00 
0.00 0.15 0.74 0.33 0.25 0.20 0.18 0.17 0.16 0.14 0.12 0.10 0.10 0.10 0.10 0.10 0.10 0.10 0.10 0.10 0.10 0.10 0.10 0.10 0.10 0.10 0.10 0.10 0.10 0.10 0.10 0.10 0.10 0.10 0.10 0.10 0.10 0.10 0.10 0.10 0.10 0.10 0.10 0.10 0.10 0.10 0.10 0.10 0.10 0.10 0.10 0.10 0.10 0.11 0.11 0.11 0.11 0.11 0.12 0.12 0.13 0.13 0.14 0.15 0.16 0.18 0.20 0.22 0.25 0.29 0.35 0.43 0.59 0.91 1.19 1.06 2.16 2.52 3.48 6.06 14.19 0.00 0.00 
0.00 0.49 0.52 0.31 0.24 0.20 0.17 0.16 0.15 0.09 0.07 0.07 0.07 0.07 0.07 0.07 0.07 0.07 0.07 0.07 0.07 0.07 0.07 0.07 0.07 0.07 0.07 0.07 0.07 0.07 0.07 0.07 0.07 0.07 0.07 0.07 0.07 0.07 0.07 0.07 0.07 0.07 0.07 0.07 0.07 0.07 0.07 0.07 0.07 0.07 0.07 0.07 0.07 0.07 0.07 0.07 0.07 0.08 0.08 0.08 0.09 0.09 0.10 0.10 0.11 0.12 0.13 0.15 0.17 0.20 0.24 0.29 0.37 0.59 1.14 1.50 1.73 1.96 4.16 4.60 10.41 0.00 0.00 
0.00 0.62 0.46 0.29 0.22 0.19 0.17 0.16 0.12 0.07 0.14 0.14 0.14 0.14 0.14 0.14 0.14 0.14 0.14 0.14 0.14 0.14 0.14 0.14 0.14 0.14 0.14 0.14 0.14 0.14 0.14 0.14 0.14 0.14 0.14 0.14 0.14 0.14 0.14 0.14 0.14 0.14 0.14 0.14 0.14 0.14 0.14 0.14 0.14 0.14 0.14 0.14 0.14 0.14 0.15 0.15 0.15 0.16 0.16 0.17 0.17 0.18 0.19 0.21 0.22 0.24 0.27 0.30 0.34 0.39 0.45 0.52 0.37 0.48 0.93 1.47 1.49 2.85 3.90 5.73 8.41 4.63 0.00 
0.00 0.66 0.45 0.29 0.21 0.19 0.17 0.16 0.11 0.07 0.14 0.14 0.14 0.14 0.14 0.14 0.14 0.14 0.14 0.14 0.14 0.14 0.14 0.14 0.14 0.14 0.14 0.14 0.14 0.14 0.14 0.14 0.14 0.14 0.14 0.14 0.14 0.14 0.14 0.14 0.14 0.14 0.14 0.14 0.14 0.14 0.14 0.14 0.14 0.14 0.14 0.14 0.14 0.14 0.14 0.15 0.15 0.16 0.16 0.17 0.17 0.18 0.19 0.21 0.22 0.24 0.27 0.30 0.34 0.39 0.45 0.52 0.37 0.48 0.84 1.45 1.40 2.77 3.61 5.41 7.80 4.52 0.00 
0.00 0.62 0.46 0.29 0.22 0.19 0.17 0.16 0.12 0.07 0.07 0.07 0.07 0.07 0.07 0.07 0.07 0.07 0.07 0.07 0.07 0.07 0.07 0.07 0.07 0.07 0.07 0.07 0.07 0.07 0.07 0.07 0.07 0.07 0.07 0.07 0.07 0.07 0.07 0.07 0.07 0.07 0.07 0.07 0.07 0.07 0.07 0.07 0.07 0.07 0.07 0.07 0.07 0.07 0.07 0.07 0.07 0.08 0.08 0.08 0.08 0.09 0.09 0.10 0.11 0.12 0.13 0.15 0.17 0.20 0.24 0.29 0.37 0.48 0.91 1.44 1.43 1.66 3.71 3.73 8.07 0.00 0.00 
0.00 0.49 0.52 0.30 0.24 0.20 0.14 0.16 0.15 0.09 0.07 0.07 0.07 0.07 0.07 0.07 0.07 0.07 0.07 0.07 0.07 0.07 0.07 0.07 0.07 0.07 0.07 0.07 0.07 0.07 0.07 0.07 0.07 0.07 0.07 0.07 0.07 0.07 0.07 0.07 0.07 0.07 0.07 0.07 0.07 0.07 0.07 0.07 0.07 0.07 0.07 0.07 0.07 0.07 0.07 0.07 0.07 0.08 0.08 0.08 0.09 0.09 0.10 0.10 0.11 0.12 0.13 0.15 0.17 0.20 0.24 0.30 0.38 0.58 1.07 0.87 1.65 1.89 2.63 4.29 6.80 0.00 0.00 
0.00 0.15 0.73 0.33 0.24 0.20 0.18 0.17 0.15 0.14 0.12 0.10 0.10 0.10 0.10 0.10 0.10 0.10 0.10 0.10 0.10 0.10 0.10 0.10 0.10 0.10 0.10 0.10 0.10 0.10 0.10 0.10 0.10 0.10 0.10 0.10 0.10 0.10 0.10 0.10 0.10 0.10 0.10 0.10 0.10 0.10 0.10 0.10 0.10 0.10 0.10 0.10 0.10 0.11 0.11 0.11 0.11 0.12 0.12 0.12 0.13 0.14 0.14 0.15 0.17 0.18 0.20 0.22 0.26 0.30 0.35 0.42 0.57 0.87 1.13 1.05 1.99 2.34 3.24 5.43 12.34 0.00 0.00 
0.00 0.00 0.69 0.39 0.26 0.22 0.19 0.16 0.10 0.15 0.15 0.15 0.15 0.15 0.15 0.15 0.15 0.15 0.15 0.15 0.15 0.15 0.15 0.15 0.15 0.15 0.15 0.15 0.15 0.15 0.15 0.15 0.15 0.15 0.15 0.15 0.15 0.15 0.15 0.15 0.15 0.15 0.15 0.15 0.15 0.15 0.15 0.15 0.15 0.15 0.15 0.15 0.16 0.16 0.16 0.16 0.17 0.17 0.18 0.18 0.19 0.20 0.21 0.23 0.25 0.27 0.30 0.33 0.38 0.43 0.51 0.60 0.72 0.52 0.81 1.49 1.51 1.94 2.86 5.76 7.87 0.00 0.00 
0.00 0.00 0.28 0.61 0.32 0.24 0.20 0.19 0.17 0.14 0.11 0.10 0.10 0.10 0.10 0.10 0.10 0.10 0.10 0.10 0.10 0.10 0.10 0.10 0.10 0.10 0.10 0.10 0.10 0.10 0.10 0.10 0.10 0.10 0.10 0.10 0.10 0.10 0.10 0.10 0.10 0.10 0.10 0.10 0.10 0.10 0.10 0.10 0.10 0.10 0.10 0.10 0.10 0.10 0.11 0.11 0.11 0.11 0.12 0.12 0.13 0.13 0.14 0.15 0.16 0.18 0.20 0.22 0.25 0.29 0.34 0.41 0.56 0.83 1.23 1.24 2.26 2.97 4.57 8.92 0.00 0.00 0.00 
0.00 0.00 0.00 0.56 0.44 0.29 0.21 0.21 0.15 0.11 0.17 0.17 0.17 0.17 0.17 0.17 0.17 0.17 0.17 0.17 0.17 0.17 0.17 0.17 0.17 0.17 0.17 0.18 0.18 0.18 0.17 0.17 0.17 0.17 0.17 0.17 0.17 0.17 0.17 0.17 0.17 0.17 0.17 0.17 0.17 0.17 0.17 0.17 0.17 0.17 0.17 0.18 0.18 0.18 0.18 0.19 0.19 0.20 0.20 0.21 0.22 0.23 0.24 0.26 0.28 0.31 0.34 0.38 0.43 0.49 0.57 0.66 0.46 0.71 1.13 1.24 2.37 3.33 4.46 3.75 0.00 0.00 0.00 
0.00 0.00 0.00 0.01 0.61 0.42 0.27 0.24 0.17 0.21 0.19 0.18 0.18 0.18 0.18 0.18 0.18 0.18 0.18 0.18 0.18 0.18 0.18 0.18 0.18 0.18 0.18 0.18 0.18 0.18 0.18 0.18 0.18 0.18 0.18 0.18 0.18 0.18 0.18 0.18 0.18 0.18 0.18 0.18 0.18 0.18 0.18 0.18 0.18 0.18 0.18 0.18 0.18 0.19 0.19 0.19 0.20 0.20 0.21 0.22 0.23 0.24 0.25 0.27 0.29 0.32 0.35 0.39 0.44 0.51 0.59 0.70 0.89 0.79 1.23 1.45 2.86 3.57 6.23 0.00 0.00 0.00 0.00 
0.00 0.00 0.00 0.00 0.00 0.50 0.52 0.33 0.24 0.18 0.23 0.22 0.22 0.22 0.22 0.22 0.22 0.22 0.22 0.22 0.22 0.22 0.23 0.23 0.23 0.23 0.23 0.23 0.23 0.23 0.23 0.23 0.23 0.23 0.23 0.23 0.22 0.22 0.22 0.22 0.22 0.22 0.22 0.22 0.22 0.22 0.22 0.22 0.22 0.22 0.23 0.23 0.23 0.23 0.24 0.24 0.25 0.26 0.26 0.27 0.29 0.30 0.32 0.34 0.36 0.40 0.44 0.49 0.55 0.63 0.74 0.86 0.73 1.09 1.72 2.34 4.56 2.42 0.00 0.00 0.00 0.00 0.00 
0.00 0.00 0.00 0.00 0.00 0.00 0.19 0.52 0.48 0.36 0.29 0.27 0.27 0.27 0.27 0.27 0.27 0.27 0.27 0.27 0.28 0.28 0.28 0.28 0.28 0.28 0.28 0.28 0.28 0.28 0.28 0.28 0.28 0.28 0.28 0.28 0.28 0.28 0.28 0.27 0.27 0.27 0.27 0.27 0.27 0.27 0.27 0.27 0.28 0.28 0.28 0.28 0.28 0.29 0.29 0.30 0.31 0.31 0.32 0.34 0.35 0.37 0.39 0.42 0.45 0.49 0.54 0.60 0.68 0.78 0.91 1.08 1.35 1.48 3.28 2.53 0.00 0.00 0.00 0.00 0.00 0.00 0.00 
0.00 0.00 0.00 0.00 0.00 0.00 0.00 0.00 0.00 0.00 0.14 0.14 0.14 0.14 0.14 0.14 0.14 0.14 0.14 0.14 0.14 0.14 0.14 0.14 0.14 0.14 0.14 0.14 0.14 0.14 0.14 0.14 0.14 0.14 0.14 0.14 0.14 0.14 0.14 0.14 0.14 0.14 0.14 0.14 0.14 0.14 0.14 0.14 0.14 0.14 0.14 0.14 0.14 0.15 0.15 0.15 0.16 0.16 0.17 0.17 0.18 0.19 0.20 0.21 0.23 0.25 0.27 0.30 0.34 0.39 0.44 0.48 0.00 0.00 0.00 0.00 0.00 0.00 0.00 0.00 0.00 0.00 0.00 
0.00 0.00 0.00 0.00 0.00 0.00 0.00 0.00 0.00 0.00 0.00 0.00 0.00 0.00 0.00 0.00 0.00 0.00 0.00 0.00 0.00 0.00 0.00 0.00 0.00 0.00 0.00 0.00 0.00 0.00 0.00 0.00 0.00 0.00 0.00 0.00 0.00 0.00 0.00 0.00 0.00 0.00 0.00 0.00 0.00 0.00 0.00 0.00 0.00 0.00 0.00 0.00 0.00 0.00 0.00 0.00 0.00 0.00 0.00 0.00 0.00 0.00 0.00 0.00 0.00 0.00 0.00 0.00 0.00 0.00 0.00 0.00 0.00 0.00 0.00 0.00 0.00 0.00 0.00 0.00 0.00 0.00 0.00 
