0.00 0.00 0.00 0.00 0.00 0.00 0.00 0.00 0.00 0.00 0.00 0.00 0.00 0.00 0.00 0.00 0.00 0.00 0.00 0.00 0.00 0.00 0.00 0.00 0.00 0.00 0.00 0.00 0.00 0.00 0.00 0.00 0.00 0.00 0.00 0.00 0.00 0.00 0.00 0.00 0.00 0.00 0.00 0.00 0.00 0.00 0.00 0.00 0.00 0.00 0.00 0.00 0.00 0.00 0.00 0.00 0.00 0.00 0.00 0.00 0.00 0.00 0.00 0.00 0.00 0.00 0.00 0.00 0.00 0.00 0.00 0.00 0.00 0.00 0.00 0.00 0.00 0.00 0.00 0.00 0.00 0.00 0.00 
0.00 0.00 0.00 0.00 0.00 0.00 0.00 0.00 0.51 1.38 1.39 1.26 1.10 0.97 0.86 0.78 0.72 0.67 0.63 0.59 0.57 0.55 0.53 0.51 0.50 0.49 0.48 0.48 0.47 0.47 0.47 0.47 0.47 0.47 0.47 0.47 0.47 0.47 0.47 0.48 0.48 0.48 0.48 0.49 0.49 0.49 0.49 0.49 0.50 0.50 0.50 0.50 0.50 0.50 0.50 0.50 0.50 0.50 0.50 0.50 0.50 0.50 0.50 0.50 0.50 0.50 0.50 0.50 0.50 0.50 0.50 0.50 0.48 0.39 0.12 0.00 0.00 0.00 0.00 0.00 0.00 0.00 0.00 
0.00 0.00 0.00 0.00 0.00 0.00 1.67 3.28 2.78 1.59 1.18 0.98 0.84 0.74 0.66 0.60 0.55 0.51 0.48 0.46 0.44 0.42 0.41 0.40 0.39 0.38 0.37 0.37 0.37 0.36 0.36 0.36 0.36 0.36 0.36 0.36 0.36 0.36 0.36 0.37 0.37 0.37 0.37 0.37 0.38 0.38 0.38 0.38 0.38 0.38 0.38 0.39 0.39 0.39 0.39 0.39 0.39 0.39 0.39 0.39 0.39 0.39 0.38 0.38 0.38 0.38 0.38 0.38 0.38 0.38 0.39 0.39 0.40 0.46 0.66 0.65 0.28 0.00 0.00 0.00 0.00 0.00 0.00 
0.00 0.00 0.00 0.00 0.15 4.82 4.05 2.04 1.38 1.02 0.81 0.68 0.59 0.52 0.46 0.42 0.39 0.36 0.34 0.32 0.31 0.29 0.29 0.28 0.27 0.27 0.26 0.26 0.26 0.25 0.25 0.25 0.25 0.25 0.25 0.25 0.25 0.25 0.26 0.26 0.26 0.26 0.26 0.26 0.26 0.26 0.27 0.27 0.27 0.27 0.27 0.27 0.27 0.27 0.27 0.27 0.27 0.27 0.27 0.27 0.27 0.27 0.27 0.27 0.27 0.27 0.27 0.27 0.27 0.27 0.27 0.27 0.28 0.30 0.33 0.40 0.65 0.64 0.02 0.00 0.00 0.00 0.00 
0.00 0.00 0.00 0.18 7.46 4.07 2.26 1.50 1.08 0.85 0.66 0.55 0.48 0.42 0.38 0.34 0.32 0.29 0.28 0.26 0.25 0.24 0.23 0.23 0.22 0.22 0.21 0.21 0.21 0.21 0.21 0.21 0.21 0.21 0.21 0.21 0.21 0.21 0.21 0.21 0.21 0.21 0.21 0.21 0.21 0.21 0.22 0.22 0.22 0.22 0.22 0.22 0.22 0.22 0.22 0.22 0.22 0.22 0.22 0.22 0.22 0.22 0.22 0.22 0.22 0.22 0.22 0.22 0.22 0.22 0.22 0.22 0.23 0.25 0.26 0.29 0.36 0.53 0.79 0.01 0.00 0.00 0.00 
0.00 0.00 0.00 8.35 5.35 2.80 1.82 1.28 0.94 0.75 0.60 0.50 0.44 0.39 0.35 0.31 0.29 0.27 0.25 0.24 0.23 0.22 0.21 0.21 0.20 0.20 0.20 0.19 0.19 0.19 0.19 0.19 0.19 0.19 0.19 0.19 0.19 0.19 0.19 0.19 0.19 0.19 0.19 0.19 0.20 0.20 0.20 0.20 0.20 0.20 0.20 0.20 0.20 0.20 0.20 0.20 0.20 0.20 0.20 0.20 0.20 0.20 0.20 0.20 0.20 0.20 0.20 0.20 0.20 0.20 0.20 0.20 0.21 0.22 0.23 0.26 0.29 0.37 0.57 0.76 0.00 0.00 0.00 
0.00 0.00 4.91 9.09 3.80 2.32 1.59 1.15 0.86 0.66 0.56 0.48 0.41 0.37 0.33 0.30 0.27 0.25 0.24 0.23 0.22 0.21 0.20 0.20 0.19 0.19 0.19 0.18 0.18 0.18 0.18 0.18 0.18 0.18 0.18 0.18 0.18 0.18 0.18 0.18 0.18 0.18 0.18 0.18 0.19 0.19 0.19 0.19 0.19 0.19 0.19 0.19 0.19 0.19 0.19 0.19 0.19 0.19 0.19 0.19 0.19 0.19 0.19 0.19 0.19 0.19 0.19 0.19 0.19 0.19 0.19 0.19 0.19 0.16 0.21 0.23 0.25 0.27 0.37 0.80 0.35 0.00 0.00 
0.00 0.00 12.27 5.84 3.26 2.11 1.47 1.04 0.82 0.64 0.52 0.44 0.39 0.34 0.30 0.28 0.25 0.24 0.22 0.21 0.20 0.19 0.19 0.18 0.18 0.18 0.17 0.17 0.17 0.17 0.17 0.17 0.17 0.17 0.17 0.17 0.17 0.17 0.17 0.17 0.17 0.17 0.17 0.17 0.17 0.17 0.17 0.17 0.18 0.18 0.18 0.18 0.18 0.18 0.18 0.18 0.18 0.18 0.18 0.18 0.18 0.18 0.18 0.18 0.18 0.18 0.18 0.18 0.18 0.18 0.18 0.18 0.18 0.19 0.20 0.20 0.24 0.28 0.34 0.52 0.94 0.00 0.00 
0.00 2.78 12.84 4.89 2.93 1.91 1.37 0.99 0.78 0.60 0.40 0.31 0.26 0.23 0.21 0.19 0.17 0.16 0.15 0.14 0.14 0.13 0.13 0.12 0.12 0.12 0.12 0.12 0.11 0.11 0.11 0.11 0.11 0.11 0.11 0.11 0.11 0.11 0.11 0.11 0.12 0.12 0.12 0.12 0.12 0.12 0.12 0.12 0.12 0.12 0.12 0.12 0.12 0.12 0.12 0.12 0.12 0.12 0.12 0.12 0.12 0.12 0.12 0.12 0.12 0.12 0.12 0.12 0.12 0.12 0.12 0.12 0.14 0.17 0.19 0.13 0.22 0.21 0.24 0.38 0.85 0.00 0.00 
0.00 9.65 9.06 4.48 2.89 1.86 1.28 0.97 0.74 0.38 0.24 0.21 0.18 0.16 0.14 0.13 0.12 0.11 0.10 0.10 0.09 0.09 0.09 0.08 0.08 0.08 0.08 0.08 0.08 0.08 0.08 0.08 0.08 0.08 0.08 0.08 0.08 0.08 0.08 0.08 0.08 0.08 0.08 0.08 0.08 0.08 0.08 0.08 0.08 0.08 0.08 0.08 0.08 0.08 0.08 0.08 0.08 0.08 0.08 0.08 0.08 0.08 0.08 0.08 0.08 0.08 0.08 0.08 0.08 0.08 0.08 0.08 0.08 0.11 0.18 0.20 0.18 0.15 0.30 0.29 0.63 0.00 0.00 
0.00 12.14 8.06 4.30 2.73 1.80 1.25 0.96 0.60 0.30 0.45 0.40 0.35 0.31 0.28 0.26 0.24 0.22 0.21 0.20 0.19 0.18 0.17 0.17 0.17 0.16 0.16 0.16 0.16 0.16 0.15 0.15 0.15 0.15 0.15 0.15 0.15 0.15 0.16 0.16 0.16 0.16 0.16 0.16 0.16 0.16 0.16 0.16 0.16 0.16 0.16 0.16 0.16 0.16 0.16 0.16 0.16 0.16 0.16 0.16 0.16 0.16 0.16 0.16 0.16 0.16 0.16 0.16 0.16 0.16 0.16 0.16 0.08 0.08 0.14 0.19 0.15 0.24 0.28 0.37 0.51 0.27 0.00 
0.00 12.85 7.85 4.20 2.56 1.76 1.25 0.96 0.54 0.29 0.45 0.40 0.35 0.31 0.28 0.25 0.23 0.22 0.21 0.20 0.19 0.18 0.17 0.17 0.16 0.16 0.16 0.16 0.16 0.15 0.15 0.15 0.15 0.15 0.15 0.15 0.15 0.15 0.15 0.16 0.16 0.16 0.16 0.16 0.16 0.16 0.16 0.16 0.16 0.16 0.16 0.16 0.16 0.16 0.16 0.16 0.16 0.16 0.16 0.16 0.16 0.16 0.16 0.16 0.16 0.16 0.16 0.16 0.16 0.16 0.16 0.16 0.08 0.08 0.13 0.19 0.14 0.24 0.26 0.35 0.48 0.27 0.00 
0.00 12.06 8.05 4.26 2.70 1.79 1.25 0.95 0.59 0.30 0.24 0.20 0.18 0.15 0.14 0.12 0.11 0.11 0.10 0.09 0.09 0.09 0.08 0.08 0.08 0.08 0.08 0.08 0.08 0.08 0.07 0.07 0.07 0.07 0.07 0.07 0.08 0.08 0.08 0.08 0.08 0.08 0.08 0.08 0.08 0.08 0.08 0.08 0.08 0.08 0.08 0.08 0.08 0.08 0.08 0.08 0.08 0.08 0.08 0.08 0.08 0.08 0.08 0.08 0.08 0.08 0.08 0.08 0.08 0.08 0.08 0.08 0.08 0.08 0.14 0.19 0.15 0.12 0.28 0.24 0.50 0.00 0.00 
0.00 9.57 8.94 4.47 2.82 1.84 1.09 0.94 0.73 0.38 0.25 0.21 0.18 0.16 0.14 0.13 0.12 0.11 0.10 0.10 0.09 0.09 0.09 0.08 0.08 0.08 0.08 0.08 0.08 0.08 0.08 0.08 0.08 0.08 0.08 0.08 0.08 0.08 0.08 0.08 0.08 0.08 0.08 0.08 0.08 0.08 0.08 0.08 0.08 0.08 0.08 0.08 0.08 0.08 0.08 0.08 0.08 0.08 0.08 0.08 0.08 0.08 0.08 0.08 0.08 0.08 0.08 0.08 0.08 0.08 0.08 0.08 0.08 0.11 0.18 0.10 0.18 0.15 0.18 0.28 0.43 0.00 0.00 
0.00 2.76 12.65 4.86 2.90 1.89 1.35 0.98 0.77 0.59 0.40 0.31 0.26 0.23 0.21 0.19 0.18 0.16 0.15 0.15 0.14 0.13 0.13 0.13 0.12 0.12 0.12 0.12 0.12 0.12 0.11 0.11 0.11 0.11 0.11 0.11 0.11 0.12 0.12 0.12 0.12 0.12 0.12 0.12 0.12 0.12 0.12 0.12 0.12 0.12 0.12 0.12 0.12 0.12 0.12 0.12 0.12 0.12 0.12 0.12 0.12 0.12 0.12 0.12 0.12 0.12 0.12 0.12 0.12 0.12 0.12 0.12 0.14 0.18 0.19 0.13 0.22 0.21 0.24 0.37 0.79 0.00 0.00 
0.00 0.00 12.00 5.75 3.14 2.06 1.43 1.00 0.51 0.61 0.52 0.44 0.39 0.34 0.31 0.28 0.26 0.24 0.23 0.22 0.21 0.20 0.19 0.19 0.18 0.18 0.18 0.17 0.17 0.17 0.17 0.17 0.17 0.17 0.17 0.17 0.17 0.17 0.17 0.17 0.17 0.17 0.17 0.17 0.18 0.18 0.18 0.18 0.18 0.18 0.18 0.18 0.18 0.18 0.18 0.18 0.18 0.18 0.18 0.18 0.18 0.18 0.18 0.18 0.18 0.18 0.18 0.18 0.18 0.18 0.18 0.18 0.18 0.09 0.12 0.20 0.15 0.16 0.21 0.40 0.50 0.00 0.00 
0.00 0.00 4.80 8.94 3.74 2.30 1.56 1.11 0.84 0.56 0.38 0.30 0.26 0.23 0.21 0.19 0.17 0.16 0.15 0.14 0.14 0.13 0.13 0.12 0.12 0.12 0.12 0.12 0.11 0.11 0.11 0.11 0.11 0.11 0.11 0.11 0.11 0.11 0.11 0.11 0.11 0.12 0.12 0.12 0.12 0.12 0.12 0.12 0.12 0.12 0.12 0.12 0.12 0.12 0.12 0.12 0.12 0.12 0.12 0.12 0.12 0.12 0.12 0.12 0.12 0.12 0.12 0.12 0.12 0.12 0.12 0.12 0.13 0.17 0.21 0.15 0.25 0.27 0.37 0.65 0.00 0.00 0.00 
0.00 0.00 0.00 8.19 5.24 2.74 1.63 1.23 0.76 0.46 0.58 0.50 0.44 0.39 0.35 0.32 0.30 0.28 0.26 0.25 0.24 0.23 0.22 0.21 0.21 0.20 0.20 0.20 0.20 0.20 0.19 0.19 0.19 0.19 0.19 0.19 0.19 0.19 0.19 0.20 0.20 0.20 0.20 0.20 0.20 0.20 0.20 0.20 0.20 0.20 0.20 0.20 0.21 0.21 0.21 0.21 0.21 0.21 0.21 0.21 0.21 0.21 0.20 0.20 0.20 0.20 0.20 0.20 0.20 0.21 0.21 0.21 0.11 0.14 0.19 0.15 0.26 0.32 0.36 0.26 0.00 0.00 0.00 
0.00 0.00 0.00 0.19 7.45 3.94 2.04 1.41 0.84 0.82 0.64 0.52 0.46 0.41 0.37 0.33 0.31 0.29 0.27 0.26 0.25 0.24 0.23 0.22 0.22 0.21 0.21 0.21 0.21 0.20 0.20 0.20 0.20 0.20 0.20 0.20 0.20 0.20 0.20 0.20 0.20 0.21 0.21 0.21 0.21 0.21 0.21 0.21 0.21 0.21 0.21 0.21 0.21 0.21 0.21 0.21 0.21 0.21 0.21 0.21 0.21 0.21 0.21 0.21 0.21 0.21 0.21 0.21 0.21 0.21 0.22 0.22 0.23 0.15 0.21 0.18 0.34 0.35 0.51 0.00 0.00 0.00 0.00 
0.00 0.00 0.00 0.00 0.00 4.55 3.89 1.97 1.20 0.73 0.78 0.65 0.57 0.51 0.46 0.42 0.38 0.36 0.34 0.32 0.31 0.30 0.29 0.28 0.27 0.27 0.26 0.26 0.26 0.25 0.25 0.25 0.25 0.25 0.25 0.25 0.25 0.25 0.25 0.25 0.26 0.26 0.26 0.26 0.26 0.26 0.26 0.26 0.26 0.26 0.27 0.27 0.27 0.27 0.27 0.27 0.27 0.27 0.27 0.27 0.27 0.27 0.27 0.27 0.27 0.26 0.26 0.26 0.27 0.27 0.27 0.27 0.18 0.22 0.30 0.33 0.56 0.24 0.00 0.00 0.00 0.00 0.00 
0.00 0.00 0.00 0.00 0.00 0.00 1.37 3.10 2.40 1.43 1.00 0.81 0.70 0.62 0.56 0.51 0.47 0.44 0.42 0.40 0.38 0.36 0.35 0.34 0.33 0.33 0.32 0.32 0.32 0.31 0.31 0.31 0.31 0.31 0.31 0.31 0.31 0.31 0.31 0.31 0.31 0.32 0.32 0.32 0.32 0.32 0.32 0.32 0.32 0.33 0.33 0.33 0.33 0.33 0.33 0.33 0.33 0.33 0.33 0.33 0.33 0.33 0.33 0.33 0.33 0.32 0.32 0.32 0.33 0.33 0.33 0.33 0.36 0.31 0.60 0.39 0.00 0.00 0.00 0.00 0.00 0.00 0.00 
0.00 0.00 0.00 0.00 0.00 0.00 0.00 0.00 0.00 0.00 0.43 0.39 0.35 0.31 0.28 0.26 0.24 0.23 0.21 0.20 0.19 0.19 0.18 0.17 0.17 0.17 0.16 0.16 0.16 0.16 0.16 0.16 0.16 0.16 0.16 0.16 0.16 0.16 0.16 0.16 0.16 0.16 0.16 0.16 0.16 0.16 0.16 0.16 0.17 0.17 0.17 0.17 0.17 0.17 0.17 0.17 0.17 0.17 0.17 0.17 0.17 0.17 0.17 0.17 0.17 0.17 0.17 0.17 0.17 0.17 0.17 0.17 0.00 0.00 0.00 0.00 0.00 0.00 0.00 0.00 0.00 0.00 0.00 
0.00 0.00 0.00 0.00 0.00 0.00 0.00 0.00 0.00 0.00 0.00 0.00 0.00 0.00 0.00 0.00 0.00 0.00 0.00 0.00 0.00 0.00 0.00 0.00 0.00 0.00 0.00 0.00 0.00 0.00 0.00 0.00 0.00 0.00 0.00 0.00 0.00 0.00 0.00 0.00 0.00 0.00 0.00 0.00 0.00 0.00 0.00 0.00 0.00 0.00 0.00 0.00 0.00 0.00 0.00 0.00 0.00 0.00 0.00 0.00 0.00 0.00 0.00 0.00 0.00 0.00 0.00 0.00 0.00 0.00 0.00 0.00 0.00 0.00 0.00 0.00 0.00 0.00 0.00 0.00 0.00 0.00 0.00 
