0.00 0.00 0.00 0.00 0.00 0.00 0.00 0.00 0.00 0.00 0.00 0.00 0.00 0.00 0.00 0.00 0.00 0.00 0.00 0.00 0.00 0.00 0.00 0.00 0.00 0.00 0.00 0.00 0.00 0.00 0.00 0.00 0.00 0.00 0.00 0.00 0.00 0.00 0.00 0.00 0.00 0.00 0.00 0.00 0.00 0.00 0.00 0.00 0.00 0.00 0.00 0.00 0.00 0.00 0.00 0.00 0.00 0.00 0.00 0.00 0.00 0.00 0.00 0.00 0.00 0.00 0.00 0.00 0.00 0.00 0.00 0.00 0.00 0.00 0.00 0.00 0.00 0.00 0.00 0.00 0.00 0.00 0.00 
0.00 0.00 0.00 0.00 0.00 0.00 0.00 0.00 0.04 0.14 0.17 0.18 0.18 0.17 0.17 0.17 0.17 0.17 0.17 0.18 0.18 0.18 0.18 0.18 0.18 0.19 0.19 0.19 0.19 0.19 0.20 0.20 0.20 0.21 0.21 0.21 0.22 0.22 0.22 0.23 0.23 0.24 0.24 0.25 0.26 0.27 0.28 0.29 0.30 0.32 0.33 0.35 0.37 0.40 0.43 0.46 0.51 0.56 0.63 0.71 0.82 0.97 1.15 1.40 1.71 2.10 2.58 3.12 3.70 4.29 4.85 5.34 5.50 4.78 1.52 0.00 0.00 0.00 0.00 0.00 0.00 0.00 0.00 
0.00 0.00 0.00 0.00 0.00 0.00 0.10 0.24 0.24 0.16 0.14 0.14 0.13 0.13 0.13 0.13 0.13 0.13 0.13 0.14 0.14 0.14 0.14 0.14 0.14 0.14 0.14 0.15 0.15 0.15 0.15 0.15 0.16 0.16 0.16 0.16 0.17 0.17 0.17 0.18 0.18 0.18 0.19 0.19 0.20 0.21 0.21 0.22 0.23 0.24 0.26 0.27 0.29 0.31 0.33 0.36 0.39 0.43 0.48 0.55 0.63 0.74 0.88 1.06 1.30 1.59 1.94 2.34 2.78 3.23 3.67 4.08 4.58 5.51 8.21 8.29 3.60 0.00 0.00 0.00 0.00 0.00 0.00 
0.00 0.00 0.00 0.00 0.01 0.23 0.24 0.15 0.12 0.11 0.10 0.10 0.09 0.09 0.09 0.09 0.09 0.09 0.09 0.09 0.10 0.10 0.10 0.10 0.10 0.10 0.10 0.10 0.10 0.10 0.11 0.11 0.11 0.11 0.11 0.11 0.12 0.12 0.12 0.12 0.13 0.13 0.13 0.14 0.14 0.14 0.15 0.16 0.16 0.17 0.18 0.19 0.20 0.21 0.23 0.25 0.27 0.30 0.34 0.38 0.44 0.52 0.61 0.74 0.90 1.10 1.35 1.62 1.93 2.24 2.54 2.82 3.16 3.57 4.11 5.13 8.30 8.14 0.21 0.00 0.00 0.00 0.00 
0.00 0.00 0.00 0.01 0.29 0.20 0.13 0.11 0.09 0.09 0.08 0.08 0.08 0.08 0.08 0.08 0.08 0.08 0.08 0.08 0.08 0.08 0.08 0.08 0.08 0.08 0.08 0.08 0.08 0.09 0.09 0.09 0.09 0.09 0.09 0.09 0.09 0.10 0.10 0.10 0.10 0.10 0.11 0.11 0.11 0.12 0.12 0.13 0.13 0.14 0.15 0.15 0.16 0.18 0.19 0.20 0.22 0.25 0.28 0.31 0.36 0.42 0.50 0.60 0.73 0.90 1.09 1.32 1.57 1.82 2.06 2.29 2.56 2.97 3.24 3.72 4.62 6.76 9.87 0.18 0.00 0.00 0.00 
0.00 0.00 0.00 0.28 0.21 0.13 0.11 0.09 0.08 0.08 0.07 0.07 0.07 0.07 0.07 0.07 0.07 0.07 0.07 0.07 0.07 0.07 0.07 0.07 0.07 0.07 0.08 0.08 0.08 0.08 0.08 0.08 0.08 0.08 0.08 0.09 0.09 0.09 0.09 0.09 0.09 0.10 0.10 0.10 0.10 0.11 0.11 0.12 0.12 0.13 0.13 0.14 0.15 0.16 0.17 0.19 0.20 0.23 0.25 0.29 0.33 0.38 0.46 0.55 0.67 0.82 1.00 1.21 1.44 1.67 1.90 2.11 2.36 2.62 2.81 3.24 3.72 4.66 7.14 9.15 0.00 0.00 0.00 
0.00 0.00 0.14 0.30 0.15 0.11 0.09 0.08 0.07 0.07 0.07 0.07 0.07 0.07 0.07 0.07 0.07 0.07 0.07 0.07 0.07 0.07 0.07 0.07 0.07 0.07 0.07 0.07 0.07 0.07 0.07 0.08 0.08 0.08 0.08 0.08 0.08 0.08 0.09 0.09 0.09 0.09 0.09 0.10 0.10 0.10 0.11 0.11 0.11 0.12 0.13 0.13 0.14 0.15 0.16 0.18 0.19 0.21 0.24 0.27 0.31 0.36 0.43 0.52 0.63 0.77 0.94 1.14 1.35 1.57 1.79 1.99 2.15 1.94 2.56 2.91 3.20 3.48 4.66 9.70 4.05 0.00 0.00 
0.00 0.00 0.35 0.19 0.13 0.10 0.09 0.08 0.07 0.07 0.06 0.06 0.06 0.06 0.06 0.06 0.06 0.06 0.06 0.06 0.06 0.06 0.06 0.06 0.07 0.07 0.07 0.07 0.07 0.07 0.07 0.07 0.07 0.07 0.07 0.08 0.08 0.08 0.08 0.08 0.08 0.08 0.09 0.09 0.09 0.10 0.10 0.10 0.11 0.11 0.12 0.12 0.13 0.14 0.15 0.17 0.18 0.20 0.22 0.25 0.29 0.34 0.40 0.48 0.58 0.71 0.87 1.05 1.25 1.45 1.65 1.84 2.02 2.22 2.46 2.54 3.04 3.52 4.27 6.30 10.92 0.00 0.00 
0.00 0.08 0.37 0.16 0.12 0.09 0.08 0.07 0.07 0.06 0.05 0.04 0.04 0.04 0.04 0.04 0.04 0.04 0.04 0.04 0.04 0.04 0.04 0.04 0.04 0.04 0.05 0.05 0.05 0.05 0.05 0.05 0.05 0.05 0.05 0.05 0.05 0.05 0.05 0.06 0.06 0.06 0.06 0.06 0.06 0.06 0.07 0.07 0.07 0.08 0.08 0.08 0.09 0.10 0.10 0.11 0.12 0.14 0.15 0.17 0.20 0.23 0.27 0.33 0.40 0.48 0.59 0.71 0.84 0.98 1.11 1.25 1.53 2.04 2.31 1.59 2.80 2.65 3.05 4.64 9.98 0.00 0.00 
0.00 0.26 0.26 0.15 0.11 0.09 0.08 0.07 0.06 0.04 0.03 0.03 0.03 0.03 0.03 0.03 0.03 0.03 0.03 0.03 0.03 0.03 0.03 0.03 0.03 0.03 0.03 0.03 0.03 0.03 0.03 0.03 0.03 0.03 0.03 0.03 0.03 0.04 0.04 0.04 0.04 0.04 0.04 0.04 0.04 0.04 0.04 0.05 0.05 0.05 0.05 0.06 0.06 0.06 0.07 0.08 0.08 0.09 0.10 0.12 0.13 0.16 0.19 0.23 0.28 0.34 0.42 0.50 0.60 0.69 0.79 0.87 0.96 1.29 2.17 2.45 2.25 1.96 3.79 3.50 7.43 0.00 0.00 
0.00 0.33 0.23 0.14 0.10 0.09 0.08 0.07 0.05 0.03 0.06 0.06 0.06 0.06 0.06 0.06 0.06 0.06 0.06 0.06 0.06 0.06 0.06 0.06 0.06 0.06 0.06 0.06 0.06 0.06 0.06 0.07 0.07 0.07 0.07 0.07 0.07 0.07 0.07 0.07 0.08 0.08 0.08 0.08 0.09 0.09 0.09 0.09 0.10 0.10 0.11 0.12 0.12 0.13 0.14 0.15 0.17 0.18 0.21 0.23 0.27 0.31 0.37 0.44 0.54 0.66 0.80 0.97 1.15 1.33 1.50 1.64 0.94 1.03 1.75 2.41 1.85 3.09 3.54 4.57 6.06 3.11 0.00 
0.00 0.35 0.23 0.14 0.10 0.09 0.08 0.07 0.05 0.03 0.06 0.06 0.06 0.06 0.06 0.06 0.06 0.06 0.06 0.06 0.06 0.06 0.06 0.06 0.06 0.06 0.06 0.06 0.06 0.06 0.06 0.07 0.07 0.07 0.07 0.07 0.07 0.07 0.07 0.07 0.08 0.08 0.08 0.08 0.08 0.09 0.09 0.09 0.10 0.10 0.11 0.11 0.12 0.13 0.14 0.15 0.17 0.18 0.20 0.23 0.26 0.31 0.37 0.44 0.53 0.65 0.80 0.96 1.14 1.32 1.49 1.63 0.94 1.03 1.58 2.39 1.73 3.02 3.33 4.36 5.70 3.07 0.00 
0.00 0.33 0.23 0.14 0.10 0.09 0.08 0.07 0.05 0.03 0.03 0.03 0.03 0.03 0.03 0.03 0.03 0.03 0.03 0.03 0.03 0.03 0.03 0.03 0.03 0.03 0.03 0.03 0.03 0.03 0.03 0.03 0.03 0.03 0.03 0.03 0.03 0.03 0.04 0.04 0.04 0.04 0.04 0.04 0.04 0.04 0.04 0.05 0.05 0.05 0.05 0.06 0.06 0.06 0.07 0.07 0.08 0.09 0.10 0.11 0.13 0.15 0.18 0.22 0.27 0.34 0.41 0.50 0.59 0.69 0.78 0.87 0.95 1.03 1.74 2.40 1.84 1.58 3.52 2.87 6.01 0.00 0.00 
0.00 0.26 0.26 0.15 0.11 0.09 0.06 0.07 0.06 0.04 0.03 0.03 0.03 0.03 0.03 0.03 0.03 0.03 0.03 0.03 0.03 0.03 0.03 0.03 0.03 0.03 0.03 0.03 0.03 0.03 0.03 0.03 0.03 0.03 0.03 0.03 0.03 0.04 0.04 0.04 0.04 0.04 0.04 0.04 0.04 0.04 0.04 0.05 0.05 0.05 0.05 0.06 0.06 0.06 0.07 0.08 0.08 0.09 0.10 0.12 0.13 0.16 0.19 0.23 0.28 0.34 0.42 0.51 0.61 0.70 0.80 0.88 0.96 1.29 2.15 1.24 2.24 1.95 2.29 3.47 5.18 0.00 0.00 
0.00 0.08 0.37 0.16 0.11 0.09 0.08 0.07 0.07 0.06 0.05 0.04 0.04 0.04 0.04 0.04 0.04 0.04 0.04 0.04 0.04 0.04 0.04 0.04 0.04 0.05 0.05 0.05 0.05 0.05 0.05 0.05 0.05 0.05 0.05 0.05 0.05 0.05 0.05 0.06 0.06 0.06 0.06 0.06 0.06 0.07 0.07 0.07 0.07 0.08 0.08 0.09 0.09 0.10 0.10 0.11 0.12 0.14 0.15 0.17 0.20 0.23 0.27 0.33 0.40 0.48 0.59 0.71 0.84 0.98 1.11 1.25 1.52 2.03 2.30 1.60 2.80 2.65 3.05 4.60 9.70 0.00 0.00 
0.00 0.00 0.35 0.19 0.12 0.10 0.09 0.07 0.04 0.07 0.06 0.06 0.06 0.06 0.06 0.06 0.06 0.06 0.06 0.06 0.06 0.06 0.06 0.07 0.07 0.07 0.07 0.07 0.07 0.07 0.07 0.07 0.07 0.07 0.08 0.08 0.08 0.08 0.08 0.08 0.08 0.09 0.09 0.09 0.09 0.10 0.10 0.11 0.11 0.11 0.12 0.13 0.14 0.14 0.16 0.17 0.18 0.20 0.23 0.26 0.29 0.34 0.40 0.48 0.58 0.71 0.86 1.03 1.23 1.43 1.63 1.82 1.99 1.12 1.52 2.52 1.95 1.99 2.57 4.93 6.19 0.00 0.00 
0.00 0.00 0.14 0.29 0.15 0.11 0.09 0.08 0.07 0.06 0.05 0.04 0.04 0.04 0.04 0.04 0.04 0.04 0.04 0.04 0.04 0.04 0.04 0.04 0.04 0.04 0.04 0.05 0.05 0.05 0.05 0.05 0.05 0.05 0.05 0.05 0.05 0.05 0.05 0.05 0.06 0.06 0.06 0.06 0.06 0.06 0.07 0.07 0.07 0.08 0.08 0.08 0.09 0.10 0.10 0.11 0.12 0.13 0.15 0.17 0.20 0.23 0.27 0.33 0.40 0.49 0.59 0.72 0.85 0.99 1.12 1.25 1.48 1.93 2.54 1.88 3.21 3.49 4.63 8.10 0.00 0.00 0.00 
0.00 0.00 0.00 0.27 0.21 0.13 0.09 0.09 0.07 0.05 0.07 0.07 0.07 0.07 0.07 0.07 0.07 0.07 0.07 0.07 0.07 0.07 0.07 0.07 0.08 0.08 0.08 0.08 0.08 0.08 0.08 0.08 0.08 0.08 0.09 0.09 0.09 0.09 0.09 0.09 0.10 0.10 0.10 0.10 0.11 0.11 0.11 0.12 0.12 0.13 0.14 0.15 0.15 0.16 0.18 0.19 0.21 0.23 0.26 0.29 0.33 0.39 0.46 0.55 0.67 0.82 1.00 1.21 1.44 1.67 1.90 2.08 1.21 1.61 2.29 1.83 3.34 4.01 4.60 3.32 0.00 0.00 0.00 
0.00 0.00 0.00 0.01 0.29 0.19 0.12 0.10 0.07 0.09 0.08 0.07 0.07 0.07 0.07 0.07 0.07 0.07 0.07 0.07 0.08 0.08 0.08 0.08 0.08 0.08 0.08 0.08 0.08 0.08 0.08 0.09 0.09 0.09 0.09 0.09 0.09 0.09 0.10 0.10 0.10 0.10 0.11 0.11 0.11 0.12 0.12 0.12 0.13 0.14 0.14 0.15 0.16 0.17 0.18 0.20 0.22 0.24 0.27 0.30 0.35 0.40 0.48 0.57 0.70 0.85 1.04 1.25 1.49 1.74 1.98 2.20 2.54 1.79 2.51 2.25 4.23 4.39 6.51 0.00 0.00 0.00 0.00 
0.00 0.00 0.00 0.00 0.00 0.23 0.23 0.14 0.10 0.08 0.10 0.09 0.09 0.09 0.09 0.09 0.09 0.09 0.09 0.09 0.09 0.09 0.10 0.10 0.10 0.10 0.10 0.10 0.10 0.10 0.11 0.11 0.11 0.11 0.11 0.11 0.12 0.12 0.12 0.12 0.13 0.13 0.13 0.14 0.14 0.14 0.15 0.16 0.16 0.17 0.18 0.19 0.20 0.21 0.23 0.25 0.27 0.30 0.33 0.38 0.43 0.50 0.59 0.71 0.86 1.05 1.28 1.55 1.84 2.14 2.43 2.69 1.96 2.56 3.60 4.07 7.02 3.02 0.00 0.00 0.00 0.00 0.00 
0.00 0.00 0.00 0.00 0.00 0.00 0.09 0.23 0.21 0.15 0.12 0.11 0.11 0.11 0.11 0.11 0.11 0.11 0.11 0.11 0.12 0.12 0.12 0.12 0.12 0.12 0.12 0.12 0.13 0.13 0.13 0.13 0.13 0.14 0.14 0.14 0.14 0.14 0.15 0.15 0.15 0.16 0.16 0.17 0.17 0.18 0.18 0.19 0.20 0.21 0.22 0.23 0.25 0.26 0.28 0.31 0.34 0.37 0.41 0.46 0.53 0.61 0.72 0.86 1.03 1.26 1.52 1.84 2.18 2.55 2.91 3.27 3.79 3.57 7.11 4.79 0.00 0.00 0.00 0.00 0.00 0.00 0.00 
0.00 0.00 0.00 0.00 0.00 0.00 0.00 0.00 0.00 0.00 0.06 0.06 0.06 0.06 0.06 0.06 0.06 0.06 0.06 0.06 0.06 0.06 0.06 0.06 0.06 0.06 0.06 0.06 0.06 0.06 0.07 0.07 0.07 0.07 0.07 0.07 0.07 0.07 0.08 0.08 0.08 0.08 0.08 0.08 0.09 0.09 0.09 0.10 0.10 0.11 0.11 0.12 0.13 0.13 0.14 0.16 0.17 0.19 0.21 0.24 0.27 0.31 0.37 0.44 0.53 0.64 0.78 0.94 1.12 1.30 1.46 1.58 0.00 0.00 0.00 0.00 0.00 0.00 0.00 0.00 0.00 0.00 0.00 
0.00 0.00 0.00 0.00 0.00 0.00 0.00 0.00 0.00 0.00 0.00 0.00 0.00 0.00 0.00 0.00 0.00 0.00 0.00 0.00 0.00 0.00 0.00 0.00 0.00 0.00 0.00 0.00 0.00 0.00 0.00 0.00 0.00 0.00 0.00 0.00 0.00 0.00 0.00 0.00 0.00 0.00 0.00 0.00 0.00 0.00 0.00 0.00 0.00 0.00 0.00 0.00 0.00 0.00 0.00 0.00 0.00 0.00 0.00 0.00 0.00 0.00 0.00 0.00 0.00 0.00 0.00 0.00 0.00 0.00 0.00 0.00 0.00 0.00 0.00 0.00 0.00 0.00 0.00 0.00 0.00 0.00 0.00 
