0.00 0.00 0.00 0.00 0.00 0.00 0.00 0.00 0.00 0.00 0.00 0.00 0.00 0.00 0.00 0.00 0.00 0.00 0.00 0.00 0.00 0.00 0.00 0.00 0.00 0.00 0.00 0.00 0.00 0.00 0.00 0.00 0.00 0.00 0.00 0.00 0.00 0.00 0.00 0.00 0.00 0.00 0.00 0.00 0.00 0.00 0.00 0.00 0.00 0.00 0.00 0.00 0.00 0.00 0.00 0.00 0.00 0.00 0.00 0.00 0.00 0.00 0.00 0.00 0.00 0.00 0.00 0.00 0.00 0.00 0.00 0.00 0.00 0.00 0.00 0.00 0.00 0.00 0.00 0.00 0.00 0.00 0.00 
0.00 0.00 0.00 0.00 0.00 0.00 0.00 0.00 0.04 0.13 0.16 0.17 0.17 0.17 0.17 0.17 0.17 0.17 0.17 0.17 0.17 0.17 0.17 0.17 0.18 0.18 0.18 0.18 0.19 0.19 0.19 0.19 0.20 0.20 0.20 0.21 0.21 0.22 0.22 0.23 0.23 0.24 0.24 0.25 0.26 0.27 0.28 0.29 0.31 0.32 0.34 0.36 0.39 0.42 0.45 0.50 0.55 0.61 0.69 0.80 0.93 1.11 1.34 1.63 1.99 2.43 2.93 3.47 4.02 4.55 5.05 5.45 5.51 4.73 1.49 0.00 0.00 0.00 0.00 0.00 0.00 0.00 0.00 
0.00 0.00 0.00 0.00 0.00 0.00 0.10 0.23 0.23 0.16 0.14 0.13 0.13 0.13 0.13 0.13 0.13 0.13 0.13 0.13 0.13 0.13 0.13 0.13 0.14 0.14 0.14 0.14 0.14 0.15 0.15 0.15 0.15 0.15 0.16 0.16 0.16 0.17 0.17 0.17 0.18 0.18 0.19 0.19 0.20 0.21 0.22 0.23 0.24 0.25 0.26 0.28 0.30 0.32 0.35 0.38 0.42 0.47 0.53 0.61 0.71 0.85 1.02 1.24 1.51 1.83 2.21 2.61 3.03 3.44 3.82 4.17 4.61 5.46 8.07 8.07 3.48 0.00 0.00 0.00 0.00 0.00 0.00 
0.00 0.00 0.00 0.00 0.01 0.23 0.23 0.14 0.11 0.10 0.09 0.09 0.09 0.09 0.09 0.09 0.09 0.09 0.09 0.09 0.09 0.09 0.09 0.09 0.10 0.10 0.10 0.10 0.10 0.10 0.10 0.10 0.11 0.11 0.11 0.11 0.11 0.12 0.12 0.12 0.12 0.13 0.13 0.14 0.14 0.15 0.15 0.16 0.17 0.17 0.18 0.20 0.21 0.23 0.24 0.27 0.30 0.33 0.37 0.43 0.50 0.59 0.71 0.86 1.05 1.27 1.53 1.81 2.10 2.39 2.65 2.89 3.18 3.55 4.04 5.00 8.04 7.83 0.20 0.00 0.00 0.00 0.00 
0.00 0.00 0.00 0.01 0.29 0.19 0.13 0.10 0.09 0.08 0.08 0.07 0.07 0.07 0.07 0.07 0.07 0.07 0.07 0.07 0.07 0.08 0.08 0.08 0.08 0.08 0.08 0.08 0.08 0.08 0.08 0.09 0.09 0.09 0.09 0.09 0.09 0.09 0.10 0.10 0.10 0.10 0.11 0.11 0.11 0.12 0.12 0.13 0.14 0.14 0.15 0.16 0.17 0.18 0.20 0.22 0.24 0.27 0.30 0.35 0.41 0.48 0.58 0.70 0.85 1.03 1.24 1.47 1.71 1.94 2.16 2.35 2.58 2.95 3.19 3.62 4.47 6.52 9.49 0.17 0.00 0.00 0.00 
0.00 0.00 0.00 0.27 0.20 0.13 0.10 0.09 0.08 0.07 0.07 0.07 0.07 0.07 0.07 0.07 0.07 0.07 0.07 0.07 0.07 0.07 0.07 0.07 0.07 0.07 0.07 0.07 0.07 0.08 0.08 0.08 0.08 0.08 0.08 0.08 0.09 0.09 0.09 0.09 0.09 0.10 0.10 0.10 0.10 0.11 0.11 0.12 0.12 0.13 0.14 0.15 0.16 0.17 0.18 0.20 0.22 0.25 0.28 0.32 0.37 0.44 0.53 0.64 0.78 0.95 1.14 1.35 1.57 1.78 1.98 2.16 2.38 2.60 2.77 3.16 3.61 4.49 6.86 8.77 0.00 0.00 0.00 
0.00 0.00 0.14 0.29 0.15 0.11 0.09 0.08 0.07 0.07 0.06 0.06 0.06 0.06 0.06 0.06 0.06 0.06 0.06 0.06 0.06 0.07 0.07 0.07 0.07 0.07 0.07 0.07 0.07 0.07 0.07 0.07 0.07 0.08 0.08 0.08 0.08 0.08 0.08 0.09 0.09 0.09 0.09 0.10 0.10 0.10 0.11 0.11 0.12 0.12 0.13 0.14 0.15 0.16 0.17 0.19 0.21 0.23 0.26 0.30 0.35 0.41 0.50 0.60 0.73 0.89 1.07 1.27 1.48 1.68 1.87 2.04 2.17 1.93 2.52 2.84 3.10 3.35 4.48 9.30 3.86 0.00 0.00 
0.00 0.00 0.35 0.19 0.12 0.10 0.08 0.07 0.07 0.06 0.06 0.06 0.06 0.06 0.06 0.06 0.06 0.06 0.06 0.06 0.06 0.06 0.06 0.06 0.06 0.06 0.06 0.07 0.07 0.07 0.07 0.07 0.07 0.07 0.07 0.07 0.08 0.08 0.08 0.08 0.08 0.08 0.09 0.09 0.09 0.10 0.10 0.10 0.11 0.12 0.12 0.13 0.14 0.15 0.16 0.18 0.19 0.22 0.24 0.28 0.33 0.38 0.46 0.56 0.68 0.82 0.99 1.17 1.36 1.55 1.73 1.89 2.04 2.21 2.42 2.48 2.95 3.40 4.11 6.04 10.41 0.00 0.00 
0.00 0.07 0.36 0.16 0.11 0.09 0.08 0.07 0.06 0.06 0.05 0.04 0.04 0.04 0.04 0.04 0.04 0.04 0.04 0.04 0.04 0.04 0.04 0.04 0.04 0.04 0.04 0.04 0.04 0.05 0.05 0.05 0.05 0.05 0.05 0.05 0.05 0.05 0.05 0.05 0.06 0.06 0.06 0.06 0.06 0.07 0.07 0.07 0.07 0.08 0.08 0.09 0.09 0.10 0.11 0.12 0.13 0.15 0.17 0.19 0.22 0.26 0.31 0.38 0.46 0.56 0.67 0.79 0.92 1.04 1.16 1.29 1.55 2.04 2.28 1.55 2.72 2.56 2.94 4.45 9.53 0.00 0.00 
0.00 0.25 0.26 0.14 0.11 0.09 0.07 0.07 0.06 0.04 0.03 0.03 0.03 0.03 0.03 0.03 0.03 0.03 0.03 0.03 0.03 0.03 0.03 0.03 0.03 0.03 0.03 0.03 0.03 0.03 0.03 0.03 0.03 0.03 0.03 0.03 0.03 0.03 0.04 0.04 0.04 0.04 0.04 0.04 0.04 0.04 0.05 0.05 0.05 0.05 0.06 0.06 0.06 0.07 0.07 0.08 0.09 0.10 0.11 0.13 0.15 0.18 0.22 0.26 0.32 0.39 0.47 0.56 0.65 0.74 0.82 0.89 0.96 1.28 2.14 2.40 2.18 1.89 3.65 3.36 7.10 0.00 0.00 
0.00 0.32 0.23 0.14 0.10 0.08 0.07 0.07 0.05 0.03 0.06 0.05 0.05 0.05 0.05 0.05 0.05 0.05 0.05 0.05 0.06 0.06 0.06 0.06 0.06 0.06 0.06 0.06 0.06 0.06 0.06 0.06 0.06 0.07 0.07 0.07 0.07 0.07 0.07 0.07 0.08 0.08 0.08 0.08 0.09 0.09 0.09 0.10 0.10 0.11 0.11 0.12 0.13 0.14 0.15 0.16 0.18 0.20 0.23 0.26 0.30 0.35 0.42 0.51 0.62 0.76 0.91 1.08 1.25 1.42 1.57 1.69 0.94 1.02 1.72 2.36 1.80 2.98 3.41 4.39 5.79 2.95 0.00 
0.00 0.34 0.22 0.13 0.10 0.08 0.07 0.07 0.04 0.03 0.06 0.05 0.05 0.05 0.05 0.05 0.05 0.05 0.05 0.05 0.06 0.06 0.06 0.06 0.06 0.06 0.06 0.06 0.06 0.06 0.06 0.06 0.06 0.07 0.07 0.07 0.07 0.07 0.07 0.07 0.08 0.08 0.08 0.08 0.09 0.09 0.09 0.10 0.10 0.11 0.11 0.12 0.13 0.14 0.15 0.16 0.18 0.20 0.22 0.26 0.30 0.35 0.42 0.51 0.62 0.75 0.91 1.07 1.25 1.41 1.56 1.68 0.94 1.01 1.56 2.34 1.68 2.92 3.21 4.19 5.45 2.91 0.00 
0.00 0.32 0.23 0.14 0.10 0.08 0.07 0.07 0.05 0.03 0.03 0.03 0.03 0.03 0.03 0.03 0.03 0.03 0.03 0.03 0.03 0.03 0.03 0.03 0.03 0.03 0.03 0.03 0.03 0.03 0.03 0.03 0.03 0.03 0.03 0.03 0.03 0.03 0.04 0.04 0.04 0.04 0.04 0.04 0.04 0.04 0.04 0.05 0.05 0.05 0.05 0.06 0.06 0.07 0.07 0.08 0.09 0.10 0.11 0.13 0.15 0.18 0.21 0.26 0.32 0.39 0.47 0.56 0.65 0.73 0.81 0.88 0.95 1.02 1.72 2.36 1.79 1.52 3.39 2.76 5.75 0.00 0.00 
0.00 0.26 0.26 0.14 0.11 0.09 0.06 0.07 0.06 0.04 0.03 0.03 0.03 0.03 0.03 0.03 0.03 0.03 0.03 0.03 0.03 0.03 0.03 0.03 0.03 0.03 0.03 0.03 0.03 0.03 0.03 0.03 0.03 0.03 0.03 0.03 0.03 0.03 0.04 0.04 0.04 0.04 0.04 0.04 0.04 0.04 0.05 0.05 0.05 0.05 0.06 0.06 0.06 0.07 0.07 0.08 0.09 0.10 0.11 0.13 0.15 0.18 0.22 0.27 0.33 0.40 0.48 0.57 0.66 0.75 0.83 0.90 0.97 1.28 2.13 1.21 2.19 1.89 2.20 3.33 4.96 0.00 0.00 
0.00 0.07 0.36 0.16 0.11 0.09 0.08 0.07 0.06 0.06 0.05 0.04 0.04 0.04 0.04 0.04 0.04 0.04 0.04 0.04 0.04 0.04 0.04 0.04 0.04 0.04 0.04 0.04 0.05 0.05 0.05 0.05 0.05 0.05 0.05 0.05 0.05 0.05 0.05 0.06 0.06 0.06 0.06 0.06 0.06 0.07 0.07 0.07 0.08 0.08 0.08 0.09 0.10 0.10 0.11 0.12 0.13 0.15 0.17 0.19 0.22 0.26 0.31 0.38 0.46 0.56 0.67 0.79 0.92 1.05 1.17 1.29 1.54 2.04 2.28 1.56 2.73 2.57 2.95 4.43 9.31 0.00 0.00 
0.00 0.00 0.34 0.19 0.12 0.10 0.08 0.07 0.04 0.06 0.06 0.06 0.06 0.06 0.06 0.06 0.06 0.06 0.06 0.06 0.06 0.06 0.06 0.06 0.06 0.06 0.07 0.07 0.07 0.07 0.07 0.07 0.07 0.07 0.07 0.08 0.08 0.08 0.08 0.08 0.08 0.09 0.09 0.09 0.09 0.10 0.10 0.11 0.11 0.12 0.12 0.13 0.14 0.15 0.16 0.18 0.20 0.22 0.25 0.28 0.33 0.39 0.46 0.55 0.67 0.81 0.98 1.16 1.34 1.53 1.71 1.88 2.02 1.11 1.50 2.48 1.90 1.92 2.48 4.75 5.93 0.00 0.00 
0.00 0.00 0.14 0.29 0.14 0.11 0.09 0.08 0.07 0.06 0.04 0.04 0.04 0.04 0.04 0.04 0.04 0.04 0.04 0.04 0.04 0.04 0.04 0.04 0.04 0.04 0.04 0.04 0.04 0.05 0.05 0.05 0.05 0.05 0.05 0.05 0.05 0.05 0.05 0.05 0.06 0.06 0.06 0.06 0.06 0.07 0.07 0.07 0.07 0.08 0.08 0.09 0.09 0.10 0.11 0.12 0.13 0.15 0.17 0.19 0.22 0.26 0.31 0.38 0.46 0.56 0.68 0.80 0.93 1.05 1.17 1.28 1.50 1.93 2.52 1.84 3.13 3.39 4.48 7.80 0.00 0.00 0.00 
0.00 0.00 0.00 0.26 0.20 0.13 0.09 0.09 0.06 0.05 0.07 0.07 0.07 0.07 0.07 0.07 0.07 0.07 0.07 0.07 0.07 0.07 0.07 0.07 0.07 0.07 0.07 0.08 0.08 0.08 0.08 0.08 0.08 0.08 0.08 0.09 0.09 0.09 0.09 0.09 0.10 0.10 0.10 0.10 0.11 0.11 0.12 0.12 0.13 0.13 0.14 0.15 0.16 0.17 0.19 0.20 0.22 0.25 0.28 0.32 0.37 0.44 0.53 0.64 0.78 0.94 1.14 1.35 1.57 1.79 1.99 2.15 1.22 1.61 2.27 1.79 3.26 3.89 4.45 3.20 0.00 0.00 0.00 
0.00 0.00 0.00 0.01 0.28 0.18 0.11 0.10 0.07 0.08 0.08 0.07 0.07 0.07 0.07 0.07 0.07 0.07 0.07 0.07 0.07 0.07 0.07 0.07 0.08 0.08 0.08 0.08 0.08 0.08 0.08 0.08 0.08 0.09 0.09 0.09 0.09 0.09 0.09 0.10 0.10 0.10 0.11 0.11 0.11 0.12 0.12 0.13 0.13 0.14 0.15 0.16 0.17 0.18 0.19 0.21 0.23 0.26 0.29 0.34 0.39 0.46 0.55 0.66 0.81 0.98 1.18 1.40 1.63 1.86 2.07 2.27 2.59 1.79 2.49 2.20 4.13 4.27 6.30 0.00 0.00 0.00 0.00 
0.00 0.00 0.00 0.00 0.00 0.22 0.22 0.14 0.10 0.07 0.09 0.09 0.09 0.09 0.09 0.09 0.09 0.09 0.09 0.09 0.09 0.09 0.09 0.09 0.09 0.10 0.10 0.10 0.10 0.10 0.10 0.10 0.11 0.11 0.11 0.11 0.11 0.12 0.12 0.12 0.12 0.13 0.13 0.14 0.14 0.15 0.15 0.16 0.17 0.17 0.18 0.20 0.21 0.22 0.24 0.27 0.29 0.32 0.37 0.42 0.48 0.57 0.68 0.82 1.00 1.21 1.46 1.73 2.01 2.30 2.56 2.78 1.98 2.56 3.58 4.01 6.87 2.94 0.00 0.00 0.00 0.00 0.00 
0.00 0.00 0.00 0.00 0.00 0.00 0.08 0.22 0.20 0.14 0.12 0.11 0.11 0.11 0.11 0.11 0.11 0.11 0.11 0.11 0.11 0.11 0.11 0.11 0.12 0.12 0.12 0.12 0.12 0.12 0.13 0.13 0.13 0.13 0.13 0.14 0.14 0.14 0.15 0.15 0.15 0.16 0.16 0.17 0.17 0.18 0.19 0.19 0.20 0.21 0.23 0.24 0.26 0.28 0.30 0.33 0.36 0.40 0.45 0.51 0.59 0.69 0.82 0.99 1.20 1.44 1.73 2.05 2.39 2.73 3.06 3.38 3.87 3.58 7.09 4.73 0.00 0.00 0.00 0.00 0.00 0.00 0.00 
0.00 0.00 0.00 0.00 0.00 0.00 0.00 0.00 0.00 0.00 0.06 0.05 0.05 0.05 0.05 0.05 0.05 0.05 0.06 0.06 0.06 0.06 0.06 0.06 0.06 0.06 0.06 0.06 0.06 0.06 0.06 0.06 0.07 0.07 0.07 0.07 0.07 0.07 0.07 0.08 0.08 0.08 0.08 0.09 0.09 0.09 0.10 0.10 0.10 0.11 0.12 0.12 0.13 0.14 0.15 0.17 0.18 0.20 0.23 0.26 0.30 0.35 0.42 0.50 0.61 0.74 0.89 1.05 1.23 1.40 1.55 1.65 0.00 0.00 0.00 0.00 0.00 0.00 0.00 0.00 0.00 0.00 0.00 
0.00 0.00 0.00 0.00 0.00 0.00 0.00 0.00 0.00 0.00 0.00 0.00 0.00 0.00 0.00 0.00 0.00 0.00 0.00 0.00 0.00 0.00 0.00 0.00 0.00 0.00 0.00 0.00 0.00 0.00 0.00 0.00 0.00 0.00 0.00 0.00 0.00 0.00 0.00 0.00 0.00 0.00 0.00 0.00 0.00 0.00 0.00 0.00 0.00 0.00 0.00 0.00 0.00 0.00 0.00 0.00 0.00 0.00 0.00 0.00 0.00 0.00 0.00 0.00 0.00 0.00 0.00 0.00 0.00 0.00 0.00 0.00 0.00 0.00 0.00 0.00 0.00 0.00 0.00 0.00 0.00 0.00 0.00 
