0.00 0.00 0.00 0.00 0.00 0.00 0.00 0.00 0.00 0.00 0.00 0.00 0.00 0.00 0.00 0.00 0.00 0.00 0.00 0.00 0.00 0.00 0.00 0.00 0.00 0.00 0.00 0.00 0.00 0.00 0.00 0.00 0.00 0.00 0.00 0.00 0.00 0.00 0.00 0.00 0.00 0.00 0.00 0.00 0.00 0.00 0.00 0.00 0.00 0.00 0.00 0.00 0.00 0.00 0.00 0.00 0.00 0.00 0.00 0.00 0.00 0.00 0.00 0.00 0.00 0.00 0.00 0.00 0.00 0.00 0.00 0.00 0.00 0.00 0.00 0.00 0.00 0.00 0.00 0.00 0.00 0.00 0.00 
0.00 0.00 0.00 0.00 0.00 0.00 0.00 0.00 0.37 1.05 1.12 1.05 0.95 0.87 0.80 0.74 0.70 0.67 0.64 0.62 0.60 0.59 0.58 0.58 0.57 0.57 0.57 0.57 0.57 0.57 0.58 0.58 0.59 0.59 0.60 0.60 0.61 0.62 0.62 0.63 0.64 0.64 0.65 0.66 0.66 0.67 0.68 0.68 0.69 0.69 0.70 0.70 0.70 0.71 0.71 0.71 0.71 0.71 0.71 0.71 0.71 0.71 0.71 0.71 0.71 0.71 0.71 0.71 0.71 0.71 0.71 0.71 0.67 0.55 0.17 0.00 0.00 0.00 0.00 0.00 0.00 0.00 0.00 
0.00 0.00 0.00 0.00 0.00 0.00 1.15 2.32 2.05 1.23 0.95 0.82 0.73 0.67 0.61 0.57 0.54 0.51 0.49 0.48 0.47 0.46 0.45 0.44 0.44 0.44 0.44 0.44 0.44 0.44 0.45 0.45 0.45 0.46 0.46 0.47 0.47 0.48 0.48 0.49 0.49 0.50 0.50 0.51 0.51 0.52 0.52 0.52 0.53 0.53 0.54 0.54 0.54 0.54 0.54 0.55 0.55 0.55 0.55 0.55 0.55 0.55 0.55 0.55 0.55 0.54 0.54 0.54 0.54 0.54 0.55 0.55 0.57 0.65 0.93 0.91 0.39 0.00 0.00 0.00 0.00 0.00 0.00 
0.00 0.00 0.00 0.00 0.10 3.27 2.79 1.45 1.02 0.79 0.65 0.57 0.51 0.47 0.43 0.40 0.38 0.36 0.35 0.34 0.33 0.32 0.32 0.31 0.31 0.31 0.31 0.31 0.31 0.31 0.31 0.31 0.32 0.32 0.32 0.33 0.33 0.33 0.34 0.34 0.34 0.35 0.35 0.35 0.36 0.36 0.36 0.37 0.37 0.37 0.37 0.38 0.38 0.38 0.38 0.38 0.38 0.38 0.38 0.38 0.38 0.38 0.38 0.38 0.38 0.38 0.38 0.38 0.38 0.38 0.38 0.38 0.39 0.42 0.46 0.56 0.90 0.88 0.02 0.00 0.00 0.00 0.00 
0.00 0.00 0.00 0.13 5.18 2.79 1.56 1.07 0.80 0.66 0.53 0.46 0.42 0.38 0.35 0.33 0.31 0.29 0.28 0.27 0.27 0.26 0.26 0.25 0.25 0.25 0.25 0.25 0.25 0.25 0.25 0.26 0.26 0.26 0.26 0.27 0.27 0.27 0.27 0.28 0.28 0.28 0.29 0.29 0.29 0.29 0.30 0.30 0.30 0.30 0.31 0.31 0.31 0.31 0.31 0.31 0.31 0.31 0.31 0.31 0.31 0.31 0.31 0.31 0.31 0.31 0.31 0.31 0.31 0.31 0.31 0.31 0.32 0.35 0.37 0.41 0.50 0.73 1.08 0.02 0.00 0.00 0.00 
0.00 0.00 0.00 6.19 3.77 1.92 1.26 0.91 0.70 0.58 0.49 0.42 0.38 0.35 0.32 0.30 0.28 0.27 0.26 0.25 0.24 0.24 0.24 0.23 0.23 0.23 0.23 0.23 0.23 0.23 0.23 0.23 0.24 0.24 0.24 0.24 0.25 0.25 0.25 0.25 0.26 0.26 0.26 0.26 0.27 0.27 0.27 0.27 0.28 0.28 0.28 0.28 0.28 0.28 0.28 0.28 0.29 0.29 0.29 0.29 0.29 0.29 0.29 0.28 0.28 0.28 0.28 0.28 0.28 0.28 0.28 0.29 0.29 0.31 0.32 0.36 0.40 0.51 0.78 1.03 0.00 0.00 0.00 
0.00 0.00 3.98 6.88 2.68 1.60 1.10 0.82 0.64 0.51 0.45 0.40 0.36 0.33 0.30 0.28 0.27 0.25 0.25 0.24 0.23 0.23 0.22 0.22 0.22 0.22 0.22 0.22 0.22 0.22 0.22 0.22 0.22 0.23 0.23 0.23 0.23 0.23 0.24 0.24 0.24 0.24 0.25 0.25 0.25 0.25 0.26 0.26 0.26 0.26 0.26 0.27 0.27 0.27 0.27 0.27 0.27 0.27 0.27 0.27 0.27 0.27 0.27 0.27 0.27 0.27 0.27 0.27 0.27 0.27 0.27 0.27 0.27 0.23 0.29 0.32 0.35 0.38 0.51 1.09 0.47 0.00 0.00 
0.00 0.00 10.25 4.42 2.31 1.45 1.02 0.75 0.61 0.49 0.42 0.37 0.34 0.31 0.28 0.26 0.25 0.24 0.23 0.22 0.22 0.21 0.21 0.21 0.20 0.20 0.20 0.20 0.20 0.20 0.21 0.21 0.21 0.21 0.21 0.21 0.22 0.22 0.22 0.22 0.23 0.23 0.23 0.23 0.24 0.24 0.24 0.24 0.24 0.24 0.25 0.25 0.25 0.25 0.25 0.25 0.25 0.25 0.25 0.25 0.25 0.25 0.25 0.25 0.25 0.25 0.25 0.25 0.25 0.25 0.25 0.25 0.26 0.26 0.28 0.28 0.33 0.38 0.47 0.70 1.26 0.00 0.00 
0.00 2.50 10.90 3.72 2.08 1.32 0.95 0.71 0.58 0.47 0.33 0.26 0.23 0.21 0.19 0.18 0.17 0.16 0.16 0.15 0.15 0.14 0.14 0.14 0.14 0.14 0.14 0.14 0.14 0.14 0.14 0.14 0.14 0.14 0.14 0.15 0.15 0.15 0.15 0.15 0.15 0.16 0.16 0.16 0.16 0.16 0.16 0.16 0.17 0.17 0.17 0.17 0.17 0.17 0.17 0.17 0.17 0.17 0.17 0.17 0.17 0.17 0.17 0.17 0.17 0.17 0.17 0.17 0.17 0.17 0.17 0.17 0.20 0.25 0.26 0.18 0.31 0.29 0.33 0.52 1.15 0.00 0.00 
0.00 9.00 7.70 3.41 2.06 1.28 0.89 0.69 0.55 0.29 0.20 0.17 0.15 0.14 0.13 0.12 0.11 0.11 0.10 0.10 0.10 0.10 0.09 0.09 0.09 0.09 0.09 0.09 0.09 0.09 0.09 0.09 0.09 0.10 0.10 0.10 0.10 0.10 0.10 0.10 0.10 0.10 0.11 0.11 0.11 0.11 0.11 0.11 0.11 0.11 0.11 0.11 0.11 0.11 0.11 0.11 0.12 0.12 0.12 0.12 0.12 0.12 0.12 0.11 0.11 0.11 0.11 0.11 0.11 0.11 0.11 0.12 0.12 0.15 0.25 0.27 0.25 0.21 0.41 0.39 0.85 0.00 0.00 
0.00 11.52 6.87 3.31 1.95 1.24 0.87 0.69 0.44 0.23 0.37 0.34 0.31 0.28 0.26 0.24 0.23 0.22 0.21 0.21 0.20 0.20 0.19 0.19 0.19 0.19 0.19 0.19 0.19 0.19 0.19 0.19 0.19 0.19 0.20 0.20 0.20 0.20 0.20 0.21 0.21 0.21 0.21 0.21 0.22 0.22 0.22 0.22 0.22 0.23 0.23 0.23 0.23 0.23 0.23 0.23 0.23 0.23 0.23 0.23 0.23 0.23 0.23 0.23 0.23 0.23 0.23 0.23 0.23 0.23 0.23 0.23 0.12 0.12 0.20 0.27 0.20 0.33 0.39 0.51 0.69 0.36 0.00 
0.00 12.29 6.72 3.23 1.84 1.21 0.87 0.69 0.40 0.23 0.37 0.34 0.31 0.28 0.26 0.24 0.23 0.22 0.21 0.20 0.20 0.20 0.19 0.19 0.19 0.19 0.19 0.19 0.19 0.19 0.19 0.19 0.19 0.19 0.20 0.20 0.20 0.20 0.20 0.21 0.21 0.21 0.21 0.21 0.22 0.22 0.22 0.22 0.22 0.22 0.23 0.23 0.23 0.23 0.23 0.23 0.23 0.23 0.23 0.23 0.23 0.23 0.23 0.23 0.23 0.23 0.23 0.23 0.23 0.23 0.23 0.23 0.11 0.12 0.18 0.27 0.19 0.33 0.36 0.48 0.65 0.36 0.00 
0.00 11.54 6.93 3.29 1.94 1.24 0.88 0.68 0.44 0.23 0.19 0.17 0.15 0.14 0.13 0.12 0.11 0.11 0.10 0.10 0.10 0.09 0.09 0.09 0.09 0.09 0.09 0.09 0.09 0.09 0.09 0.09 0.09 0.09 0.10 0.10 0.10 0.10 0.10 0.10 0.10 0.10 0.10 0.10 0.11 0.11 0.11 0.11 0.11 0.11 0.11 0.11 0.11 0.11 0.11 0.11 0.11 0.11 0.11 0.11 0.11 0.11 0.11 0.11 0.11 0.11 0.11 0.11 0.11 0.11 0.11 0.11 0.12 0.12 0.20 0.27 0.20 0.17 0.38 0.32 0.68 0.00 0.00 
0.00 9.07 7.72 3.47 2.03 1.28 0.76 0.68 0.54 0.29 0.20 0.17 0.15 0.14 0.13 0.12 0.11 0.11 0.10 0.10 0.10 0.10 0.09 0.09 0.09 0.09 0.09 0.09 0.09 0.09 0.09 0.09 0.10 0.10 0.10 0.10 0.10 0.10 0.10 0.10 0.10 0.10 0.11 0.11 0.11 0.11 0.11 0.11 0.11 0.11 0.11 0.11 0.11 0.11 0.11 0.12 0.12 0.12 0.12 0.12 0.12 0.12 0.12 0.12 0.11 0.11 0.11 0.11 0.11 0.11 0.11 0.12 0.12 0.15 0.25 0.14 0.25 0.21 0.25 0.39 0.58 0.00 0.00 
0.00 2.56 11.03 3.79 2.09 1.32 0.95 0.71 0.57 0.46 0.33 0.26 0.23 0.21 0.19 0.18 0.17 0.16 0.16 0.15 0.15 0.15 0.14 0.14 0.14 0.14 0.14 0.14 0.14 0.14 0.14 0.14 0.14 0.14 0.15 0.15 0.15 0.15 0.15 0.15 0.16 0.16 0.16 0.16 0.16 0.16 0.16 0.17 0.17 0.17 0.17 0.17 0.17 0.17 0.17 0.17 0.17 0.17 0.17 0.17 0.17 0.17 0.17 0.17 0.17 0.17 0.17 0.17 0.17 0.17 0.17 0.18 0.20 0.25 0.27 0.18 0.31 0.29 0.33 0.51 1.08 0.00 0.00 
0.00 0.00 10.37 4.50 2.27 1.44 1.01 0.72 0.38 0.48 0.42 0.38 0.34 0.31 0.29 0.27 0.26 0.24 0.23 0.23 0.22 0.22 0.21 0.21 0.21 0.21 0.21 0.21 0.21 0.21 0.21 0.21 0.21 0.21 0.22 0.22 0.22 0.22 0.23 0.23 0.23 0.23 0.23 0.24 0.24 0.24 0.24 0.25 0.25 0.25 0.25 0.25 0.25 0.25 0.25 0.26 0.26 0.26 0.26 0.26 0.26 0.26 0.26 0.26 0.26 0.25 0.25 0.25 0.25 0.26 0.26 0.26 0.26 0.13 0.17 0.29 0.21 0.22 0.28 0.54 0.68 0.00 0.00 
0.00 0.00 4.06 7.06 2.72 1.61 1.10 0.81 0.63 0.44 0.31 0.25 0.23 0.21 0.19 0.18 0.17 0.16 0.15 0.15 0.15 0.14 0.14 0.14 0.14 0.14 0.14 0.14 0.14 0.14 0.14 0.14 0.14 0.14 0.14 0.15 0.15 0.15 0.15 0.15 0.15 0.15 0.16 0.16 0.16 0.16 0.16 0.16 0.16 0.17 0.17 0.17 0.17 0.17 0.17 0.17 0.17 0.17 0.17 0.17 0.17 0.17 0.17 0.17 0.17 0.17 0.17 0.17 0.17 0.17 0.17 0.17 0.19 0.24 0.30 0.21 0.35 0.38 0.50 0.89 0.00 0.00 0.00 
0.00 0.00 0.00 6.38 3.83 1.93 1.15 0.89 0.57 0.36 0.48 0.43 0.39 0.35 0.33 0.31 0.29 0.28 0.27 0.26 0.25 0.25 0.24 0.24 0.24 0.24 0.24 0.24 0.24 0.24 0.24 0.24 0.24 0.24 0.25 0.25 0.25 0.25 0.26 0.26 0.26 0.26 0.27 0.27 0.27 0.27 0.28 0.28 0.28 0.28 0.28 0.29 0.29 0.29 0.29 0.29 0.29 0.29 0.29 0.29 0.29 0.29 0.29 0.29 0.29 0.29 0.29 0.29 0.29 0.29 0.29 0.29 0.15 0.19 0.27 0.20 0.37 0.44 0.50 0.36 0.00 0.00 0.00 
0.00 0.00 0.00 0.14 5.46 2.78 1.44 1.03 0.63 0.65 0.53 0.45 0.40 0.37 0.34 0.32 0.30 0.29 0.28 0.27 0.26 0.26 0.25 0.25 0.25 0.25 0.25 0.25 0.25 0.25 0.25 0.25 0.25 0.25 0.26 0.26 0.26 0.26 0.27 0.27 0.27 0.28 0.28 0.28 0.28 0.29 0.29 0.29 0.29 0.29 0.30 0.30 0.30 0.30 0.30 0.30 0.30 0.30 0.30 0.30 0.30 0.30 0.30 0.30 0.30 0.30 0.30 0.30 0.30 0.30 0.30 0.31 0.33 0.21 0.29 0.25 0.47 0.48 0.70 0.00 0.00 0.00 0.00 
0.00 0.00 0.00 0.00 0.00 3.18 2.76 1.44 0.90 0.57 0.64 0.55 0.50 0.46 0.43 0.40 0.38 0.36 0.35 0.34 0.33 0.32 0.32 0.31 0.31 0.31 0.31 0.31 0.31 0.31 0.31 0.31 0.31 0.32 0.32 0.32 0.33 0.33 0.33 0.34 0.34 0.34 0.35 0.35 0.35 0.36 0.36 0.36 0.36 0.37 0.37 0.37 0.37 0.37 0.38 0.38 0.38 0.38 0.38 0.38 0.38 0.38 0.38 0.38 0.38 0.38 0.38 0.38 0.38 0.38 0.38 0.38 0.25 0.31 0.42 0.46 0.78 0.33 0.00 0.00 0.00 0.00 0.00 
0.00 0.00 0.00 0.00 0.00 0.00 0.97 2.26 1.81 1.14 0.82 0.69 0.62 0.57 0.52 0.49 0.47 0.44 0.43 0.41 0.40 0.40 0.39 0.39 0.38 0.38 0.38 0.38 0.38 0.38 0.38 0.38 0.39 0.39 0.39 0.40 0.40 0.41 0.41 0.41 0.42 0.42 0.43 0.43 0.43 0.44 0.44 0.45 0.45 0.45 0.45 0.46 0.46 0.46 0.46 0.46 0.46 0.46 0.46 0.47 0.46 0.46 0.46 0.46 0.46 0.46 0.46 0.46 0.46 0.46 0.46 0.47 0.50 0.44 0.85 0.55 0.00 0.00 0.00 0.00 0.00 0.00 0.00 
0.00 0.00 0.00 0.00 0.00 0.00 0.00 0.00 0.00 0.00 0.36 0.34 0.31 0.29 0.27 0.25 0.24 0.23 0.22 0.21 0.21 0.20 0.20 0.20 0.19 0.19 0.19 0.19 0.19 0.19 0.19 0.20 0.20 0.20 0.20 0.20 0.20 0.21 0.21 0.21 0.21 0.22 0.22 0.22 0.22 0.22 0.22 0.23 0.23 0.23 0.23 0.23 0.23 0.23 0.24 0.24 0.24 0.24 0.24 0.24 0.24 0.24 0.24 0.24 0.24 0.24 0.24 0.24 0.24 0.24 0.24 0.24 0.00 0.00 0.00 0.00 0.00 0.00 0.00 0.00 0.00 0.00 0.00 
0.00 0.00 0.00 0.00 0.00 0.00 0.00 0.00 0.00 0.00 0.00 0.00 0.00 0.00 0.00 0.00 0.00 0.00 0.00 0.00 0.00 0.00 0.00 0.00 0.00 0.00 0.00 0.00 0.00 0.00 0.00 0.00 0.00 0.00 0.00 0.00 0.00 0.00 0.00 0.00 0.00 0.00 0.00 0.00 0.00 0.00 0.00 0.00 0.00 0.00 0.00 0.00 0.00 0.00 0.00 0.00 0.00 0.00 0.00 0.00 0.00 0.00 0.00 0.00 0.00 0.00 0.00 0.00 0.00 0.00 0.00 0.00 0.00 0.00 0.00 0.00 0.00 0.00 0.00 0.00 0.00 0.00 0.00 
