0.00 0.00 0.00 0.00 0.00 0.00 0.00 0.00 0.00 0.00 0.00 0.00 0.00 0.00 0.00 0.00 0.00 0.00 0.00 0.00 0.00 0.00 0.00 0.00 0.00 0.00 0.00 0.00 0.00 0.00 0.00 0.00 0.00 0.00 0.00 0.00 0.00 0.00 0.00 0.00 0.00 0.00 0.00 0.00 0.00 0.00 0.00 0.00 0.00 0.00 0.00 0.00 0.00 0.00 0.00 0.00 0.00 0.00 0.00 0.00 0.00 0.00 0.00 0.00 0.00 0.00 0.00 0.00 0.00 0.00 0.00 0.00 0.00 0.00 0.00 0.00 0.00 0.00 0.00 0.00 0.00 0.00 0.00 
0.00 0.00 0.00 0.00 0.00 0.00 0.00 0.00 0.06 0.18 0.22 0.23 0.23 0.23 0.23 0.23 0.23 0.23 0.23 0.23 0.23 0.23 0.23 0.24 0.24 0.24 0.24 0.24 0.24 0.24 0.25 0.25 0.25 0.25 0.25 0.25 0.26 0.26 0.26 0.26 0.27 0.27 0.27 0.28 0.28 0.29 0.29 0.30 0.30 0.31 0.32 0.33 0.35 0.36 0.38 0.40 0.42 0.45 0.48 0.52 0.57 0.63 0.71 0.81 0.94 1.11 1.34 1.65 2.06 2.59 3.24 3.96 4.56 4.35 1.48 0.00 0.00 0.00 0.00 0.00 0.00 0.00 0.00 
0.00 0.00 0.00 0.00 0.00 0.00 0.13 0.30 0.31 0.21 0.19 0.18 0.18 0.18 0.18 0.18 0.18 0.18 0.18 0.18 0.18 0.18 0.18 0.18 0.18 0.18 0.18 0.19 0.19 0.19 0.19 0.19 0.19 0.19 0.19 0.20 0.20 0.20 0.20 0.20 0.20 0.21 0.21 0.21 0.22 0.22 0.22 0.23 0.23 0.24 0.25 0.26 0.27 0.28 0.29 0.31 0.33 0.35 0.37 0.40 0.44 0.49 0.55 0.62 0.72 0.85 1.02 1.25 1.56 1.96 2.44 3.00 3.73 4.93 7.94 8.59 3.93 0.00 0.00 0.00 0.00 0.00 0.00 
0.00 0.00 0.00 0.00 0.01 0.29 0.30 0.19 0.15 0.14 0.13 0.12 0.12 0.12 0.12 0.12 0.12 0.12 0.12 0.12 0.12 0.13 0.13 0.13 0.13 0.13 0.13 0.13 0.13 0.13 0.13 0.13 0.13 0.13 0.14 0.14 0.14 0.14 0.14 0.14 0.14 0.14 0.15 0.15 0.15 0.15 0.16 0.16 0.16 0.17 0.17 0.18 0.19 0.19 0.20 0.22 0.23 0.24 0.26 0.28 0.31 0.34 0.38 0.43 0.50 0.59 0.71 0.87 1.08 1.35 1.68 2.05 2.55 3.18 3.95 5.30 9.02 9.30 0.24 0.00 0.00 0.00 0.00 
0.00 0.00 0.00 0.01 0.37 0.25 0.17 0.14 0.12 0.11 0.11 0.10 0.10 0.10 0.10 0.10 0.10 0.10 0.10 0.10 0.10 0.10 0.10 0.10 0.10 0.10 0.11 0.11 0.11 0.11 0.11 0.11 0.11 0.11 0.11 0.11 0.11 0.11 0.11 0.12 0.12 0.12 0.12 0.12 0.12 0.13 0.13 0.13 0.13 0.14 0.14 0.15 0.15 0.16 0.17 0.18 0.19 0.20 0.21 0.23 0.25 0.28 0.31 0.35 0.41 0.48 0.58 0.71 0.88 1.10 1.36 1.66 2.06 2.64 3.10 3.84 5.01 7.67 11.63 0.22 0.00 0.00 0.00 
0.00 0.00 0.00 0.34 0.26 0.17 0.14 0.12 0.11 0.10 0.10 0.09 0.09 0.09 0.09 0.09 0.09 0.09 0.09 0.09 0.09 0.09 0.09 0.09 0.10 0.10 0.10 0.10 0.10 0.10 0.10 0.10 0.10 0.10 0.10 0.10 0.10 0.10 0.10 0.11 0.11 0.11 0.11 0.11 0.11 0.11 0.12 0.12 0.12 0.13 0.13 0.13 0.14 0.15 0.15 0.16 0.17 0.18 0.19 0.21 0.23 0.25 0.29 0.32 0.37 0.44 0.53 0.65 0.81 1.01 1.25 1.53 1.91 2.32 2.68 3.33 4.02 5.27 8.37 11.06 0.00 0.00 0.00 
0.00 0.00 0.17 0.37 0.19 0.14 0.12 0.11 0.10 0.09 0.09 0.09 0.09 0.09 0.09 0.09 0.09 0.09 0.09 0.09 0.09 0.09 0.09 0.09 0.09 0.09 0.09 0.09 0.09 0.09 0.09 0.09 0.09 0.10 0.10 0.10 0.10 0.10 0.10 0.10 0.10 0.10 0.10 0.11 0.11 0.11 0.11 0.11 0.12 0.12 0.12 0.13 0.13 0.14 0.14 0.15 0.16 0.17 0.18 0.20 0.22 0.24 0.27 0.31 0.35 0.42 0.50 0.61 0.76 0.95 1.18 1.44 1.71 1.70 2.45 2.97 3.43 3.90 5.44 11.63 4.98 0.00 0.00 
0.00 0.00 0.43 0.24 0.16 0.13 0.11 0.10 0.09 0.09 0.08 0.08 0.08 0.08 0.08 0.08 0.08 0.08 0.08 0.08 0.08 0.08 0.08 0.08 0.08 0.08 0.08 0.09 0.09 0.09 0.09 0.09 0.09 0.09 0.09 0.09 0.09 0.09 0.09 0.09 0.09 0.10 0.10 0.10 0.10 0.10 0.10 0.11 0.11 0.11 0.11 0.12 0.12 0.13 0.13 0.14 0.15 0.16 0.17 0.19 0.20 0.22 0.25 0.28 0.33 0.39 0.46 0.56 0.70 0.87 1.09 1.34 1.62 1.95 2.31 2.58 3.25 3.94 4.96 7.52 13.33 0.00 0.00 
0.00 0.09 0.45 0.20 0.14 0.12 0.10 0.09 0.09 0.08 0.06 0.06 0.06 0.05 0.05 0.05 0.05 0.05 0.06 0.06 0.06 0.06 0.06 0.06 0.06 0.06 0.06 0.06 0.06 0.06 0.06 0.06 0.06 0.06 0.06 0.06 0.06 0.06 0.06 0.06 0.06 0.06 0.07 0.07 0.07 0.07 0.07 0.07 0.07 0.08 0.08 0.08 0.08 0.09 0.09 0.10 0.10 0.11 0.12 0.13 0.14 0.15 0.17 0.19 0.22 0.26 0.32 0.38 0.48 0.59 0.73 0.91 1.22 1.78 2.17 1.62 2.97 2.95 3.53 5.52 12.04 0.00 0.00 
0.00 0.31 0.32 0.18 0.14 0.11 0.10 0.09 0.08 0.05 0.04 0.04 0.04 0.04 0.04 0.04 0.04 0.04 0.04 0.04 0.04 0.04 0.04 0.04 0.04 0.04 0.04 0.04 0.04 0.04 0.04 0.04 0.04 0.04 0.04 0.04 0.04 0.04 0.04 0.04 0.04 0.04 0.04 0.04 0.05 0.05 0.05 0.05 0.05 0.05 0.05 0.05 0.06 0.06 0.06 0.06 0.07 0.07 0.08 0.08 0.09 0.10 0.12 0.13 0.15 0.18 0.22 0.27 0.33 0.42 0.52 0.65 0.79 1.14 2.03 2.44 2.37 2.21 4.35 4.16 8.94 0.00 0.00 
0.00 0.39 0.28 0.17 0.13 0.11 0.10 0.09 0.07 0.04 0.08 0.07 0.07 0.07 0.07 0.07 0.07 0.07 0.07 0.07 0.08 0.08 0.08 0.08 0.08 0.08 0.08 0.08 0.08 0.08 0.08 0.08 0.08 0.08 0.08 0.08 0.08 0.08 0.09 0.09 0.09 0.09 0.09 0.09 0.09 0.09 0.10 0.10 0.10 0.10 0.11 0.11 0.11 0.12 0.12 0.13 0.14 0.15 0.16 0.17 0.19 0.21 0.23 0.26 0.30 0.36 0.42 0.52 0.64 0.79 0.96 1.14 0.78 0.94 1.63 2.39 1.98 3.42 4.07 5.39 7.27 3.79 0.00 
0.00 0.41 0.27 0.17 0.12 0.11 0.10 0.09 0.06 0.04 0.08 0.07 0.07 0.07 0.07 0.07 0.07 0.07 0.07 0.07 0.08 0.08 0.08 0.08 0.08 0.08 0.08 0.08 0.08 0.08 0.08 0.08 0.08 0.08 0.08 0.08 0.08 0.08 0.08 0.09 0.09 0.09 0.09 0.09 0.09 0.09 0.10 0.10 0.10 0.10 0.11 0.11 0.11 0.12 0.12 0.13 0.14 0.15 0.16 0.17 0.19 0.21 0.23 0.26 0.30 0.35 0.42 0.52 0.64 0.79 0.96 1.13 0.78 0.94 1.49 2.35 1.85 3.33 3.81 5.13 6.82 3.73 0.00 
0.00 0.39 0.28 0.17 0.13 0.11 0.10 0.09 0.07 0.04 0.04 0.04 0.04 0.04 0.04 0.04 0.04 0.04 0.04 0.04 0.04 0.04 0.04 0.04 0.04 0.04 0.04 0.04 0.04 0.04 0.04 0.04 0.04 0.04 0.04 0.04 0.04 0.04 0.04 0.04 0.04 0.04 0.04 0.04 0.04 0.05 0.05 0.05 0.05 0.05 0.05 0.05 0.06 0.06 0.06 0.06 0.07 0.07 0.08 0.08 0.09 0.10 0.11 0.13 0.15 0.18 0.21 0.26 0.33 0.42 0.52 0.65 0.79 0.94 1.62 2.36 1.94 1.81 3.99 3.40 7.16 0.00 0.00 
0.00 0.31 0.31 0.18 0.14 0.11 0.08 0.09 0.08 0.05 0.04 0.04 0.04 0.04 0.04 0.04 0.04 0.04 0.04 0.04 0.04 0.04 0.04 0.04 0.04 0.04 0.04 0.04 0.04 0.04 0.04 0.04 0.04 0.04 0.04 0.04 0.04 0.04 0.04 0.04 0.04 0.04 0.04 0.04 0.05 0.05 0.05 0.05 0.05 0.05 0.05 0.05 0.06 0.06 0.06 0.06 0.07 0.07 0.08 0.08 0.09 0.10 0.12 0.13 0.15 0.18 0.22 0.27 0.34 0.43 0.54 0.66 0.80 1.14 1.95 1.30 2.32 2.18 2.64 4.06 6.13 0.00 0.00 
0.00 0.09 0.45 0.20 0.14 0.12 0.10 0.09 0.09 0.08 0.06 0.06 0.06 0.05 0.05 0.05 0.06 0.06 0.06 0.06 0.06 0.06 0.06 0.06 0.06 0.06 0.06 0.06 0.06 0.06 0.06 0.06 0.06 0.06 0.06 0.06 0.06 0.06 0.06 0.06 0.06 0.07 0.07 0.07 0.07 0.07 0.07 0.07 0.07 0.08 0.08 0.08 0.08 0.09 0.09 0.10 0.10 0.11 0.12 0.13 0.14 0.15 0.17 0.20 0.23 0.26 0.32 0.39 0.48 0.59 0.74 0.91 1.20 1.73 2.10 1.62 2.88 2.87 3.45 5.34 11.42 0.00 0.00 
0.00 0.00 0.42 0.23 0.15 0.13 0.11 0.09 0.06 0.08 0.08 0.08 0.08 0.08 0.08 0.08 0.08 0.08 0.08 0.08 0.08 0.08 0.08 0.08 0.09 0.09 0.09 0.09 0.09 0.09 0.09 0.09 0.09 0.09 0.09 0.09 0.09 0.09 0.09 0.10 0.10 0.10 0.10 0.10 0.10 0.10 0.11 0.11 0.11 0.11 0.12 0.12 0.13 0.13 0.14 0.15 0.15 0.16 0.18 0.19 0.21 0.23 0.26 0.29 0.33 0.39 0.46 0.56 0.69 0.86 1.06 1.29 1.53 1.02 1.45 2.45 2.07 2.22 2.95 5.70 7.30 0.00 0.00 
0.00 0.00 0.17 0.36 0.18 0.14 0.11 0.10 0.09 0.07 0.06 0.06 0.05 0.05 0.05 0.05 0.05 0.05 0.05 0.05 0.06 0.06 0.06 0.06 0.06 0.06 0.06 0.06 0.06 0.06 0.06 0.06 0.06 0.06 0.06 0.06 0.06 0.06 0.06 0.06 0.06 0.06 0.07 0.07 0.07 0.07 0.07 0.07 0.07 0.08 0.08 0.08 0.08 0.09 0.09 0.10 0.10 0.11 0.12 0.13 0.14 0.15 0.17 0.19 0.22 0.26 0.31 0.38 0.48 0.59 0.74 0.90 1.18 1.65 2.30 1.91 3.29 3.76 5.16 9.24 0.00 0.00 0.00 
0.00 0.00 0.00 0.33 0.26 0.17 0.12 0.12 0.09 0.06 0.10 0.09 0.09 0.09 0.09 0.09 0.09 0.09 0.09 0.09 0.09 0.09 0.10 0.10 0.10 0.10 0.10 0.10 0.10 0.10 0.10 0.10 0.10 0.10 0.10 0.10 0.11 0.11 0.11 0.11 0.11 0.11 0.11 0.11 0.12 0.12 0.12 0.12 0.13 0.13 0.13 0.14 0.14 0.15 0.16 0.17 0.17 0.19 0.20 0.22 0.24 0.26 0.29 0.33 0.38 0.44 0.53 0.65 0.80 0.99 1.21 1.44 0.98 1.42 2.08 1.88 3.44 4.29 5.09 3.84 0.00 0.00 0.00 
0.00 0.00 0.00 0.01 0.36 0.24 0.15 0.13 0.09 0.11 0.10 0.10 0.10 0.10 0.10 0.10 0.10 0.10 0.10 0.10 0.10 0.10 0.10 0.10 0.10 0.10 0.10 0.10 0.10 0.10 0.10 0.11 0.11 0.11 0.11 0.11 0.11 0.11 0.11 0.11 0.11 0.12 0.12 0.12 0.12 0.12 0.13 0.13 0.13 0.14 0.14 0.14 0.15 0.16 0.16 0.17 0.18 0.19 0.21 0.23 0.25 0.27 0.30 0.34 0.39 0.46 0.55 0.67 0.83 1.03 1.27 1.54 1.94 1.57 2.29 2.27 4.30 4.67 7.25 0.00 0.00 0.00 0.00 
0.00 0.00 0.00 0.00 0.00 0.28 0.29 0.18 0.13 0.10 0.13 0.12 0.12 0.12 0.12 0.12 0.12 0.12 0.12 0.12 0.12 0.12 0.12 0.12 0.13 0.13 0.13 0.13 0.13 0.13 0.13 0.13 0.13 0.13 0.13 0.14 0.14 0.14 0.14 0.14 0.14 0.14 0.15 0.15 0.15 0.15 0.16 0.16 0.16 0.17 0.17 0.18 0.19 0.19 0.20 0.21 0.23 0.24 0.26 0.28 0.31 0.34 0.38 0.43 0.49 0.57 0.68 0.83 1.02 1.27 1.56 1.86 1.55 2.20 3.25 3.94 7.03 3.23 0.00 0.00 0.00 0.00 0.00 
0.00 0.00 0.00 0.00 0.00 0.00 0.11 0.29 0.27 0.20 0.16 0.15 0.15 0.15 0.15 0.15 0.15 0.15 0.15 0.15 0.15 0.15 0.15 0.15 0.15 0.16 0.16 0.16 0.16 0.16 0.16 0.16 0.16 0.16 0.17 0.17 0.17 0.17 0.17 0.17 0.18 0.18 0.18 0.18 0.19 0.19 0.19 0.20 0.20 0.21 0.21 0.22 0.23 0.24 0.25 0.26 0.28 0.30 0.32 0.35 0.38 0.42 0.46 0.52 0.60 0.70 0.83 1.00 1.23 1.52 1.88 2.30 2.88 2.99 6.28 4.51 0.00 0.00 0.00 0.00 0.00 0.00 0.00 
0.00 0.00 0.00 0.00 0.00 0.00 0.00 0.00 0.00 0.00 0.08 0.07 0.07 0.07 0.07 0.07 0.07 0.08 0.08 0.08 0.08 0.08 0.08 0.08 0.08 0.08 0.08 0.08 0.08 0.08 0.08 0.08 0.08 0.08 0.08 0.08 0.09 0.09 0.09 0.09 0.09 0.09 0.09 0.09 0.09 0.10 0.10 0.10 0.10 0.11 0.11 0.11 0.12 0.12 0.13 0.13 0.14 0.15 0.16 0.18 0.19 0.21 0.24 0.27 0.31 0.36 0.42 0.51 0.62 0.76 0.91 1.03 0.00 0.00 0.00 0.00 0.00 0.00 0.00 0.00 0.00 0.00 0.00 
0.00 0.00 0.00 0.00 0.00 0.00 0.00 0.00 0.00 0.00 0.00 0.00 0.00 0.00 0.00 0.00 0.00 0.00 0.00 0.00 0.00 0.00 0.00 0.00 0.00 0.00 0.00 0.00 0.00 0.00 0.00 0.00 0.00 0.00 0.00 0.00 0.00 0.00 0.00 0.00 0.00 0.00 0.00 0.00 0.00 0.00 0.00 0.00 0.00 0.00 0.00 0.00 0.00 0.00 0.00 0.00 0.00 0.00 0.00 0.00 0.00 0.00 0.00 0.00 0.00 0.00 0.00 0.00 0.00 0.00 0.00 0.00 0.00 0.00 0.00 0.00 0.00 0.00 0.00 0.00 0.00 0.00 0.00 
