0.00 0.00 0.00 0.00 0.00 0.00 0.00 0.00 0.00 0.00 0.00 0.00 0.00 0.00 0.00 0.00 0.00 0.00 0.00 0.00 0.00 0.00 0.00 0.00 0.00 0.00 0.00 0.00 0.00 0.00 0.00 0.00 0.00 0.00 0.00 0.00 0.00 0.00 0.00 0.00 0.00 0.00 0.00 0.00 0.00 0.00 0.00 0.00 0.00 0.00 0.00 0.00 0.00 0.00 0.00 0.00 0.00 0.00 0.00 0.00 0.00 0.00 0.00 0.00 0.00 0.00 0.00 0.00 0.00 0.00 0.00 0.00 0.00 0.00 0.00 0.00 0.00 0.00 0.00 0.00 0.00 0.00 0.00 
0.00 0.00 0.00 0.00 0.00 0.00 0.00 0.00 0.13 0.44 0.53 0.56 0.56 0.56 0.56 0.56 0.56 0.56 0.56 0.56 0.57 0.57 0.57 0.57 0.57 0.57 0.57 0.57 0.56 0.56 0.56 0.56 0.56 0.55 0.55 0.55 0.54 0.54 0.54 0.53 0.53 0.52 0.52 0.52 0.51 0.51 0.51 0.50 0.50 0.50 0.50 0.50 0.50 0.50 0.50 0.51 0.51 0.52 0.53 0.54 0.56 0.58 0.60 0.63 0.67 0.71 0.77 0.84 0.94 1.06 1.22 1.42 1.63 1.64 0.61 0.00 0.00 0.00 0.00 0.00 0.00 0.00 0.00 
0.00 0.00 0.00 0.00 0.00 0.00 0.30 0.71 0.73 0.51 0.45 0.44 0.43 0.43 0.43 0.43 0.43 0.43 0.43 0.43 0.43 0.44 0.44 0.44 0.44 0.44 0.44 0.44 0.43 0.43 0.43 0.43 0.43 0.43 0.42 0.42 0.42 0.42 0.41 0.41 0.41 0.40 0.40 0.40 0.39 0.39 0.39 0.39 0.39 0.38 0.38 0.38 0.38 0.38 0.39 0.39 0.39 0.40 0.41 0.42 0.43 0.44 0.46 0.48 0.51 0.55 0.59 0.65 0.72 0.82 0.94 1.10 1.36 1.89 3.36 4.19 2.27 0.00 0.00 0.00 0.00 0.00 0.00 
0.00 0.00 0.00 0.00 0.02 0.67 0.70 0.44 0.37 0.33 0.31 0.30 0.30 0.30 0.30 0.30 0.30 0.30 0.30 0.30 0.30 0.30 0.30 0.31 0.31 0.31 0.30 0.30 0.30 0.30 0.30 0.30 0.30 0.30 0.30 0.29 0.29 0.29 0.29 0.29 0.28 0.28 0.28 0.28 0.28 0.27 0.27 0.27 0.27 0.27 0.27 0.27 0.27 0.27 0.27 0.27 0.28 0.28 0.29 0.29 0.30 0.31 0.32 0.34 0.36 0.38 0.42 0.45 0.51 0.57 0.65 0.76 0.93 1.21 1.65 2.60 5.35 6.87 0.21 0.00 0.00 0.00 0.00 
0.00 0.00 0.00 0.02 0.82 0.56 0.39 0.32 0.29 0.27 0.26 0.25 0.25 0.25 0.25 0.25 0.25 0.25 0.25 0.25 0.25 0.25 0.25 0.25 0.25 0.25 0.25 0.25 0.25 0.25 0.25 0.24 0.24 0.24 0.24 0.24 0.24 0.24 0.24 0.23 0.23 0.23 0.23 0.23 0.23 0.22 0.22 0.22 0.22 0.22 0.22 0.22 0.22 0.22 0.22 0.22 0.23 0.23 0.23 0.24 0.24 0.25 0.26 0.28 0.29 0.31 0.34 0.37 0.41 0.46 0.53 0.61 0.75 1.00 1.29 1.89 2.92 5.59 10.56 0.23 0.00 0.00 0.00 
0.00 0.00 0.00 0.74 0.59 0.39 0.31 0.28 0.25 0.24 0.23 0.23 0.22 0.22 0.22 0.22 0.22 0.23 0.23 0.23 0.23 0.23 0.23 0.23 0.23 0.23 0.23 0.23 0.23 0.23 0.22 0.22 0.22 0.22 0.22 0.22 0.22 0.22 0.22 0.21 0.21 0.21 0.21 0.21 0.21 0.20 0.20 0.20 0.20 0.20 0.20 0.20 0.20 0.20 0.20 0.20 0.21 0.21 0.21 0.22 0.22 0.23 0.24 0.25 0.27 0.29 0.31 0.34 0.38 0.42 0.48 0.56 0.69 0.88 1.11 1.62 2.32 3.77 7.55 12.11 0.00 0.00 0.00 
0.00 0.00 0.37 0.80 0.42 0.32 0.27 0.25 0.23 0.22 0.21 0.21 0.21 0.21 0.21 0.21 0.21 0.21 0.21 0.21 0.21 0.21 0.21 0.21 0.22 0.21 0.21 0.21 0.21 0.21 0.21 0.21 0.21 0.21 0.21 0.21 0.21 0.20 0.20 0.20 0.20 0.20 0.20 0.20 0.20 0.19 0.19 0.19 0.19 0.19 0.19 0.19 0.19 0.19 0.19 0.19 0.20 0.20 0.20 0.21 0.21 0.22 0.23 0.24 0.25 0.27 0.29 0.32 0.36 0.40 0.46 0.53 0.62 0.66 1.01 1.39 1.93 2.74 4.81 12.50 6.29 0.00 0.00 
0.00 0.00 0.90 0.51 0.36 0.29 0.26 0.23 0.22 0.20 0.20 0.20 0.20 0.20 0.20 0.20 0.20 0.20 0.20 0.20 0.20 0.20 0.20 0.20 0.20 0.20 0.20 0.20 0.20 0.20 0.20 0.20 0.20 0.20 0.19 0.19 0.19 0.19 0.19 0.19 0.19 0.19 0.18 0.18 0.18 0.18 0.18 0.18 0.18 0.18 0.18 0.18 0.18 0.18 0.18 0.18 0.18 0.18 0.19 0.19 0.20 0.21 0.21 0.22 0.24 0.25 0.27 0.30 0.33 0.37 0.43 0.50 0.59 0.73 0.93 1.22 1.78 2.70 4.27 7.87 16.30 0.00 0.00 
0.00 0.19 0.94 0.43 0.32 0.27 0.24 0.22 0.21 0.19 0.15 0.14 0.13 0.13 0.13 0.13 0.13 0.14 0.14 0.14 0.14 0.14 0.14 0.14 0.14 0.14 0.14 0.14 0.14 0.14 0.14 0.13 0.13 0.13 0.13 0.13 0.13 0.13 0.13 0.13 0.13 0.13 0.13 0.12 0.12 0.12 0.12 0.12 0.12 0.12 0.12 0.12 0.12 0.12 0.12 0.12 0.12 0.13 0.13 0.13 0.13 0.14 0.15 0.15 0.16 0.17 0.19 0.20 0.23 0.25 0.29 0.35 0.46 0.68 0.87 0.78 1.62 2.03 3.02 5.66 14.07 0.00 0.00 
0.00 0.63 0.67 0.40 0.31 0.26 0.23 0.21 0.19 0.12 0.09 0.09 0.09 0.09 0.09 0.09 0.09 0.09 0.09 0.09 0.09 0.09 0.09 0.09 0.09 0.09 0.09 0.09 0.09 0.09 0.09 0.09 0.09 0.09 0.09 0.09 0.09 0.09 0.09 0.09 0.09 0.08 0.08 0.08 0.08 0.08 0.08 0.08 0.08 0.08 0.08 0.08 0.08 0.08 0.08 0.08 0.08 0.08 0.09 0.09 0.09 0.09 0.10 0.10 0.11 0.12 0.12 0.14 0.15 0.17 0.20 0.23 0.28 0.44 0.84 1.10 1.31 1.60 3.53 4.33 10.22 0.00 0.00 
0.00 0.79 0.59 0.38 0.29 0.25 0.23 0.21 0.16 0.09 0.18 0.18 0.18 0.18 0.18 0.18 0.18 0.18 0.18 0.18 0.18 0.18 0.18 0.18 0.18 0.18 0.18 0.18 0.18 0.18 0.18 0.18 0.18 0.18 0.18 0.18 0.18 0.18 0.18 0.17 0.17 0.17 0.17 0.17 0.17 0.17 0.17 0.17 0.16 0.16 0.16 0.16 0.16 0.16 0.17 0.17 0.17 0.17 0.17 0.18 0.18 0.19 0.20 0.21 0.22 0.23 0.25 0.28 0.31 0.34 0.38 0.43 0.28 0.35 0.69 1.09 1.14 2.25 3.32 5.24 8.22 4.72 0.00 
0.00 0.84 0.58 0.37 0.27 0.25 0.23 0.21 0.14 0.09 0.18 0.18 0.18 0.18 0.18 0.18 0.18 0.18 0.18 0.18 0.18 0.18 0.18 0.18 0.18 0.18 0.18 0.18 0.18 0.18 0.18 0.18 0.18 0.18 0.18 0.18 0.18 0.18 0.17 0.17 0.17 0.17 0.17 0.17 0.17 0.17 0.17 0.16 0.16 0.16 0.16 0.16 0.16 0.16 0.16 0.17 0.17 0.17 0.17 0.18 0.18 0.19 0.20 0.21 0.22 0.23 0.25 0.28 0.30 0.34 0.38 0.43 0.28 0.35 0.62 1.07 1.07 2.19 3.06 4.93 7.59 4.58 0.00 
0.00 0.79 0.59 0.38 0.29 0.25 0.23 0.21 0.16 0.09 0.09 0.09 0.09 0.09 0.09 0.09 0.09 0.09 0.09 0.09 0.09 0.09 0.09 0.09 0.09 0.09 0.09 0.09 0.09 0.09 0.09 0.09 0.09 0.09 0.09 0.09 0.09 0.09 0.09 0.08 0.08 0.08 0.08 0.08 0.08 0.08 0.08 0.08 0.08 0.08 0.08 0.08 0.08 0.08 0.08 0.08 0.08 0.08 0.08 0.09 0.09 0.09 0.10 0.10 0.11 0.11 0.12 0.13 0.15 0.17 0.20 0.23 0.28 0.35 0.67 1.07 1.08 1.37 3.12 3.51 7.77 0.00 0.00 
0.00 0.63 0.66 0.39 0.31 0.26 0.19 0.21 0.19 0.12 0.09 0.09 0.09 0.09 0.09 0.09 0.09 0.09 0.09 0.09 0.09 0.09 0.09 0.09 0.09 0.09 0.09 0.09 0.09 0.09 0.09 0.09 0.09 0.09 0.09 0.09 0.09 0.09 0.09 0.09 0.09 0.08 0.08 0.08 0.08 0.08 0.08 0.08 0.08 0.08 0.08 0.08 0.08 0.08 0.08 0.08 0.08 0.08 0.09 0.09 0.09 0.09 0.10 0.10 0.11 0.12 0.12 0.14 0.15 0.17 0.20 0.24 0.29 0.43 0.80 0.64 1.25 1.53 2.30 3.95 6.48 0.00 0.00 
0.00 0.19 0.94 0.43 0.32 0.26 0.23 0.22 0.20 0.19 0.15 0.14 0.13 0.13 0.13 0.14 0.14 0.14 0.14 0.14 0.14 0.14 0.14 0.14 0.14 0.14 0.14 0.14 0.14 0.14 0.14 0.14 0.13 0.13 0.13 0.13 0.13 0.13 0.13 0.13 0.13 0.13 0.13 0.13 0.13 0.12 0.12 0.12 0.12 0.12 0.12 0.12 0.12 0.12 0.12 0.12 0.13 0.13 0.13 0.13 0.14 0.14 0.15 0.15 0.16 0.17 0.19 0.21 0.23 0.26 0.29 0.34 0.45 0.66 0.84 0.77 1.50 1.87 2.77 4.88 11.53 0.00 0.00 
0.00 0.00 0.89 0.51 0.34 0.29 0.25 0.22 0.13 0.20 0.20 0.20 0.20 0.20 0.20 0.20 0.20 0.20 0.20 0.20 0.20 0.20 0.20 0.20 0.20 0.20 0.20 0.20 0.20 0.20 0.20 0.20 0.20 0.20 0.20 0.20 0.20 0.19 0.19 0.19 0.19 0.19 0.19 0.19 0.19 0.18 0.18 0.18 0.18 0.18 0.18 0.18 0.18 0.18 0.18 0.18 0.19 0.19 0.19 0.20 0.20 0.21 0.22 0.23 0.24 0.26 0.28 0.31 0.34 0.38 0.43 0.49 0.57 0.38 0.60 1.11 1.14 1.55 2.46 5.14 7.28 0.00 0.00 
0.00 0.00 0.36 0.79 0.41 0.32 0.27 0.25 0.23 0.18 0.15 0.13 0.13 0.13 0.13 0.13 0.13 0.13 0.13 0.13 0.13 0.14 0.14 0.14 0.14 0.14 0.14 0.14 0.13 0.13 0.13 0.13 0.13 0.13 0.13 0.13 0.13 0.13 0.13 0.13 0.13 0.13 0.12 0.12 0.12 0.12 0.12 0.12 0.12 0.12 0.12 0.12 0.12 0.12 0.12 0.12 0.12 0.13 0.13 0.13 0.13 0.14 0.14 0.15 0.16 0.17 0.19 0.20 0.22 0.25 0.29 0.33 0.43 0.63 0.92 0.91 1.69 2.33 3.77 7.74 0.00 0.00 0.00 
0.00 0.00 0.00 0.73 0.57 0.38 0.28 0.27 0.20 0.15 0.23 0.23 0.23 0.23 0.23 0.23 0.23 0.23 0.23 0.23 0.23 0.23 0.23 0.23 0.23 0.23 0.23 0.23 0.23 0.23 0.23 0.23 0.23 0.23 0.23 0.22 0.22 0.22 0.22 0.22 0.22 0.22 0.21 0.21 0.21 0.21 0.21 0.21 0.21 0.21 0.21 0.21 0.21 0.21 0.21 0.21 0.21 0.22 0.22 0.23 0.23 0.24 0.25 0.26 0.28 0.30 0.32 0.35 0.38 0.43 0.48 0.54 0.35 0.53 0.84 0.91 1.77 2.58 3.66 3.21 0.00 0.00 0.00 
0.00 0.00 0.00 0.02 0.79 0.55 0.35 0.31 0.22 0.27 0.25 0.24 0.23 0.24 0.24 0.24 0.24 0.24 0.24 0.24 0.24 0.24 0.24 0.24 0.24 0.24 0.24 0.24 0.24 0.24 0.24 0.24 0.24 0.24 0.23 0.23 0.23 0.23 0.23 0.23 0.23 0.22 0.22 0.22 0.22 0.22 0.22 0.22 0.22 0.21 0.21 0.21 0.21 0.22 0.22 0.22 0.22 0.22 0.23 0.23 0.24 0.25 0.26 0.27 0.29 0.31 0.33 0.36 0.40 0.44 0.50 0.57 0.71 0.59 0.91 1.06 2.12 2.75 4.98 0.00 0.00 0.00 0.00 
0.00 0.00 0.00 0.00 0.00 0.65 0.68 0.43 0.32 0.24 0.31 0.29 0.29 0.29 0.29 0.29 0.29 0.30 0.30 0.30 0.30 0.30 0.30 0.30 0.30 0.30 0.30 0.30 0.30 0.30 0.30 0.30 0.30 0.29 0.29 0.29 0.29 0.29 0.29 0.28 0.28 0.28 0.28 0.28 0.27 0.27 0.27 0.27 0.27 0.27 0.27 0.27 0.27 0.27 0.27 0.27 0.28 0.28 0.29 0.29 0.30 0.31 0.32 0.34 0.36 0.38 0.41 0.45 0.50 0.55 0.62 0.71 0.57 0.82 1.28 1.71 3.38 1.82 0.00 0.00 0.00 0.00 0.00 
0.00 0.00 0.00 0.00 0.00 0.00 0.26 0.69 0.64 0.47 0.38 0.36 0.36 0.36 0.36 0.36 0.36 0.36 0.36 0.37 0.37 0.37 0.37 0.37 0.37 0.37 0.37 0.37 0.37 0.37 0.37 0.36 0.36 0.36 0.36 0.36 0.36 0.35 0.35 0.35 0.35 0.34 0.34 0.34 0.34 0.34 0.33 0.33 0.33 0.33 0.33 0.33 0.33 0.33 0.33 0.34 0.34 0.35 0.35 0.36 0.37 0.38 0.40 0.42 0.44 0.47 0.51 0.55 0.61 0.68 0.77 0.88 1.08 1.13 2.46 1.86 0.00 0.00 0.00 0.00 0.00 0.00 0.00 
0.00 0.00 0.00 0.00 0.00 0.00 0.00 0.00 0.00 0.00 0.18 0.18 0.18 0.18 0.18 0.18 0.18 0.18 0.19 0.19 0.19 0.19 0.19 0.19 0.19 0.19 0.19 0.19 0.19 0.19 0.19 0.19 0.18 0.18 0.18 0.18 0.18 0.18 0.18 0.18 0.18 0.18 0.17 0.17 0.17 0.17 0.17 0.17 0.17 0.17 0.17 0.17 0.17 0.17 0.17 0.17 0.17 0.18 0.18 0.18 0.19 0.20 0.20 0.21 0.23 0.24 0.26 0.28 0.31 0.34 0.38 0.41 0.00 0.00 0.00 0.00 0.00 0.00 0.00 0.00 0.00 0.00 0.00 
0.00 0.00 0.00 0.00 0.00 0.00 0.00 0.00 0.00 0.00 0.00 0.00 0.00 0.00 0.00 0.00 0.00 0.00 0.00 0.00 0.00 0.00 0.00 0.00 0.00 0.00 0.00 0.00 0.00 0.00 0.00 0.00 0.00 0.00 0.00 0.00 0.00 0.00 0.00 0.00 0.00 0.00 0.00 0.00 0.00 0.00 0.00 0.00 0.00 0.00 0.00 0.00 0.00 0.00 0.00 0.00 0.00 0.00 0.00 0.00 0.00 0.00 0.00 0.00 0.00 0.00 0.00 0.00 0.00 0.00 0.00 0.00 0.00 0.00 0.00 0.00 0.00 0.00 0.00 0.00 0.00 0.00 0.00 
