0.00 0.00 0.00 0.00 0.00 0.00 0.00 0.00 0.00 0.00 0.00 0.00 0.00 0.00 0.00 0.00 0.00 0.00 0.00 0.00 0.00 0.00 0.00 0.00 0.00 0.00 0.00 0.00 0.00 0.00 0.00 0.00 0.00 0.00 0.00 0.00 0.00 0.00 0.00 0.00 0.00 0.00 0.00 0.00 0.00 0.00 0.00 0.00 0.00 0.00 0.00 0.00 0.00 0.00 0.00 0.00 0.00 0.00 0.00 0.00 0.00 0.00 0.00 0.00 0.00 0.00 0.00 0.00 0.00 0.00 0.00 0.00 0.00 0.00 0.00 0.00 0.00 0.00 0.00 0.00 0.00 0.00 0.00 
0.00 0.00 0.00 0.00 0.00 0.00 0.00 0.00 0.05 0.15 0.18 0.19 0.19 0.19 0.19 0.19 0.19 0.19 0.19 0.19 0.19 0.19 0.19 0.19 0.20 0.20 0.20 0.20 0.20 0.21 0.21 0.21 0.21 0.21 0.22 0.22 0.22 0.23 0.23 0.23 0.24 0.24 0.25 0.25 0.26 0.27 0.28 0.29 0.30 0.31 0.32 0.34 0.36 0.38 0.40 0.43 0.47 0.51 0.56 0.63 0.71 0.82 0.96 1.14 1.38 1.70 2.11 2.61 3.18 3.82 4.47 5.07 5.37 4.77 1.54 0.00 0.00 0.00 0.00 0.00 0.00 0.00 0.00 
0.00 0.00 0.00 0.00 0.00 0.00 0.11 0.25 0.26 0.18 0.15 0.15 0.14 0.14 0.14 0.14 0.14 0.14 0.14 0.14 0.15 0.15 0.15 0.15 0.15 0.15 0.15 0.15 0.16 0.16 0.16 0.16 0.16 0.17 0.17 0.17 0.17 0.17 0.18 0.18 0.18 0.19 0.19 0.20 0.20 0.21 0.21 0.22 0.23 0.24 0.25 0.26 0.27 0.29 0.31 0.33 0.36 0.39 0.43 0.48 0.55 0.63 0.73 0.87 1.05 1.29 1.59 1.96 2.39 2.87 3.36 3.86 4.45 5.48 8.31 8.53 3.75 0.00 0.00 0.00 0.00 0.00 0.00 
0.00 0.00 0.00 0.00 0.01 0.25 0.25 0.16 0.13 0.11 0.11 0.10 0.10 0.10 0.10 0.10 0.10 0.10 0.10 0.10 0.10 0.10 0.10 0.10 0.11 0.11 0.11 0.11 0.11 0.11 0.11 0.11 0.11 0.12 0.12 0.12 0.12 0.12 0.12 0.13 0.13 0.13 0.13 0.14 0.14 0.14 0.15 0.15 0.16 0.17 0.17 0.18 0.19 0.20 0.22 0.23 0.25 0.28 0.30 0.34 0.38 0.44 0.51 0.61 0.73 0.90 1.10 1.36 1.66 1.99 2.33 2.66 3.06 3.55 4.16 5.28 8.63 8.57 0.22 0.00 0.00 0.00 0.00 
0.00 0.00 0.00 0.01 0.31 0.21 0.14 0.12 0.10 0.09 0.09 0.08 0.08 0.08 0.08 0.08 0.08 0.08 0.08 0.08 0.08 0.08 0.08 0.09 0.09 0.09 0.09 0.09 0.09 0.09 0.09 0.09 0.09 0.09 0.10 0.10 0.10 0.10 0.10 0.10 0.10 0.11 0.11 0.11 0.11 0.12 0.12 0.13 0.13 0.14 0.14 0.15 0.16 0.17 0.18 0.19 0.21 0.22 0.25 0.28 0.31 0.36 0.42 0.49 0.60 0.73 0.90 1.10 1.35 1.61 1.89 2.15 2.48 2.95 3.27 3.82 4.80 7.11 10.49 0.19 0.00 0.00 0.00 
0.00 0.00 0.00 0.29 0.22 0.14 0.11 0.10 0.09 0.08 0.08 0.08 0.08 0.07 0.07 0.07 0.07 0.07 0.08 0.08 0.08 0.08 0.08 0.08 0.08 0.08 0.08 0.08 0.08 0.08 0.08 0.08 0.09 0.09 0.09 0.09 0.09 0.09 0.09 0.09 0.10 0.10 0.10 0.10 0.11 0.11 0.11 0.12 0.12 0.12 0.13 0.14 0.14 0.15 0.16 0.17 0.19 0.21 0.23 0.25 0.29 0.33 0.38 0.45 0.55 0.67 0.82 1.01 1.24 1.48 1.74 1.99 2.29 2.60 2.84 3.33 3.87 4.89 7.57 9.77 0.00 0.00 0.00 
0.00 0.00 0.15 0.32 0.16 0.12 0.10 0.09 0.08 0.07 0.07 0.07 0.07 0.07 0.07 0.07 0.07 0.07 0.07 0.07 0.07 0.07 0.07 0.07 0.07 0.08 0.08 0.08 0.08 0.08 0.08 0.08 0.08 0.08 0.08 0.08 0.08 0.09 0.09 0.09 0.09 0.09 0.09 0.10 0.10 0.10 0.11 0.11 0.11 0.12 0.12 0.13 0.14 0.14 0.15 0.17 0.18 0.19 0.21 0.24 0.27 0.31 0.36 0.43 0.51 0.63 0.77 0.95 1.16 1.39 1.64 1.87 2.08 1.92 2.58 2.99 3.32 3.64 4.94 10.33 4.30 0.00 0.00 
0.00 0.00 0.37 0.20 0.14 0.11 0.09 0.08 0.08 0.07 0.07 0.07 0.07 0.07 0.07 0.07 0.07 0.07 0.07 0.07 0.07 0.07 0.07 0.07 0.07 0.07 0.07 0.07 0.07 0.07 0.07 0.07 0.08 0.08 0.08 0.08 0.08 0.08 0.08 0.08 0.08 0.09 0.09 0.09 0.09 0.10 0.10 0.10 0.11 0.11 0.11 0.12 0.13 0.13 0.14 0.15 0.17 0.18 0.20 0.22 0.25 0.29 0.33 0.40 0.48 0.58 0.71 0.88 1.07 1.28 1.51 1.73 1.96 2.20 2.47 2.60 3.15 3.69 4.51 6.70 11.58 0.00 0.00 
0.00 0.08 0.39 0.17 0.12 0.10 0.09 0.08 0.07 0.07 0.05 0.05 0.05 0.04 0.04 0.04 0.04 0.04 0.05 0.05 0.05 0.05 0.05 0.05 0.05 0.05 0.05 0.05 0.05 0.05 0.05 0.05 0.05 0.05 0.05 0.05 0.05 0.05 0.06 0.06 0.06 0.06 0.06 0.06 0.06 0.06 0.07 0.07 0.07 0.07 0.08 0.08 0.09 0.09 0.10 0.10 0.11 0.12 0.14 0.15 0.17 0.20 0.23 0.27 0.32 0.39 0.48 0.59 0.72 0.86 1.02 1.18 1.47 2.02 2.32 1.63 2.89 2.77 3.22 4.93 10.56 0.00 0.00 
0.00 0.27 0.27 0.16 0.12 0.10 0.08 0.07 0.07 0.04 0.03 0.03 0.03 0.03 0.03 0.03 0.03 0.03 0.03 0.03 0.03 0.03 0.03 0.03 0.03 0.03 0.03 0.03 0.03 0.03 0.03 0.03 0.03 0.03 0.04 0.04 0.04 0.04 0.04 0.04 0.04 0.04 0.04 0.04 0.04 0.04 0.04 0.05 0.05 0.05 0.05 0.05 0.06 0.06 0.07 0.07 0.08 0.08 0.09 0.10 0.12 0.13 0.15 0.18 0.22 0.28 0.34 0.42 0.51 0.62 0.72 0.83 0.93 1.28 2.17 2.50 2.32 2.06 3.99 3.71 7.86 0.00 0.00 
0.00 0.33 0.24 0.15 0.11 0.09 0.08 0.07 0.05 0.03 0.06 0.06 0.06 0.06 0.06 0.06 0.06 0.06 0.06 0.06 0.06 0.06 0.06 0.06 0.06 0.06 0.07 0.07 0.07 0.07 0.07 0.07 0.07 0.07 0.07 0.07 0.07 0.07 0.08 0.08 0.08 0.08 0.08 0.08 0.09 0.09 0.09 0.09 0.10 0.10 0.11 0.11 0.12 0.12 0.13 0.14 0.15 0.17 0.18 0.21 0.23 0.26 0.31 0.36 0.44 0.53 0.66 0.81 0.98 1.17 1.36 1.52 0.92 1.03 1.75 2.45 1.92 3.22 3.73 4.84 6.41 3.26 0.00 
0.00 0.35 0.24 0.15 0.10 0.09 0.08 0.07 0.05 0.03 0.06 0.06 0.06 0.06 0.06 0.06 0.06 0.06 0.06 0.06 0.06 0.06 0.06 0.06 0.06 0.06 0.06 0.07 0.07 0.07 0.07 0.07 0.07 0.07 0.07 0.07 0.07 0.07 0.08 0.08 0.08 0.08 0.08 0.08 0.09 0.09 0.09 0.09 0.10 0.10 0.11 0.11 0.12 0.12 0.13 0.14 0.15 0.17 0.18 0.20 0.23 0.26 0.31 0.36 0.44 0.53 0.65 0.80 0.98 1.17 1.35 1.51 0.92 1.03 1.59 2.43 1.79 3.15 3.50 4.62 6.02 3.22 0.00 
0.00 0.33 0.24 0.15 0.11 0.09 0.08 0.07 0.05 0.03 0.03 0.03 0.03 0.03 0.03 0.03 0.03 0.03 0.03 0.03 0.03 0.03 0.03 0.03 0.03 0.03 0.03 0.03 0.03 0.03 0.03 0.03 0.03 0.03 0.03 0.04 0.04 0.04 0.04 0.04 0.04 0.04 0.04 0.04 0.04 0.04 0.04 0.05 0.05 0.05 0.05 0.05 0.06 0.06 0.06 0.07 0.07 0.08 0.09 0.10 0.11 0.13 0.15 0.18 0.22 0.27 0.34 0.42 0.51 0.61 0.72 0.82 0.93 1.03 1.74 2.44 1.90 1.67 3.70 3.04 6.34 0.00 0.00 
0.00 0.27 0.27 0.16 0.12 0.10 0.07 0.07 0.07 0.04 0.03 0.03 0.03 0.03 0.03 0.03 0.03 0.03 0.03 0.03 0.03 0.03 0.03 0.03 0.03 0.03 0.03 0.03 0.03 0.03 0.03 0.03 0.03 0.03 0.04 0.04 0.04 0.04 0.04 0.04 0.04 0.04 0.04 0.04 0.04 0.04 0.04 0.05 0.05 0.05 0.05 0.05 0.06 0.06 0.07 0.07 0.08 0.08 0.09 0.10 0.12 0.13 0.16 0.19 0.23 0.28 0.35 0.43 0.52 0.63 0.74 0.84 0.94 1.28 2.14 1.28 2.30 2.04 2.42 3.67 5.46 0.00 0.00 
0.00 0.08 0.39 0.17 0.12 0.10 0.08 0.08 0.07 0.07 0.05 0.05 0.05 0.04 0.04 0.04 0.04 0.05 0.05 0.05 0.05 0.05 0.05 0.05 0.05 0.05 0.05 0.05 0.05 0.05 0.05 0.05 0.05 0.05 0.05 0.05 0.05 0.06 0.06 0.06 0.06 0.06 0.06 0.06 0.06 0.07 0.07 0.07 0.07 0.08 0.08 0.08 0.09 0.09 0.10 0.11 0.11 0.13 0.14 0.15 0.17 0.20 0.23 0.27 0.33 0.40 0.49 0.60 0.72 0.87 1.02 1.18 1.46 1.99 2.29 1.64 2.87 2.75 3.20 4.85 10.22 0.00 0.00 
0.00 0.00 0.37 0.20 0.13 0.11 0.09 0.08 0.05 0.07 0.07 0.07 0.07 0.07 0.07 0.07 0.07 0.07 0.07 0.07 0.07 0.07 0.07 0.07 0.07 0.07 0.07 0.07 0.07 0.07 0.07 0.08 0.08 0.08 0.08 0.08 0.08 0.08 0.08 0.08 0.09 0.09 0.09 0.09 0.09 0.10 0.10 0.10 0.11 0.11 0.12 0.12 0.13 0.14 0.15 0.16 0.17 0.19 0.20 0.23 0.25 0.29 0.34 0.40 0.48 0.58 0.71 0.87 1.05 1.26 1.48 1.70 1.90 1.12 1.53 2.55 2.02 2.08 2.71 5.19 6.53 0.00 0.00 
0.00 0.00 0.15 0.31 0.16 0.12 0.10 0.09 0.08 0.06 0.05 0.05 0.04 0.04 0.04 0.04 0.04 0.04 0.04 0.04 0.05 0.05 0.05 0.05 0.05 0.05 0.05 0.05 0.05 0.05 0.05 0.05 0.05 0.05 0.05 0.05 0.05 0.05 0.06 0.06 0.06 0.06 0.06 0.06 0.06 0.06 0.07 0.07 0.07 0.07 0.08 0.08 0.09 0.09 0.10 0.10 0.11 0.12 0.14 0.15 0.17 0.19 0.23 0.27 0.32 0.40 0.49 0.60 0.73 0.88 1.03 1.18 1.43 1.89 2.53 1.92 3.29 3.62 4.84 8.50 0.00 0.00 0.00 
0.00 0.00 0.00 0.29 0.22 0.14 0.10 0.10 0.07 0.05 0.08 0.08 0.08 0.08 0.07 0.08 0.08 0.08 0.08 0.08 0.08 0.08 0.08 0.08 0.08 0.08 0.08 0.08 0.08 0.08 0.09 0.09 0.09 0.09 0.09 0.09 0.09 0.09 0.09 0.10 0.10 0.10 0.10 0.11 0.11 0.11 0.11 0.12 0.12 0.13 0.13 0.14 0.15 0.16 0.17 0.18 0.19 0.21 0.23 0.26 0.29 0.33 0.38 0.45 0.55 0.67 0.82 1.01 1.23 1.47 1.72 1.94 1.18 1.59 2.28 1.88 3.43 4.15 4.80 3.50 0.00 0.00 0.00 
0.00 0.00 0.00 0.01 0.30 0.20 0.13 0.11 0.08 0.09 0.09 0.08 0.08 0.08 0.08 0.08 0.08 0.08 0.08 0.08 0.08 0.08 0.08 0.08 0.08 0.08 0.09 0.09 0.09 0.09 0.09 0.09 0.09 0.09 0.09 0.09 0.10 0.10 0.10 0.10 0.10 0.10 0.11 0.11 0.11 0.12 0.12 0.12 0.13 0.13 0.14 0.15 0.15 0.16 0.17 0.19 0.20 0.22 0.24 0.27 0.30 0.34 0.40 0.47 0.57 0.69 0.85 1.05 1.28 1.53 1.79 2.05 2.43 1.77 2.50 2.30 4.32 4.54 6.80 0.00 0.00 0.00 0.00 
0.00 0.00 0.00 0.00 0.00 0.24 0.24 0.15 0.11 0.08 0.10 0.10 0.10 0.10 0.10 0.10 0.10 0.10 0.10 0.10 0.10 0.10 0.10 0.10 0.10 0.11 0.11 0.11 0.11 0.11 0.11 0.11 0.11 0.11 0.12 0.12 0.12 0.12 0.12 0.13 0.13 0.13 0.13 0.14 0.14 0.14 0.15 0.15 0.16 0.17 0.17 0.18 0.19 0.20 0.22 0.23 0.25 0.27 0.30 0.33 0.38 0.43 0.50 0.59 0.70 0.86 1.05 1.29 1.57 1.89 2.21 2.50 1.89 2.52 3.58 4.11 7.15 3.13 0.00 0.00 0.00 0.00 0.00 
0.00 0.00 0.00 0.00 0.00 0.00 0.09 0.24 0.22 0.16 0.13 0.12 0.12 0.12 0.12 0.12 0.12 0.12 0.12 0.12 0.12 0.12 0.13 0.13 0.13 0.13 0.13 0.13 0.13 0.13 0.14 0.14 0.14 0.14 0.14 0.14 0.15 0.15 0.15 0.15 0.16 0.16 0.16 0.17 0.17 0.18 0.18 0.19 0.20 0.20 0.21 0.22 0.24 0.25 0.27 0.29 0.31 0.34 0.37 0.41 0.46 0.53 0.61 0.71 0.85 1.03 1.26 1.54 1.87 2.24 2.64 3.05 3.61 3.48 7.03 4.81 0.00 0.00 0.00 0.00 0.00 0.00 0.00 
0.00 0.00 0.00 0.00 0.00 0.00 0.00 0.00 0.00 0.00 0.06 0.06 0.06 0.06 0.06 0.06 0.06 0.06 0.06 0.06 0.06 0.06 0.06 0.06 0.07 0.07 0.07 0.07 0.07 0.07 0.07 0.07 0.07 0.07 0.07 0.07 0.07 0.08 0.08 0.08 0.08 0.08 0.08 0.09 0.09 0.09 0.09 0.10 0.10 0.10 0.11 0.11 0.12 0.13 0.14 0.15 0.16 0.17 0.19 0.21 0.23 0.27 0.31 0.36 0.43 0.53 0.64 0.79 0.95 1.14 1.31 1.44 0.00 0.00 0.00 0.00 0.00 0.00 0.00 0.00 0.00 0.00 0.00 
0.00 0.00 0.00 0.00 0.00 0.00 0.00 0.00 0.00 0.00 0.00 0.00 0.00 0.00 0.00 0.00 0.00 0.00 0.00 0.00 0.00 0.00 0.00 0.00 0.00 0.00 0.00 0.00 0.00 0.00 0.00 0.00 0.00 0.00 0.00 0.00 0.00 0.00 0.00 0.00 0.00 0.00 0.00 0.00 0.00 0.00 0.00 0.00 0.00 0.00 0.00 0.00 0.00 0.00 0.00 0.00 0.00 0.00 0.00 0.00 0.00 0.00 0.00 0.00 0.00 0.00 0.00 0.00 0.00 0.00 0.00 0.00 0.00 0.00 0.00 0.00 0.00 0.00 0.00 0.00 0.00 0.00 0.00 
