0.00 0.00 0.00 0.00 0.00 0.00 0.00 0.00 0.00 0.00 0.00 0.00 0.00 0.00 0.00 0.00 0.00 0.00 0.00 0.00 0.00 0.00 0.00 0.00 0.00 0.00 0.00 0.00 0.00 0.00 0.00 0.00 0.00 0.00 0.00 0.00 0.00 0.00 0.00 0.00 0.00 0.00 0.00 0.00 0.00 0.00 0.00 0.00 0.00 0.00 0.00 0.00 0.00 0.00 0.00 0.00 0.00 0.00 0.00 0.00 0.00 0.00 0.00 0.00 0.00 0.00 0.00 0.00 0.00 0.00 0.00 0.00 0.00 0.00 0.00 0.00 0.00 0.00 0.00 0.00 0.00 0.00 0.00 
0.00 0.00 0.00 0.00 0.00 0.00 0.00 0.00 0.04 0.14 0.17 0.18 0.18 0.18 0.18 0.18 0.18 0.18 0.18 0.18 0.18 0.18 0.18 0.18 0.19 0.19 0.19 0.19 0.19 0.20 0.20 0.20 0.20 0.21 0.21 0.21 0.22 0.22 0.22 0.23 0.23 0.24 0.25 0.25 0.26 0.27 0.28 0.29 0.30 0.31 0.33 0.35 0.37 0.39 0.42 0.46 0.50 0.55 0.61 0.69 0.79 0.92 1.10 1.33 1.62 2.00 2.46 2.99 3.58 4.18 4.77 5.29 5.48 4.78 1.53 0.00 0.00 0.00 0.00 0.00 0.00 0.00 0.00 
0.00 0.00 0.00 0.00 0.00 0.00 0.10 0.24 0.24 0.17 0.15 0.14 0.14 0.14 0.14 0.14 0.14 0.14 0.14 0.14 0.14 0.14 0.14 0.14 0.14 0.15 0.15 0.15 0.15 0.15 0.15 0.16 0.16 0.16 0.16 0.16 0.17 0.17 0.17 0.18 0.18 0.18 0.19 0.19 0.20 0.21 0.21 0.22 0.23 0.24 0.25 0.27 0.28 0.30 0.32 0.35 0.38 0.42 0.47 0.53 0.61 0.71 0.84 1.01 1.23 1.51 1.85 2.25 2.69 3.15 3.60 4.04 4.56 5.51 8.25 8.35 3.64 0.00 0.00 0.00 0.00 0.00 0.00 
0.00 0.00 0.00 0.00 0.01 0.24 0.24 0.15 0.12 0.11 0.10 0.10 0.10 0.09 0.09 0.09 0.09 0.09 0.10 0.10 0.10 0.10 0.10 0.10 0.10 0.10 0.10 0.10 0.10 0.11 0.11 0.11 0.11 0.11 0.11 0.12 0.12 0.12 0.12 0.12 0.13 0.13 0.13 0.14 0.14 0.14 0.15 0.16 0.16 0.17 0.18 0.19 0.20 0.21 0.23 0.25 0.27 0.30 0.33 0.37 0.43 0.49 0.59 0.70 0.86 1.05 1.28 1.56 1.86 2.18 2.50 2.79 3.14 3.57 4.13 5.17 8.38 8.24 0.21 0.00 0.00 0.00 0.00 
0.00 0.00 0.00 0.01 0.30 0.20 0.13 0.11 0.10 0.09 0.08 0.08 0.08 0.08 0.08 0.08 0.08 0.08 0.08 0.08 0.08 0.08 0.08 0.08 0.08 0.08 0.08 0.08 0.09 0.09 0.09 0.09 0.09 0.09 0.09 0.09 0.10 0.10 0.10 0.10 0.10 0.11 0.11 0.11 0.11 0.12 0.12 0.13 0.13 0.14 0.14 0.15 0.16 0.17 0.19 0.20 0.22 0.24 0.27 0.30 0.35 0.40 0.48 0.57 0.70 0.85 1.04 1.27 1.51 1.77 2.03 2.26 2.55 2.97 3.25 3.75 4.66 6.85 10.03 0.19 0.00 0.00 0.00 
0.00 0.00 0.00 0.28 0.21 0.14 0.11 0.09 0.08 0.08 0.07 0.07 0.07 0.07 0.07 0.07 0.07 0.07 0.07 0.07 0.07 0.07 0.07 0.07 0.07 0.08 0.08 0.08 0.08 0.08 0.08 0.08 0.08 0.08 0.08 0.09 0.09 0.09 0.09 0.09 0.09 0.10 0.10 0.10 0.10 0.11 0.11 0.12 0.12 0.13 0.13 0.14 0.15 0.16 0.17 0.18 0.20 0.22 0.25 0.28 0.32 0.37 0.44 0.52 0.64 0.78 0.96 1.16 1.39 1.63 1.86 2.08 2.35 2.62 2.82 3.26 3.76 4.72 7.25 9.31 0.00 0.00 0.00 
0.00 0.00 0.15 0.30 0.15 0.11 0.09 0.08 0.07 0.07 0.07 0.07 0.07 0.07 0.07 0.07 0.07 0.07 0.07 0.07 0.07 0.07 0.07 0.07 0.07 0.07 0.07 0.07 0.07 0.07 0.08 0.08 0.08 0.08 0.08 0.08 0.08 0.08 0.09 0.09 0.09 0.09 0.09 0.10 0.10 0.10 0.11 0.11 0.11 0.12 0.13 0.13 0.14 0.15 0.16 0.17 0.19 0.21 0.23 0.26 0.30 0.35 0.41 0.49 0.60 0.73 0.90 1.09 1.31 1.53 1.76 1.96 2.14 1.93 2.57 2.93 3.23 3.52 4.73 9.86 4.11 0.00 0.00 
0.00 0.00 0.36 0.20 0.13 0.10 0.09 0.08 0.07 0.07 0.06 0.06 0.06 0.06 0.06 0.06 0.06 0.06 0.06 0.06 0.06 0.06 0.06 0.07 0.07 0.07 0.07 0.07 0.07 0.07 0.07 0.07 0.07 0.07 0.07 0.08 0.08 0.08 0.08 0.08 0.08 0.09 0.09 0.09 0.09 0.10 0.10 0.10 0.11 0.11 0.12 0.12 0.13 0.14 0.15 0.16 0.18 0.19 0.22 0.24 0.28 0.32 0.38 0.46 0.55 0.68 0.83 1.01 1.20 1.41 1.62 1.82 2.01 2.22 2.46 2.55 3.07 3.56 4.33 6.40 11.07 0.00 0.00 
0.00 0.08 0.38 0.16 0.12 0.09 0.08 0.07 0.07 0.06 0.05 0.04 0.04 0.04 0.04 0.04 0.04 0.04 0.04 0.04 0.04 0.04 0.04 0.04 0.04 0.05 0.05 0.05 0.05 0.05 0.05 0.05 0.05 0.05 0.05 0.05 0.05 0.05 0.05 0.06 0.06 0.06 0.06 0.06 0.06 0.06 0.07 0.07 0.07 0.08 0.08 0.08 0.09 0.10 0.10 0.11 0.12 0.13 0.15 0.17 0.19 0.22 0.26 0.31 0.38 0.46 0.56 0.68 0.81 0.95 1.09 1.24 1.52 2.04 2.31 1.60 2.82 2.68 3.09 4.71 10.11 0.00 0.00 
0.00 0.26 0.27 0.15 0.11 0.09 0.08 0.07 0.06 0.04 0.03 0.03 0.03 0.03 0.03 0.03 0.03 0.03 0.03 0.03 0.03 0.03 0.03 0.03 0.03 0.03 0.03 0.03 0.03 0.03 0.03 0.03 0.03 0.03 0.03 0.03 0.04 0.04 0.04 0.04 0.04 0.04 0.04 0.04 0.04 0.04 0.04 0.05 0.05 0.05 0.05 0.06 0.06 0.06 0.07 0.07 0.08 0.09 0.10 0.11 0.13 0.15 0.18 0.21 0.26 0.32 0.40 0.48 0.58 0.68 0.77 0.86 0.95 1.29 2.17 2.47 2.26 1.99 3.84 3.55 7.53 0.00 0.00 
0.00 0.33 0.24 0.14 0.11 0.09 0.08 0.07 0.05 0.03 0.06 0.06 0.06 0.06 0.06 0.06 0.06 0.06 0.06 0.06 0.06 0.06 0.06 0.06 0.06 0.06 0.06 0.06 0.06 0.06 0.07 0.07 0.07 0.07 0.07 0.07 0.07 0.07 0.07 0.08 0.08 0.08 0.08 0.08 0.09 0.09 0.09 0.09 0.10 0.10 0.11 0.11 0.12 0.13 0.14 0.15 0.16 0.18 0.20 0.22 0.26 0.30 0.35 0.42 0.51 0.62 0.76 0.93 1.11 1.29 1.47 1.62 0.94 1.03 1.75 2.42 1.87 3.12 3.59 4.64 6.14 3.13 0.00 
0.00 0.35 0.23 0.14 0.10 0.09 0.08 0.07 0.05 0.03 0.06 0.06 0.06 0.06 0.06 0.06 0.06 0.06 0.06 0.06 0.06 0.06 0.06 0.06 0.06 0.06 0.06 0.06 0.06 0.06 0.06 0.07 0.07 0.07 0.07 0.07 0.07 0.07 0.07 0.07 0.08 0.08 0.08 0.08 0.08 0.09 0.09 0.09 0.10 0.10 0.11 0.11 0.12 0.13 0.14 0.15 0.16 0.18 0.20 0.22 0.26 0.30 0.35 0.42 0.51 0.62 0.76 0.92 1.10 1.29 1.46 1.61 0.94 1.03 1.58 2.40 1.74 3.06 3.37 4.43 5.78 3.09 0.00 
0.00 0.33 0.24 0.14 0.11 0.09 0.08 0.07 0.05 0.03 0.03 0.03 0.03 0.03 0.03 0.03 0.03 0.03 0.03 0.03 0.03 0.03 0.03 0.03 0.03 0.03 0.03 0.03 0.03 0.03 0.03 0.03 0.03 0.03 0.03 0.03 0.03 0.04 0.04 0.04 0.04 0.04 0.04 0.04 0.04 0.04 0.04 0.05 0.05 0.05 0.05 0.06 0.06 0.06 0.07 0.07 0.08 0.09 0.10 0.11 0.13 0.15 0.18 0.21 0.26 0.32 0.39 0.48 0.58 0.67 0.77 0.86 0.95 1.03 1.74 2.41 1.86 1.60 3.56 2.91 6.09 0.00 0.00 
0.00 0.26 0.26 0.15 0.11 0.09 0.07 0.07 0.06 0.04 0.03 0.03 0.03 0.03 0.03 0.03 0.03 0.03 0.03 0.03 0.03 0.03 0.03 0.03 0.03 0.03 0.03 0.03 0.03 0.03 0.03 0.03 0.03 0.03 0.03 0.03 0.04 0.04 0.04 0.04 0.04 0.04 0.04 0.04 0.04 0.04 0.04 0.05 0.05 0.05 0.05 0.06 0.06 0.06 0.07 0.07 0.08 0.09 0.10 0.11 0.13 0.15 0.18 0.22 0.26 0.33 0.40 0.49 0.59 0.69 0.78 0.88 0.96 1.29 2.15 1.25 2.26 1.98 2.32 3.52 5.24 0.00 0.00 
0.00 0.08 0.37 0.16 0.12 0.09 0.08 0.07 0.07 0.06 0.05 0.04 0.04 0.04 0.04 0.04 0.04 0.04 0.04 0.04 0.04 0.04 0.04 0.04 0.05 0.05 0.05 0.05 0.05 0.05 0.05 0.05 0.05 0.05 0.05 0.05 0.05 0.05 0.05 0.06 0.06 0.06 0.06 0.06 0.06 0.07 0.07 0.07 0.07 0.08 0.08 0.09 0.09 0.10 0.10 0.11 0.12 0.13 0.15 0.17 0.19 0.22 0.26 0.31 0.38 0.46 0.56 0.68 0.81 0.95 1.09 1.24 1.51 2.03 2.30 1.61 2.82 2.67 3.09 4.67 9.83 0.00 0.00 
0.00 0.00 0.35 0.19 0.13 0.10 0.09 0.07 0.04 0.07 0.06 0.06 0.06 0.06 0.06 0.06 0.06 0.06 0.06 0.06 0.06 0.07 0.07 0.07 0.07 0.07 0.07 0.07 0.07 0.07 0.07 0.07 0.07 0.07 0.08 0.08 0.08 0.08 0.08 0.08 0.09 0.09 0.09 0.09 0.09 0.10 0.10 0.10 0.11 0.11 0.12 0.13 0.13 0.14 0.15 0.17 0.18 0.20 0.22 0.25 0.28 0.33 0.38 0.46 0.55 0.67 0.82 0.99 1.19 1.39 1.60 1.80 1.97 1.12 1.53 2.53 1.97 2.01 2.61 5.00 6.27 0.00 0.00 
0.00 0.00 0.14 0.30 0.15 0.11 0.09 0.08 0.07 0.06 0.05 0.04 0.04 0.04 0.04 0.04 0.04 0.04 0.04 0.04 0.04 0.04 0.04 0.04 0.04 0.05 0.05 0.05 0.05 0.05 0.05 0.05 0.05 0.05 0.05 0.05 0.05 0.05 0.05 0.06 0.06 0.06 0.06 0.06 0.06 0.06 0.07 0.07 0.07 0.08 0.08 0.08 0.09 0.09 0.10 0.11 0.12 0.13 0.15 0.16 0.19 0.22 0.26 0.31 0.38 0.46 0.57 0.69 0.82 0.96 1.10 1.24 1.47 1.92 2.54 1.89 3.23 3.52 4.69 8.20 0.00 0.00 0.00 
0.00 0.00 0.00 0.27 0.21 0.13 0.10 0.09 0.07 0.05 0.07 0.07 0.07 0.07 0.07 0.07 0.07 0.07 0.07 0.07 0.07 0.07 0.07 0.08 0.08 0.08 0.08 0.08 0.08 0.08 0.08 0.08 0.08 0.09 0.09 0.09 0.09 0.09 0.09 0.09 0.10 0.10 0.10 0.10 0.11 0.11 0.11 0.12 0.12 0.13 0.14 0.14 0.15 0.16 0.17 0.19 0.20 0.23 0.25 0.28 0.32 0.37 0.44 0.52 0.64 0.78 0.95 1.16 1.39 1.63 1.86 2.05 1.21 1.61 2.29 1.85 3.37 4.05 4.65 3.37 0.00 0.00 0.00 
0.00 0.00 0.00 0.01 0.29 0.19 0.12 0.11 0.07 0.09 0.08 0.08 0.07 0.07 0.07 0.07 0.07 0.07 0.08 0.08 0.08 0.08 0.08 0.08 0.08 0.08 0.08 0.08 0.08 0.08 0.09 0.09 0.09 0.09 0.09 0.09 0.09 0.09 0.10 0.10 0.10 0.10 0.11 0.11 0.11 0.12 0.12 0.12 0.13 0.14 0.14 0.15 0.16 0.17 0.18 0.20 0.21 0.23 0.26 0.29 0.33 0.39 0.46 0.55 0.66 0.81 0.99 1.20 1.44 1.69 1.94 2.17 2.52 1.79 2.51 2.27 4.25 4.43 6.59 0.00 0.00 0.00 0.00 
0.00 0.00 0.00 0.00 0.00 0.23 0.23 0.15 0.11 0.08 0.10 0.09 0.09 0.09 0.09 0.09 0.09 0.09 0.09 0.09 0.10 0.10 0.10 0.10 0.10 0.10 0.10 0.10 0.10 0.11 0.11 0.11 0.11 0.11 0.11 0.11 0.12 0.12 0.12 0.12 0.13 0.13 0.13 0.14 0.14 0.14 0.15 0.15 0.16 0.17 0.18 0.19 0.20 0.21 0.23 0.24 0.27 0.29 0.32 0.36 0.42 0.48 0.57 0.68 0.82 1.00 1.22 1.48 1.78 2.08 2.38 2.65 1.95 2.56 3.60 4.09 7.06 3.05 0.00 0.00 0.00 0.00 0.00 
0.00 0.00 0.00 0.00 0.00 0.00 0.09 0.23 0.21 0.15 0.12 0.11 0.11 0.11 0.11 0.11 0.11 0.11 0.12 0.12 0.12 0.12 0.12 0.12 0.12 0.12 0.12 0.13 0.13 0.13 0.13 0.13 0.13 0.14 0.14 0.14 0.14 0.15 0.15 0.15 0.15 0.16 0.16 0.17 0.17 0.18 0.18 0.19 0.20 0.21 0.22 0.23 0.24 0.26 0.28 0.30 0.33 0.36 0.40 0.45 0.51 0.59 0.69 0.82 0.99 1.20 1.46 1.76 2.11 2.47 2.85 3.22 3.76 3.55 7.10 4.81 0.00 0.00 0.00 0.00 0.00 0.00 0.00 
0.00 0.00 0.00 0.00 0.00 0.00 0.00 0.00 0.00 0.00 0.06 0.06 0.06 0.06 0.06 0.06 0.06 0.06 0.06 0.06 0.06 0.06 0.06 0.06 0.06 0.06 0.06 0.06 0.06 0.07 0.07 0.07 0.07 0.07 0.07 0.07 0.07 0.07 0.08 0.08 0.08 0.08 0.08 0.09 0.09 0.09 0.09 0.10 0.10 0.11 0.11 0.12 0.12 0.13 0.14 0.15 0.17 0.18 0.20 0.23 0.26 0.30 0.35 0.42 0.50 0.61 0.74 0.90 1.08 1.26 1.43 1.55 0.00 0.00 0.00 0.00 0.00 0.00 0.00 0.00 0.00 0.00 0.00 
0.00 0.00 0.00 0.00 0.00 0.00 0.00 0.00 0.00 0.00 0.00 0.00 0.00 0.00 0.00 0.00 0.00 0.00 0.00 0.00 0.00 0.00 0.00 0.00 0.00 0.00 0.00 0.00 0.00 0.00 0.00 0.00 0.00 0.00 0.00 0.00 0.00 0.00 0.00 0.00 0.00 0.00 0.00 0.00 0.00 0.00 0.00 0.00 0.00 0.00 0.00 0.00 0.00 0.00 0.00 0.00 0.00 0.00 0.00 0.00 0.00 0.00 0.00 0.00 0.00 0.00 0.00 0.00 0.00 0.00 0.00 0.00 0.00 0.00 0.00 0.00 0.00 0.00 0.00 0.00 0.00 0.00 0.00 
