0.00 0.00 0.00 0.00 0.00 0.00 0.00 0.00 0.00 0.00 0.00 0.00 0.00 0.00 0.00 0.00 0.00 0.00 0.00 0.00 0.00 0.00 0.00 0.00 0.00 0.00 0.00 0.00 0.00 0.00 0.00 0.00 0.00 0.00 0.00 0.00 0.00 0.00 0.00 0.00 0.00 0.00 0.00 0.00 0.00 0.00 0.00 0.00 0.00 0.00 0.00 0.00 0.00 0.00 0.00 0.00 0.00 0.00 0.00 0.00 0.00 0.00 0.00 0.00 0.00 0.00 0.00 0.00 0.00 0.00 0.00 0.00 0.00 0.00 0.00 0.00 0.00 0.00 0.00 0.00 0.00 0.00 0.00 
0.00 0.00 0.00 0.00 0.00 0.00 0.00 0.00 0.04 0.11 0.13 0.14 0.14 0.14 0.14 0.14 0.14 0.14 0.14 0.14 0.14 0.15 0.15 0.15 0.15 0.16 0.16 0.17 0.17 0.18 0.18 0.19 0.20 0.20 0.21 0.22 0.23 0.24 0.25 0.26 0.28 0.30 0.31 0.34 0.36 0.39 0.43 0.47 0.52 0.58 0.66 0.75 0.87 1.01 1.19 1.39 1.63 1.91 2.20 2.52 2.83 3.14 3.43 3.70 3.93 4.13 4.29 4.43 4.54 4.62 4.68 4.70 4.46 3.64 1.12 0.00 0.00 0.00 0.00 0.00 0.00 0.00 0.00 
0.00 0.00 0.00 0.00 0.00 0.00 0.09 0.20 0.20 0.13 0.11 0.11 0.11 0.10 0.10 0.10 0.10 0.11 0.11 0.11 0.11 0.11 0.11 0.12 0.12 0.12 0.13 0.13 0.13 0.14 0.14 0.15 0.15 0.16 0.16 0.17 0.18 0.18 0.19 0.20 0.22 0.23 0.24 0.26 0.28 0.30 0.33 0.36 0.40 0.45 0.51 0.58 0.67 0.77 0.90 1.06 1.24 1.45 1.67 1.91 2.15 2.39 2.61 2.81 3.00 3.15 3.28 3.39 3.48 3.54 3.60 3.64 3.78 4.26 6.08 5.88 2.48 0.00 0.00 0.00 0.00 0.00 0.00 
0.00 0.00 0.00 0.00 0.01 0.20 0.20 0.12 0.10 0.09 0.08 0.08 0.07 0.07 0.07 0.07 0.07 0.07 0.07 0.08 0.08 0.08 0.08 0.08 0.08 0.09 0.09 0.09 0.09 0.10 0.10 0.10 0.11 0.11 0.11 0.12 0.12 0.13 0.14 0.14 0.15 0.16 0.17 0.18 0.20 0.21 0.23 0.25 0.28 0.31 0.35 0.40 0.46 0.54 0.63 0.74 0.86 1.01 1.16 1.33 1.50 1.66 1.82 1.96 2.09 2.20 2.29 2.37 2.43 2.48 2.52 2.54 2.62 2.77 3.05 3.66 5.75 5.48 0.14 0.00 0.00 0.00 0.00 
0.00 0.00 0.00 0.01 0.26 0.17 0.11 0.09 0.08 0.07 0.06 0.06 0.06 0.06 0.06 0.06 0.06 0.06 0.06 0.06 0.06 0.06 0.07 0.07 0.07 0.07 0.07 0.07 0.08 0.08 0.08 0.08 0.09 0.09 0.09 0.10 0.10 0.11 0.11 0.12 0.12 0.13 0.14 0.15 0.16 0.17 0.19 0.21 0.23 0.26 0.29 0.33 0.38 0.44 0.51 0.60 0.70 0.82 0.94 1.08 1.22 1.35 1.48 1.60 1.70 1.79 1.87 1.93 1.98 2.02 2.05 2.07 2.13 2.31 2.41 2.65 3.20 4.58 6.56 0.12 0.00 0.00 0.00 
0.00 0.00 0.00 0.25 0.19 0.12 0.09 0.08 0.07 0.06 0.06 0.06 0.06 0.05 0.05 0.05 0.05 0.05 0.06 0.06 0.06 0.06 0.06 0.06 0.06 0.06 0.07 0.07 0.07 0.07 0.07 0.08 0.08 0.08 0.08 0.09 0.09 0.10 0.10 0.11 0.11 0.12 0.13 0.14 0.15 0.16 0.17 0.19 0.21 0.23 0.26 0.30 0.35 0.40 0.47 0.55 0.64 0.75 0.87 0.99 1.11 1.24 1.35 1.46 1.56 1.64 1.71 1.77 1.82 1.85 1.88 1.90 1.96 2.04 2.10 2.31 2.59 3.16 4.76 6.01 0.00 0.00 0.00 
0.00 0.00 0.13 0.27 0.13 0.10 0.08 0.07 0.06 0.06 0.05 0.05 0.05 0.05 0.05 0.05 0.05 0.05 0.05 0.05 0.05 0.06 0.06 0.06 0.06 0.06 0.06 0.06 0.07 0.07 0.07 0.07 0.07 0.08 0.08 0.08 0.09 0.09 0.10 0.10 0.11 0.11 0.12 0.13 0.14 0.15 0.16 0.18 0.20 0.22 0.25 0.28 0.33 0.38 0.44 0.52 0.61 0.71 0.81 0.93 1.05 1.17 1.28 1.38 1.47 1.55 1.62 1.67 1.71 1.75 1.78 1.80 1.81 1.52 1.91 2.09 2.23 2.37 3.12 6.41 2.64 0.00 0.00 
0.00 0.00 0.33 0.17 0.11 0.09 0.07 0.06 0.06 0.05 0.05 0.05 0.05 0.05 0.05 0.05 0.05 0.05 0.05 0.05 0.05 0.05 0.05 0.05 0.05 0.06 0.06 0.06 0.06 0.06 0.06 0.07 0.07 0.07 0.07 0.08 0.08 0.09 0.09 0.09 0.10 0.11 0.11 0.12 0.13 0.14 0.15 0.17 0.18 0.21 0.23 0.26 0.30 0.35 0.41 0.48 0.56 0.65 0.75 0.86 0.97 1.08 1.18 1.28 1.36 1.44 1.50 1.55 1.59 1.63 1.65 1.67 1.70 1.74 1.85 1.83 2.13 2.41 2.86 4.16 7.15 0.00 0.00 
0.00 0.07 0.35 0.15 0.10 0.08 0.07 0.06 0.05 0.05 0.04 0.03 0.03 0.03 0.03 0.03 0.03 0.03 0.03 0.03 0.03 0.04 0.04 0.04 0.04 0.04 0.04 0.04 0.04 0.04 0.04 0.05 0.05 0.05 0.05 0.05 0.06 0.06 0.06 0.06 0.07 0.07 0.08 0.08 0.09 0.10 0.10 0.11 0.13 0.14 0.16 0.18 0.21 0.24 0.28 0.33 0.38 0.44 0.51 0.58 0.66 0.73 0.80 0.86 0.92 0.97 1.01 1.05 1.08 1.10 1.12 1.15 1.30 1.63 1.74 1.15 1.97 1.82 2.05 3.08 6.59 0.00 0.00 
0.00 0.25 0.25 0.13 0.10 0.08 0.06 0.06 0.05 0.03 0.02 0.02 0.02 0.02 0.02 0.02 0.02 0.02 0.02 0.02 0.02 0.02 0.02 0.02 0.03 0.03 0.03 0.03 0.03 0.03 0.03 0.03 0.03 0.03 0.03 0.04 0.04 0.04 0.04 0.04 0.05 0.05 0.05 0.05 0.06 0.06 0.07 0.08 0.08 0.09 0.11 0.12 0.14 0.16 0.19 0.23 0.26 0.31 0.36 0.41 0.46 0.51 0.56 0.60 0.64 0.67 0.70 0.72 0.73 0.75 0.76 0.77 0.78 1.01 1.65 1.79 1.59 1.34 2.56 2.32 4.91 0.00 0.00 
0.00 0.32 0.22 0.13 0.09 0.07 0.06 0.06 0.04 0.02 0.05 0.05 0.04 0.04 0.04 0.04 0.04 0.04 0.05 0.05 0.05 0.05 0.05 0.05 0.05 0.05 0.05 0.05 0.06 0.06 0.06 0.06 0.06 0.07 0.07 0.07 0.08 0.08 0.08 0.09 0.09 0.10 0.10 0.11 0.12 0.13 0.14 0.15 0.17 0.19 0.21 0.24 0.28 0.32 0.38 0.44 0.52 0.60 0.69 0.79 0.89 0.99 1.09 1.18 1.26 1.32 1.38 1.43 1.47 1.51 1.53 1.55 0.76 0.78 1.34 1.77 1.30 2.12 2.39 3.05 4.01 2.04 0.00 
0.00 0.34 0.21 0.12 0.09 0.07 0.06 0.06 0.04 0.02 0.05 0.04 0.04 0.04 0.04 0.04 0.04 0.04 0.05 0.05 0.05 0.05 0.05 0.05 0.05 0.05 0.05 0.05 0.06 0.06 0.06 0.06 0.06 0.07 0.07 0.07 0.07 0.08 0.08 0.09 0.09 0.10 0.10 0.11 0.12 0.13 0.14 0.15 0.17 0.19 0.21 0.24 0.28 0.32 0.38 0.44 0.51 0.60 0.69 0.79 0.89 0.99 1.08 1.17 1.25 1.32 1.38 1.43 1.47 1.50 1.52 1.54 0.76 0.78 1.21 1.77 1.21 2.08 2.25 2.91 3.78 2.01 0.00 
0.00 0.32 0.22 0.13 0.09 0.07 0.06 0.06 0.04 0.02 0.02 0.02 0.02 0.02 0.02 0.02 0.02 0.02 0.02 0.02 0.02 0.02 0.02 0.02 0.02 0.03 0.03 0.03 0.03 0.03 0.03 0.03 0.03 0.03 0.03 0.03 0.04 0.04 0.04 0.04 0.04 0.05 0.05 0.05 0.06 0.06 0.07 0.07 0.08 0.09 0.11 0.12 0.14 0.16 0.19 0.22 0.26 0.31 0.35 0.40 0.45 0.50 0.55 0.59 0.63 0.66 0.69 0.71 0.72 0.74 0.75 0.75 0.77 0.78 1.34 1.78 1.31 1.07 2.39 1.91 3.99 0.00 0.00 
0.00 0.25 0.24 0.13 0.10 0.08 0.05 0.06 0.05 0.03 0.02 0.02 0.02 0.02 0.02 0.02 0.02 0.02 0.02 0.02 0.02 0.02 0.02 0.02 0.03 0.03 0.03 0.03 0.03 0.03 0.03 0.03 0.03 0.03 0.03 0.04 0.04 0.04 0.04 0.04 0.05 0.05 0.05 0.05 0.06 0.06 0.07 0.08 0.08 0.09 0.11 0.12 0.14 0.16 0.19 0.23 0.27 0.31 0.36 0.41 0.46 0.51 0.56 0.60 0.64 0.67 0.70 0.72 0.74 0.75 0.76 0.77 0.78 1.02 1.68 0.88 1.61 1.35 1.54 2.33 3.45 0.00 0.00 
0.00 0.07 0.35 0.14 0.10 0.08 0.07 0.06 0.05 0.05 0.04 0.03 0.03 0.03 0.03 0.03 0.03 0.03 0.03 0.03 0.03 0.04 0.04 0.04 0.04 0.04 0.04 0.04 0.04 0.04 0.04 0.05 0.05 0.05 0.05 0.05 0.06 0.06 0.06 0.06 0.07 0.07 0.08 0.08 0.09 0.10 0.10 0.11 0.13 0.14 0.16 0.18 0.21 0.24 0.28 0.33 0.38 0.44 0.51 0.58 0.66 0.73 0.80 0.87 0.92 0.98 1.02 1.06 1.09 1.11 1.13 1.16 1.32 1.66 1.78 1.16 2.02 1.85 2.09 3.10 6.48 0.00 0.00 
0.00 0.00 0.33 0.17 0.11 0.09 0.07 0.06 0.04 0.05 0.05 0.05 0.05 0.05 0.05 0.05 0.05 0.05 0.05 0.05 0.05 0.05 0.05 0.05 0.06 0.06 0.06 0.06 0.06 0.06 0.07 0.07 0.07 0.07 0.08 0.08 0.08 0.09 0.09 0.10 0.10 0.11 0.11 0.12 0.13 0.14 0.15 0.17 0.19 0.21 0.23 0.27 0.30 0.35 0.41 0.48 0.56 0.65 0.75 0.85 0.96 1.07 1.18 1.28 1.36 1.44 1.51 1.57 1.62 1.66 1.69 1.71 1.74 0.86 1.15 1.88 1.38 1.36 1.74 3.33 4.12 0.00 0.00 
0.00 0.00 0.13 0.27 0.13 0.09 0.08 0.07 0.06 0.05 0.04 0.03 0.03 0.03 0.03 0.03 0.03 0.03 0.03 0.03 0.03 0.03 0.04 0.04 0.04 0.04 0.04 0.04 0.04 0.04 0.04 0.05 0.05 0.05 0.05 0.05 0.06 0.06 0.06 0.06 0.07 0.07 0.08 0.08 0.09 0.09 0.10 0.11 0.12 0.14 0.16 0.18 0.21 0.24 0.28 0.33 0.38 0.44 0.51 0.58 0.66 0.73 0.80 0.87 0.92 0.97 1.02 1.05 1.08 1.10 1.12 1.14 1.26 1.57 1.97 1.37 2.31 2.45 3.19 5.50 0.00 0.00 0.00 
0.00 0.00 0.00 0.24 0.18 0.11 0.08 0.07 0.05 0.04 0.06 0.06 0.06 0.05 0.05 0.06 0.06 0.06 0.06 0.06 0.06 0.06 0.06 0.06 0.06 0.07 0.07 0.07 0.07 0.07 0.08 0.08 0.08 0.08 0.09 0.09 0.09 0.10 0.10 0.11 0.12 0.12 0.13 0.14 0.15 0.16 0.18 0.19 0.21 0.24 0.27 0.30 0.35 0.40 0.47 0.55 0.64 0.75 0.86 0.99 1.11 1.24 1.36 1.47 1.57 1.66 1.74 1.80 1.86 1.90 1.94 1.96 1.00 1.28 1.78 1.32 2.41 2.82 3.19 2.24 0.00 0.00 0.00 
0.00 0.00 0.00 0.01 0.25 0.16 0.10 0.09 0.06 0.07 0.06 0.06 0.06 0.06 0.06 0.06 0.06 0.06 0.06 0.06 0.06 0.06 0.06 0.06 0.07 0.07 0.07 0.07 0.07 0.08 0.08 0.08 0.08 0.09 0.09 0.09 0.10 0.10 0.11 0.11 0.12 0.13 0.14 0.14 0.16 0.17 0.18 0.20 0.22 0.25 0.28 0.32 0.36 0.42 0.49 0.57 0.67 0.78 0.90 1.03 1.16 1.29 1.42 1.53 1.64 1.73 1.81 1.88 1.93 1.98 2.02 2.05 2.22 1.42 1.95 1.64 3.07 3.12 4.48 0.00 0.00 0.00 0.00 
0.00 0.00 0.00 0.00 0.00 0.19 0.19 0.12 0.08 0.06 0.08 0.07 0.07 0.07 0.07 0.07 0.07 0.07 0.07 0.07 0.08 0.08 0.08 0.08 0.08 0.08 0.09 0.09 0.09 0.10 0.10 0.10 0.11 0.11 0.11 0.12 0.12 0.13 0.14 0.14 0.15 0.16 0.17 0.18 0.19 0.21 0.23 0.25 0.28 0.31 0.35 0.39 0.45 0.52 0.61 0.71 0.83 0.96 1.11 1.27 1.43 1.60 1.75 1.90 2.03 2.15 2.25 2.33 2.40 2.46 2.51 2.55 1.67 2.07 2.81 3.05 5.15 2.12 0.00 0.00 0.00 0.00 0.00 
0.00 0.00 0.00 0.00 0.00 0.00 0.07 0.19 0.17 0.12 0.10 0.09 0.09 0.09 0.09 0.09 0.09 0.09 0.09 0.09 0.09 0.10 0.10 0.10 0.10 0.10 0.11 0.11 0.11 0.12 0.12 0.13 0.13 0.13 0.14 0.15 0.15 0.16 0.17 0.18 0.19 0.20 0.21 0.22 0.24 0.26 0.28 0.31 0.34 0.38 0.42 0.48 0.55 0.63 0.74 0.86 1.00 1.16 1.34 1.53 1.72 1.92 2.11 2.29 2.45 2.60 2.72 2.83 2.92 3.00 3.06 3.12 3.37 2.96 5.67 3.65 0.00 0.00 0.00 0.00 0.00 0.00 0.00 
0.00 0.00 0.00 0.00 0.00 0.00 0.00 0.00 0.00 0.00 0.05 0.05 0.04 0.04 0.04 0.04 0.05 0.05 0.05 0.05 0.05 0.05 0.05 0.05 0.05 0.05 0.05 0.06 0.06 0.06 0.06 0.06 0.07 0.07 0.07 0.07 0.08 0.08 0.08 0.09 0.09 0.10 0.11 0.11 0.12 0.13 0.14 0.16 0.17 0.19 0.22 0.24 0.28 0.32 0.37 0.44 0.51 0.59 0.68 0.78 0.88 0.98 1.08 1.17 1.26 1.33 1.40 1.45 1.50 1.54 1.57 1.59 0.00 0.00 0.00 0.00 0.00 0.00 0.00 0.00 0.00 0.00 0.00 
0.00 0.00 0.00 0.00 0.00 0.00 0.00 0.00 0.00 0.00 0.00 0.00 0.00 0.00 0.00 0.00 0.00 0.00 0.00 0.00 0.00 0.00 0.00 0.00 0.00 0.00 0.00 0.00 0.00 0.00 0.00 0.00 0.00 0.00 0.00 0.00 0.00 0.00 0.00 0.00 0.00 0.00 0.00 0.00 0.00 0.00 0.00 0.00 0.00 0.00 0.00 0.00 0.00 0.00 0.00 0.00 0.00 0.00 0.00 0.00 0.00 0.00 0.00 0.00 0.00 0.00 0.00 0.00 0.00 0.00 0.00 0.00 0.00 0.00 0.00 0.00 0.00 0.00 0.00 0.00 0.00 0.00 0.00 
