0.00 0.00 0.00 0.00 0.00 0.00 0.00 0.00 0.00 0.00 0.00 0.00 0.00 0.00 0.00 0.00 0.00 0.00 0.00 0.00 0.00 0.00 0.00 0.00 0.00 0.00 0.00 0.00 0.00 0.00 0.00 0.00 0.00 0.00 0.00 0.00 0.00 0.00 0.00 0.00 0.00 0.00 0.00 0.00 0.00 0.00 0.00 0.00 0.00 0.00 0.00 0.00 0.00 0.00 0.00 0.00 0.00 0.00 0.00 0.00 0.00 0.00 0.00 0.00 0.00 0.00 0.00 0.00 0.00 0.00 0.00 0.00 0.00 0.00 0.00 0.00 0.00 0.00 0.00 0.00 0.00 0.00 0.00 
0.00 0.00 0.00 0.00 0.00 0.00 0.00 0.00 0.05 0.18 0.21 0.22 0.22 0.22 0.22 0.22 0.22 0.22 0.22 0.22 0.22 0.23 0.23 0.23 0.23 0.23 0.23 0.23 0.24 0.24 0.24 0.24 0.24 0.24 0.25 0.25 0.25 0.25 0.25 0.26 0.26 0.26 0.27 0.27 0.28 0.28 0.29 0.29 0.30 0.31 0.32 0.33 0.35 0.36 0.38 0.40 0.43 0.46 0.49 0.53 0.59 0.65 0.73 0.84 0.98 1.17 1.42 1.76 2.21 2.77 3.43 4.16 4.72 4.45 1.50 0.00 0.00 0.00 0.00 0.00 0.00 0.00 0.00 
0.00 0.00 0.00 0.00 0.00 0.00 0.13 0.29 0.30 0.21 0.18 0.17 0.17 0.17 0.17 0.17 0.17 0.17 0.17 0.17 0.17 0.17 0.17 0.18 0.18 0.18 0.18 0.18 0.18 0.18 0.18 0.18 0.19 0.19 0.19 0.19 0.19 0.19 0.20 0.20 0.20 0.20 0.21 0.21 0.21 0.22 0.22 0.23 0.23 0.24 0.25 0.26 0.27 0.28 0.29 0.31 0.33 0.35 0.38 0.41 0.45 0.50 0.57 0.65 0.75 0.89 1.08 1.34 1.67 2.08 2.58 3.15 3.87 5.06 8.06 8.64 3.92 0.00 0.00 0.00 0.00 0.00 0.00 
0.00 0.00 0.00 0.00 0.01 0.29 0.29 0.18 0.15 0.13 0.12 0.12 0.12 0.12 0.12 0.12 0.12 0.12 0.12 0.12 0.12 0.12 0.12 0.12 0.12 0.12 0.13 0.13 0.13 0.13 0.13 0.13 0.13 0.13 0.13 0.13 0.13 0.14 0.14 0.14 0.14 0.14 0.14 0.15 0.15 0.15 0.16 0.16 0.16 0.17 0.17 0.18 0.19 0.20 0.20 0.22 0.23 0.25 0.26 0.29 0.32 0.35 0.40 0.45 0.53 0.62 0.75 0.93 1.16 1.44 1.78 2.16 2.65 3.27 4.02 5.33 9.01 9.21 0.24 0.00 0.00 0.00 0.00 
0.00 0.00 0.00 0.01 0.36 0.24 0.16 0.13 0.12 0.11 0.10 0.10 0.10 0.10 0.10 0.10 0.10 0.10 0.10 0.10 0.10 0.10 0.10 0.10 0.10 0.10 0.10 0.10 0.10 0.10 0.10 0.11 0.11 0.11 0.11 0.11 0.11 0.11 0.11 0.11 0.11 0.12 0.12 0.12 0.12 0.12 0.13 0.13 0.13 0.14 0.14 0.15 0.15 0.16 0.17 0.18 0.19 0.20 0.22 0.23 0.26 0.29 0.32 0.37 0.43 0.51 0.61 0.75 0.94 1.17 1.44 1.74 2.14 2.71 3.15 3.86 5.00 7.60 11.47 0.22 0.00 0.00 0.00 
0.00 0.00 0.00 0.33 0.25 0.16 0.13 0.11 0.10 0.10 0.09 0.09 0.09 0.09 0.09 0.09 0.09 0.09 0.09 0.09 0.09 0.09 0.09 0.09 0.09 0.09 0.09 0.09 0.09 0.10 0.10 0.10 0.10 0.10 0.10 0.10 0.10 0.10 0.10 0.10 0.10 0.11 0.11 0.11 0.11 0.11 0.12 0.12 0.12 0.13 0.13 0.13 0.14 0.15 0.15 0.16 0.17 0.18 0.20 0.21 0.24 0.26 0.29 0.34 0.39 0.46 0.56 0.69 0.86 1.07 1.32 1.61 1.99 2.39 2.73 3.35 4.02 5.23 8.26 10.86 0.00 0.00 0.00 
0.00 0.00 0.17 0.36 0.18 0.14 0.12 0.10 0.09 0.09 0.09 0.08 0.08 0.08 0.08 0.08 0.08 0.08 0.08 0.08 0.08 0.09 0.09 0.09 0.09 0.09 0.09 0.09 0.09 0.09 0.09 0.09 0.09 0.09 0.09 0.09 0.09 0.10 0.10 0.10 0.10 0.10 0.10 0.10 0.11 0.11 0.11 0.11 0.12 0.12 0.12 0.13 0.13 0.14 0.14 0.15 0.16 0.17 0.19 0.20 0.22 0.25 0.28 0.32 0.37 0.44 0.53 0.65 0.81 1.01 1.25 1.51 1.78 1.75 2.49 2.99 3.43 3.88 5.37 11.44 4.88 0.00 0.00 
0.00 0.00 0.42 0.23 0.16 0.12 0.11 0.09 0.09 0.08 0.08 0.08 0.08 0.08 0.08 0.08 0.08 0.08 0.08 0.08 0.08 0.08 0.08 0.08 0.08 0.08 0.08 0.08 0.08 0.08 0.08 0.09 0.09 0.09 0.09 0.09 0.09 0.09 0.09 0.09 0.09 0.09 0.09 0.10 0.10 0.10 0.10 0.10 0.11 0.11 0.11 0.12 0.12 0.13 0.14 0.14 0.15 0.16 0.17 0.19 0.21 0.23 0.26 0.30 0.34 0.41 0.49 0.60 0.75 0.93 1.15 1.41 1.69 2.01 2.36 2.60 3.25 3.92 4.90 7.40 13.08 0.00 0.00 
0.00 0.09 0.44 0.19 0.14 0.11 0.10 0.09 0.08 0.08 0.06 0.05 0.05 0.05 0.05 0.05 0.05 0.05 0.05 0.05 0.05 0.05 0.05 0.05 0.06 0.06 0.06 0.06 0.06 0.06 0.06 0.06 0.06 0.06 0.06 0.06 0.06 0.06 0.06 0.06 0.06 0.06 0.06 0.07 0.07 0.07 0.07 0.07 0.07 0.08 0.08 0.08 0.08 0.09 0.09 0.10 0.10 0.11 0.12 0.13 0.14 0.16 0.18 0.20 0.23 0.28 0.33 0.41 0.51 0.63 0.78 0.96 1.27 1.83 2.21 1.64 2.97 2.93 3.49 5.43 11.83 0.00 0.00 
0.00 0.30 0.31 0.18 0.14 0.11 0.09 0.09 0.08 0.05 0.04 0.04 0.04 0.04 0.04 0.04 0.04 0.04 0.04 0.04 0.04 0.04 0.04 0.04 0.04 0.04 0.04 0.04 0.04 0.04 0.04 0.04 0.04 0.04 0.04 0.04 0.04 0.04 0.04 0.04 0.04 0.04 0.04 0.04 0.04 0.05 0.05 0.05 0.05 0.05 0.05 0.05 0.06 0.06 0.06 0.06 0.07 0.07 0.08 0.09 0.09 0.11 0.12 0.14 0.16 0.19 0.23 0.28 0.36 0.45 0.56 0.68 0.82 1.17 2.06 2.47 2.37 2.19 4.31 4.09 8.79 0.00 0.00 
0.00 0.38 0.28 0.17 0.13 0.11 0.09 0.09 0.06 0.04 0.07 0.07 0.07 0.07 0.07 0.07 0.07 0.07 0.07 0.07 0.07 0.07 0.07 0.07 0.07 0.08 0.08 0.08 0.08 0.08 0.08 0.08 0.08 0.08 0.08 0.08 0.08 0.08 0.08 0.08 0.09 0.09 0.09 0.09 0.09 0.09 0.09 0.10 0.10 0.10 0.11 0.11 0.11 0.12 0.12 0.13 0.14 0.15 0.16 0.18 0.19 0.21 0.24 0.27 0.32 0.37 0.45 0.55 0.68 0.84 1.02 1.20 0.81 0.96 1.66 2.41 1.98 3.40 4.03 5.31 7.15 3.71 0.00 
0.00 0.40 0.27 0.16 0.12 0.10 0.09 0.09 0.06 0.04 0.07 0.07 0.07 0.07 0.07 0.07 0.07 0.07 0.07 0.07 0.07 0.07 0.07 0.07 0.07 0.07 0.08 0.08 0.08 0.08 0.08 0.08 0.08 0.08 0.08 0.08 0.08 0.08 0.08 0.08 0.08 0.09 0.09 0.09 0.09 0.09 0.09 0.10 0.10 0.10 0.11 0.11 0.11 0.12 0.12 0.13 0.14 0.15 0.16 0.17 0.19 0.21 0.24 0.27 0.31 0.37 0.45 0.55 0.68 0.84 1.02 1.19 0.81 0.96 1.51 2.38 1.85 3.32 3.77 5.06 6.71 3.66 0.00 
0.00 0.38 0.27 0.17 0.13 0.11 0.09 0.09 0.06 0.04 0.04 0.04 0.04 0.04 0.04 0.04 0.04 0.04 0.04 0.04 0.04 0.04 0.04 0.04 0.04 0.04 0.04 0.04 0.04 0.04 0.04 0.04 0.04 0.04 0.04 0.04 0.04 0.04 0.04 0.04 0.04 0.04 0.04 0.04 0.04 0.04 0.05 0.05 0.05 0.05 0.05 0.05 0.06 0.06 0.06 0.06 0.07 0.07 0.08 0.09 0.09 0.10 0.12 0.13 0.16 0.19 0.23 0.28 0.35 0.45 0.55 0.68 0.82 0.97 1.65 2.39 1.95 1.79 3.96 3.35 7.05 0.00 0.00 
0.00 0.30 0.31 0.18 0.13 0.11 0.08 0.09 0.08 0.05 0.04 0.04 0.04 0.04 0.04 0.04 0.04 0.04 0.04 0.04 0.04 0.04 0.04 0.04 0.04 0.04 0.04 0.04 0.04 0.04 0.04 0.04 0.04 0.04 0.04 0.04 0.04 0.04 0.04 0.04 0.04 0.04 0.04 0.04 0.04 0.05 0.05 0.05 0.05 0.05 0.05 0.05 0.06 0.06 0.06 0.06 0.07 0.07 0.08 0.09 0.09 0.11 0.12 0.14 0.16 0.19 0.23 0.29 0.36 0.46 0.57 0.70 0.83 1.17 2.00 1.30 2.33 2.16 2.61 4.01 6.04 0.00 0.00 
0.00 0.09 0.43 0.19 0.14 0.11 0.10 0.09 0.08 0.08 0.06 0.05 0.05 0.05 0.05 0.05 0.05 0.05 0.05 0.05 0.05 0.05 0.05 0.06 0.06 0.06 0.06 0.06 0.06 0.06 0.06 0.06 0.06 0.06 0.06 0.06 0.06 0.06 0.06 0.06 0.06 0.06 0.07 0.07 0.07 0.07 0.07 0.07 0.07 0.08 0.08 0.08 0.08 0.09 0.09 0.10 0.10 0.11 0.12 0.13 0.14 0.16 0.18 0.20 0.24 0.28 0.34 0.41 0.51 0.63 0.78 0.95 1.24 1.78 2.14 1.63 2.89 2.86 3.42 5.27 11.26 0.00 0.00 
0.00 0.00 0.41 0.23 0.15 0.12 0.11 0.09 0.05 0.08 0.08 0.08 0.08 0.08 0.08 0.08 0.08 0.08 0.08 0.08 0.08 0.08 0.08 0.08 0.08 0.08 0.08 0.08 0.08 0.09 0.09 0.09 0.09 0.09 0.09 0.09 0.09 0.09 0.09 0.09 0.09 0.10 0.10 0.10 0.10 0.10 0.10 0.11 0.11 0.11 0.12 0.12 0.13 0.13 0.14 0.15 0.16 0.17 0.18 0.19 0.21 0.24 0.26 0.30 0.35 0.41 0.49 0.60 0.74 0.91 1.12 1.36 1.60 1.04 1.47 2.48 2.07 2.21 2.92 5.64 7.20 0.00 0.00 
0.00 0.00 0.17 0.35 0.18 0.13 0.11 0.10 0.09 0.07 0.06 0.05 0.05 0.05 0.05 0.05 0.05 0.05 0.05 0.05 0.05 0.05 0.05 0.05 0.05 0.06 0.06 0.06 0.06 0.06 0.06 0.06 0.06 0.06 0.06 0.06 0.06 0.06 0.06 0.06 0.06 0.06 0.06 0.07 0.07 0.07 0.07 0.07 0.07 0.07 0.08 0.08 0.08 0.09 0.09 0.10 0.10 0.11 0.12 0.13 0.14 0.16 0.18 0.20 0.23 0.28 0.33 0.41 0.51 0.63 0.78 0.95 1.22 1.70 2.35 1.92 3.31 3.76 5.13 9.15 0.00 0.00 0.00 
0.00 0.00 0.00 0.32 0.25 0.16 0.12 0.11 0.08 0.06 0.09 0.09 0.09 0.09 0.09 0.09 0.09 0.09 0.09 0.09 0.09 0.09 0.09 0.09 0.09 0.09 0.10 0.10 0.10 0.10 0.10 0.10 0.10 0.10 0.10 0.10 0.10 0.10 0.10 0.11 0.11 0.11 0.11 0.11 0.11 0.12 0.12 0.12 0.12 0.13 0.13 0.14 0.14 0.15 0.16 0.17 0.18 0.19 0.20 0.22 0.24 0.27 0.30 0.34 0.40 0.47 0.56 0.69 0.85 1.05 1.29 1.52 1.02 1.46 2.13 1.89 3.46 4.29 5.07 3.80 0.00 0.00 0.00 
0.00 0.00 0.00 0.01 0.35 0.23 0.15 0.13 0.09 0.11 0.10 0.09 0.09 0.09 0.09 0.09 0.09 0.09 0.09 0.09 0.10 0.10 0.10 0.10 0.10 0.10 0.10 0.10 0.10 0.10 0.10 0.10 0.10 0.10 0.10 0.11 0.11 0.11 0.11 0.11 0.11 0.11 0.11 0.12 0.12 0.12 0.12 0.13 0.13 0.13 0.14 0.14 0.15 0.16 0.16 0.17 0.18 0.20 0.21 0.23 0.25 0.28 0.31 0.36 0.41 0.49 0.58 0.71 0.88 1.10 1.35 1.62 2.03 1.62 2.34 2.29 4.33 4.67 7.21 0.00 0.00 0.00 0.00 
0.00 0.00 0.00 0.00 0.00 0.28 0.28 0.18 0.13 0.10 0.12 0.12 0.12 0.12 0.12 0.12 0.12 0.12 0.12 0.12 0.12 0.12 0.12 0.12 0.12 0.12 0.12 0.12 0.13 0.13 0.13 0.13 0.13 0.13 0.13 0.13 0.13 0.13 0.14 0.14 0.14 0.14 0.14 0.15 0.15 0.15 0.15 0.16 0.16 0.17 0.17 0.18 0.19 0.19 0.20 0.22 0.23 0.25 0.26 0.29 0.31 0.35 0.39 0.44 0.51 0.60 0.72 0.88 1.09 1.35 1.65 1.97 1.62 2.26 3.33 3.99 7.09 3.23 0.00 0.00 0.00 0.00 0.00 
0.00 0.00 0.00 0.00 0.00 0.00 0.11 0.28 0.26 0.19 0.15 0.14 0.14 0.14 0.14 0.14 0.14 0.14 0.14 0.14 0.15 0.15 0.15 0.15 0.15 0.15 0.15 0.15 0.15 0.15 0.16 0.16 0.16 0.16 0.16 0.16 0.16 0.17 0.17 0.17 0.17 0.17 0.18 0.18 0.18 0.19 0.19 0.19 0.20 0.21 0.21 0.22 0.23 0.24 0.25 0.27 0.28 0.30 0.32 0.35 0.39 0.43 0.48 0.54 0.63 0.73 0.88 1.07 1.31 1.62 1.99 2.42 3.01 3.08 6.45 4.59 0.00 0.00 0.00 0.00 0.00 0.00 0.00 
0.00 0.00 0.00 0.00 0.00 0.00 0.00 0.00 0.00 0.00 0.07 0.07 0.07 0.07 0.07 0.07 0.07 0.07 0.07 0.07 0.07 0.07 0.08 0.08 0.08 0.08 0.08 0.08 0.08 0.08 0.08 0.08 0.08 0.08 0.08 0.08 0.08 0.08 0.09 0.09 0.09 0.09 0.09 0.09 0.09 0.09 0.10 0.10 0.10 0.11 0.11 0.11 0.12 0.12 0.13 0.14 0.14 0.15 0.17 0.18 0.20 0.22 0.24 0.28 0.32 0.37 0.45 0.54 0.66 0.81 0.97 1.09 0.00 0.00 0.00 0.00 0.00 0.00 0.00 0.00 0.00 0.00 0.00 
0.00 0.00 0.00 0.00 0.00 0.00 0.00 0.00 0.00 0.00 0.00 0.00 0.00 0.00 0.00 0.00 0.00 0.00 0.00 0.00 0.00 0.00 0.00 0.00 0.00 0.00 0.00 0.00 0.00 0.00 0.00 0.00 0.00 0.00 0.00 0.00 0.00 0.00 0.00 0.00 0.00 0.00 0.00 0.00 0.00 0.00 0.00 0.00 0.00 0.00 0.00 0.00 0.00 0.00 0.00 0.00 0.00 0.00 0.00 0.00 0.00 0.00 0.00 0.00 0.00 0.00 0.00 0.00 0.00 0.00 0.00 0.00 0.00 0.00 0.00 0.00 0.00 0.00 0.00 0.00 0.00 0.00 0.00 
