0.00 0.00 0.00 0.00 0.00 0.00 0.00 0.00 0.00 0.00 0.00 0.00 0.00 0.00 0.00 0.00 0.00 0.00 0.00 0.00 0.00 0.00 0.00 0.00 0.00 0.00 0.00 0.00 0.00 0.00 0.00 0.00 0.00 0.00 0.00 0.00 0.00 0.00 0.00 0.00 0.00 0.00 0.00 0.00 0.00 0.00 0.00 0.00 0.00 0.00 0.00 0.00 0.00 0.00 0.00 0.00 0.00 0.00 0.00 0.00 0.00 0.00 0.00 0.00 0.00 0.00 0.00 0.00 0.00 0.00 0.00 0.00 0.00 0.00 0.00 0.00 0.00 0.00 0.00 0.00 0.00 0.00 0.00 
0.00 0.00 0.00 0.00 0.00 0.00 0.00 0.00 0.14 0.46 0.56 0.59 0.60 0.59 0.59 0.59 0.59 0.60 0.60 0.60 0.60 0.60 0.60 0.60 0.60 0.60 0.60 0.60 0.60 0.59 0.59 0.59 0.59 0.58 0.58 0.58 0.57 0.57 0.56 0.56 0.55 0.55 0.54 0.54 0.54 0.53 0.53 0.52 0.52 0.52 0.52 0.51 0.51 0.51 0.52 0.52 0.52 0.53 0.54 0.55 0.56 0.58 0.60 0.63 0.67 0.71 0.76 0.83 0.92 1.04 1.18 1.37 1.56 1.55 0.57 0.00 0.00 0.00 0.00 0.00 0.00 0.00 0.00 
0.00 0.00 0.00 0.00 0.00 0.00 0.32 0.75 0.77 0.54 0.48 0.46 0.46 0.46 0.46 0.46 0.46 0.46 0.46 0.46 0.46 0.46 0.46 0.46 0.46 0.46 0.46 0.46 0.46 0.46 0.46 0.45 0.45 0.45 0.45 0.44 0.44 0.44 0.43 0.43 0.43 0.42 0.42 0.42 0.41 0.41 0.41 0.40 0.40 0.40 0.40 0.40 0.40 0.40 0.40 0.40 0.40 0.41 0.41 0.42 0.43 0.45 0.46 0.49 0.51 0.55 0.59 0.64 0.71 0.80 0.91 1.06 1.30 1.79 3.17 3.94 2.13 0.00 0.00 0.00 0.00 0.00 0.00 
0.00 0.00 0.00 0.00 0.02 0.71 0.74 0.47 0.39 0.35 0.33 0.32 0.32 0.32 0.32 0.32 0.32 0.32 0.32 0.32 0.32 0.32 0.32 0.32 0.32 0.32 0.32 0.32 0.32 0.32 0.32 0.32 0.32 0.31 0.31 0.31 0.31 0.31 0.30 0.30 0.30 0.30 0.29 0.29 0.29 0.29 0.28 0.28 0.28 0.28 0.28 0.28 0.28 0.28 0.28 0.28 0.28 0.29 0.29 0.30 0.30 0.31 0.33 0.34 0.36 0.38 0.41 0.45 0.50 0.56 0.63 0.73 0.89 1.15 1.56 2.44 5.04 6.52 0.20 0.00 0.00 0.00 0.00 
0.00 0.00 0.00 0.02 0.86 0.59 0.41 0.34 0.30 0.29 0.27 0.26 0.26 0.26 0.26 0.26 0.26 0.26 0.26 0.26 0.26 0.26 0.26 0.26 0.26 0.26 0.26 0.26 0.26 0.26 0.26 0.26 0.26 0.26 0.25 0.25 0.25 0.25 0.25 0.24 0.24 0.24 0.24 0.24 0.24 0.23 0.23 0.23 0.23 0.23 0.23 0.23 0.23 0.23 0.23 0.23 0.23 0.23 0.24 0.24 0.25 0.26 0.27 0.28 0.29 0.31 0.34 0.37 0.40 0.45 0.51 0.59 0.72 0.95 1.21 1.78 2.75 5.31 10.17 0.22 0.00 0.00 0.00 
0.00 0.00 0.00 0.78 0.62 0.41 0.33 0.29 0.26 0.26 0.24 0.24 0.24 0.24 0.24 0.24 0.24 0.24 0.24 0.24 0.24 0.24 0.24 0.24 0.24 0.24 0.24 0.24 0.24 0.24 0.24 0.24 0.24 0.23 0.23 0.23 0.23 0.23 0.23 0.22 0.22 0.22 0.22 0.22 0.22 0.21 0.21 0.21 0.21 0.21 0.21 0.21 0.21 0.21 0.21 0.21 0.21 0.21 0.22 0.22 0.23 0.23 0.24 0.25 0.27 0.29 0.31 0.33 0.37 0.41 0.47 0.54 0.66 0.83 1.05 1.52 2.18 3.57 7.28 11.88 0.00 0.00 0.00 
0.00 0.00 0.39 0.84 0.44 0.34 0.29 0.26 0.24 0.23 0.23 0.22 0.22 0.22 0.22 0.22 0.22 0.23 0.23 0.23 0.23 0.23 0.23 0.23 0.23 0.23 0.23 0.23 0.23 0.23 0.22 0.22 0.22 0.22 0.22 0.22 0.22 0.22 0.21 0.21 0.21 0.21 0.21 0.21 0.20 0.20 0.20 0.20 0.20 0.20 0.20 0.20 0.20 0.20 0.20 0.20 0.20 0.20 0.21 0.21 0.22 0.22 0.23 0.24 0.25 0.27 0.29 0.32 0.35 0.39 0.45 0.51 0.60 0.62 0.95 1.30 1.81 2.60 4.63 12.26 6.26 0.00 0.00 
0.00 0.00 0.95 0.54 0.38 0.31 0.27 0.24 0.23 0.22 0.21 0.21 0.21 0.21 0.21 0.21 0.21 0.21 0.21 0.21 0.21 0.21 0.21 0.21 0.21 0.21 0.21 0.21 0.21 0.21 0.21 0.21 0.21 0.21 0.20 0.20 0.20 0.20 0.20 0.20 0.20 0.19 0.19 0.19 0.19 0.19 0.19 0.19 0.18 0.18 0.18 0.18 0.18 0.18 0.18 0.18 0.19 0.19 0.19 0.20 0.20 0.21 0.22 0.22 0.24 0.25 0.27 0.30 0.33 0.36 0.42 0.48 0.57 0.70 0.88 1.15 1.67 2.55 4.10 7.70 16.19 0.00 0.00 
0.00 0.19 0.99 0.45 0.34 0.28 0.25 0.23 0.22 0.20 0.16 0.14 0.14 0.14 0.14 0.14 0.14 0.14 0.14 0.14 0.14 0.14 0.14 0.14 0.14 0.14 0.14 0.14 0.14 0.14 0.14 0.14 0.14 0.14 0.14 0.14 0.14 0.14 0.14 0.13 0.13 0.13 0.13 0.13 0.13 0.13 0.13 0.13 0.13 0.13 0.12 0.12 0.12 0.12 0.13 0.13 0.13 0.13 0.13 0.13 0.14 0.14 0.15 0.15 0.16 0.17 0.18 0.20 0.22 0.25 0.28 0.33 0.44 0.65 0.83 0.74 1.53 1.92 2.90 5.53 13.94 0.00 0.00 
0.00 0.66 0.70 0.42 0.33 0.28 0.24 0.22 0.20 0.13 0.10 0.10 0.10 0.10 0.10 0.10 0.10 0.10 0.10 0.10 0.10 0.10 0.10 0.10 0.10 0.10 0.10 0.10 0.10 0.10 0.10 0.10 0.09 0.09 0.09 0.09 0.09 0.09 0.09 0.09 0.09 0.09 0.09 0.09 0.09 0.09 0.09 0.08 0.08 0.08 0.08 0.08 0.08 0.08 0.08 0.08 0.08 0.09 0.09 0.09 0.09 0.09 0.10 0.10 0.11 0.11 0.12 0.14 0.15 0.17 0.19 0.23 0.27 0.42 0.80 1.04 1.24 1.52 3.38 4.24 10.10 0.00 0.00 
0.00 0.83 0.62 0.40 0.31 0.27 0.24 0.22 0.17 0.10 0.19 0.19 0.19 0.19 0.19 0.19 0.19 0.19 0.19 0.19 0.19 0.19 0.20 0.20 0.20 0.20 0.19 0.19 0.19 0.19 0.19 0.19 0.19 0.19 0.19 0.19 0.19 0.19 0.18 0.18 0.18 0.18 0.18 0.18 0.18 0.17 0.17 0.17 0.17 0.17 0.17 0.17 0.17 0.17 0.17 0.17 0.17 0.17 0.18 0.18 0.19 0.19 0.20 0.21 0.22 0.23 0.25 0.27 0.30 0.33 0.37 0.42 0.27 0.34 0.65 1.02 1.07 2.13 3.18 5.10 8.11 4.70 0.00 
0.00 0.88 0.61 0.39 0.29 0.26 0.24 0.22 0.15 0.10 0.19 0.19 0.19 0.19 0.19 0.19 0.19 0.19 0.19 0.19 0.19 0.19 0.19 0.19 0.19 0.19 0.19 0.19 0.19 0.19 0.19 0.19 0.19 0.19 0.19 0.19 0.19 0.18 0.18 0.18 0.18 0.18 0.18 0.18 0.17 0.17 0.17 0.17 0.17 0.17 0.17 0.17 0.17 0.17 0.17 0.17 0.17 0.17 0.18 0.18 0.19 0.19 0.20 0.21 0.22 0.23 0.25 0.27 0.30 0.33 0.37 0.42 0.27 0.34 0.59 1.01 1.01 2.07 2.93 4.79 7.48 4.56 0.00 
0.00 0.83 0.62 0.39 0.30 0.27 0.24 0.22 0.17 0.10 0.10 0.10 0.09 0.09 0.09 0.09 0.09 0.09 0.10 0.10 0.10 0.10 0.10 0.10 0.10 0.10 0.10 0.10 0.10 0.09 0.09 0.09 0.09 0.09 0.09 0.09 0.09 0.09 0.09 0.09 0.09 0.09 0.09 0.09 0.09 0.08 0.08 0.08 0.08 0.08 0.08 0.08 0.08 0.08 0.08 0.08 0.08 0.08 0.09 0.09 0.09 0.09 0.10 0.10 0.11 0.11 0.12 0.13 0.15 0.17 0.19 0.22 0.27 0.34 0.64 1.00 1.02 1.30 2.99 3.44 7.64 0.00 0.00 
0.00 0.66 0.70 0.41 0.32 0.27 0.20 0.22 0.20 0.13 0.10 0.10 0.10 0.10 0.10 0.10 0.10 0.10 0.10 0.10 0.10 0.10 0.10 0.10 0.10 0.10 0.10 0.10 0.10 0.10 0.10 0.10 0.09 0.09 0.09 0.09 0.09 0.09 0.09 0.09 0.09 0.09 0.09 0.09 0.09 0.09 0.09 0.08 0.08 0.08 0.08 0.08 0.08 0.08 0.08 0.08 0.08 0.09 0.09 0.09 0.09 0.09 0.10 0.10 0.11 0.11 0.12 0.13 0.15 0.17 0.19 0.23 0.27 0.41 0.76 0.60 1.18 1.45 2.21 3.85 6.36 0.00 0.00 
0.00 0.19 0.98 0.45 0.33 0.28 0.25 0.23 0.22 0.20 0.16 0.14 0.14 0.14 0.14 0.14 0.14 0.14 0.14 0.14 0.14 0.14 0.15 0.15 0.15 0.15 0.15 0.14 0.14 0.14 0.14 0.14 0.14 0.14 0.14 0.14 0.14 0.14 0.14 0.14 0.13 0.13 0.13 0.13 0.13 0.13 0.13 0.13 0.13 0.13 0.13 0.13 0.13 0.13 0.13 0.13 0.13 0.13 0.13 0.13 0.14 0.14 0.15 0.15 0.16 0.17 0.19 0.20 0.22 0.25 0.28 0.33 0.43 0.63 0.79 0.73 1.41 1.77 2.66 4.73 11.26 0.00 0.00 
0.00 0.00 0.93 0.53 0.36 0.30 0.27 0.23 0.14 0.22 0.21 0.21 0.21 0.21 0.21 0.21 0.21 0.21 0.21 0.21 0.21 0.21 0.21 0.21 0.21 0.21 0.21 0.21 0.21 0.21 0.21 0.21 0.21 0.21 0.21 0.21 0.21 0.20 0.20 0.20 0.20 0.20 0.20 0.20 0.19 0.19 0.19 0.19 0.19 0.19 0.19 0.19 0.19 0.19 0.19 0.19 0.19 0.19 0.20 0.20 0.21 0.21 0.22 0.23 0.24 0.26 0.28 0.30 0.33 0.37 0.42 0.47 0.55 0.36 0.56 1.04 1.07 1.47 2.36 4.98 7.10 0.00 0.00 
0.00 0.00 0.38 0.83 0.43 0.33 0.28 0.26 0.24 0.19 0.15 0.14 0.14 0.14 0.14 0.14 0.14 0.14 0.14 0.14 0.14 0.14 0.14 0.14 0.14 0.14 0.14 0.14 0.14 0.14 0.14 0.14 0.14 0.14 0.14 0.14 0.14 0.14 0.13 0.13 0.13 0.13 0.13 0.13 0.13 0.13 0.13 0.13 0.13 0.12 0.12 0.12 0.12 0.12 0.12 0.13 0.13 0.13 0.13 0.13 0.14 0.14 0.15 0.15 0.16 0.17 0.18 0.20 0.22 0.25 0.28 0.32 0.42 0.60 0.87 0.85 1.59 2.20 3.59 7.45 0.00 0.00 0.00 
0.00 0.00 0.00 0.76 0.60 0.40 0.29 0.29 0.22 0.16 0.24 0.24 0.24 0.24 0.24 0.24 0.24 0.24 0.24 0.24 0.24 0.24 0.24 0.24 0.24 0.24 0.24 0.24 0.24 0.24 0.24 0.24 0.24 0.24 0.24 0.24 0.23 0.23 0.23 0.23 0.23 0.23 0.22 0.22 0.22 0.22 0.22 0.22 0.21 0.21 0.21 0.21 0.21 0.21 0.21 0.22 0.22 0.22 0.22 0.23 0.23 0.24 0.25 0.26 0.28 0.29 0.32 0.34 0.38 0.42 0.47 0.52 0.33 0.51 0.80 0.85 1.66 2.43 3.48 3.07 0.00 0.00 0.00 
0.00 0.00 0.00 0.02 0.84 0.58 0.37 0.33 0.24 0.29 0.27 0.25 0.25 0.25 0.25 0.25 0.25 0.25 0.25 0.25 0.25 0.25 0.25 0.25 0.25 0.25 0.25 0.25 0.25 0.25 0.25 0.25 0.25 0.25 0.25 0.25 0.24 0.24 0.24 0.24 0.24 0.23 0.23 0.23 0.23 0.23 0.23 0.22 0.22 0.22 0.22 0.22 0.22 0.22 0.22 0.22 0.23 0.23 0.23 0.24 0.24 0.25 0.26 0.27 0.29 0.31 0.33 0.36 0.39 0.44 0.49 0.56 0.68 0.56 0.86 0.99 1.99 2.60 4.71 0.00 0.00 0.00 0.00 
0.00 0.00 0.00 0.00 0.00 0.69 0.72 0.46 0.34 0.25 0.33 0.31 0.31 0.31 0.31 0.31 0.31 0.31 0.31 0.31 0.32 0.32 0.32 0.32 0.32 0.32 0.32 0.32 0.32 0.31 0.31 0.31 0.31 0.31 0.31 0.31 0.30 0.30 0.30 0.30 0.29 0.29 0.29 0.29 0.29 0.28 0.28 0.28 0.28 0.28 0.28 0.28 0.28 0.28 0.28 0.28 0.28 0.29 0.29 0.30 0.31 0.31 0.33 0.34 0.36 0.38 0.41 0.45 0.49 0.54 0.61 0.68 0.54 0.78 1.21 1.61 3.18 1.71 0.00 0.00 0.00 0.00 0.00 
0.00 0.00 0.00 0.00 0.00 0.00 0.27 0.73 0.68 0.50 0.41 0.38 0.38 0.38 0.38 0.38 0.38 0.38 0.39 0.39 0.39 0.39 0.39 0.39 0.39 0.39 0.39 0.39 0.39 0.39 0.39 0.38 0.38 0.38 0.38 0.38 0.37 0.37 0.37 0.37 0.36 0.36 0.36 0.35 0.35 0.35 0.35 0.35 0.34 0.34 0.34 0.34 0.34 0.34 0.34 0.35 0.35 0.35 0.36 0.37 0.38 0.39 0.40 0.42 0.44 0.47 0.50 0.55 0.60 0.67 0.75 0.86 1.04 1.08 2.34 1.76 0.00 0.00 0.00 0.00 0.00 0.00 0.00 
0.00 0.00 0.00 0.00 0.00 0.00 0.00 0.00 0.00 0.00 0.19 0.19 0.19 0.19 0.19 0.19 0.19 0.20 0.20 0.20 0.20 0.20 0.20 0.20 0.20 0.20 0.20 0.20 0.20 0.20 0.20 0.20 0.19 0.19 0.19 0.19 0.19 0.19 0.19 0.19 0.18 0.18 0.18 0.18 0.18 0.18 0.18 0.18 0.17 0.17 0.17 0.17 0.17 0.17 0.17 0.18 0.18 0.18 0.18 0.19 0.19 0.20 0.21 0.21 0.23 0.24 0.26 0.28 0.30 0.34 0.37 0.40 0.00 0.00 0.00 0.00 0.00 0.00 0.00 0.00 0.00 0.00 0.00 
0.00 0.00 0.00 0.00 0.00 0.00 0.00 0.00 0.00 0.00 0.00 0.00 0.00 0.00 0.00 0.00 0.00 0.00 0.00 0.00 0.00 0.00 0.00 0.00 0.00 0.00 0.00 0.00 0.00 0.00 0.00 0.00 0.00 0.00 0.00 0.00 0.00 0.00 0.00 0.00 0.00 0.00 0.00 0.00 0.00 0.00 0.00 0.00 0.00 0.00 0.00 0.00 0.00 0.00 0.00 0.00 0.00 0.00 0.00 0.00 0.00 0.00 0.00 0.00 0.00 0.00 0.00 0.00 0.00 0.00 0.00 0.00 0.00 0.00 0.00 0.00 0.00 0.00 0.00 0.00 0.00 0.00 0.00 
