0.00 0.00 0.00 0.00 0.00 0.00 0.00 0.00 0.00 0.00 0.00 0.00 0.00 0.00 0.00 0.00 0.00 0.00 0.00 0.00 0.00 0.00 0.00 0.00 0.00 0.00 0.00 0.00 0.00 0.00 0.00 0.00 0.00 0.00 0.00 0.00 0.00 0.00 0.00 0.00 0.00 0.00 0.00 0.00 0.00 0.00 0.00 0.00 0.00 0.00 0.00 0.00 0.00 0.00 0.00 0.00 0.00 0.00 0.00 0.00 0.00 0.00 0.00 0.00 0.00 0.00 0.00 0.00 0.00 0.00 0.00 0.00 0.00 0.00 0.00 0.00 0.00 0.00 0.00 0.00 0.00 0.00 0.00 
0.00 0.00 0.00 0.00 0.00 0.00 0.00 0.00 0.48 1.46 1.68 1.69 1.62 1.56 1.52 1.49 1.47 1.46 1.46 1.46 1.47 1.49 1.51 1.53 1.56 1.59 1.62 1.66 1.70 1.74 1.79 1.84 1.89 1.94 2.00 2.06 2.12 2.18 2.24 2.30 2.36 2.41 2.45 2.49 2.51 2.52 2.52 2.51 2.49 2.45 2.41 2.36 2.30 2.24 2.18 2.12 2.06 2.00 1.94 1.89 1.84 1.80 1.76 1.72 1.68 1.65 1.62 1.59 1.57 1.55 1.54 1.52 1.42 1.15 0.35 0.00 0.00 0.00 0.00 0.00 0.00 0.00 0.00 
0.00 0.00 0.00 0.00 0.00 0.00 1.23 2.71 2.61 1.70 1.42 1.31 1.25 1.20 1.17 1.15 1.13 1.12 1.12 1.13 1.13 1.14 1.16 1.18 1.20 1.22 1.25 1.28 1.31 1.34 1.38 1.42 1.46 1.50 1.54 1.59 1.63 1.68 1.73 1.77 1.81 1.85 1.89 1.91 1.93 1.95 1.95 1.94 1.92 1.90 1.86 1.82 1.78 1.74 1.69 1.64 1.59 1.55 1.51 1.46 1.43 1.39 1.36 1.33 1.30 1.27 1.25 1.23 1.21 1.20 1.19 1.18 1.21 1.35 1.92 1.85 0.78 0.00 0.00 0.00 0.00 0.00 0.00 
0.00 0.00 0.00 0.00 0.08 3.01 2.89 1.68 1.30 1.10 0.98 0.91 0.87 0.84 0.82 0.80 0.79 0.79 0.79 0.79 0.79 0.80 0.81 0.82 0.84 0.86 0.87 0.89 0.92 0.94 0.96 0.99 1.02 1.05 1.08 1.11 1.14 1.18 1.21 1.24 1.27 1.30 1.32 1.34 1.35 1.36 1.36 1.36 1.35 1.33 1.31 1.28 1.25 1.22 1.18 1.15 1.12 1.09 1.06 1.03 1.00 0.98 0.95 0.93 0.91 0.89 0.88 0.86 0.85 0.84 0.83 0.83 0.84 0.88 0.96 1.15 1.82 1.74 0.04 0.00 0.00 0.00 0.00 
0.00 0.00 0.00 0.09 4.06 2.53 1.61 1.23 1.02 0.91 0.80 0.74 0.71 0.68 0.67 0.65 0.64 0.64 0.64 0.64 0.65 0.65 0.66 0.67 0.68 0.70 0.71 0.73 0.75 0.77 0.79 0.81 0.83 0.85 0.88 0.91 0.93 0.96 0.98 1.01 1.03 1.06 1.08 1.09 1.10 1.11 1.11 1.11 1.10 1.08 1.06 1.04 1.02 0.99 0.97 0.94 0.91 0.89 0.86 0.84 0.82 0.80 0.78 0.76 0.74 0.73 0.72 0.70 0.69 0.69 0.68 0.67 0.68 0.73 0.76 0.84 1.01 1.46 2.11 0.04 0.00 0.00 0.00 
0.00 0.00 0.00 4.12 2.92 1.74 1.29 1.05 0.88 0.80 0.73 0.68 0.65 0.63 0.61 0.60 0.59 0.59 0.59 0.59 0.59 0.60 0.61 0.62 0.63 0.64 0.65 0.67 0.68 0.70 0.72 0.74 0.76 0.78 0.81 0.83 0.85 0.88 0.90 0.92 0.95 0.97 0.99 1.00 1.01 1.02 1.02 1.01 1.00 0.99 0.97 0.95 0.93 0.91 0.88 0.86 0.83 0.81 0.79 0.77 0.75 0.73 0.71 0.70 0.68 0.67 0.66 0.64 0.64 0.63 0.62 0.62 0.63 0.65 0.66 0.73 0.82 1.01 1.53 1.96 0.00 0.00 0.00 
0.00 0.00 2.31 4.49 2.07 1.44 1.13 0.95 0.80 0.71 0.67 0.64 0.61 0.59 0.58 0.56 0.56 0.56 0.55 0.56 0.56 0.57 0.57 0.58 0.59 0.60 0.62 0.63 0.65 0.66 0.68 0.70 0.72 0.74 0.76 0.78 0.81 0.83 0.85 0.87 0.90 0.92 0.93 0.95 0.96 0.96 0.96 0.96 0.95 0.94 0.92 0.90 0.88 0.86 0.84 0.81 0.79 0.77 0.75 0.73 0.71 0.69 0.67 0.66 0.65 0.63 0.62 0.61 0.60 0.59 0.59 0.58 0.58 0.48 0.60 0.66 0.70 0.75 1.00 2.09 0.87 0.00 0.00 
0.00 0.00 5.79 2.89 1.77 1.31 1.05 0.86 0.77 0.68 0.63 0.59 0.57 0.55 0.54 0.53 0.52 0.52 0.52 0.52 0.52 0.53 0.54 0.54 0.55 0.56 0.58 0.59 0.60 0.62 0.64 0.65 0.67 0.69 0.71 0.73 0.75 0.77 0.79 0.82 0.84 0.85 0.87 0.88 0.89 0.90 0.90 0.89 0.89 0.88 0.86 0.84 0.83 0.80 0.78 0.76 0.74 0.72 0.70 0.68 0.66 0.65 0.63 0.62 0.60 0.59 0.58 0.57 0.56 0.56 0.55 0.55 0.54 0.55 0.58 0.58 0.67 0.76 0.92 1.35 2.36 0.00 0.00 
0.00 1.32 6.13 2.42 1.59 1.19 0.97 0.83 0.73 0.64 0.48 0.41 0.39 0.38 0.37 0.36 0.35 0.35 0.35 0.35 0.36 0.36 0.36 0.37 0.38 0.38 0.39 0.40 0.41 0.42 0.43 0.44 0.46 0.47 0.48 0.50 0.51 0.53 0.54 0.56 0.57 0.58 0.59 0.60 0.61 0.61 0.61 0.61 0.60 0.60 0.59 0.58 0.56 0.55 0.53 0.52 0.50 0.49 0.48 0.46 0.45 0.44 0.43 0.42 0.41 0.40 0.40 0.39 0.38 0.38 0.37 0.38 0.42 0.52 0.55 0.36 0.62 0.58 0.66 1.00 2.17 0.00 0.00 
0.00 4.67 4.33 2.22 1.56 1.16 0.92 0.80 0.69 0.40 0.29 0.28 0.26 0.25 0.25 0.24 0.24 0.24 0.24 0.24 0.24 0.24 0.24 0.25 0.25 0.26 0.26 0.27 0.27 0.28 0.29 0.30 0.31 0.31 0.32 0.33 0.34 0.35 0.36 0.37 0.38 0.39 0.40 0.40 0.41 0.41 0.41 0.41 0.40 0.40 0.39 0.38 0.37 0.36 0.35 0.34 0.33 0.32 0.31 0.31 0.30 0.29 0.28 0.28 0.27 0.27 0.26 0.26 0.25 0.25 0.25 0.25 0.25 0.32 0.52 0.56 0.50 0.43 0.82 0.75 1.61 0.00 0.00 
0.00 5.96 3.86 2.13 1.46 1.12 0.91 0.79 0.56 0.32 0.57 0.54 0.52 0.51 0.49 0.49 0.48 0.48 0.48 0.48 0.48 0.49 0.49 0.50 0.51 0.52 0.53 0.54 0.56 0.57 0.59 0.60 0.62 0.64 0.66 0.67 0.69 0.71 0.73 0.75 0.77 0.79 0.80 0.81 0.82 0.83 0.83 0.83 0.82 0.81 0.80 0.78 0.76 0.74 0.72 0.70 0.68 0.67 0.65 0.63 0.61 0.60 0.58 0.57 0.56 0.55 0.54 0.53 0.52 0.52 0.51 0.51 0.24 0.25 0.42 0.56 0.41 0.67 0.76 0.98 1.31 0.68 0.00 
0.00 6.37 3.77 2.08 1.37 1.09 0.91 0.78 0.50 0.31 0.56 0.54 0.52 0.50 0.49 0.48 0.48 0.48 0.48 0.48 0.48 0.49 0.49 0.50 0.51 0.52 0.53 0.54 0.56 0.57 0.58 0.60 0.62 0.63 0.65 0.67 0.69 0.71 0.73 0.75 0.77 0.78 0.80 0.81 0.82 0.82 0.83 0.82 0.82 0.81 0.79 0.78 0.76 0.74 0.72 0.70 0.68 0.66 0.65 0.63 0.61 0.60 0.58 0.57 0.56 0.55 0.54 0.53 0.52 0.51 0.51 0.51 0.24 0.25 0.38 0.56 0.38 0.66 0.72 0.94 1.23 0.67 0.00 
0.00 5.99 3.87 2.11 1.45 1.11 0.91 0.78 0.55 0.32 0.29 0.27 0.26 0.25 0.24 0.24 0.23 0.23 0.23 0.23 0.23 0.24 0.24 0.24 0.25 0.25 0.26 0.26 0.27 0.28 0.29 0.29 0.30 0.31 0.32 0.33 0.34 0.35 0.36 0.37 0.38 0.38 0.39 0.40 0.40 0.40 0.40 0.40 0.40 0.39 0.38 0.38 0.37 0.36 0.35 0.34 0.33 0.32 0.31 0.30 0.29 0.29 0.28 0.27 0.27 0.26 0.26 0.25 0.25 0.25 0.25 0.24 0.24 0.25 0.43 0.56 0.41 0.34 0.76 0.62 1.30 0.00 0.00 
0.00 4.72 4.32 2.21 1.53 1.15 0.77 0.78 0.68 0.40 0.29 0.28 0.26 0.25 0.25 0.24 0.24 0.24 0.24 0.24 0.24 0.24 0.24 0.25 0.25 0.26 0.26 0.27 0.27 0.28 0.29 0.30 0.31 0.31 0.32 0.33 0.34 0.35 0.36 0.37 0.38 0.39 0.40 0.40 0.41 0.41 0.41 0.41 0.40 0.40 0.39 0.38 0.37 0.36 0.35 0.34 0.33 0.32 0.31 0.31 0.30 0.29 0.28 0.28 0.27 0.27 0.26 0.26 0.25 0.25 0.25 0.25 0.25 0.32 0.53 0.28 0.51 0.43 0.50 0.75 1.12 0.00 0.00 
0.00 1.35 6.14 2.41 1.57 1.17 0.95 0.82 0.72 0.63 0.48 0.41 0.39 0.38 0.37 0.36 0.36 0.36 0.36 0.36 0.36 0.36 0.37 0.37 0.38 0.39 0.40 0.41 0.42 0.43 0.44 0.45 0.46 0.47 0.49 0.50 0.52 0.53 0.55 0.56 0.57 0.59 0.60 0.61 0.61 0.62 0.62 0.62 0.61 0.60 0.59 0.58 0.57 0.56 0.54 0.53 0.51 0.50 0.48 0.47 0.46 0.45 0.44 0.43 0.42 0.41 0.40 0.39 0.39 0.38 0.38 0.38 0.43 0.53 0.56 0.37 0.64 0.59 0.67 0.99 2.10 0.00 0.00 
0.00 0.00 5.78 2.86 1.71 1.27 1.02 0.81 0.48 0.67 0.63 0.59 0.57 0.55 0.54 0.53 0.53 0.53 0.53 0.53 0.53 0.54 0.55 0.56 0.57 0.58 0.59 0.60 0.62 0.63 0.65 0.67 0.68 0.70 0.72 0.75 0.77 0.79 0.81 0.83 0.85 0.87 0.89 0.90 0.91 0.92 0.92 0.91 0.91 0.90 0.88 0.87 0.85 0.83 0.81 0.78 0.76 0.74 0.72 0.70 0.68 0.67 0.65 0.64 0.62 0.61 0.60 0.59 0.58 0.57 0.57 0.56 0.56 0.27 0.36 0.60 0.44 0.43 0.56 1.07 1.33 0.00 0.00 
0.00 0.00 2.29 4.45 2.03 1.41 1.09 0.92 0.79 0.59 0.46 0.40 0.38 0.37 0.36 0.36 0.35 0.35 0.35 0.35 0.35 0.36 0.36 0.37 0.37 0.38 0.39 0.40 0.41 0.42 0.43 0.44 0.45 0.47 0.48 0.49 0.51 0.52 0.54 0.55 0.57 0.58 0.59 0.60 0.60 0.61 0.61 0.61 0.60 0.59 0.58 0.57 0.56 0.54 0.53 0.51 0.50 0.49 0.47 0.46 0.45 0.44 0.43 0.42 0.41 0.40 0.39 0.39 0.38 0.38 0.37 0.37 0.41 0.50 0.63 0.43 0.73 0.77 1.01 1.76 0.00 0.00 0.00 
0.00 0.00 0.00 4.06 2.84 1.69 1.14 1.02 0.72 0.49 0.72 0.67 0.65 0.63 0.62 0.61 0.60 0.60 0.60 0.60 0.61 0.61 0.62 0.63 0.64 0.66 0.67 0.68 0.70 0.72 0.74 0.76 0.78 0.80 0.82 0.85 0.87 0.90 0.92 0.95 0.97 0.99 1.01 1.02 1.03 1.04 1.04 1.04 1.03 1.02 1.00 0.98 0.96 0.94 0.91 0.89 0.86 0.84 0.82 0.79 0.77 0.75 0.74 0.72 0.70 0.69 0.68 0.67 0.66 0.65 0.65 0.64 0.32 0.41 0.57 0.42 0.76 0.89 1.01 0.71 0.00 0.00 0.00 
0.00 0.00 0.00 0.09 3.97 2.43 1.43 1.17 0.78 0.89 0.79 0.70 0.68 0.66 0.64 0.63 0.63 0.62 0.62 0.63 0.63 0.64 0.65 0.66 0.67 0.68 0.70 0.71 0.73 0.75 0.77 0.79 0.81 0.83 0.86 0.88 0.91 0.93 0.96 0.98 1.01 1.03 1.05 1.07 1.08 1.08 1.09 1.08 1.07 1.06 1.04 1.02 1.00 0.98 0.95 0.92 0.90 0.87 0.85 0.83 0.81 0.78 0.77 0.75 0.73 0.72 0.71 0.70 0.69 0.68 0.67 0.67 0.71 0.45 0.62 0.52 0.97 0.99 1.42 0.00 0.00 0.00 0.00 
0.00 0.00 0.00 0.00 0.00 2.84 2.75 1.62 1.12 0.78 0.96 0.88 0.84 0.82 0.80 0.79 0.78 0.78 0.78 0.78 0.79 0.80 0.81 0.82 0.84 0.85 0.87 0.89 0.91 0.93 0.96 0.98 1.01 1.04 1.07 1.10 1.13 1.17 1.20 1.23 1.26 1.28 1.31 1.33 1.34 1.35 1.36 1.35 1.34 1.33 1.31 1.28 1.25 1.22 1.19 1.16 1.13 1.09 1.06 1.03 1.01 0.98 0.96 0.94 0.92 0.90 0.88 0.87 0.86 0.85 0.84 0.84 0.54 0.66 0.89 0.96 1.63 0.67 0.00 0.00 0.00 0.00 0.00 
0.00 0.00 0.00 0.00 0.00 0.00 1.01 2.56 2.23 1.55 1.20 1.08 1.03 1.00 0.98 0.97 0.96 0.96 0.96 0.96 0.97 0.98 0.99 1.01 1.03 1.05 1.07 1.10 1.12 1.15 1.18 1.21 1.24 1.28 1.32 1.35 1.39 1.43 1.47 1.51 1.55 1.58 1.61 1.63 1.65 1.66 1.67 1.67 1.65 1.64 1.61 1.58 1.55 1.51 1.47 1.43 1.40 1.36 1.32 1.28 1.25 1.22 1.19 1.16 1.14 1.11 1.09 1.07 1.06 1.04 1.03 1.03 1.10 0.95 1.81 1.15 0.00 0.00 0.00 0.00 0.00 0.00 0.00 
0.00 0.00 0.00 0.00 0.00 0.00 0.00 0.00 0.00 0.00 0.56 0.54 0.52 0.51 0.50 0.49 0.49 0.49 0.49 0.49 0.49 0.50 0.51 0.51 0.52 0.53 0.55 0.56 0.57 0.59 0.60 0.62 0.63 0.65 0.67 0.69 0.71 0.73 0.75 0.77 0.79 0.80 0.82 0.83 0.84 0.85 0.85 0.85 0.84 0.83 0.82 0.81 0.79 0.77 0.75 0.73 0.71 0.69 0.67 0.65 0.64 0.62 0.60 0.59 0.58 0.57 0.56 0.55 0.54 0.53 0.53 0.53 0.00 0.00 0.00 0.00 0.00 0.00 0.00 0.00 0.00 0.00 0.00 
0.00 0.00 0.00 0.00 0.00 0.00 0.00 0.00 0.00 0.00 0.00 0.00 0.00 0.00 0.00 0.00 0.00 0.00 0.00 0.00 0.00 0.00 0.00 0.00 0.00 0.00 0.00 0.00 0.00 0.00 0.00 0.00 0.00 0.00 0.00 0.00 0.00 0.00 0.00 0.00 0.00 0.00 0.00 0.00 0.00 0.00 0.00 0.00 0.00 0.00 0.00 0.00 0.00 0.00 0.00 0.00 0.00 0.00 0.00 0.00 0.00 0.00 0.00 0.00 0.00 0.00 0.00 0.00 0.00 0.00 0.00 0.00 0.00 0.00 0.00 0.00 0.00 0.00 0.00 0.00 0.00 0.00 0.00 
