0.00 0.00 0.00 0.00 0.00 0.00 0.00 0.00 0.00 0.00 0.00 0.00 0.00 0.00 0.00 0.00 0.00 0.00 0.00 0.00 0.00 0.00 0.00 0.00 0.00 0.00 0.00 0.00 0.00 0.00 0.00 0.00 0.00 0.00 0.00 0.00 0.00 0.00 0.00 0.00 0.00 0.00 0.00 0.00 0.00 0.00 0.00 0.00 0.00 0.00 0.00 0.00 0.00 0.00 0.00 0.00 0.00 0.00 0.00 0.00 0.00 0.00 0.00 0.00 0.00 0.00 0.00 0.00 0.00 0.00 0.00 0.00 0.00 0.00 0.00 0.00 0.00 0.00 0.00 0.00 0.00 0.00 0.00 
0.00 0.00 0.00 0.00 0.00 0.00 0.00 0.00 1.13 3.28 3.54 3.34 3.00 2.69 2.45 2.24 2.07 1.94 1.82 1.73 1.65 1.59 1.53 1.49 1.45 1.41 1.39 1.36 1.35 1.33 1.32 1.31 1.30 1.30 1.29 1.29 1.29 1.29 1.28 1.29 1.29 1.29 1.29 1.29 1.29 1.30 1.30 1.30 1.30 1.30 1.30 1.30 1.30 1.30 1.30 1.30 1.30 1.30 1.30 1.30 1.29 1.29 1.29 1.29 1.29 1.29 1.29 1.29 1.29 1.30 1.31 1.31 1.25 1.03 0.32 0.00 0.00 0.00 0.00 0.00 0.00 0.00 0.00 
0.00 0.00 0.00 0.00 0.00 0.00 3.06 6.60 6.08 3.77 2.97 2.56 2.28 2.06 1.87 1.72 1.59 1.49 1.40 1.33 1.27 1.22 1.18 1.14 1.11 1.09 1.07 1.05 1.04 1.03 1.02 1.01 1.00 1.00 0.99 0.99 0.99 0.99 0.99 0.99 0.99 0.99 0.99 0.99 1.00 1.00 1.00 1.00 1.00 1.00 1.00 1.00 1.00 1.00 1.00 1.00 1.00 1.00 1.00 1.00 1.00 0.99 0.99 0.99 0.99 0.99 0.99 0.99 0.99 1.00 1.00 1.02 1.06 1.21 1.75 1.73 0.75 0.00 0.00 0.00 0.00 0.00 0.00 
0.00 0.00 0.00 0.00 0.20 7.47 7.13 4.06 3.02 2.42 2.03 1.77 1.59 1.43 1.30 1.20 1.11 1.04 0.98 0.93 0.89 0.85 0.82 0.80 0.78 0.76 0.75 0.74 0.73 0.72 0.71 0.71 0.70 0.70 0.70 0.69 0.69 0.69 0.69 0.69 0.69 0.69 0.70 0.70 0.70 0.70 0.70 0.70 0.70 0.70 0.70 0.70 0.70 0.70 0.70 0.70 0.70 0.70 0.70 0.70 0.70 0.70 0.69 0.69 0.69 0.69 0.69 0.69 0.69 0.70 0.70 0.71 0.73 0.78 0.88 1.07 1.74 1.72 0.04 0.00 0.00 0.00 0.00 
0.00 0.00 0.00 0.21 9.63 6.19 3.95 2.97 2.36 2.00 1.66 1.44 1.29 1.16 1.06 0.97 0.90 0.84 0.80 0.76 0.72 0.69 0.67 0.65 0.63 0.62 0.61 0.60 0.59 0.58 0.58 0.57 0.57 0.57 0.57 0.57 0.56 0.56 0.56 0.56 0.57 0.57 0.57 0.57 0.57 0.57 0.57 0.57 0.57 0.57 0.57 0.57 0.57 0.57 0.57 0.57 0.57 0.57 0.57 0.57 0.57 0.57 0.57 0.56 0.56 0.56 0.56 0.56 0.57 0.57 0.57 0.58 0.60 0.65 0.69 0.78 0.96 1.43 2.15 0.04 0.00 0.00 0.00 
0.00 0.00 0.00 8.86 6.82 4.25 3.17 2.53 2.04 1.77 1.50 1.31 1.18 1.06 0.97 0.89 0.83 0.77 0.73 0.69 0.66 0.64 0.61 0.60 0.58 0.57 0.56 0.55 0.54 0.54 0.53 0.53 0.52 0.52 0.52 0.52 0.52 0.52 0.52 0.52 0.52 0.52 0.52 0.52 0.52 0.52 0.52 0.52 0.52 0.52 0.52 0.52 0.52 0.52 0.52 0.52 0.52 0.52 0.52 0.52 0.52 0.52 0.52 0.52 0.52 0.52 0.52 0.52 0.52 0.52 0.52 0.53 0.55 0.58 0.60 0.68 0.78 0.99 1.56 2.08 0.00 0.00 0.00 
0.00 0.00 4.25 9.38 4.84 3.52 2.77 2.27 1.86 1.56 1.38 1.24 1.11 1.00 0.91 0.84 0.78 0.73 0.69 0.65 0.63 0.60 0.58 0.56 0.55 0.54 0.53 0.52 0.51 0.51 0.50 0.50 0.50 0.49 0.49 0.49 0.49 0.49 0.49 0.49 0.49 0.49 0.49 0.49 0.49 0.49 0.49 0.49 0.49 0.49 0.49 0.50 0.50 0.50 0.50 0.49 0.49 0.49 0.49 0.49 0.49 0.49 0.49 0.49 0.49 0.49 0.49 0.49 0.49 0.49 0.50 0.50 0.51 0.43 0.55 0.61 0.67 0.74 1.01 2.20 0.96 0.00 0.00 
0.00 0.00 10.07 6.03 4.13 3.19 2.56 2.05 1.78 1.49 1.30 1.15 1.03 0.93 0.85 0.78 0.72 0.68 0.64 0.61 0.58 0.56 0.54 0.53 0.51 0.50 0.49 0.48 0.48 0.47 0.47 0.46 0.46 0.46 0.46 0.46 0.46 0.46 0.46 0.46 0.46 0.46 0.46 0.46 0.46 0.46 0.46 0.46 0.46 0.46 0.46 0.46 0.46 0.46 0.46 0.46 0.46 0.46 0.46 0.46 0.46 0.46 0.46 0.46 0.46 0.46 0.46 0.46 0.46 0.46 0.46 0.47 0.47 0.49 0.53 0.53 0.63 0.74 0.92 1.42 2.56 0.00 0.00 
0.00 1.92 10.34 5.04 3.70 2.89 2.37 1.98 1.68 1.39 0.99 0.79 0.70 0.63 0.58 0.53 0.49 0.46 0.44 0.41 0.40 0.38 0.37 0.36 0.35 0.34 0.33 0.33 0.33 0.32 0.32 0.32 0.31 0.31 0.31 0.31 0.31 0.31 0.31 0.31 0.31 0.31 0.31 0.31 0.31 0.31 0.31 0.31 0.31 0.31 0.31 0.31 0.31 0.31 0.31 0.31 0.31 0.31 0.31 0.31 0.31 0.31 0.31 0.31 0.31 0.31 0.31 0.31 0.31 0.31 0.31 0.32 0.36 0.46 0.50 0.34 0.59 0.56 0.66 1.04 2.32 0.00 0.00 
0.00 6.20 7.28 4.59 3.58 2.83 2.24 1.91 1.57 0.89 0.62 0.55 0.49 0.44 0.40 0.36 0.34 0.31 0.30 0.28 0.27 0.26 0.25 0.24 0.23 0.23 0.22 0.22 0.22 0.22 0.21 0.21 0.21 0.21 0.21 0.21 0.21 0.21 0.21 0.21 0.21 0.21 0.21 0.21 0.21 0.21 0.21 0.21 0.21 0.21 0.21 0.21 0.21 0.21 0.21 0.21 0.21 0.21 0.21 0.21 0.21 0.21 0.21 0.21 0.21 0.21 0.21 0.21 0.21 0.21 0.21 0.21 0.22 0.29 0.47 0.52 0.47 0.42 0.81 0.79 1.71 0.00 0.00 
0.00 7.52 6.46 4.35 3.33 2.73 2.22 1.87 1.27 0.71 1.14 1.03 0.93 0.85 0.78 0.72 0.67 0.62 0.59 0.56 0.54 0.52 0.50 0.49 0.47 0.46 0.45 0.45 0.44 0.44 0.43 0.43 0.43 0.42 0.42 0.42 0.42 0.42 0.42 0.42 0.42 0.42 0.42 0.42 0.42 0.42 0.42 0.42 0.43 0.43 0.43 0.43 0.43 0.43 0.43 0.43 0.43 0.42 0.42 0.42 0.42 0.42 0.42 0.42 0.42 0.42 0.42 0.42 0.42 0.42 0.43 0.43 0.21 0.22 0.38 0.51 0.39 0.65 0.76 1.01 1.39 0.73 0.00 
0.00 7.86 6.25 4.24 3.12 2.66 2.21 1.86 1.15 0.70 1.13 1.03 0.93 0.84 0.77 0.71 0.66 0.62 0.59 0.56 0.53 0.51 0.50 0.48 0.47 0.46 0.45 0.45 0.44 0.43 0.43 0.43 0.42 0.42 0.42 0.42 0.42 0.42 0.42 0.42 0.42 0.42 0.42 0.42 0.42 0.42 0.42 0.42 0.42 0.42 0.42 0.42 0.42 0.42 0.42 0.42 0.42 0.42 0.42 0.42 0.42 0.42 0.42 0.42 0.42 0.42 0.42 0.42 0.42 0.42 0.43 0.43 0.21 0.22 0.34 0.51 0.36 0.64 0.71 0.96 1.30 0.72 0.00 
0.00 7.40 6.36 4.29 3.29 2.70 2.20 1.85 1.26 0.71 0.61 0.54 0.48 0.43 0.39 0.36 0.33 0.31 0.29 0.28 0.26 0.25 0.24 0.24 0.23 0.23 0.22 0.22 0.21 0.21 0.21 0.21 0.21 0.21 0.21 0.21 0.21 0.21 0.21 0.21 0.21 0.21 0.21 0.21 0.21 0.21 0.21 0.21 0.21 0.21 0.21 0.21 0.21 0.21 0.21 0.21 0.21 0.21 0.21 0.21 0.21 0.21 0.21 0.21 0.21 0.21 0.21 0.21 0.21 0.21 0.21 0.21 0.21 0.22 0.38 0.51 0.39 0.34 0.75 0.65 1.36 0.00 0.00 
0.00 6.00 7.05 4.48 3.49 2.77 1.87 1.85 1.54 0.88 0.62 0.55 0.49 0.44 0.40 0.36 0.34 0.31 0.30 0.28 0.27 0.26 0.25 0.24 0.23 0.23 0.22 0.22 0.22 0.22 0.21 0.21 0.21 0.21 0.21 0.21 0.21 0.21 0.21 0.21 0.21 0.21 0.21 0.21 0.21 0.21 0.21 0.21 0.21 0.21 0.21 0.21 0.21 0.21 0.21 0.21 0.21 0.21 0.21 0.21 0.21 0.21 0.21 0.21 0.21 0.21 0.21 0.21 0.21 0.21 0.21 0.21 0.22 0.29 0.48 0.26 0.48 0.42 0.50 0.77 1.17 0.00 0.00 
0.00 1.83 9.86 4.85 3.58 2.81 2.30 1.93 1.63 1.35 0.98 0.79 0.70 0.63 0.58 0.53 0.49 0.46 0.44 0.42 0.40 0.38 0.37 0.36 0.35 0.34 0.34 0.33 0.33 0.32 0.32 0.32 0.32 0.32 0.32 0.31 0.31 0.31 0.31 0.31 0.31 0.31 0.31 0.31 0.32 0.32 0.32 0.32 0.32 0.32 0.32 0.32 0.32 0.32 0.32 0.32 0.32 0.32 0.32 0.32 0.31 0.31 0.31 0.31 0.31 0.31 0.31 0.31 0.31 0.32 0.32 0.32 0.37 0.47 0.50 0.34 0.59 0.56 0.66 1.01 2.15 0.00 0.00 
0.00 0.00 9.45 5.71 3.87 3.05 2.47 1.92 1.10 1.43 1.26 1.13 1.01 0.92 0.84 0.78 0.73 0.68 0.65 0.62 0.59 0.57 0.55 0.53 0.52 0.51 0.50 0.49 0.49 0.48 0.48 0.47 0.47 0.47 0.47 0.47 0.47 0.46 0.46 0.46 0.47 0.47 0.47 0.47 0.47 0.47 0.47 0.47 0.47 0.47 0.47 0.47 0.47 0.47 0.47 0.47 0.47 0.47 0.47 0.47 0.47 0.47 0.47 0.46 0.46 0.46 0.46 0.47 0.47 0.47 0.47 0.48 0.48 0.24 0.33 0.54 0.41 0.42 0.56 1.07 1.36 0.00 0.00 
0.00 0.00 3.93 8.77 4.58 3.37 2.62 2.17 1.79 1.28 0.93 0.77 0.69 0.63 0.57 0.53 0.49 0.46 0.43 0.41 0.39 0.38 0.37 0.36 0.35 0.34 0.33 0.33 0.32 0.32 0.32 0.31 0.31 0.31 0.31 0.31 0.31 0.31 0.31 0.31 0.31 0.31 0.31 0.31 0.31 0.31 0.31 0.31 0.31 0.31 0.31 0.31 0.31 0.31 0.31 0.31 0.31 0.31 0.31 0.31 0.31 0.31 0.31 0.31 0.31 0.31 0.31 0.31 0.31 0.31 0.31 0.32 0.35 0.44 0.56 0.40 0.68 0.73 0.98 1.74 0.00 0.00 0.00 
0.00 0.00 0.00 8.18 6.37 4.01 2.72 2.38 1.62 1.06 1.43 1.28 1.16 1.05 0.96 0.89 0.83 0.78 0.74 0.70 0.67 0.65 0.63 0.61 0.59 0.58 0.57 0.56 0.55 0.55 0.54 0.54 0.54 0.53 0.53 0.53 0.53 0.53 0.53 0.53 0.53 0.53 0.53 0.53 0.53 0.53 0.53 0.53 0.53 0.53 0.53 0.53 0.53 0.53 0.53 0.53 0.53 0.53 0.53 0.53 0.53 0.53 0.53 0.53 0.53 0.53 0.53 0.53 0.53 0.53 0.54 0.54 0.28 0.36 0.50 0.39 0.70 0.84 0.98 0.71 0.00 0.00 0.00 
0.00 0.00 0.00 0.20 8.87 5.76 3.42 2.73 1.77 1.89 1.58 1.34 1.20 1.09 1.00 0.92 0.86 0.81 0.77 0.73 0.70 0.67 0.65 0.63 0.62 0.61 0.59 0.58 0.58 0.57 0.57 0.56 0.56 0.56 0.55 0.55 0.55 0.55 0.55 0.55 0.55 0.55 0.55 0.55 0.55 0.55 0.55 0.55 0.56 0.56 0.56 0.56 0.56 0.56 0.56 0.56 0.56 0.56 0.55 0.55 0.55 0.55 0.55 0.55 0.55 0.55 0.55 0.55 0.55 0.56 0.56 0.57 0.61 0.40 0.55 0.48 0.89 0.93 1.37 0.00 0.00 0.00 0.00 
0.00 0.00 0.00 0.00 0.00 6.83 6.56 3.78 2.52 1.68 1.91 1.65 1.49 1.35 1.24 1.15 1.07 1.01 0.95 0.91 0.87 0.84 0.81 0.79 0.77 0.75 0.74 0.73 0.72 0.71 0.71 0.70 0.70 0.69 0.69 0.69 0.69 0.69 0.69 0.69 0.69 0.69 0.69 0.69 0.69 0.69 0.69 0.69 0.69 0.69 0.69 0.69 0.69 0.69 0.69 0.69 0.69 0.69 0.69 0.69 0.69 0.69 0.69 0.69 0.69 0.69 0.69 0.69 0.69 0.69 0.70 0.71 0.47 0.58 0.79 0.87 1.49 0.63 0.00 0.00 0.00 0.00 0.00 
0.00 0.00 0.00 0.00 0.00 0.00 2.43 5.97 4.97 3.25 2.39 2.02 1.81 1.65 1.51 1.40 1.31 1.23 1.17 1.12 1.07 1.03 1.00 0.97 0.95 0.93 0.91 0.90 0.89 0.88 0.87 0.86 0.86 0.85 0.85 0.85 0.85 0.85 0.84 0.84 0.85 0.85 0.85 0.85 0.85 0.85 0.85 0.85 0.85 0.85 0.85 0.85 0.85 0.85 0.85 0.85 0.85 0.85 0.85 0.85 0.85 0.85 0.84 0.84 0.84 0.84 0.84 0.84 0.85 0.85 0.86 0.87 0.94 0.83 1.59 1.04 0.00 0.00 0.00 0.00 0.00 0.00 0.00 
0.00 0.00 0.00 0.00 0.00 0.00 0.00 0.00 0.00 0.00 1.07 0.99 0.91 0.83 0.77 0.71 0.67 0.63 0.60 0.57 0.54 0.53 0.51 0.49 0.48 0.47 0.46 0.46 0.45 0.45 0.44 0.44 0.44 0.43 0.43 0.43 0.43 0.43 0.43 0.43 0.43 0.43 0.43 0.43 0.43 0.43 0.43 0.43 0.43 0.43 0.43 0.43 0.43 0.43 0.43 0.43 0.43 0.43 0.43 0.43 0.43 0.43 0.43 0.43 0.43 0.43 0.43 0.43 0.43 0.43 0.44 0.44 0.00 0.00 0.00 0.00 0.00 0.00 0.00 0.00 0.00 0.00 0.00 
0.00 0.00 0.00 0.00 0.00 0.00 0.00 0.00 0.00 0.00 0.00 0.00 0.00 0.00 0.00 0.00 0.00 0.00 0.00 0.00 0.00 0.00 0.00 0.00 0.00 0.00 0.00 0.00 0.00 0.00 0.00 0.00 0.00 0.00 0.00 0.00 0.00 0.00 0.00 0.00 0.00 0.00 0.00 0.00 0.00 0.00 0.00 0.00 0.00 0.00 0.00 0.00 0.00 0.00 0.00 0.00 0.00 0.00 0.00 0.00 0.00 0.00 0.00 0.00 0.00 0.00 0.00 0.00 0.00 0.00 0.00 0.00 0.00 0.00 0.00 0.00 0.00 0.00 0.00 0.00 0.00 0.00 0.00 
