0.00 0.00 0.00 0.00 0.00 0.00 0.00 0.00 0.00 0.00 0.00 0.00 0.00 0.00 0.00 0.00 0.00 0.00 0.00 0.00 0.00 0.00 0.00 0.00 0.00 0.00 0.00 0.00 0.00 0.00 0.00 0.00 0.00 0.00 0.00 0.00 0.00 0.00 0.00 0.00 0.00 0.00 0.00 0.00 0.00 0.00 0.00 0.00 0.00 0.00 0.00 0.00 0.00 0.00 0.00 0.00 0.00 0.00 0.00 0.00 0.00 0.00 0.00 0.00 0.00 0.00 0.00 0.00 0.00 0.00 0.00 0.00 0.00 0.00 0.00 0.00 0.00 0.00 0.00 0.00 0.00 0.00 0.00 
0.00 0.00 0.00 0.00 0.00 0.00 0.00 0.00 1.29 4.03 4.58 4.46 4.08 3.69 3.34 3.03 2.77 2.54 2.35 2.19 2.06 1.94 1.84 1.75 1.68 1.61 1.56 1.51 1.47 1.43 1.40 1.37 1.35 1.33 1.31 1.30 1.28 1.27 1.26 1.25 1.25 1.24 1.24 1.23 1.23 1.23 1.22 1.22 1.22 1.22 1.22 1.21 1.21 1.21 1.21 1.21 1.20 1.20 1.20 1.20 1.19 1.19 1.19 1.19 1.19 1.19 1.19 1.20 1.20 1.21 1.23 1.24 1.19 0.99 0.31 0.00 0.00 0.00 0.00 0.00 0.00 0.00 0.00 
0.00 0.00 0.00 0.00 0.00 0.00 2.93 6.92 6.93 4.62 3.83 3.41 3.09 2.80 2.54 2.31 2.11 1.94 1.80 1.68 1.58 1.49 1.41 1.34 1.29 1.24 1.20 1.16 1.13 1.10 1.08 1.06 1.04 1.02 1.01 1.00 0.99 0.98 0.97 0.97 0.96 0.96 0.95 0.95 0.95 0.95 0.94 0.94 0.94 0.94 0.94 0.93 0.93 0.93 0.93 0.93 0.93 0.92 0.92 0.92 0.92 0.92 0.92 0.91 0.91 0.92 0.92 0.92 0.93 0.93 0.94 0.96 1.01 1.16 1.69 1.69 0.74 0.00 0.00 0.00 0.00 0.00 0.00 
0.00 0.00 0.00 0.00 0.15 6.25 6.70 4.26 3.45 2.98 2.62 2.36 2.14 1.94 1.76 1.61 1.47 1.36 1.26 1.17 1.10 1.04 0.99 0.94 0.90 0.87 0.84 0.81 0.79 0.77 0.75 0.74 0.73 0.72 0.71 0.70 0.69 0.69 0.68 0.68 0.67 0.67 0.67 0.67 0.66 0.66 0.66 0.66 0.66 0.66 0.66 0.65 0.65 0.65 0.65 0.65 0.65 0.65 0.65 0.64 0.64 0.64 0.64 0.64 0.64 0.64 0.64 0.64 0.65 0.65 0.66 0.67 0.70 0.75 0.85 1.05 1.73 1.74 0.05 0.00 0.00 0.00 0.00 
0.00 0.00 0.00 0.15 7.07 5.18 3.71 3.12 2.71 2.47 2.14 1.91 1.74 1.58 1.43 1.31 1.20 1.10 1.02 0.95 0.90 0.85 0.80 0.77 0.73 0.71 0.68 0.66 0.64 0.63 0.61 0.60 0.59 0.58 0.58 0.57 0.56 0.56 0.55 0.55 0.55 0.55 0.54 0.54 0.54 0.54 0.54 0.54 0.54 0.53 0.53 0.53 0.53 0.53 0.53 0.53 0.53 0.53 0.53 0.52 0.52 0.52 0.52 0.52 0.52 0.52 0.52 0.52 0.53 0.53 0.54 0.55 0.57 0.63 0.67 0.76 0.96 1.45 2.22 0.04 0.00 0.00 0.00 
0.00 0.00 0.00 5.84 5.04 3.55 2.97 2.66 2.34 2.17 1.95 1.75 1.59 1.44 1.31 1.19 1.09 1.01 0.94 0.87 0.82 0.77 0.73 0.70 0.67 0.65 0.62 0.60 0.59 0.57 0.56 0.55 0.54 0.53 0.53 0.52 0.52 0.51 0.51 0.50 0.50 0.50 0.50 0.50 0.49 0.49 0.49 0.49 0.49 0.49 0.49 0.49 0.49 0.49 0.49 0.48 0.48 0.48 0.48 0.48 0.48 0.48 0.48 0.48 0.48 0.48 0.48 0.48 0.48 0.49 0.49 0.50 0.52 0.55 0.58 0.66 0.77 0.99 1.60 2.19 0.00 0.00 0.00 
0.00 0.00 2.60 6.22 3.58 2.95 2.61 2.39 2.12 1.91 1.78 1.64 1.50 1.36 1.23 1.12 1.03 0.95 0.88 0.82 0.77 0.73 0.69 0.66 0.63 0.61 0.59 0.57 0.56 0.54 0.53 0.52 0.51 0.50 0.50 0.49 0.49 0.48 0.48 0.48 0.47 0.47 0.47 0.47 0.47 0.47 0.47 0.46 0.46 0.46 0.46 0.46 0.46 0.46 0.46 0.46 0.46 0.46 0.46 0.45 0.45 0.45 0.45 0.45 0.45 0.45 0.45 0.45 0.46 0.46 0.47 0.47 0.48 0.41 0.53 0.60 0.66 0.74 1.04 2.31 1.03 0.00 0.00 
0.00 0.00 6.19 4.01 3.05 2.67 2.42 2.15 2.04 1.83 1.67 1.52 1.38 1.26 1.14 1.04 0.96 0.88 0.82 0.77 0.72 0.68 0.65 0.62 0.59 0.57 0.55 0.53 0.52 0.51 0.50 0.49 0.48 0.47 0.46 0.46 0.46 0.45 0.45 0.45 0.44 0.44 0.44 0.44 0.44 0.44 0.43 0.43 0.43 0.43 0.43 0.43 0.43 0.43 0.43 0.43 0.43 0.43 0.42 0.42 0.42 0.42 0.42 0.42 0.42 0.42 0.42 0.42 0.43 0.43 0.43 0.44 0.45 0.47 0.51 0.52 0.63 0.75 0.95 1.48 2.74 0.00 0.00 
0.00 1.15 6.43 3.36 2.74 2.43 2.21 2.10 1.91 1.69 1.27 1.05 0.94 0.86 0.78 0.71 0.65 0.60 0.56 0.52 0.49 0.46 0.44 0.42 0.40 0.39 0.37 0.36 0.35 0.34 0.34 0.33 0.33 0.32 0.32 0.31 0.31 0.31 0.31 0.30 0.30 0.30 0.30 0.30 0.30 0.30 0.30 0.30 0.29 0.29 0.29 0.29 0.29 0.29 0.29 0.29 0.29 0.29 0.29 0.29 0.29 0.29 0.29 0.29 0.29 0.29 0.29 0.29 0.29 0.29 0.30 0.30 0.35 0.44 0.48 0.33 0.58 0.56 0.68 1.09 2.47 0.00 0.00 
0.00 3.73 4.53 3.06 2.63 2.38 2.12 2.00 1.78 1.08 0.80 0.73 0.66 0.60 0.54 0.49 0.45 0.41 0.38 0.36 0.33 0.31 0.30 0.28 0.27 0.26 0.25 0.24 0.24 0.23 0.23 0.22 0.22 0.21 0.21 0.21 0.21 0.21 0.20 0.20 0.20 0.20 0.20 0.20 0.20 0.20 0.20 0.20 0.20 0.20 0.20 0.20 0.20 0.20 0.20 0.20 0.19 0.19 0.19 0.19 0.19 0.19 0.19 0.19 0.19 0.19 0.19 0.19 0.19 0.20 0.20 0.20 0.21 0.28 0.46 0.50 0.47 0.42 0.83 0.83 1.81 0.00 0.00 
0.00 4.56 4.03 2.90 2.43 2.29 2.12 1.95 1.44 0.87 1.48 1.38 1.26 1.15 1.05 0.96 0.88 0.81 0.75 0.71 0.66 0.63 0.60 0.57 0.55 0.52 0.51 0.49 0.48 0.47 0.46 0.45 0.44 0.43 0.43 0.42 0.42 0.42 0.41 0.41 0.41 0.41 0.41 0.40 0.40 0.40 0.40 0.40 0.40 0.40 0.40 0.40 0.40 0.40 0.39 0.39 0.39 0.39 0.39 0.39 0.39 0.39 0.39 0.39 0.39 0.39 0.39 0.39 0.39 0.40 0.40 0.41 0.20 0.21 0.37 0.50 0.39 0.65 0.77 1.05 1.47 0.79 0.00 
0.00 4.80 3.91 2.83 2.28 2.23 2.12 1.93 1.31 0.86 1.47 1.37 1.25 1.14 1.04 0.95 0.87 0.81 0.75 0.70 0.66 0.62 0.59 0.57 0.54 0.52 0.51 0.49 0.48 0.47 0.46 0.45 0.44 0.43 0.43 0.42 0.42 0.41 0.41 0.41 0.41 0.41 0.40 0.40 0.40 0.40 0.40 0.40 0.40 0.40 0.40 0.40 0.39 0.39 0.39 0.39 0.39 0.39 0.39 0.39 0.39 0.39 0.39 0.39 0.39 0.39 0.39 0.39 0.39 0.40 0.40 0.41 0.20 0.21 0.33 0.50 0.36 0.64 0.73 1.00 1.38 0.77 0.00 
0.00 4.53 3.99 2.87 2.41 2.27 2.11 1.94 1.43 0.87 0.79 0.72 0.65 0.59 0.53 0.48 0.44 0.41 0.38 0.35 0.33 0.31 0.29 0.28 0.27 0.26 0.25 0.24 0.23 0.23 0.22 0.22 0.22 0.21 0.21 0.21 0.20 0.20 0.20 0.20 0.20 0.20 0.20 0.20 0.20 0.20 0.20 0.20 0.19 0.19 0.19 0.19 0.19 0.19 0.19 0.19 0.19 0.19 0.19 0.19 0.19 0.19 0.19 0.19 0.19 0.19 0.19 0.19 0.19 0.19 0.20 0.20 0.20 0.21 0.37 0.50 0.38 0.34 0.76 0.68 1.44 0.00 0.00 
0.00 3.67 4.45 3.00 2.58 2.34 1.76 1.96 1.75 1.07 0.80 0.73 0.66 0.60 0.54 0.49 0.45 0.41 0.38 0.36 0.33 0.31 0.30 0.28 0.27 0.26 0.25 0.24 0.24 0.23 0.23 0.22 0.22 0.21 0.21 0.21 0.21 0.21 0.20 0.20 0.20 0.20 0.20 0.20 0.20 0.20 0.20 0.20 0.20 0.20 0.20 0.20 0.20 0.20 0.20 0.20 0.19 0.19 0.19 0.19 0.19 0.19 0.19 0.19 0.19 0.19 0.19 0.19 0.19 0.20 0.20 0.20 0.21 0.28 0.46 0.25 0.47 0.42 0.51 0.80 1.22 0.00 0.00 
0.00 1.12 6.25 3.26 2.66 2.37 2.16 2.06 1.87 1.65 1.25 1.04 0.94 0.85 0.77 0.71 0.65 0.60 0.56 0.52 0.49 0.47 0.44 0.42 0.41 0.39 0.38 0.37 0.36 0.35 0.34 0.33 0.33 0.32 0.32 0.32 0.31 0.31 0.31 0.31 0.30 0.30 0.30 0.30 0.30 0.30 0.30 0.30 0.30 0.30 0.30 0.30 0.29 0.29 0.29 0.29 0.29 0.29 0.29 0.29 0.29 0.29 0.29 0.29 0.29 0.29 0.29 0.29 0.29 0.30 0.30 0.31 0.35 0.45 0.49 0.33 0.58 0.56 0.67 1.04 2.25 0.00 0.00 
0.00 0.00 5.96 3.84 2.88 2.57 2.34 2.01 1.25 1.77 1.62 1.49 1.36 1.24 1.13 1.03 0.95 0.88 0.82 0.77 0.73 0.69 0.65 0.63 0.60 0.58 0.56 0.54 0.53 0.52 0.50 0.50 0.49 0.48 0.47 0.47 0.46 0.46 0.46 0.45 0.45 0.45 0.45 0.45 0.44 0.44 0.44 0.44 0.44 0.44 0.44 0.44 0.44 0.44 0.44 0.43 0.43 0.43 0.43 0.43 0.43 0.43 0.43 0.43 0.43 0.43 0.43 0.43 0.44 0.44 0.44 0.45 0.46 0.23 0.32 0.53 0.41 0.42 0.57 1.11 1.42 0.00 0.00 
0.00 0.00 2.48 5.92 3.42 2.83 2.45 2.30 2.04 1.56 1.20 1.03 0.93 0.85 0.77 0.70 0.65 0.60 0.55 0.52 0.49 0.46 0.44 0.42 0.40 0.38 0.37 0.36 0.35 0.34 0.34 0.33 0.32 0.32 0.31 0.31 0.31 0.31 0.30 0.30 0.30 0.30 0.30 0.30 0.30 0.29 0.29 0.29 0.29 0.29 0.29 0.29 0.29 0.29 0.29 0.29 0.29 0.29 0.29 0.29 0.29 0.29 0.29 0.28 0.28 0.29 0.29 0.29 0.29 0.29 0.29 0.30 0.33 0.42 0.54 0.39 0.66 0.73 0.99 1.78 0.00 0.00 0.00 
0.00 0.00 0.00 5.50 4.75 3.37 2.54 2.53 1.86 1.31 1.86 1.70 1.55 1.42 1.29 1.18 1.09 1.01 0.94 0.88 0.83 0.78 0.75 0.71 0.68 0.66 0.64 0.62 0.60 0.59 0.57 0.56 0.55 0.55 0.54 0.53 0.53 0.52 0.52 0.52 0.51 0.51 0.51 0.51 0.51 0.50 0.50 0.50 0.50 0.50 0.50 0.50 0.50 0.50 0.50 0.49 0.49 0.49 0.49 0.49 0.49 0.49 0.49 0.49 0.49 0.49 0.49 0.49 0.50 0.50 0.51 0.51 0.27 0.35 0.49 0.38 0.69 0.84 0.99 0.72 0.00 0.00 0.00 
0.00 0.00 0.00 0.14 6.52 4.86 3.21 2.90 2.02 2.35 2.05 1.77 1.62 1.47 1.34 1.23 1.13 1.05 0.98 0.92 0.86 0.82 0.78 0.74 0.71 0.69 0.66 0.64 0.63 0.61 0.60 0.59 0.58 0.57 0.56 0.55 0.55 0.54 0.54 0.54 0.53 0.53 0.53 0.53 0.53 0.52 0.52 0.52 0.52 0.52 0.52 0.52 0.52 0.52 0.52 0.51 0.51 0.51 0.51 0.51 0.51 0.51 0.51 0.51 0.51 0.51 0.51 0.51 0.52 0.52 0.53 0.54 0.58 0.38 0.53 0.47 0.87 0.92 1.37 0.00 0.00 0.00 0.00 
0.00 0.00 0.00 0.00 0.00 5.81 6.19 3.99 2.87 2.05 2.47 2.19 2.00 1.82 1.66 1.53 1.41 1.30 1.21 1.14 1.07 1.02 0.97 0.92 0.89 0.85 0.83 0.80 0.78 0.76 0.75 0.73 0.72 0.71 0.70 0.69 0.69 0.68 0.67 0.67 0.67 0.66 0.66 0.66 0.66 0.65 0.65 0.65 0.65 0.65 0.65 0.65 0.65 0.64 0.64 0.64 0.64 0.64 0.64 0.64 0.64 0.64 0.63 0.63 0.63 0.64 0.64 0.64 0.64 0.65 0.66 0.67 0.44 0.56 0.76 0.85 1.46 0.62 0.00 0.00 0.00 0.00 0.00 
0.00 0.00 0.00 0.00 0.00 0.00 2.36 6.30 5.64 3.99 3.06 2.65 2.41 2.20 2.01 1.85 1.71 1.59 1.48 1.39 1.31 1.24 1.18 1.13 1.09 1.05 1.01 0.99 0.96 0.94 0.92 0.90 0.89 0.87 0.86 0.85 0.84 0.84 0.83 0.82 0.82 0.82 0.81 0.81 0.81 0.81 0.80 0.80 0.80 0.80 0.80 0.80 0.79 0.79 0.79 0.79 0.79 0.79 0.78 0.78 0.78 0.78 0.78 0.78 0.78 0.78 0.78 0.79 0.79 0.80 0.81 0.82 0.89 0.79 1.53 1.00 0.00 0.00 0.00 0.00 0.00 0.00 0.00 
0.00 0.00 0.00 0.00 0.00 0.00 0.00 0.00 0.00 0.00 1.40 1.32 1.22 1.12 1.03 0.94 0.87 0.81 0.75 0.71 0.67 0.63 0.60 0.58 0.55 0.53 0.52 0.50 0.49 0.48 0.47 0.46 0.45 0.44 0.44 0.43 0.43 0.43 0.42 0.42 0.42 0.42 0.41 0.41 0.41 0.41 0.41 0.41 0.41 0.41 0.41 0.40 0.40 0.40 0.40 0.40 0.40 0.40 0.40 0.40 0.40 0.40 0.40 0.40 0.40 0.40 0.40 0.40 0.40 0.41 0.41 0.42 0.00 0.00 0.00 0.00 0.00 0.00 0.00 0.00 0.00 0.00 0.00 
0.00 0.00 0.00 0.00 0.00 0.00 0.00 0.00 0.00 0.00 0.00 0.00 0.00 0.00 0.00 0.00 0.00 0.00 0.00 0.00 0.00 0.00 0.00 0.00 0.00 0.00 0.00 0.00 0.00 0.00 0.00 0.00 0.00 0.00 0.00 0.00 0.00 0.00 0.00 0.00 0.00 0.00 0.00 0.00 0.00 0.00 0.00 0.00 0.00 0.00 0.00 0.00 0.00 0.00 0.00 0.00 0.00 0.00 0.00 0.00 0.00 0.00 0.00 0.00 0.00 0.00 0.00 0.00 0.00 0.00 0.00 0.00 0.00 0.00 0.00 0.00 0.00 0.00 0.00 0.00 0.00 0.00 0.00 
