0.00 0.00 0.00 0.00 0.00 0.00 0.00 0.00 0.00 0.00 0.00 0.00 0.00 0.00 0.00 0.00 0.00 0.00 0.00 0.00 0.00 0.00 0.00 0.00 0.00 0.00 0.00 0.00 0.00 0.00 0.00 0.00 0.00 0.00 0.00 0.00 0.00 0.00 0.00 0.00 0.00 0.00 0.00 0.00 0.00 0.00 0.00 0.00 0.00 0.00 0.00 0.00 0.00 0.00 0.00 0.00 0.00 0.00 0.00 0.00 0.00 0.00 0.00 0.00 0.00 0.00 0.00 0.00 0.00 0.00 0.00 0.00 0.00 0.00 0.00 0.00 0.00 0.00 0.00 0.00 0.00 0.00 0.00 
0.00 0.00 0.00 0.00 0.00 0.00 0.00 0.00 0.37 1.21 1.50 1.62 1.66 1.69 1.74 1.78 1.84 1.90 1.96 2.04 2.11 2.20 2.28 2.37 2.46 2.55 2.63 2.70 2.76 2.80 2.82 2.83 2.81 2.78 2.73 2.67 2.60 2.52 2.44 2.36 2.28 2.21 2.13 2.06 1.99 1.93 1.86 1.81 1.75 1.70 1.66 1.61 1.57 1.54 1.50 1.47 1.44 1.42 1.39 1.37 1.36 1.35 1.34 1.33 1.34 1.34 1.36 1.38 1.42 1.47 1.53 1.60 1.61 1.41 0.46 0.00 0.00 0.00 0.00 0.00 0.00 0.00 0.00 
0.00 0.00 0.00 0.00 0.00 0.00 0.80 1.91 2.00 1.42 1.28 1.26 1.28 1.31 1.34 1.38 1.42 1.47 1.52 1.58 1.64 1.70 1.77 1.84 1.90 1.97 2.03 2.08 2.13 2.16 2.17 2.18 2.16 2.14 2.10 2.05 2.00 1.94 1.88 1.82 1.76 1.70 1.64 1.58 1.53 1.48 1.44 1.39 1.35 1.31 1.28 1.24 1.21 1.18 1.16 1.13 1.11 1.09 1.07 1.06 1.05 1.04 1.03 1.03 1.03 1.04 1.05 1.07 1.09 1.13 1.18 1.24 1.36 1.64 2.52 2.68 1.25 0.00 0.00 0.00 0.00 0.00 0.00 
0.00 0.00 0.00 0.00 0.04 1.74 1.85 1.19 1.00 0.92 0.89 0.88 0.90 0.92 0.94 0.97 1.00 1.03 1.07 1.11 1.15 1.19 1.24 1.29 1.34 1.38 1.42 1.46 1.49 1.51 1.52 1.52 1.51 1.50 1.47 1.44 1.40 1.36 1.32 1.27 1.23 1.19 1.15 1.11 1.07 1.04 1.01 0.97 0.95 0.92 0.89 0.87 0.85 0.83 0.81 0.79 0.78 0.76 0.75 0.74 0.73 0.73 0.72 0.72 0.72 0.73 0.73 0.75 0.76 0.79 0.82 0.86 0.94 1.06 1.26 1.67 2.91 3.19 0.09 0.00 0.00 0.00 0.00 
0.00 0.00 0.00 0.04 2.07 1.46 1.03 0.87 0.79 0.77 0.73 0.72 0.73 0.75 0.77 0.79 0.81 0.84 0.87 0.90 0.94 0.97 1.01 1.05 1.09 1.13 1.16 1.19 1.21 1.23 1.24 1.24 1.23 1.22 1.20 1.17 1.14 1.11 1.07 1.04 1.00 0.97 0.93 0.90 0.87 0.85 0.82 0.79 0.77 0.75 0.73 0.71 0.69 0.68 0.66 0.65 0.63 0.62 0.61 0.60 0.60 0.59 0.59 0.59 0.59 0.59 0.60 0.61 0.62 0.64 0.67 0.70 0.76 0.88 0.99 1.21 1.61 2.63 4.40 0.09 0.00 0.00 0.00 
0.00 0.00 0.00 1.83 1.49 1.00 0.83 0.75 0.68 0.67 0.66 0.66 0.67 0.68 0.70 0.72 0.74 0.77 0.80 0.83 0.86 0.89 0.93 0.96 1.00 1.03 1.06 1.09 1.11 1.13 1.14 1.14 1.13 1.12 1.10 1.07 1.04 1.01 0.98 0.95 0.92 0.89 0.86 0.83 0.80 0.77 0.75 0.73 0.71 0.69 0.67 0.65 0.63 0.62 0.61 0.59 0.58 0.57 0.56 0.55 0.55 0.54 0.54 0.54 0.54 0.54 0.55 0.56 0.57 0.59 0.61 0.64 0.70 0.78 0.86 1.05 1.29 1.80 3.18 4.78 0.00 0.00 0.00 
0.00 0.00 0.88 1.97 1.06 0.84 0.73 0.67 0.62 0.60 0.61 0.62 0.63 0.65 0.66 0.68 0.71 0.73 0.76 0.78 0.81 0.85 0.88 0.91 0.95 0.98 1.01 1.03 1.05 1.07 1.07 1.07 1.07 1.05 1.04 1.01 0.99 0.96 0.93 0.90 0.87 0.84 0.81 0.78 0.76 0.73 0.71 0.69 0.67 0.65 0.63 0.62 0.60 0.59 0.57 0.56 0.55 0.54 0.53 0.52 0.52 0.51 0.51 0.51 0.51 0.51 0.52 0.53 0.54 0.56 0.58 0.61 0.64 0.58 0.78 0.93 1.10 1.33 2.05 5.02 2.49 0.00 0.00 
0.00 0.00 2.14 1.27 0.90 0.76 0.68 0.61 0.60 0.57 0.57 0.58 0.59 0.60 0.62 0.64 0.66 0.68 0.71 0.73 0.76 0.79 0.82 0.85 0.88 0.91 0.94 0.96 0.98 1.00 1.00 1.00 1.00 0.98 0.96 0.94 0.92 0.89 0.86 0.84 0.81 0.78 0.75 0.73 0.71 0.68 0.66 0.64 0.62 0.61 0.59 0.57 0.56 0.55 0.53 0.52 0.51 0.50 0.50 0.49 0.48 0.48 0.48 0.48 0.48 0.48 0.48 0.49 0.50 0.52 0.54 0.57 0.61 0.66 0.75 0.82 1.04 1.33 1.85 3.18 6.52 0.00 0.00 
0.00 0.43 2.24 1.07 0.81 0.69 0.62 0.60 0.56 0.54 0.44 0.40 0.40 0.41 0.42 0.44 0.45 0.47 0.48 0.50 0.52 0.54 0.56 0.58 0.60 0.62 0.64 0.66 0.67 0.68 0.68 0.68 0.68 0.67 0.66 0.64 0.62 0.61 0.59 0.57 0.55 0.53 0.51 0.50 0.48 0.46 0.45 0.44 0.42 0.41 0.40 0.39 0.38 0.37 0.36 0.36 0.35 0.34 0.34 0.33 0.33 0.33 0.32 0.32 0.32 0.33 0.33 0.33 0.34 0.35 0.37 0.39 0.47 0.62 0.71 0.52 0.96 1.01 1.32 2.31 5.73 0.00 0.00 
0.00 1.43 1.59 0.98 0.79 0.68 0.60 0.57 0.53 0.34 0.26 0.26 0.27 0.27 0.28 0.29 0.30 0.31 0.32 0.33 0.34 0.36 0.37 0.38 0.40 0.41 0.43 0.44 0.45 0.45 0.46 0.46 0.46 0.45 0.44 0.43 0.42 0.41 0.40 0.38 0.37 0.36 0.34 0.33 0.32 0.31 0.30 0.29 0.28 0.28 0.27 0.26 0.25 0.25 0.24 0.24 0.23 0.23 0.23 0.22 0.22 0.22 0.22 0.22 0.22 0.22 0.22 0.22 0.23 0.24 0.25 0.26 0.28 0.39 0.67 0.78 0.77 0.76 1.58 1.77 4.16 0.00 0.00 
0.00 1.77 1.41 0.93 0.73 0.65 0.60 0.56 0.43 0.26 0.53 0.53 0.55 0.56 0.57 0.59 0.61 0.63 0.65 0.68 0.70 0.73 0.76 0.79 0.82 0.84 0.87 0.89 0.91 0.92 0.93 0.92 0.92 0.91 0.89 0.87 0.85 0.82 0.80 0.77 0.75 0.72 0.70 0.67 0.65 0.63 0.61 0.59 0.58 0.56 0.54 0.53 0.52 0.51 0.49 0.48 0.47 0.47 0.46 0.45 0.45 0.44 0.44 0.44 0.44 0.44 0.45 0.46 0.47 0.48 0.50 0.52 0.28 0.30 0.54 0.77 0.65 1.15 1.48 2.18 3.36 1.94 0.00 
0.00 1.88 1.38 0.91 0.69 0.64 0.60 0.56 0.39 0.26 0.53 0.53 0.54 0.56 0.57 0.59 0.61 0.63 0.65 0.68 0.70 0.73 0.76 0.79 0.81 0.84 0.87 0.89 0.90 0.92 0.92 0.92 0.91 0.90 0.89 0.87 0.84 0.82 0.79 0.77 0.74 0.72 0.69 0.67 0.65 0.63 0.61 0.59 0.57 0.56 0.54 0.53 0.52 0.50 0.49 0.48 0.47 0.46 0.46 0.45 0.45 0.44 0.44 0.44 0.44 0.44 0.45 0.46 0.47 0.48 0.50 0.52 0.27 0.30 0.49 0.76 0.60 1.12 1.38 2.07 3.12 1.89 0.00 
0.00 1.77 1.41 0.93 0.73 0.65 0.60 0.56 0.43 0.26 0.26 0.26 0.26 0.27 0.28 0.28 0.29 0.30 0.31 0.32 0.34 0.35 0.36 0.38 0.39 0.41 0.42 0.43 0.44 0.45 0.45 0.45 0.45 0.44 0.44 0.43 0.42 0.40 0.39 0.38 0.36 0.35 0.34 0.33 0.32 0.31 0.30 0.29 0.28 0.27 0.26 0.26 0.25 0.25 0.24 0.23 0.23 0.23 0.22 0.22 0.22 0.21 0.21 0.21 0.21 0.21 0.22 0.22 0.23 0.23 0.24 0.26 0.28 0.30 0.54 0.77 0.63 0.63 1.44 1.44 3.20 0.00 0.00 
0.00 1.43 1.57 0.97 0.78 0.68 0.50 0.57 0.54 0.34 0.26 0.26 0.27 0.27 0.28 0.29 0.30 0.31 0.32 0.33 0.34 0.35 0.37 0.38 0.40 0.41 0.42 0.44 0.45 0.45 0.46 0.46 0.46 0.45 0.44 0.43 0.42 0.41 0.40 0.38 0.37 0.36 0.35 0.33 0.32 0.31 0.30 0.29 0.28 0.28 0.27 0.26 0.25 0.25 0.24 0.24 0.23 0.23 0.23 0.22 0.22 0.22 0.22 0.22 0.22 0.22 0.22 0.22 0.23 0.24 0.25 0.26 0.28 0.39 0.67 0.40 0.76 0.75 0.99 1.66 2.69 0.00 0.00 
0.00 0.43 2.23 1.06 0.81 0.69 0.62 0.60 0.56 0.54 0.44 0.40 0.41 0.42 0.43 0.44 0.46 0.47 0.49 0.51 0.53 0.55 0.57 0.59 0.61 0.63 0.65 0.66 0.68 0.68 0.69 0.69 0.68 0.67 0.66 0.65 0.63 0.61 0.59 0.57 0.56 0.54 0.52 0.50 0.49 0.47 0.46 0.44 0.43 0.42 0.41 0.39 0.39 0.38 0.37 0.36 0.35 0.35 0.34 0.34 0.33 0.33 0.33 0.33 0.33 0.33 0.33 0.34 0.35 0.36 0.37 0.40 0.47 0.63 0.71 0.52 0.94 0.98 1.27 2.10 4.82 0.00 0.00 
0.00 0.00 2.12 1.25 0.88 0.75 0.67 0.59 0.37 0.58 0.58 0.59 0.60 0.62 0.64 0.66 0.68 0.70 0.73 0.76 0.78 0.82 0.85 0.88 0.91 0.94 0.96 0.99 1.00 1.02 1.02 1.02 1.01 1.00 0.98 0.96 0.93 0.91 0.88 0.85 0.82 0.79 0.77 0.74 0.72 0.70 0.67 0.65 0.64 0.62 0.60 0.59 0.57 0.56 0.55 0.54 0.53 0.52 0.51 0.50 0.50 0.49 0.49 0.49 0.49 0.49 0.50 0.51 0.52 0.54 0.56 0.58 0.61 0.33 0.47 0.81 0.67 0.76 1.09 2.22 3.01 0.00 0.00 
0.00 0.00 0.87 1.94 1.04 0.83 0.70 0.67 0.62 0.51 0.42 0.39 0.40 0.41 0.42 0.43 0.45 0.46 0.48 0.49 0.51 0.53 0.55 0.58 0.60 0.62 0.64 0.65 0.66 0.67 0.68 0.68 0.67 0.66 0.65 0.64 0.62 0.60 0.58 0.57 0.55 0.53 0.51 0.49 0.48 0.46 0.45 0.43 0.42 0.41 0.40 0.39 0.38 0.37 0.36 0.35 0.35 0.34 0.34 0.33 0.33 0.33 0.32 0.32 0.32 0.32 0.33 0.33 0.34 0.35 0.37 0.39 0.45 0.59 0.78 0.61 1.08 1.27 1.83 3.48 0.00 0.00 0.00 
0.00 0.00 0.00 1.79 1.46 0.99 0.73 0.74 0.56 0.42 0.67 0.67 0.68 0.70 0.72 0.74 0.77 0.79 0.82 0.85 0.89 0.92 0.96 0.99 1.03 1.06 1.09 1.12 1.14 1.16 1.16 1.16 1.15 1.14 1.12 1.09 1.06 1.03 1.00 0.97 0.94 0.90 0.87 0.85 0.82 0.79 0.77 0.74 0.72 0.70 0.68 0.67 0.65 0.64 0.62 0.61 0.60 0.59 0.58 0.57 0.57 0.56 0.56 0.56 0.56 0.56 0.57 0.58 0.59 0.61 0.64 0.66 0.36 0.49 0.71 0.60 1.12 1.44 1.80 1.41 0.00 0.00 0.00 
0.00 0.00 0.00 0.04 2.01 1.43 0.93 0.85 0.62 0.77 0.73 0.70 0.71 0.73 0.75 0.77 0.80 0.83 0.86 0.89 0.92 0.96 1.00 1.03 1.07 1.11 1.14 1.17 1.19 1.20 1.21 1.21 1.20 1.19 1.16 1.14 1.11 1.08 1.04 1.01 0.97 0.94 0.91 0.88 0.85 0.82 0.80 0.78 0.75 0.73 0.71 0.69 0.68 0.66 0.65 0.63 0.62 0.61 0.60 0.60 0.59 0.58 0.58 0.58 0.58 0.58 0.59 0.60 0.62 0.64 0.66 0.70 0.78 0.54 0.78 0.73 1.40 1.57 2.49 0.00 0.00 0.00 0.00 
0.00 0.00 0.00 0.00 0.00 1.70 1.81 1.18 0.88 0.67 0.89 0.87 0.88 0.91 0.94 0.97 1.00 1.03 1.07 1.11 1.16 1.20 1.25 1.29 1.34 1.38 1.42 1.46 1.48 1.50 1.51 1.51 1.50 1.48 1.45 1.42 1.38 1.34 1.30 1.26 1.22 1.17 1.14 1.10 1.06 1.03 1.00 0.97 0.94 0.91 0.89 0.87 0.85 0.83 0.81 0.79 0.78 0.76 0.75 0.74 0.73 0.73 0.73 0.72 0.73 0.73 0.74 0.75 0.77 0.80 0.83 0.86 0.60 0.78 1.11 1.29 2.32 1.06 0.00 0.00 0.00 0.00 0.00 
0.00 0.00 0.00 0.00 0.00 0.00 0.68 1.88 1.78 1.35 1.12 1.07 1.09 1.12 1.16 1.20 1.24 1.28 1.33 1.38 1.44 1.49 1.55 1.61 1.66 1.71 1.76 1.80 1.83 1.85 1.86 1.85 1.84 1.81 1.78 1.74 1.69 1.64 1.59 1.54 1.49 1.44 1.40 1.35 1.31 1.27 1.23 1.19 1.16 1.12 1.09 1.07 1.04 1.02 1.00 0.98 0.96 0.94 0.93 0.91 0.90 0.90 0.89 0.89 0.89 0.90 0.91 0.92 0.95 0.98 1.01 1.06 1.19 1.11 2.21 1.51 0.00 0.00 0.00 0.00 0.00 0.00 0.00 
0.00 0.00 0.00 0.00 0.00 0.00 0.00 0.00 0.00 0.00 0.54 0.55 0.56 0.57 0.59 0.61 0.63 0.65 0.68 0.70 0.73 0.76 0.79 0.82 0.84 0.87 0.90 0.92 0.93 0.94 0.95 0.94 0.94 0.92 0.91 0.89 0.86 0.84 0.81 0.79 0.76 0.74 0.71 0.69 0.67 0.64 0.62 0.61 0.59 0.57 0.56 0.54 0.53 0.52 0.51 0.50 0.49 0.48 0.47 0.47 0.46 0.46 0.46 0.45 0.46 0.46 0.46 0.47 0.48 0.50 0.52 0.53 0.00 0.00 0.00 0.00 0.00 0.00 0.00 0.00 0.00 0.00 0.00 
0.00 0.00 0.00 0.00 0.00 0.00 0.00 0.00 0.00 0.00 0.00 0.00 0.00 0.00 0.00 0.00 0.00 0.00 0.00 0.00 0.00 0.00 0.00 0.00 0.00 0.00 0.00 0.00 0.00 0.00 0.00 0.00 0.00 0.00 0.00 0.00 0.00 0.00 0.00 0.00 0.00 0.00 0.00 0.00 0.00 0.00 0.00 0.00 0.00 0.00 0.00 0.00 0.00 0.00 0.00 0.00 0.00 0.00 0.00 0.00 0.00 0.00 0.00 0.00 0.00 0.00 0.00 0.00 0.00 0.00 0.00 0.00 0.00 0.00 0.00 0.00 0.00 0.00 0.00 0.00 0.00 0.00 0.00 
