0.00 0.00 0.00 0.00 0.00 0.00 0.00 0.00 0.00 0.00 0.00 0.00 0.00 0.00 0.00 0.00 0.00 0.00 0.00 0.00 0.00 0.00 0.00 0.00 0.00 0.00 0.00 0.00 0.00 0.00 0.00 0.00 0.00 0.00 0.00 0.00 0.00 0.00 0.00 0.00 0.00 0.00 0.00 0.00 0.00 0.00 0.00 0.00 0.00 0.00 0.00 0.00 0.00 0.00 0.00 0.00 0.00 0.00 0.00 0.00 0.00 0.00 0.00 0.00 0.00 0.00 0.00 0.00 0.00 0.00 0.00 0.00 0.00 0.00 0.00 0.00 0.00 0.00 0.00 0.00 0.00 0.00 0.00 
0.00 0.00 0.00 0.00 0.00 0.00 0.00 0.00 0.38 1.25 1.56 1.69 1.74 1.78 1.84 1.90 1.97 2.04 2.13 2.22 2.32 2.42 2.52 2.62 2.72 2.80 2.87 2.93 2.96 2.96 2.95 2.91 2.86 2.79 2.71 2.62 2.53 2.44 2.35 2.26 2.18 2.10 2.03 1.96 1.89 1.83 1.78 1.72 1.67 1.63 1.58 1.54 1.51 1.47 1.44 1.41 1.39 1.36 1.34 1.33 1.31 1.30 1.29 1.29 1.29 1.30 1.31 1.33 1.36 1.40 1.46 1.52 1.53 1.34 0.44 0.00 0.00 0.00 0.00 0.00 0.00 0.00 0.00 
0.00 0.00 0.00 0.00 0.00 0.00 0.82 1.96 2.06 1.47 1.33 1.32 1.34 1.38 1.42 1.47 1.52 1.58 1.65 1.72 1.80 1.87 1.95 2.03 2.10 2.17 2.22 2.26 2.28 2.28 2.27 2.24 2.20 2.14 2.08 2.01 1.95 1.88 1.81 1.74 1.68 1.62 1.56 1.51 1.46 1.41 1.37 1.33 1.29 1.25 1.22 1.19 1.16 1.14 1.11 1.09 1.07 1.05 1.04 1.02 1.01 1.00 0.99 0.99 0.99 1.00 1.01 1.02 1.05 1.08 1.12 1.18 1.29 1.55 2.38 2.52 1.17 0.00 0.00 0.00 0.00 0.00 0.00 
0.00 0.00 0.00 0.00 0.04 1.78 1.89 1.22 1.03 0.95 0.92 0.92 0.94 0.97 1.00 1.03 1.07 1.11 1.16 1.21 1.26 1.32 1.37 1.42 1.47 1.52 1.55 1.58 1.59 1.60 1.59 1.57 1.54 1.50 1.45 1.41 1.36 1.31 1.26 1.22 1.17 1.13 1.09 1.06 1.02 0.99 0.96 0.93 0.90 0.88 0.85 0.83 0.81 0.80 0.78 0.76 0.75 0.74 0.73 0.72 0.71 0.70 0.70 0.69 0.70 0.70 0.71 0.72 0.73 0.76 0.79 0.82 0.89 1.01 1.19 1.56 2.72 2.96 0.08 0.00 0.00 0.00 0.00 
0.00 0.00 0.00 0.04 2.10 1.49 1.05 0.90 0.81 0.79 0.76 0.75 0.77 0.79 0.81 0.84 0.87 0.91 0.94 0.99 1.03 1.07 1.12 1.16 1.20 1.24 1.27 1.29 1.30 1.30 1.29 1.28 1.25 1.22 1.18 1.15 1.11 1.07 1.03 0.99 0.96 0.92 0.89 0.86 0.83 0.81 0.78 0.76 0.74 0.72 0.70 0.68 0.66 0.65 0.63 0.62 0.61 0.60 0.59 0.58 0.58 0.57 0.57 0.57 0.57 0.57 0.58 0.59 0.60 0.62 0.64 0.67 0.72 0.84 0.93 1.14 1.51 2.45 4.06 0.08 0.00 0.00 0.00 
0.00 0.00 0.00 1.86 1.51 1.02 0.85 0.77 0.70 0.70 0.68 0.68 0.70 0.72 0.74 0.77 0.80 0.83 0.86 0.90 0.94 0.98 1.02 1.06 1.10 1.13 1.16 1.18 1.19 1.19 1.18 1.17 1.14 1.12 1.08 1.05 1.01 0.98 0.94 0.91 0.88 0.84 0.82 0.79 0.76 0.74 0.71 0.69 0.67 0.65 0.64 0.62 0.61 0.59 0.58 0.57 0.56 0.55 0.54 0.53 0.53 0.52 0.52 0.52 0.52 0.52 0.53 0.54 0.55 0.57 0.59 0.61 0.67 0.74 0.81 0.99 1.21 1.67 2.94 4.39 0.00 0.00 0.00 
0.00 0.00 0.89 2.00 1.08 0.85 0.74 0.69 0.64 0.62 0.63 0.65 0.66 0.68 0.70 0.73 0.76 0.79 0.82 0.86 0.89 0.93 0.97 1.01 1.04 1.07 1.10 1.12 1.13 1.13 1.12 1.10 1.08 1.06 1.03 0.99 0.96 0.93 0.89 0.86 0.83 0.80 0.77 0.75 0.72 0.70 0.68 0.66 0.64 0.62 0.60 0.59 0.57 0.56 0.55 0.54 0.53 0.52 0.51 0.51 0.50 0.50 0.49 0.49 0.49 0.49 0.50 0.51 0.52 0.54 0.56 0.58 0.61 0.55 0.74 0.88 1.03 1.24 1.89 4.61 2.30 0.00 0.00 
0.00 0.00 2.17 1.29 0.92 0.77 0.69 0.63 0.62 0.59 0.59 0.60 0.62 0.64 0.66 0.68 0.71 0.74 0.77 0.80 0.84 0.87 0.91 0.94 0.97 1.00 1.02 1.04 1.05 1.05 1.04 1.03 1.01 0.98 0.95 0.92 0.89 0.86 0.83 0.80 0.77 0.74 0.72 0.69 0.67 0.65 0.63 0.61 0.59 0.58 0.56 0.55 0.54 0.52 0.51 0.50 0.49 0.49 0.48 0.47 0.47 0.46 0.46 0.46 0.46 0.46 0.47 0.47 0.48 0.50 0.52 0.54 0.58 0.63 0.71 0.77 0.97 1.24 1.71 2.93 6.02 0.00 0.00 
0.00 0.44 2.28 1.08 0.83 0.71 0.64 0.61 0.58 0.56 0.46 0.42 0.42 0.44 0.45 0.47 0.48 0.50 0.52 0.55 0.57 0.59 0.62 0.64 0.66 0.68 0.70 0.71 0.71 0.71 0.71 0.70 0.69 0.67 0.65 0.63 0.61 0.59 0.57 0.55 0.53 0.51 0.49 0.47 0.46 0.44 0.43 0.42 0.40 0.39 0.38 0.37 0.36 0.36 0.35 0.34 0.34 0.33 0.33 0.32 0.32 0.31 0.31 0.31 0.31 0.31 0.32 0.32 0.33 0.34 0.35 0.37 0.44 0.59 0.67 0.48 0.90 0.94 1.22 2.13 5.29 0.00 0.00 
0.00 1.46 1.61 0.99 0.80 0.69 0.61 0.58 0.55 0.35 0.27 0.28 0.28 0.29 0.30 0.31 0.32 0.33 0.34 0.36 0.37 0.39 0.41 0.42 0.44 0.45 0.47 0.47 0.48 0.48 0.48 0.47 0.46 0.45 0.44 0.42 0.41 0.39 0.38 0.37 0.35 0.34 0.33 0.32 0.31 0.30 0.29 0.28 0.27 0.26 0.26 0.25 0.24 0.24 0.23 0.23 0.22 0.22 0.22 0.21 0.21 0.21 0.21 0.21 0.21 0.21 0.21 0.22 0.22 0.23 0.24 0.25 0.27 0.37 0.63 0.73 0.72 0.71 1.47 1.63 3.84 0.00 0.00 
0.00 1.82 1.43 0.94 0.74 0.67 0.61 0.58 0.45 0.27 0.55 0.56 0.57 0.59 0.61 0.63 0.65 0.68 0.71 0.74 0.77 0.80 0.84 0.87 0.90 0.92 0.95 0.96 0.97 0.97 0.96 0.95 0.93 0.91 0.88 0.85 0.82 0.80 0.77 0.74 0.71 0.69 0.66 0.64 0.62 0.60 0.58 0.56 0.55 0.53 0.52 0.51 0.50 0.48 0.47 0.46 0.46 0.45 0.44 0.44 0.43 0.43 0.43 0.42 0.43 0.43 0.43 0.44 0.45 0.46 0.48 0.50 0.26 0.29 0.51 0.72 0.60 1.07 1.37 2.01 3.10 1.82 0.00 
0.00 1.92 1.40 0.92 0.70 0.65 0.61 0.57 0.40 0.27 0.55 0.56 0.57 0.59 0.61 0.63 0.65 0.68 0.71 0.74 0.77 0.80 0.83 0.87 0.90 0.92 0.94 0.96 0.96 0.96 0.96 0.94 0.93 0.90 0.88 0.85 0.82 0.79 0.76 0.74 0.71 0.68 0.66 0.64 0.62 0.60 0.58 0.56 0.55 0.53 0.52 0.51 0.49 0.48 0.47 0.46 0.45 0.45 0.44 0.44 0.43 0.43 0.42 0.42 0.42 0.43 0.43 0.44 0.45 0.46 0.48 0.49 0.26 0.29 0.46 0.72 0.56 1.05 1.28 1.91 2.88 1.76 0.00 
0.00 1.82 1.43 0.94 0.74 0.67 0.61 0.58 0.45 0.27 0.27 0.27 0.28 0.28 0.29 0.30 0.31 0.33 0.34 0.35 0.37 0.39 0.40 0.42 0.43 0.45 0.46 0.47 0.47 0.47 0.47 0.46 0.46 0.45 0.43 0.42 0.40 0.39 0.38 0.36 0.35 0.34 0.32 0.31 0.30 0.29 0.28 0.28 0.27 0.26 0.25 0.25 0.24 0.24 0.23 0.23 0.22 0.22 0.21 0.21 0.21 0.21 0.21 0.21 0.21 0.21 0.21 0.21 0.22 0.22 0.23 0.25 0.26 0.29 0.51 0.72 0.59 0.58 1.33 1.33 2.96 0.00 0.00 
0.00 1.46 1.60 0.98 0.79 0.69 0.51 0.58 0.55 0.35 0.27 0.27 0.28 0.29 0.30 0.31 0.32 0.33 0.34 0.36 0.37 0.39 0.41 0.42 0.44 0.45 0.46 0.47 0.48 0.48 0.48 0.47 0.46 0.45 0.44 0.42 0.41 0.40 0.38 0.37 0.35 0.34 0.33 0.32 0.31 0.30 0.29 0.28 0.27 0.26 0.26 0.25 0.24 0.24 0.23 0.23 0.22 0.22 0.22 0.21 0.21 0.21 0.21 0.21 0.21 0.21 0.21 0.22 0.22 0.23 0.24 0.25 0.27 0.37 0.63 0.38 0.72 0.69 0.92 1.53 2.49 0.00 0.00 
0.00 0.43 2.26 1.07 0.82 0.70 0.63 0.61 0.58 0.56 0.46 0.42 0.43 0.44 0.46 0.47 0.49 0.51 0.53 0.55 0.58 0.60 0.63 0.65 0.67 0.69 0.70 0.71 0.72 0.72 0.72 0.71 0.69 0.67 0.66 0.63 0.61 0.59 0.57 0.55 0.53 0.51 0.49 0.48 0.46 0.45 0.43 0.42 0.41 0.40 0.39 0.38 0.37 0.36 0.35 0.35 0.34 0.33 0.33 0.33 0.32 0.32 0.32 0.32 0.32 0.32 0.32 0.33 0.33 0.34 0.36 0.38 0.45 0.59 0.67 0.49 0.88 0.91 1.18 1.94 4.46 0.00 0.00 
0.00 0.00 2.14 1.27 0.89 0.76 0.69 0.60 0.38 0.60 0.60 0.61 0.63 0.65 0.68 0.70 0.73 0.76 0.79 0.83 0.86 0.90 0.93 0.97 1.00 1.03 1.05 1.06 1.07 1.07 1.06 1.04 1.02 1.00 0.97 0.94 0.91 0.88 0.84 0.81 0.79 0.76 0.73 0.71 0.68 0.66 0.64 0.62 0.61 0.59 0.58 0.56 0.55 0.54 0.52 0.51 0.51 0.50 0.49 0.48 0.48 0.47 0.47 0.47 0.47 0.47 0.48 0.49 0.50 0.51 0.53 0.56 0.59 0.31 0.44 0.76 0.63 0.70 1.01 2.06 2.79 0.00 0.00 
0.00 0.00 0.88 1.97 1.06 0.84 0.72 0.69 0.64 0.53 0.44 0.41 0.42 0.43 0.44 0.46 0.48 0.50 0.52 0.54 0.56 0.59 0.61 0.64 0.66 0.68 0.69 0.70 0.71 0.71 0.71 0.70 0.68 0.67 0.65 0.63 0.60 0.58 0.56 0.54 0.52 0.50 0.49 0.47 0.45 0.44 0.43 0.41 0.40 0.39 0.38 0.37 0.36 0.35 0.35 0.34 0.33 0.33 0.32 0.32 0.32 0.31 0.31 0.31 0.31 0.31 0.32 0.32 0.33 0.34 0.35 0.37 0.43 0.56 0.74 0.57 1.01 1.18 1.70 3.23 0.00 0.00 0.00 
0.00 0.00 0.00 1.82 1.48 1.01 0.75 0.76 0.58 0.43 0.69 0.70 0.71 0.74 0.76 0.79 0.82 0.86 0.89 0.93 0.97 1.01 1.05 1.09 1.13 1.16 1.19 1.21 1.22 1.22 1.21 1.19 1.17 1.14 1.11 1.07 1.03 1.00 0.96 0.93 0.89 0.86 0.83 0.81 0.78 0.75 0.73 0.71 0.69 0.67 0.65 0.64 0.62 0.61 0.60 0.59 0.57 0.57 0.56 0.55 0.54 0.54 0.54 0.54 0.54 0.54 0.55 0.56 0.57 0.59 0.61 0.63 0.34 0.46 0.67 0.56 1.05 1.34 1.68 1.31 0.00 0.00 0.00 
0.00 0.00 0.00 0.04 2.04 1.46 0.95 0.88 0.64 0.80 0.76 0.73 0.74 0.77 0.79 0.82 0.86 0.89 0.93 0.97 1.01 1.06 1.10 1.14 1.18 1.21 1.24 1.26 1.27 1.27 1.26 1.24 1.22 1.19 1.15 1.11 1.08 1.04 1.00 0.97 0.93 0.90 0.87 0.84 0.81 0.79 0.76 0.74 0.72 0.70 0.68 0.66 0.65 0.63 0.62 0.61 0.60 0.59 0.58 0.57 0.57 0.56 0.56 0.56 0.56 0.56 0.57 0.58 0.59 0.61 0.63 0.66 0.74 0.51 0.73 0.68 1.32 1.46 2.32 0.00 0.00 0.00 0.00 
0.00 0.00 0.00 0.00 0.00 1.74 1.86 1.21 0.91 0.69 0.93 0.91 0.93 0.96 0.99 1.03 1.07 1.12 1.17 1.22 1.27 1.32 1.38 1.43 1.47 1.51 1.55 1.57 1.58 1.58 1.57 1.55 1.51 1.48 1.43 1.39 1.34 1.29 1.25 1.20 1.16 1.12 1.08 1.05 1.01 0.98 0.95 0.92 0.90 0.87 0.85 0.83 0.81 0.79 0.78 0.76 0.75 0.74 0.72 0.72 0.71 0.70 0.70 0.70 0.70 0.70 0.71 0.72 0.74 0.76 0.79 0.82 0.57 0.74 1.05 1.22 2.18 0.99 0.00 0.00 0.00 0.00 0.00 
0.00 0.00 0.00 0.00 0.00 0.00 0.70 1.93 1.84 1.40 1.16 1.12 1.15 1.19 1.23 1.28 1.33 1.39 1.45 1.51 1.58 1.64 1.71 1.77 1.82 1.87 1.91 1.93 1.94 1.94 1.92 1.89 1.86 1.81 1.76 1.70 1.65 1.59 1.53 1.48 1.43 1.38 1.33 1.29 1.24 1.21 1.17 1.14 1.10 1.07 1.05 1.02 1.00 0.98 0.96 0.94 0.92 0.91 0.89 0.88 0.87 0.87 0.86 0.86 0.86 0.86 0.87 0.89 0.91 0.93 0.97 1.02 1.13 1.05 2.09 1.42 0.00 0.00 0.00 0.00 0.00 0.00 0.00 
0.00 0.00 0.00 0.00 0.00 0.00 0.00 0.00 0.00 0.00 0.56 0.57 0.59 0.61 0.63 0.65 0.68 0.71 0.74 0.77 0.80 0.83 0.87 0.90 0.93 0.95 0.97 0.98 0.99 0.99 0.98 0.97 0.95 0.92 0.90 0.87 0.84 0.81 0.78 0.75 0.73 0.70 0.68 0.66 0.63 0.61 0.60 0.58 0.56 0.55 0.53 0.52 0.51 0.50 0.49 0.48 0.47 0.46 0.45 0.45 0.44 0.44 0.44 0.44 0.44 0.44 0.45 0.45 0.46 0.48 0.49 0.51 0.00 0.00 0.00 0.00 0.00 0.00 0.00 0.00 0.00 0.00 0.00 
0.00 0.00 0.00 0.00 0.00 0.00 0.00 0.00 0.00 0.00 0.00 0.00 0.00 0.00 0.00 0.00 0.00 0.00 0.00 0.00 0.00 0.00 0.00 0.00 0.00 0.00 0.00 0.00 0.00 0.00 0.00 0.00 0.00 0.00 0.00 0.00 0.00 0.00 0.00 0.00 0.00 0.00 0.00 0.00 0.00 0.00 0.00 0.00 0.00 0.00 0.00 0.00 0.00 0.00 0.00 0.00 0.00 0.00 0.00 0.00 0.00 0.00 0.00 0.00 0.00 0.00 0.00 0.00 0.00 0.00 0.00 0.00 0.00 0.00 0.00 0.00 0.00 0.00 0.00 0.00 0.00 0.00 0.00 
