0.00 0.00 0.00 0.00 0.00 0.00 0.00 0.00 0.00 0.00 0.00 0.00 0.00 0.00 0.00 0.00 0.00 0.00 0.00 0.00 0.00 0.00 0.00 0.00 0.00 0.00 0.00 0.00 0.00 0.00 0.00 0.00 0.00 0.00 0.00 0.00 0.00 0.00 0.00 0.00 0.00 0.00 0.00 0.00 0.00 0.00 0.00 0.00 0.00 0.00 0.00 0.00 0.00 0.00 0.00 0.00 0.00 0.00 0.00 0.00 0.00 0.00 0.00 0.00 0.00 0.00 0.00 0.00 0.00 0.00 0.00 0.00 0.00 0.00 0.00 0.00 0.00 0.00 0.00 0.00 0.00 0.00 0.00 
0.00 0.00 0.00 0.00 0.00 0.00 0.00 0.00 0.94 2.74 2.96 2.81 2.54 2.31 2.12 1.97 1.85 1.75 1.67 1.61 1.56 1.51 1.48 1.45 1.43 1.41 1.39 1.38 1.37 1.37 1.36 1.36 1.36 1.36 1.36 1.36 1.36 1.36 1.36 1.37 1.37 1.37 1.37 1.38 1.38 1.38 1.38 1.39 1.39 1.39 1.39 1.39 1.39 1.38 1.38 1.38 1.38 1.37 1.37 1.37 1.36 1.36 1.35 1.35 1.35 1.34 1.34 1.34 1.34 1.34 1.35 1.35 1.29 1.06 0.33 0.00 0.00 0.00 0.00 0.00 0.00 0.00 0.00 
0.00 0.00 0.00 0.00 0.00 0.00 2.64 5.60 5.12 3.16 2.49 2.17 1.95 1.77 1.63 1.52 1.42 1.35 1.29 1.24 1.20 1.17 1.14 1.12 1.10 1.09 1.07 1.06 1.06 1.05 1.05 1.05 1.05 1.04 1.04 1.05 1.05 1.05 1.05 1.05 1.05 1.06 1.06 1.06 1.06 1.06 1.07 1.07 1.07 1.07 1.07 1.07 1.07 1.07 1.06 1.06 1.06 1.06 1.06 1.05 1.05 1.05 1.04 1.04 1.04 1.03 1.03 1.03 1.03 1.03 1.04 1.05 1.09 1.24 1.80 1.78 0.77 0.00 0.00 0.00 0.00 0.00 0.00 
0.00 0.00 0.00 0.00 0.19 6.75 6.24 3.47 2.55 2.04 1.71 1.50 1.36 1.24 1.14 1.06 1.00 0.94 0.90 0.87 0.84 0.82 0.80 0.78 0.77 0.76 0.75 0.75 0.74 0.74 0.73 0.73 0.73 0.73 0.73 0.73 0.73 0.73 0.74 0.74 0.74 0.74 0.74 0.74 0.74 0.75 0.75 0.75 0.75 0.75 0.75 0.75 0.75 0.75 0.75 0.74 0.74 0.74 0.74 0.74 0.73 0.73 0.73 0.73 0.72 0.72 0.72 0.72 0.72 0.72 0.73 0.73 0.76 0.81 0.90 1.10 1.78 1.76 0.05 0.00 0.00 0.00 0.00 
0.00 0.00 0.00 0.21 9.31 5.66 3.47 2.54 2.00 1.69 1.40 1.22 1.10 1.00 0.93 0.86 0.81 0.77 0.73 0.71 0.68 0.67 0.65 0.64 0.63 0.62 0.61 0.61 0.60 0.60 0.60 0.60 0.60 0.60 0.60 0.60 0.60 0.60 0.60 0.60 0.60 0.60 0.60 0.61 0.61 0.61 0.61 0.61 0.61 0.61 0.61 0.61 0.61 0.61 0.61 0.61 0.60 0.60 0.60 0.60 0.60 0.60 0.59 0.59 0.59 0.59 0.59 0.59 0.59 0.59 0.59 0.60 0.61 0.67 0.71 0.80 0.99 1.46 2.18 0.04 0.00 0.00 0.00 
0.00 0.00 0.00 9.38 6.67 3.89 2.79 2.17 1.73 1.49 1.27 1.11 1.01 0.92 0.85 0.79 0.74 0.70 0.67 0.65 0.63 0.61 0.60 0.58 0.57 0.57 0.56 0.56 0.55 0.55 0.55 0.55 0.55 0.55 0.55 0.55 0.55 0.55 0.55 0.55 0.55 0.55 0.55 0.55 0.55 0.56 0.56 0.56 0.56 0.56 0.56 0.56 0.56 0.56 0.56 0.55 0.55 0.55 0.55 0.55 0.55 0.55 0.54 0.54 0.54 0.54 0.54 0.54 0.54 0.54 0.54 0.55 0.56 0.59 0.62 0.69 0.80 1.01 1.57 2.06 0.00 0.00 0.00 
0.00 0.00 4.98 10.12 4.74 3.23 2.44 1.95 1.58 1.32 1.17 1.05 0.95 0.87 0.80 0.74 0.70 0.66 0.64 0.61 0.59 0.58 0.56 0.55 0.54 0.54 0.53 0.53 0.52 0.52 0.52 0.52 0.52 0.52 0.52 0.52 0.52 0.52 0.52 0.52 0.52 0.52 0.52 0.52 0.52 0.53 0.53 0.53 0.53 0.53 0.53 0.53 0.53 0.53 0.53 0.52 0.52 0.52 0.52 0.52 0.52 0.52 0.51 0.51 0.51 0.51 0.51 0.51 0.51 0.51 0.51 0.52 0.52 0.44 0.56 0.63 0.68 0.75 1.02 2.18 0.92 0.00 0.00 
0.00 0.00 12.17 6.51 4.06 2.93 2.26 1.76 1.51 1.26 1.10 0.98 0.88 0.81 0.74 0.69 0.65 0.62 0.59 0.57 0.55 0.54 0.53 0.52 0.51 0.50 0.50 0.49 0.49 0.49 0.48 0.48 0.48 0.48 0.48 0.48 0.48 0.48 0.48 0.48 0.49 0.49 0.49 0.49 0.49 0.49 0.49 0.49 0.49 0.49 0.49 0.49 0.49 0.49 0.49 0.49 0.49 0.49 0.49 0.48 0.48 0.48 0.48 0.48 0.48 0.48 0.47 0.47 0.47 0.48 0.48 0.48 0.49 0.50 0.54 0.55 0.65 0.76 0.93 1.41 2.47 0.00 0.00 
0.00 2.51 12.65 5.46 3.64 2.66 2.09 1.70 1.42 1.18 0.84 0.68 0.60 0.55 0.51 0.47 0.45 0.42 0.40 0.39 0.38 0.37 0.36 0.35 0.35 0.34 0.34 0.33 0.33 0.33 0.33 0.33 0.33 0.33 0.33 0.33 0.33 0.33 0.33 0.33 0.33 0.33 0.33 0.33 0.33 0.33 0.33 0.33 0.33 0.33 0.33 0.33 0.33 0.33 0.33 0.33 0.33 0.33 0.33 0.33 0.33 0.33 0.33 0.33 0.32 0.32 0.32 0.32 0.32 0.32 0.33 0.33 0.38 0.47 0.51 0.34 0.60 0.57 0.67 1.03 2.25 0.00 0.00 
0.00 8.35 8.92 4.99 3.57 2.60 1.98 1.64 1.34 0.75 0.52 0.46 0.41 0.38 0.34 0.32 0.30 0.28 0.27 0.26 0.25 0.25 0.24 0.23 0.23 0.23 0.23 0.22 0.22 0.22 0.22 0.22 0.22 0.22 0.22 0.22 0.22 0.22 0.22 0.22 0.22 0.22 0.22 0.22 0.22 0.22 0.22 0.22 0.22 0.22 0.22 0.22 0.22 0.22 0.22 0.22 0.22 0.22 0.22 0.22 0.22 0.22 0.22 0.22 0.22 0.22 0.22 0.22 0.22 0.22 0.22 0.22 0.22 0.29 0.48 0.53 0.48 0.43 0.82 0.78 1.66 0.00 0.00 
0.00 10.25 7.93 4.77 3.34 2.51 1.95 1.62 1.09 0.59 0.96 0.88 0.80 0.74 0.68 0.64 0.60 0.57 0.55 0.53 0.51 0.50 0.49 0.48 0.47 0.46 0.46 0.45 0.45 0.45 0.45 0.45 0.44 0.44 0.44 0.44 0.45 0.45 0.45 0.45 0.45 0.45 0.45 0.45 0.45 0.45 0.45 0.45 0.45 0.45 0.45 0.45 0.45 0.45 0.45 0.45 0.45 0.45 0.45 0.45 0.45 0.44 0.44 0.44 0.44 0.44 0.44 0.44 0.44 0.44 0.44 0.44 0.22 0.23 0.39 0.52 0.40 0.66 0.77 1.00 1.35 0.69 0.00 
0.00 10.74 7.71 4.66 3.14 2.45 1.95 1.61 0.99 0.59 0.96 0.88 0.80 0.73 0.68 0.63 0.60 0.57 0.54 0.52 0.51 0.49 0.48 0.47 0.47 0.46 0.46 0.45 0.45 0.45 0.45 0.44 0.44 0.44 0.44 0.44 0.44 0.44 0.45 0.45 0.45 0.45 0.45 0.45 0.45 0.45 0.45 0.45 0.45 0.45 0.45 0.45 0.45 0.45 0.45 0.45 0.45 0.45 0.45 0.44 0.44 0.44 0.44 0.44 0.44 0.44 0.44 0.44 0.44 0.44 0.44 0.44 0.22 0.23 0.35 0.52 0.37 0.65 0.72 0.96 1.27 0.68 0.00 
0.00 10.10 7.88 4.73 3.31 2.50 1.95 1.61 1.08 0.59 0.51 0.45 0.41 0.37 0.34 0.31 0.30 0.28 0.27 0.26 0.25 0.24 0.24 0.23 0.23 0.22 0.22 0.22 0.22 0.22 0.22 0.22 0.22 0.22 0.22 0.22 0.22 0.22 0.22 0.22 0.22 0.22 0.22 0.22 0.22 0.22 0.22 0.22 0.22 0.22 0.22 0.22 0.22 0.22 0.22 0.22 0.22 0.22 0.22 0.22 0.22 0.22 0.22 0.22 0.21 0.21 0.21 0.21 0.21 0.21 0.22 0.22 0.22 0.23 0.39 0.52 0.40 0.34 0.76 0.64 1.33 0.00 0.00 
0.00 8.14 8.76 4.96 3.50 2.57 1.67 1.60 1.33 0.74 0.52 0.46 0.41 0.37 0.34 0.32 0.30 0.28 0.27 0.26 0.25 0.25 0.24 0.23 0.23 0.23 0.23 0.22 0.22 0.22 0.22 0.22 0.22 0.22 0.22 0.22 0.22 0.22 0.22 0.22 0.22 0.22 0.22 0.22 0.22 0.22 0.22 0.22 0.22 0.22 0.22 0.22 0.22 0.22 0.22 0.22 0.22 0.22 0.22 0.22 0.22 0.22 0.22 0.22 0.22 0.22 0.22 0.22 0.22 0.22 0.22 0.22 0.22 0.30 0.49 0.26 0.49 0.42 0.50 0.76 1.14 0.00 0.00 
0.00 2.44 12.33 5.39 3.60 2.62 2.06 1.67 1.40 1.16 0.84 0.67 0.60 0.55 0.51 0.47 0.45 0.42 0.41 0.39 0.38 0.37 0.36 0.35 0.35 0.34 0.34 0.34 0.34 0.33 0.33 0.33 0.33 0.33 0.33 0.33 0.33 0.33 0.33 0.33 0.33 0.33 0.34 0.34 0.34 0.34 0.34 0.34 0.34 0.34 0.34 0.34 0.34 0.34 0.34 0.34 0.34 0.33 0.33 0.33 0.33 0.33 0.33 0.33 0.33 0.33 0.33 0.33 0.33 0.33 0.33 0.33 0.38 0.48 0.52 0.35 0.60 0.57 0.66 1.00 2.11 0.00 0.00 
0.00 0.00 11.78 6.38 3.90 2.85 2.20 1.67 0.93 1.22 1.08 0.97 0.88 0.81 0.75 0.70 0.66 0.63 0.60 0.58 0.56 0.55 0.54 0.53 0.52 0.51 0.51 0.50 0.50 0.50 0.49 0.49 0.49 0.49 0.49 0.49 0.49 0.49 0.49 0.49 0.50 0.50 0.50 0.50 0.50 0.50 0.50 0.50 0.50 0.50 0.50 0.50 0.50 0.50 0.50 0.50 0.50 0.50 0.49 0.49 0.49 0.49 0.49 0.49 0.49 0.48 0.48 0.48 0.48 0.49 0.49 0.49 0.50 0.25 0.34 0.55 0.42 0.43 0.56 1.07 1.34 0.00 0.00 
0.00 0.00 4.82 9.88 4.64 3.17 2.36 1.89 1.54 1.09 0.79 0.66 0.59 0.54 0.50 0.47 0.44 0.42 0.40 0.39 0.37 0.36 0.36 0.35 0.34 0.34 0.34 0.33 0.33 0.33 0.33 0.33 0.33 0.33 0.33 0.33 0.33 0.33 0.33 0.33 0.33 0.33 0.33 0.33 0.33 0.33 0.33 0.33 0.33 0.33 0.33 0.33 0.33 0.33 0.33 0.33 0.33 0.33 0.33 0.33 0.33 0.33 0.32 0.32 0.32 0.32 0.32 0.32 0.32 0.32 0.32 0.33 0.36 0.45 0.57 0.41 0.69 0.75 0.99 1.74 0.00 0.00 0.00 
0.00 0.00 0.00 9.13 6.48 3.78 2.46 2.08 1.39 0.90 1.22 1.10 1.00 0.92 0.85 0.80 0.75 0.71 0.68 0.66 0.64 0.62 0.61 0.60 0.59 0.58 0.58 0.57 0.57 0.56 0.56 0.56 0.56 0.56 0.56 0.56 0.56 0.56 0.56 0.56 0.56 0.56 0.56 0.57 0.57 0.57 0.57 0.57 0.57 0.57 0.57 0.57 0.57 0.57 0.57 0.57 0.56 0.56 0.56 0.56 0.56 0.56 0.56 0.55 0.55 0.55 0.55 0.55 0.55 0.55 0.56 0.56 0.29 0.37 0.52 0.39 0.72 0.86 0.99 0.71 0.00 0.00 0.00 
0.00 0.00 0.00 0.22 9.11 5.44 3.09 2.39 1.52 1.62 1.35 1.15 1.04 0.95 0.88 0.83 0.78 0.74 0.71 0.69 0.67 0.65 0.63 0.62 0.61 0.61 0.60 0.59 0.59 0.59 0.58 0.58 0.58 0.58 0.58 0.58 0.58 0.58 0.58 0.59 0.59 0.59 0.59 0.59 0.59 0.59 0.59 0.59 0.59 0.59 0.59 0.59 0.59 0.59 0.59 0.59 0.59 0.59 0.59 0.58 0.58 0.58 0.58 0.58 0.58 0.57 0.57 0.57 0.57 0.58 0.58 0.59 0.63 0.41 0.57 0.49 0.91 0.94 1.38 0.00 0.00 0.00 0.00 
0.00 0.00 0.00 0.00 0.00 6.38 5.93 3.32 2.17 1.44 1.64 1.42 1.29 1.19 1.10 1.03 0.97 0.93 0.89 0.86 0.83 0.81 0.79 0.78 0.77 0.76 0.75 0.74 0.74 0.73 0.73 0.73 0.73 0.73 0.73 0.73 0.73 0.73 0.73 0.73 0.73 0.73 0.73 0.74 0.74 0.74 0.74 0.74 0.74 0.74 0.74 0.74 0.74 0.74 0.74 0.74 0.73 0.73 0.73 0.73 0.73 0.72 0.72 0.72 0.72 0.72 0.72 0.72 0.72 0.72 0.72 0.73 0.48 0.60 0.81 0.89 1.52 0.64 0.00 0.00 0.00 0.00 0.00 
0.00 0.00 0.00 0.00 0.00 0.00 2.16 5.23 4.33 2.81 2.07 1.75 1.58 1.45 1.35 1.26 1.20 1.14 1.09 1.05 1.02 1.00 0.97 0.96 0.94 0.93 0.92 0.91 0.91 0.90 0.90 0.90 0.89 0.89 0.89 0.89 0.90 0.90 0.90 0.90 0.90 0.90 0.90 0.90 0.91 0.91 0.91 0.91 0.91 0.91 0.91 0.91 0.91 0.91 0.91 0.90 0.90 0.90 0.90 0.89 0.89 0.89 0.89 0.88 0.88 0.88 0.88 0.88 0.88 0.88 0.89 0.90 0.96 0.85 1.63 1.06 0.00 0.00 0.00 0.00 0.00 0.00 0.00 
0.00 0.00 0.00 0.00 0.00 0.00 0.00 0.00 0.00 0.00 0.92 0.86 0.80 0.74 0.69 0.64 0.61 0.58 0.56 0.54 0.52 0.51 0.50 0.49 0.48 0.47 0.47 0.46 0.46 0.46 0.46 0.46 0.46 0.46 0.46 0.46 0.46 0.46 0.46 0.46 0.46 0.46 0.46 0.46 0.46 0.46 0.46 0.46 0.46 0.46 0.46 0.46 0.46 0.46 0.46 0.46 0.46 0.46 0.46 0.46 0.45 0.45 0.45 0.45 0.45 0.45 0.45 0.45 0.45 0.45 0.45 0.45 0.00 0.00 0.00 0.00 0.00 0.00 0.00 0.00 0.00 0.00 0.00 
0.00 0.00 0.00 0.00 0.00 0.00 0.00 0.00 0.00 0.00 0.00 0.00 0.00 0.00 0.00 0.00 0.00 0.00 0.00 0.00 0.00 0.00 0.00 0.00 0.00 0.00 0.00 0.00 0.00 0.00 0.00 0.00 0.00 0.00 0.00 0.00 0.00 0.00 0.00 0.00 0.00 0.00 0.00 0.00 0.00 0.00 0.00 0.00 0.00 0.00 0.00 0.00 0.00 0.00 0.00 0.00 0.00 0.00 0.00 0.00 0.00 0.00 0.00 0.00 0.00 0.00 0.00 0.00 0.00 0.00 0.00 0.00 0.00 0.00 0.00 0.00 0.00 0.00 0.00 0.00 0.00 0.00 0.00 
