0.00 0.00 0.00 0.00 0.00 0.00 0.00 0.00 0.00 0.00 0.00 0.00 0.00 0.00 0.00 0.00 0.00 0.00 0.00 0.00 0.00 0.00 0.00 0.00 0.00 0.00 0.00 0.00 0.00 0.00 0.00 0.00 0.00 0.00 0.00 0.00 0.00 0.00 0.00 0.00 0.00 0.00 0.00 0.00 0.00 0.00 0.00 0.00 0.00 0.00 0.00 0.00 0.00 0.00 0.00 0.00 0.00 0.00 0.00 0.00 0.00 0.00 0.00 0.00 0.00 0.00 0.00 0.00 0.00 0.00 0.00 0.00 0.00 0.00 0.00 0.00 0.00 0.00 0.00 0.00 0.00 0.00 0.00 
0.00 0.00 0.00 0.00 0.00 0.00 0.00 0.00 0.35 1.09 1.28 1.31 1.27 1.24 1.22 1.20 1.19 1.19 1.19 1.19 1.20 1.21 1.22 1.24 1.25 1.27 1.29 1.32 1.34 1.37 1.40 1.43 1.46 1.50 1.54 1.58 1.62 1.67 1.73 1.78 1.85 1.92 1.99 2.07 2.15 2.25 2.35 2.46 2.57 2.69 2.81 2.93 3.04 3.15 3.24 3.30 3.33 3.33 3.29 3.22 3.12 3.00 2.86 2.72 2.58 2.45 2.33 2.21 2.11 2.02 1.95 1.87 1.71 1.36 0.41 0.00 0.00 0.00 0.00 0.00 0.00 0.00 0.00 
0.00 0.00 0.00 0.00 0.00 0.00 0.87 1.96 1.92 1.28 1.08 1.01 0.98 0.95 0.94 0.92 0.92 0.91 0.91 0.92 0.92 0.93 0.94 0.95 0.97 0.98 1.00 1.01 1.03 1.05 1.08 1.10 1.13 1.15 1.18 1.22 1.25 1.29 1.33 1.37 1.42 1.47 1.53 1.59 1.66 1.73 1.81 1.89 1.97 2.06 2.15 2.25 2.33 2.42 2.48 2.53 2.56 2.56 2.54 2.48 2.41 2.32 2.22 2.11 2.01 1.91 1.81 1.72 1.64 1.57 1.51 1.47 1.46 1.60 2.23 2.12 0.88 0.00 0.00 0.00 0.00 0.00 0.00 
0.00 0.00 0.00 0.00 0.06 2.08 2.04 1.21 0.96 0.82 0.75 0.70 0.68 0.67 0.65 0.65 0.64 0.64 0.64 0.64 0.65 0.65 0.66 0.67 0.68 0.69 0.70 0.71 0.72 0.74 0.75 0.77 0.79 0.81 0.83 0.85 0.88 0.90 0.93 0.96 1.00 1.03 1.07 1.11 1.16 1.21 1.26 1.32 1.38 1.44 1.51 1.57 1.63 1.69 1.74 1.77 1.79 1.79 1.78 1.74 1.69 1.63 1.56 1.49 1.41 1.34 1.27 1.21 1.15 1.11 1.06 1.03 1.02 1.04 1.12 1.32 2.05 1.93 0.05 0.00 0.00 0.00 0.00 
0.00 0.00 0.00 0.06 2.74 1.75 1.13 0.89 0.75 0.68 0.61 0.57 0.56 0.54 0.53 0.53 0.52 0.52 0.52 0.52 0.53 0.53 0.54 0.54 0.55 0.56 0.57 0.58 0.59 0.60 0.61 0.63 0.64 0.66 0.68 0.69 0.71 0.74 0.76 0.78 0.81 0.84 0.87 0.91 0.94 0.98 1.03 1.07 1.12 1.17 1.23 1.28 1.33 1.37 1.41 1.44 1.46 1.46 1.45 1.42 1.38 1.33 1.27 1.21 1.15 1.09 1.04 0.99 0.94 0.90 0.87 0.84 0.83 0.87 0.89 0.96 1.14 1.62 2.30 0.04 0.00 0.00 0.00 
0.00 0.00 0.00 2.71 1.97 1.20 0.91 0.76 0.65 0.60 0.55 0.52 0.51 0.50 0.49 0.48 0.48 0.48 0.48 0.48 0.48 0.49 0.49 0.50 0.50 0.51 0.52 0.53 0.54 0.55 0.56 0.57 0.59 0.60 0.62 0.64 0.65 0.67 0.69 0.72 0.74 0.77 0.80 0.83 0.86 0.90 0.94 0.98 1.03 1.08 1.12 1.17 1.22 1.26 1.30 1.32 1.34 1.34 1.33 1.30 1.26 1.22 1.16 1.11 1.05 1.00 0.95 0.90 0.86 0.83 0.80 0.77 0.76 0.77 0.78 0.84 0.92 1.12 1.67 2.10 0.00 0.00 0.00 
0.00 0.00 1.48 2.95 1.40 1.00 0.80 0.68 0.59 0.54 0.51 0.49 0.48 0.47 0.46 0.45 0.45 0.45 0.45 0.45 0.46 0.46 0.47 0.47 0.48 0.48 0.49 0.50 0.51 0.52 0.53 0.54 0.56 0.57 0.59 0.60 0.62 0.64 0.66 0.68 0.70 0.73 0.76 0.79 0.82 0.85 0.89 0.93 0.97 1.02 1.06 1.11 1.15 1.19 1.22 1.25 1.26 1.27 1.25 1.23 1.20 1.15 1.10 1.05 1.00 0.95 0.90 0.86 0.82 0.79 0.76 0.73 0.71 0.58 0.71 0.76 0.80 0.84 1.10 2.25 0.92 0.00 0.00 
0.00 0.00 3.69 1.90 1.20 0.90 0.74 0.62 0.57 0.51 0.48 0.46 0.45 0.44 0.43 0.42 0.42 0.42 0.42 0.42 0.43 0.43 0.43 0.44 0.45 0.45 0.46 0.47 0.48 0.49 0.50 0.51 0.52 0.53 0.55 0.56 0.58 0.59 0.61 0.63 0.65 0.68 0.70 0.73 0.76 0.79 0.83 0.87 0.91 0.95 0.99 1.03 1.07 1.11 1.14 1.16 1.18 1.18 1.17 1.15 1.12 1.08 1.03 0.99 0.94 0.89 0.85 0.81 0.77 0.74 0.71 0.68 0.67 0.66 0.69 0.67 0.76 0.85 1.01 1.46 2.51 0.00 0.00 
0.00 0.83 3.90 1.59 1.07 0.82 0.68 0.60 0.53 0.48 0.37 0.32 0.30 0.30 0.29 0.29 0.29 0.29 0.29 0.29 0.29 0.29 0.30 0.30 0.30 0.31 0.31 0.32 0.32 0.33 0.34 0.35 0.35 0.36 0.37 0.38 0.39 0.40 0.42 0.43 0.45 0.46 0.48 0.50 0.52 0.54 0.56 0.59 0.62 0.64 0.67 0.70 0.73 0.75 0.77 0.79 0.80 0.80 0.80 0.78 0.76 0.73 0.70 0.67 0.64 0.61 0.58 0.55 0.53 0.50 0.48 0.47 0.52 0.63 0.65 0.42 0.71 0.65 0.72 1.08 2.32 0.00 0.00 
0.00 2.89 2.75 1.45 1.05 0.80 0.65 0.58 0.51 0.30 0.22 0.21 0.21 0.20 0.20 0.19 0.19 0.19 0.19 0.19 0.19 0.20 0.20 0.20 0.20 0.21 0.21 0.21 0.22 0.22 0.23 0.23 0.24 0.24 0.25 0.26 0.26 0.27 0.28 0.29 0.30 0.31 0.32 0.33 0.35 0.36 0.38 0.40 0.42 0.43 0.45 0.47 0.49 0.51 0.52 0.53 0.54 0.54 0.53 0.52 0.50 0.49 0.46 0.44 0.42 0.40 0.38 0.36 0.34 0.33 0.32 0.30 0.30 0.39 0.62 0.66 0.58 0.47 0.90 0.82 1.73 0.00 0.00 
0.00 3.67 2.45 1.39 0.98 0.77 0.65 0.57 0.41 0.24 0.43 0.42 0.41 0.40 0.39 0.39 0.39 0.39 0.39 0.39 0.39 0.40 0.40 0.41 0.41 0.42 0.42 0.43 0.44 0.45 0.46 0.47 0.48 0.49 0.50 0.52 0.53 0.55 0.57 0.58 0.60 0.63 0.65 0.68 0.70 0.73 0.76 0.80 0.83 0.87 0.91 0.95 0.99 1.02 1.05 1.07 1.09 1.09 1.08 1.06 1.03 1.00 0.96 0.91 0.87 0.83 0.79 0.75 0.72 0.69 0.66 0.65 0.29 0.29 0.50 0.65 0.47 0.76 0.84 1.07 1.41 0.72 0.00 
0.00 3.92 2.39 1.36 0.92 0.76 0.65 0.56 0.37 0.23 0.43 0.42 0.41 0.40 0.39 0.39 0.39 0.39 0.39 0.39 0.39 0.39 0.40 0.40 0.41 0.42 0.42 0.43 0.44 0.45 0.46 0.47 0.48 0.49 0.50 0.52 0.53 0.55 0.56 0.58 0.60 0.62 0.65 0.67 0.70 0.73 0.76 0.80 0.83 0.87 0.91 0.95 0.98 1.02 1.05 1.07 1.08 1.09 1.08 1.06 1.03 0.99 0.95 0.91 0.87 0.82 0.78 0.75 0.71 0.69 0.66 0.65 0.29 0.29 0.45 0.65 0.44 0.74 0.80 1.03 1.33 0.71 0.00 
0.00 3.69 2.46 1.38 0.97 0.77 0.65 0.56 0.41 0.24 0.22 0.21 0.20 0.20 0.19 0.19 0.19 0.19 0.19 0.19 0.19 0.19 0.20 0.20 0.20 0.20 0.21 0.21 0.21 0.22 0.22 0.23 0.23 0.24 0.25 0.25 0.26 0.27 0.28 0.28 0.29 0.31 0.32 0.33 0.34 0.36 0.37 0.39 0.41 0.43 0.45 0.47 0.49 0.50 0.52 0.53 0.53 0.53 0.53 0.51 0.50 0.48 0.46 0.43 0.41 0.39 0.37 0.35 0.34 0.32 0.31 0.30 0.29 0.29 0.51 0.66 0.47 0.38 0.85 0.67 1.41 0.00 0.00 
0.00 2.92 2.74 1.45 1.03 0.80 0.55 0.57 0.50 0.30 0.22 0.21 0.21 0.20 0.20 0.19 0.19 0.19 0.19 0.19 0.19 0.20 0.20 0.20 0.20 0.21 0.21 0.21 0.22 0.22 0.23 0.23 0.24 0.24 0.25 0.26 0.26 0.27 0.28 0.29 0.30 0.31 0.32 0.34 0.35 0.36 0.38 0.40 0.42 0.44 0.46 0.47 0.49 0.51 0.52 0.53 0.54 0.54 0.53 0.52 0.50 0.48 0.46 0.44 0.42 0.40 0.38 0.36 0.34 0.33 0.31 0.30 0.30 0.39 0.64 0.31 0.59 0.48 0.55 0.82 1.22 0.00 0.00 
0.00 0.84 3.90 1.58 1.06 0.81 0.67 0.60 0.53 0.47 0.37 0.32 0.30 0.30 0.29 0.29 0.29 0.29 0.29 0.29 0.29 0.30 0.30 0.30 0.31 0.31 0.32 0.32 0.33 0.33 0.34 0.35 0.36 0.37 0.38 0.39 0.40 0.41 0.42 0.44 0.45 0.47 0.48 0.50 0.52 0.55 0.57 0.59 0.62 0.65 0.68 0.71 0.73 0.76 0.78 0.80 0.81 0.81 0.80 0.79 0.77 0.74 0.71 0.68 0.65 0.62 0.59 0.56 0.54 0.51 0.49 0.48 0.53 0.65 0.68 0.42 0.74 0.67 0.74 1.10 2.29 0.00 0.00 
0.00 0.00 3.67 1.87 1.15 0.88 0.72 0.59 0.35 0.50 0.48 0.46 0.45 0.44 0.43 0.43 0.43 0.43 0.43 0.43 0.43 0.44 0.44 0.45 0.45 0.46 0.47 0.48 0.49 0.50 0.51 0.52 0.53 0.54 0.56 0.57 0.59 0.61 0.62 0.64 0.67 0.69 0.72 0.74 0.77 0.81 0.84 0.88 0.92 0.96 1.00 1.04 1.08 1.12 1.15 1.18 1.20 1.20 1.19 1.18 1.15 1.11 1.07 1.02 0.97 0.93 0.88 0.84 0.80 0.77 0.74 0.72 0.70 0.32 0.43 0.70 0.50 0.48 0.62 1.18 1.45 0.00 0.00 
0.00 0.00 1.47 2.91 1.37 0.98 0.77 0.67 0.58 0.45 0.35 0.31 0.30 0.29 0.29 0.29 0.28 0.28 0.28 0.29 0.29 0.29 0.29 0.30 0.30 0.31 0.31 0.32 0.32 0.33 0.34 0.34 0.35 0.36 0.37 0.38 0.39 0.40 0.41 0.43 0.44 0.46 0.48 0.50 0.52 0.54 0.56 0.59 0.61 0.64 0.67 0.70 0.72 0.75 0.77 0.79 0.80 0.80 0.79 0.78 0.76 0.73 0.70 0.67 0.63 0.60 0.57 0.55 0.52 0.50 0.48 0.47 0.50 0.61 0.75 0.50 0.85 0.88 1.14 1.96 0.00 0.00 0.00 
0.00 0.00 0.00 2.66 1.91 1.17 0.80 0.74 0.53 0.37 0.55 0.52 0.51 0.50 0.49 0.49 0.49 0.49 0.49 0.49 0.49 0.50 0.50 0.51 0.52 0.52 0.53 0.54 0.55 0.56 0.58 0.59 0.60 0.62 0.63 0.65 0.67 0.69 0.71 0.73 0.76 0.79 0.82 0.85 0.88 0.92 0.96 1.00 1.05 1.09 1.14 1.19 1.24 1.28 1.32 1.35 1.37 1.37 1.36 1.34 1.30 1.26 1.21 1.15 1.10 1.05 1.00 0.95 0.91 0.87 0.84 0.82 0.39 0.49 0.68 0.48 0.88 1.02 1.14 0.79 0.00 0.00 0.00 
0.00 0.00 0.00 0.06 2.67 1.68 1.01 0.85 0.58 0.67 0.60 0.55 0.53 0.52 0.51 0.51 0.51 0.51 0.51 0.51 0.51 0.52 0.52 0.53 0.54 0.55 0.56 0.57 0.58 0.59 0.60 0.61 0.63 0.64 0.66 0.68 0.70 0.72 0.74 0.76 0.79 0.82 0.85 0.88 0.92 0.96 1.00 1.04 1.09 1.14 1.19 1.24 1.29 1.34 1.37 1.40 1.42 1.43 1.42 1.39 1.36 1.31 1.26 1.20 1.15 1.09 1.04 0.99 0.95 0.91 0.88 0.85 0.89 0.55 0.74 0.60 1.13 1.13 1.60 0.00 0.00 0.00 0.00 
0.00 0.00 0.00 0.00 0.00 1.98 1.95 1.17 0.82 0.59 0.73 0.68 0.66 0.65 0.64 0.63 0.63 0.63 0.63 0.64 0.64 0.65 0.65 0.66 0.67 0.68 0.69 0.71 0.72 0.73 0.75 0.76 0.78 0.80 0.82 0.84 0.87 0.89 0.92 0.95 0.99 1.02 1.06 1.10 1.15 1.19 1.24 1.30 1.36 1.42 1.48 1.54 1.61 1.66 1.71 1.75 1.77 1.78 1.77 1.74 1.70 1.64 1.58 1.51 1.44 1.37 1.30 1.24 1.19 1.14 1.10 1.07 0.67 0.81 1.07 1.14 1.91 0.77 0.00 0.00 0.00 0.00 0.00 
0.00 0.00 0.00 0.00 0.00 0.00 0.72 1.86 1.65 1.16 0.92 0.83 0.81 0.79 0.78 0.78 0.78 0.78 0.78 0.78 0.79 0.80 0.80 0.82 0.83 0.84 0.85 0.87 0.88 0.90 0.92 0.94 0.96 0.99 1.01 1.04 1.07 1.10 1.14 1.17 1.21 1.26 1.30 1.35 1.41 1.46 1.53 1.59 1.66 1.74 1.81 1.89 1.96 2.03 2.09 2.14 2.17 2.18 2.17 2.14 2.09 2.03 1.96 1.87 1.79 1.71 1.62 1.55 1.48 1.42 1.36 1.33 1.38 1.17 2.20 1.38 0.00 0.00 0.00 0.00 0.00 0.00 0.00 
0.00 0.00 0.00 0.00 0.00 0.00 0.00 0.00 0.00 0.00 0.43 0.42 0.41 0.40 0.40 0.40 0.40 0.40 0.40 0.40 0.40 0.41 0.41 0.42 0.42 0.43 0.43 0.44 0.45 0.46 0.47 0.48 0.49 0.50 0.52 0.53 0.54 0.56 0.58 0.60 0.62 0.64 0.66 0.69 0.72 0.75 0.78 0.81 0.85 0.89 0.92 0.96 1.00 1.04 1.07 1.09 1.11 1.11 1.11 1.09 1.07 1.03 1.00 0.95 0.91 0.87 0.83 0.79 0.75 0.73 0.70 0.69 0.00 0.00 0.00 0.00 0.00 0.00 0.00 0.00 0.00 0.00 0.00 
0.00 0.00 0.00 0.00 0.00 0.00 0.00 0.00 0.00 0.00 0.00 0.00 0.00 0.00 0.00 0.00 0.00 0.00 0.00 0.00 0.00 0.00 0.00 0.00 0.00 0.00 0.00 0.00 0.00 0.00 0.00 0.00 0.00 0.00 0.00 0.00 0.00 0.00 0.00 0.00 0.00 0.00 0.00 0.00 0.00 0.00 0.00 0.00 0.00 0.00 0.00 0.00 0.00 0.00 0.00 0.00 0.00 0.00 0.00 0.00 0.00 0.00 0.00 0.00 0.00 0.00 0.00 0.00 0.00 0.00 0.00 0.00 0.00 0.00 0.00 0.00 0.00 0.00 0.00 0.00 0.00 0.00 0.00 
