0.00 0.00 0.00 0.00 0.00 0.00 0.00 0.00 0.00 0.00 0.00 0.00 0.00 0.00 0.00 0.00 0.00 0.00 0.00 0.00 0.00 0.00 0.00 0.00 0.00 0.00 0.00 0.00 0.00 0.00 0.00 0.00 0.00 0.00 0.00 0.00 0.00 0.00 0.00 0.00 0.00 0.00 0.00 0.00 0.00 0.00 0.00 0.00 0.00 0.00 0.00 0.00 0.00 0.00 0.00 0.00 0.00 0.00 0.00 0.00 0.00 0.00 0.00 0.00 0.00 0.00 0.00 0.00 0.00 0.00 0.00 0.00 0.00 0.00 0.00 0.00 0.00 0.00 0.00 0.00 0.00 0.00 0.00 
0.00 0.00 0.00 0.00 0.00 0.00 0.00 0.00 1.29 3.95 4.42 4.25 3.85 3.47 3.13 2.84 2.60 2.39 2.22 2.08 1.95 1.85 1.76 1.68 1.61 1.55 1.51 1.46 1.43 1.40 1.37 1.35 1.33 1.31 1.30 1.28 1.27 1.27 1.26 1.25 1.25 1.24 1.24 1.24 1.24 1.24 1.23 1.23 1.23 1.23 1.23 1.23 1.23 1.22 1.22 1.22 1.22 1.22 1.22 1.21 1.21 1.21 1.21 1.21 1.21 1.21 1.21 1.21 1.22 1.23 1.24 1.25 1.20 1.00 0.31 0.00 0.00 0.00 0.00 0.00 0.00 0.00 0.00 
0.00 0.00 0.00 0.00 0.00 0.00 3.06 7.07 6.94 4.53 3.69 3.25 2.92 2.64 2.38 2.17 1.99 1.83 1.70 1.59 1.50 1.42 1.35 1.29 1.24 1.20 1.16 1.13 1.10 1.07 1.05 1.04 1.02 1.01 1.00 0.99 0.98 0.98 0.97 0.97 0.96 0.96 0.96 0.95 0.95 0.95 0.95 0.95 0.95 0.95 0.95 0.95 0.94 0.94 0.94 0.94 0.94 0.94 0.94 0.93 0.93 0.93 0.93 0.93 0.93 0.93 0.93 0.93 0.94 0.95 0.96 0.97 1.02 1.17 1.70 1.70 0.74 0.00 0.00 0.00 0.00 0.00 0.00 
0.00 0.00 0.00 0.00 0.16 6.67 6.99 4.35 3.45 2.92 2.53 2.25 2.03 1.83 1.66 1.51 1.38 1.28 1.19 1.11 1.05 0.99 0.94 0.90 0.87 0.84 0.81 0.79 0.77 0.75 0.74 0.73 0.72 0.71 0.70 0.69 0.69 0.68 0.68 0.68 0.67 0.67 0.67 0.67 0.67 0.67 0.66 0.66 0.66 0.66 0.66 0.66 0.66 0.66 0.66 0.66 0.66 0.66 0.65 0.65 0.65 0.65 0.65 0.65 0.65 0.65 0.65 0.65 0.66 0.66 0.67 0.68 0.71 0.76 0.85 1.05 1.72 1.72 0.04 0.00 0.00 0.00 0.00 
0.00 0.00 0.00 0.16 7.66 5.50 3.87 3.18 2.70 2.41 2.07 1.82 1.65 1.49 1.35 1.23 1.13 1.04 0.97 0.90 0.85 0.81 0.77 0.73 0.71 0.68 0.66 0.64 0.63 0.61 0.60 0.59 0.58 0.58 0.57 0.56 0.56 0.56 0.55 0.55 0.55 0.55 0.55 0.54 0.54 0.54 0.54 0.54 0.54 0.54 0.54 0.54 0.54 0.54 0.54 0.54 0.54 0.53 0.53 0.53 0.53 0.53 0.53 0.53 0.53 0.53 0.53 0.53 0.54 0.54 0.54 0.55 0.57 0.63 0.67 0.76 0.95 1.43 2.18 0.04 0.00 0.00 0.00 
0.00 0.00 0.00 6.41 5.45 3.77 3.10 2.71 2.34 2.13 1.87 1.67 1.51 1.36 1.23 1.12 1.03 0.95 0.88 0.83 0.78 0.74 0.70 0.67 0.65 0.62 0.60 0.59 0.57 0.56 0.55 0.54 0.53 0.53 0.52 0.52 0.51 0.51 0.51 0.50 0.50 0.50 0.50 0.50 0.50 0.50 0.50 0.50 0.49 0.49 0.49 0.49 0.49 0.49 0.49 0.49 0.49 0.49 0.49 0.49 0.49 0.49 0.49 0.48 0.48 0.49 0.49 0.49 0.49 0.49 0.50 0.51 0.53 0.56 0.58 0.66 0.77 0.98 1.58 2.14 0.00 0.00 0.00 
0.00 0.00 2.89 6.80 3.87 3.14 2.72 2.43 2.12 1.87 1.72 1.57 1.42 1.28 1.16 1.06 0.97 0.90 0.83 0.78 0.74 0.70 0.66 0.64 0.61 0.59 0.57 0.56 0.54 0.53 0.52 0.51 0.50 0.50 0.49 0.49 0.48 0.48 0.48 0.48 0.47 0.47 0.47 0.47 0.47 0.47 0.47 0.47 0.47 0.47 0.47 0.47 0.47 0.47 0.46 0.46 0.46 0.46 0.46 0.46 0.46 0.46 0.46 0.46 0.46 0.46 0.46 0.46 0.46 0.47 0.47 0.48 0.49 0.42 0.53 0.60 0.66 0.73 1.03 2.27 1.02 0.00 0.00 
0.00 0.00 6.85 4.38 3.29 2.83 2.52 2.19 2.03 1.79 1.61 1.45 1.31 1.18 1.07 0.98 0.90 0.83 0.77 0.73 0.68 0.65 0.62 0.59 0.57 0.55 0.53 0.52 0.51 0.49 0.49 0.48 0.47 0.46 0.46 0.46 0.45 0.45 0.45 0.44 0.44 0.44 0.44 0.44 0.44 0.44 0.44 0.44 0.44 0.44 0.44 0.43 0.43 0.43 0.43 0.43 0.43 0.43 0.43 0.43 0.43 0.43 0.43 0.43 0.43 0.43 0.43 0.43 0.43 0.44 0.44 0.45 0.46 0.47 0.51 0.52 0.63 0.74 0.93 1.46 2.71 0.00 0.00 
0.00 1.29 7.10 3.67 2.96 2.58 2.31 2.14 1.91 1.65 1.23 1.00 0.89 0.81 0.73 0.67 0.61 0.57 0.53 0.49 0.47 0.44 0.42 0.40 0.39 0.37 0.36 0.35 0.34 0.34 0.33 0.33 0.32 0.32 0.31 0.31 0.31 0.31 0.30 0.30 0.30 0.30 0.30 0.30 0.30 0.30 0.30 0.30 0.30 0.30 0.30 0.30 0.30 0.30 0.29 0.29 0.29 0.29 0.29 0.29 0.29 0.29 0.29 0.29 0.29 0.29 0.29 0.29 0.29 0.30 0.30 0.31 0.35 0.44 0.48 0.33 0.58 0.56 0.67 1.07 2.45 0.00 0.00 
0.00 4.19 5.00 3.34 2.84 2.52 2.21 2.04 1.78 1.06 0.78 0.70 0.63 0.56 0.51 0.46 0.42 0.39 0.36 0.34 0.32 0.30 0.28 0.27 0.26 0.25 0.24 0.24 0.23 0.23 0.22 0.22 0.21 0.21 0.21 0.21 0.21 0.20 0.20 0.20 0.20 0.20 0.20 0.20 0.20 0.20 0.20 0.20 0.20 0.20 0.20 0.20 0.20 0.20 0.20 0.20 0.20 0.20 0.20 0.20 0.20 0.20 0.20 0.20 0.20 0.20 0.20 0.20 0.20 0.20 0.20 0.20 0.21 0.28 0.46 0.51 0.47 0.42 0.82 0.81 1.80 0.00 0.00 
0.00 5.13 4.45 3.16 2.62 2.43 2.20 1.99 1.44 0.85 1.42 1.31 1.19 1.08 0.98 0.90 0.83 0.77 0.71 0.67 0.63 0.60 0.57 0.55 0.52 0.51 0.49 0.48 0.47 0.46 0.45 0.44 0.43 0.43 0.42 0.42 0.42 0.41 0.41 0.41 0.41 0.41 0.41 0.41 0.40 0.40 0.40 0.40 0.40 0.40 0.40 0.40 0.40 0.40 0.40 0.40 0.40 0.40 0.40 0.40 0.40 0.40 0.39 0.39 0.39 0.40 0.40 0.40 0.40 0.40 0.41 0.41 0.21 0.22 0.37 0.50 0.39 0.65 0.77 1.03 1.46 0.79 0.00 
0.00 5.40 4.31 3.08 2.46 2.37 2.20 1.97 1.31 0.85 1.41 1.30 1.18 1.08 0.98 0.89 0.82 0.76 0.71 0.67 0.63 0.60 0.57 0.54 0.52 0.51 0.49 0.48 0.46 0.46 0.45 0.44 0.43 0.43 0.42 0.42 0.42 0.41 0.41 0.41 0.41 0.41 0.40 0.40 0.40 0.40 0.40 0.40 0.40 0.40 0.40 0.40 0.40 0.40 0.40 0.40 0.40 0.40 0.40 0.39 0.39 0.39 0.39 0.39 0.39 0.39 0.39 0.40 0.40 0.40 0.41 0.41 0.21 0.21 0.34 0.50 0.36 0.63 0.72 0.98 1.37 0.78 0.00 
0.00 5.09 4.39 3.13 2.60 2.41 2.18 1.97 1.43 0.85 0.76 0.69 0.62 0.55 0.50 0.45 0.42 0.38 0.35 0.33 0.31 0.29 0.28 0.27 0.26 0.25 0.24 0.23 0.23 0.22 0.22 0.21 0.21 0.21 0.21 0.21 0.20 0.20 0.20 0.20 0.20 0.20 0.20 0.20 0.20 0.20 0.20 0.20 0.20 0.20 0.20 0.20 0.20 0.20 0.20 0.19 0.19 0.19 0.19 0.19 0.19 0.19 0.19 0.19 0.19 0.19 0.19 0.19 0.19 0.20 0.20 0.20 0.21 0.22 0.37 0.50 0.38 0.34 0.76 0.66 1.42 0.00 0.00 
0.00 4.11 4.89 3.26 2.78 2.48 1.83 1.99 1.75 1.05 0.78 0.70 0.63 0.56 0.51 0.46 0.42 0.39 0.36 0.34 0.32 0.30 0.28 0.27 0.26 0.25 0.24 0.24 0.23 0.23 0.22 0.22 0.21 0.21 0.21 0.21 0.21 0.20 0.20 0.20 0.20 0.20 0.20 0.20 0.20 0.20 0.20 0.20 0.20 0.20 0.20 0.20 0.20 0.20 0.20 0.20 0.20 0.20 0.20 0.20 0.20 0.20 0.20 0.20 0.20 0.20 0.20 0.20 0.20 0.20 0.20 0.20 0.21 0.28 0.46 0.25 0.47 0.41 0.50 0.79 1.22 0.00 0.00 
0.00 1.25 6.87 3.54 2.87 2.51 2.25 2.09 1.86 1.61 1.21 0.99 0.89 0.80 0.73 0.67 0.61 0.57 0.53 0.50 0.47 0.44 0.42 0.41 0.39 0.38 0.37 0.36 0.35 0.34 0.33 0.33 0.32 0.32 0.32 0.31 0.31 0.31 0.31 0.31 0.30 0.30 0.30 0.30 0.30 0.30 0.30 0.30 0.30 0.30 0.30 0.30 0.30 0.30 0.30 0.30 0.30 0.30 0.30 0.30 0.29 0.29 0.29 0.29 0.29 0.29 0.29 0.30 0.30 0.30 0.30 0.31 0.35 0.45 0.49 0.33 0.58 0.56 0.66 1.03 2.23 0.00 0.00 
0.00 0.00 6.55 4.18 3.10 2.72 2.43 2.04 1.25 1.72 1.56 1.42 1.28 1.17 1.06 0.97 0.90 0.83 0.78 0.73 0.69 0.66 0.63 0.60 0.58 0.56 0.54 0.53 0.52 0.50 0.49 0.49 0.48 0.47 0.47 0.46 0.46 0.46 0.46 0.45 0.45 0.45 0.45 0.45 0.45 0.45 0.45 0.44 0.44 0.44 0.44 0.44 0.44 0.44 0.44 0.44 0.44 0.44 0.44 0.44 0.44 0.44 0.44 0.44 0.44 0.44 0.44 0.44 0.44 0.44 0.45 0.46 0.46 0.24 0.32 0.53 0.41 0.42 0.56 1.10 1.41 0.00 0.00 
0.00 0.00 2.72 6.42 3.67 2.99 2.55 2.33 2.04 1.53 1.16 0.98 0.88 0.80 0.72 0.66 0.61 0.56 0.52 0.49 0.46 0.44 0.42 0.40 0.38 0.37 0.36 0.35 0.34 0.33 0.33 0.32 0.32 0.31 0.31 0.31 0.31 0.30 0.30 0.30 0.30 0.30 0.30 0.30 0.30 0.30 0.30 0.30 0.30 0.29 0.29 0.29 0.29 0.29 0.29 0.29 0.29 0.29 0.29 0.29 0.29 0.29 0.29 0.29 0.29 0.29 0.29 0.29 0.29 0.30 0.30 0.30 0.34 0.43 0.54 0.39 0.67 0.73 0.99 1.77 0.00 0.00 0.00 
0.00 0.00 0.00 5.97 5.10 3.56 2.64 2.56 1.85 1.28 1.79 1.62 1.47 1.34 1.22 1.11 1.03 0.95 0.89 0.83 0.79 0.75 0.71 0.68 0.66 0.64 0.62 0.60 0.59 0.57 0.56 0.55 0.55 0.54 0.53 0.53 0.52 0.52 0.52 0.52 0.51 0.51 0.51 0.51 0.51 0.51 0.51 0.51 0.51 0.50 0.50 0.50 0.50 0.50 0.50 0.50 0.50 0.50 0.50 0.50 0.50 0.50 0.50 0.50 0.50 0.50 0.50 0.50 0.50 0.51 0.51 0.52 0.27 0.35 0.49 0.38 0.69 0.84 0.98 0.72 0.00 0.00 0.00 
0.00 0.00 0.00 0.15 7.00 5.13 3.33 2.94 2.02 2.29 1.97 1.69 1.53 1.39 1.26 1.16 1.07 0.99 0.92 0.87 0.82 0.78 0.74 0.71 0.69 0.66 0.64 0.63 0.61 0.60 0.59 0.58 0.57 0.56 0.56 0.55 0.55 0.54 0.54 0.54 0.53 0.53 0.53 0.53 0.53 0.53 0.53 0.53 0.53 0.53 0.52 0.52 0.52 0.52 0.52 0.52 0.52 0.52 0.52 0.52 0.52 0.52 0.52 0.52 0.52 0.52 0.52 0.52 0.52 0.53 0.53 0.54 0.59 0.39 0.54 0.47 0.88 0.92 1.37 0.00 0.00 0.00 0.00 
0.00 0.00 0.00 0.00 0.00 6.13 6.41 4.04 2.86 2.01 2.37 2.08 1.89 1.72 1.57 1.44 1.32 1.23 1.15 1.08 1.02 0.97 0.93 0.89 0.85 0.83 0.80 0.78 0.76 0.75 0.73 0.72 0.71 0.70 0.69 0.69 0.68 0.68 0.67 0.67 0.67 0.66 0.66 0.66 0.66 0.66 0.66 0.66 0.66 0.66 0.65 0.65 0.65 0.65 0.65 0.65 0.65 0.65 0.65 0.65 0.65 0.64 0.64 0.64 0.64 0.64 0.65 0.65 0.65 0.66 0.67 0.68 0.45 0.56 0.77 0.85 1.46 0.62 0.00 0.00 0.00 0.00 0.00 
0.00 0.00 0.00 0.00 0.00 0.00 2.44 6.39 5.62 3.89 2.94 2.52 2.28 2.08 1.90 1.74 1.61 1.50 1.40 1.32 1.25 1.19 1.13 1.09 1.05 1.01 0.98 0.96 0.94 0.92 0.90 0.89 0.87 0.86 0.85 0.84 0.84 0.83 0.83 0.82 0.82 0.82 0.82 0.81 0.81 0.81 0.81 0.81 0.81 0.81 0.80 0.80 0.80 0.80 0.80 0.80 0.80 0.80 0.80 0.79 0.79 0.79 0.79 0.79 0.79 0.79 0.79 0.80 0.80 0.81 0.82 0.83 0.90 0.80 1.55 1.01 0.00 0.00 0.00 0.00 0.00 0.00 0.00 
0.00 0.00 0.00 0.00 0.00 0.00 0.00 0.00 0.00 0.00 1.34 1.25 1.15 1.05 0.97 0.89 0.82 0.76 0.71 0.67 0.64 0.60 0.58 0.55 0.53 0.52 0.50 0.49 0.48 0.47 0.46 0.45 0.44 0.44 0.43 0.43 0.43 0.42 0.42 0.42 0.42 0.42 0.42 0.41 0.41 0.41 0.41 0.41 0.41 0.41 0.41 0.41 0.41 0.41 0.41 0.41 0.41 0.41 0.41 0.40 0.40 0.40 0.40 0.40 0.40 0.40 0.40 0.41 0.41 0.41 0.42 0.42 0.00 0.00 0.00 0.00 0.00 0.00 0.00 0.00 0.00 0.00 0.00 
0.00 0.00 0.00 0.00 0.00 0.00 0.00 0.00 0.00 0.00 0.00 0.00 0.00 0.00 0.00 0.00 0.00 0.00 0.00 0.00 0.00 0.00 0.00 0.00 0.00 0.00 0.00 0.00 0.00 0.00 0.00 0.00 0.00 0.00 0.00 0.00 0.00 0.00 0.00 0.00 0.00 0.00 0.00 0.00 0.00 0.00 0.00 0.00 0.00 0.00 0.00 0.00 0.00 0.00 0.00 0.00 0.00 0.00 0.00 0.00 0.00 0.00 0.00 0.00 0.00 0.00 0.00 0.00 0.00 0.00 0.00 0.00 0.00 0.00 0.00 0.00 0.00 0.00 0.00 0.00 0.00 0.00 0.00 
