0.00 0.00 0.00 0.00 0.00 0.00 0.00 0.00 0.00 0.00 0.00 0.00 0.00 0.00 0.00 0.00 0.00 0.00 0.00 0.00 0.00 0.00 0.00 0.00 0.00 0.00 0.00 0.00 0.00 0.00 0.00 0.00 0.00 0.00 0.00 0.00 0.00 0.00 0.00 0.00 0.00 0.00 0.00 0.00 0.00 0.00 0.00 0.00 0.00 0.00 0.00 0.00 0.00 0.00 0.00 0.00 0.00 0.00 0.00 0.00 0.00 0.00 0.00 0.00 0.00 0.00 0.00 0.00 0.00 0.00 0.00 0.00 0.00 0.00 0.00 0.00 0.00 0.00 0.00 0.00 0.00 0.00 0.00 
0.00 0.00 0.00 0.00 0.00 0.00 0.00 0.00 0.29 0.93 1.12 1.16 1.15 1.14 1.13 1.12 1.12 1.11 1.11 1.12 1.12 1.12 1.13 1.13 1.14 1.14 1.15 1.15 1.16 1.17 1.17 1.18 1.19 1.20 1.21 1.22 1.23 1.24 1.25 1.27 1.28 1.30 1.32 1.34 1.36 1.39 1.42 1.46 1.49 1.54 1.59 1.64 1.71 1.78 1.86 1.96 2.06 2.18 2.32 2.47 2.65 2.85 3.08 3.32 3.59 3.87 4.15 4.39 4.58 4.69 4.69 4.57 4.12 3.17 0.92 0.00 0.00 0.00 0.00 0.00 0.00 0.00 0.00 
0.00 0.00 0.00 0.00 0.00 0.00 0.69 1.59 1.59 1.09 0.95 0.90 0.88 0.87 0.87 0.86 0.86 0.86 0.86 0.86 0.86 0.86 0.87 0.87 0.87 0.88 0.88 0.89 0.89 0.90 0.90 0.91 0.92 0.92 0.93 0.94 0.94 0.95 0.96 0.97 0.99 1.00 1.02 1.03 1.05 1.07 1.09 1.12 1.15 1.18 1.22 1.27 1.31 1.37 1.43 1.50 1.58 1.67 1.78 1.90 2.03 2.18 2.35 2.54 2.74 2.95 3.16 3.35 3.50 3.59 3.60 3.56 3.53 3.76 5.03 4.53 1.78 0.00 0.00 0.00 0.00 0.00 0.00 
0.00 0.00 0.00 0.00 0.04 1.58 1.60 0.99 0.80 0.71 0.65 0.63 0.62 0.61 0.61 0.60 0.60 0.60 0.60 0.60 0.60 0.60 0.61 0.61 0.61 0.61 0.62 0.62 0.62 0.63 0.63 0.64 0.64 0.65 0.65 0.66 0.66 0.67 0.67 0.68 0.69 0.70 0.71 0.72 0.74 0.75 0.77 0.78 0.81 0.83 0.86 0.89 0.92 0.96 1.00 1.05 1.11 1.17 1.24 1.32 1.42 1.52 1.64 1.77 1.91 2.06 2.20 2.34 2.44 2.51 2.52 2.49 2.46 2.45 2.54 2.83 4.17 3.68 0.09 0.00 0.00 0.00 0.00 
0.00 0.00 0.00 0.04 2.00 1.32 0.89 0.72 0.63 0.59 0.54 0.51 0.50 0.50 0.49 0.49 0.49 0.49 0.49 0.49 0.49 0.49 0.49 0.50 0.50 0.50 0.50 0.51 0.51 0.51 0.52 0.52 0.52 0.53 0.53 0.53 0.54 0.54 0.55 0.56 0.56 0.57 0.58 0.59 0.60 0.61 0.62 0.64 0.66 0.68 0.70 0.72 0.75 0.78 0.82 0.86 0.90 0.95 1.01 1.08 1.15 1.24 1.33 1.44 1.55 1.67 1.79 1.90 1.99 2.04 2.06 2.03 2.00 2.05 2.02 2.05 2.33 3.12 4.17 0.07 0.00 0.00 0.00 
0.00 0.00 0.00 1.89 1.43 0.91 0.72 0.62 0.54 0.52 0.49 0.47 0.46 0.45 0.45 0.45 0.45 0.45 0.45 0.45 0.45 0.45 0.45 0.45 0.46 0.46 0.46 0.46 0.47 0.47 0.47 0.47 0.48 0.48 0.48 0.49 0.49 0.50 0.50 0.51 0.52 0.52 0.53 0.54 0.55 0.56 0.57 0.59 0.60 0.62 0.64 0.66 0.69 0.71 0.75 0.78 0.83 0.87 0.93 0.99 1.06 1.14 1.22 1.32 1.43 1.54 1.65 1.75 1.83 1.88 1.89 1.86 1.84 1.82 1.76 1.80 1.90 2.17 3.06 3.61 0.00 0.00 0.00 
0.00 0.00 0.99 2.05 1.02 0.76 0.63 0.56 0.49 0.46 0.45 0.44 0.43 0.43 0.43 0.42 0.42 0.42 0.42 0.42 0.42 0.43 0.43 0.43 0.43 0.43 0.44 0.44 0.44 0.44 0.45 0.45 0.45 0.46 0.46 0.46 0.47 0.47 0.48 0.48 0.49 0.49 0.50 0.51 0.52 0.53 0.54 0.55 0.57 0.58 0.60 0.62 0.65 0.68 0.71 0.74 0.78 0.82 0.88 0.93 1.00 1.07 1.15 1.25 1.35 1.45 1.55 1.65 1.72 1.77 1.79 1.77 1.72 1.36 1.60 1.65 1.65 1.64 2.02 3.92 1.51 0.00 0.00 
0.00 0.00 2.44 1.32 0.87 0.69 0.58 0.50 0.47 0.44 0.42 0.41 0.40 0.40 0.40 0.39 0.39 0.39 0.39 0.39 0.40 0.40 0.40 0.40 0.40 0.40 0.41 0.41 0.41 0.41 0.42 0.42 0.42 0.42 0.43 0.43 0.44 0.44 0.44 0.45 0.45 0.46 0.47 0.48 0.48 0.49 0.50 0.52 0.53 0.55 0.56 0.58 0.60 0.63 0.66 0.69 0.73 0.77 0.81 0.87 0.93 1.00 1.07 1.16 1.25 1.34 1.44 1.53 1.60 1.64 1.66 1.64 1.60 1.56 1.57 1.45 1.59 1.68 1.87 2.57 4.18 0.00 0.00 
0.00 0.52 2.56 1.11 0.78 0.63 0.54 0.49 0.45 0.41 0.32 0.28 0.28 0.27 0.27 0.27 0.27 0.27 0.27 0.27 0.27 0.27 0.27 0.27 0.27 0.28 0.28 0.28 0.28 0.28 0.28 0.29 0.29 0.29 0.29 0.29 0.30 0.30 0.30 0.31 0.31 0.31 0.32 0.32 0.33 0.34 0.34 0.35 0.36 0.37 0.38 0.40 0.41 0.43 0.45 0.47 0.49 0.52 0.55 0.59 0.63 0.68 0.73 0.78 0.85 0.91 0.97 1.03 1.08 1.11 1.12 1.12 1.23 1.47 1.49 0.90 1.48 1.28 1.35 1.92 3.97 0.00 0.00 
0.00 1.81 1.81 1.01 0.76 0.61 0.52 0.47 0.42 0.26 0.20 0.19 0.19 0.18 0.18 0.18 0.18 0.18 0.18 0.18 0.18 0.18 0.18 0.18 0.18 0.18 0.19 0.19 0.19 0.19 0.19 0.19 0.19 0.19 0.20 0.20 0.20 0.20 0.20 0.20 0.21 0.21 0.21 0.22 0.22 0.23 0.23 0.24 0.24 0.25 0.26 0.27 0.28 0.29 0.30 0.32 0.33 0.35 0.38 0.40 0.43 0.46 0.50 0.54 0.58 0.63 0.67 0.71 0.74 0.76 0.76 0.74 0.72 0.90 1.42 1.45 1.21 0.92 1.71 1.45 2.98 0.00 0.00 
0.00 2.28 1.61 0.97 0.71 0.59 0.51 0.46 0.34 0.20 0.38 0.38 0.37 0.37 0.36 0.36 0.36 0.36 0.36 0.36 0.36 0.37 0.37 0.37 0.37 0.37 0.37 0.38 0.38 0.38 0.38 0.39 0.39 0.39 0.39 0.40 0.40 0.41 0.41 0.41 0.42 0.43 0.43 0.44 0.45 0.46 0.47 0.48 0.49 0.50 0.52 0.54 0.56 0.58 0.61 0.64 0.67 0.71 0.75 0.80 0.86 0.92 0.99 1.07 1.15 1.24 1.33 1.42 1.48 1.53 1.55 1.54 0.71 0.68 1.14 1.44 0.97 1.51 1.60 1.94 2.45 1.20 0.00 
0.00 2.43 1.57 0.95 0.67 0.58 0.51 0.46 0.31 0.20 0.38 0.37 0.37 0.37 0.36 0.36 0.36 0.36 0.36 0.36 0.36 0.36 0.37 0.37 0.37 0.37 0.37 0.38 0.38 0.38 0.38 0.38 0.39 0.39 0.39 0.40 0.40 0.40 0.41 0.41 0.42 0.42 0.43 0.44 0.45 0.45 0.46 0.47 0.49 0.50 0.52 0.54 0.56 0.58 0.60 0.63 0.67 0.71 0.75 0.80 0.85 0.92 0.99 1.06 1.15 1.24 1.33 1.41 1.48 1.52 1.54 1.54 0.70 0.68 1.03 1.45 0.90 1.49 1.52 1.87 2.33 1.19 0.00 
0.00 2.29 1.61 0.96 0.71 0.59 0.51 0.46 0.34 0.20 0.19 0.19 0.18 0.18 0.18 0.18 0.18 0.18 0.18 0.18 0.18 0.18 0.18 0.18 0.18 0.18 0.18 0.18 0.19 0.19 0.19 0.19 0.19 0.19 0.19 0.19 0.20 0.20 0.20 0.20 0.20 0.21 0.21 0.21 0.22 0.22 0.23 0.23 0.24 0.25 0.25 0.26 0.27 0.28 0.30 0.31 0.33 0.35 0.37 0.40 0.42 0.46 0.49 0.53 0.58 0.62 0.66 0.70 0.73 0.75 0.75 0.73 0.70 0.68 1.16 1.47 0.99 0.72 1.64 1.20 2.49 0.00 0.00 
0.00 1.82 1.80 1.01 0.75 0.61 0.43 0.46 0.42 0.26 0.19 0.19 0.19 0.18 0.18 0.18 0.18 0.18 0.18 0.18 0.18 0.18 0.18 0.18 0.18 0.18 0.19 0.19 0.19 0.19 0.19 0.19 0.19 0.19 0.20 0.20 0.20 0.20 0.20 0.20 0.21 0.21 0.21 0.22 0.22 0.23 0.23 0.24 0.24 0.25 0.26 0.27 0.28 0.29 0.30 0.32 0.33 0.35 0.38 0.40 0.43 0.46 0.50 0.54 0.59 0.63 0.68 0.72 0.75 0.76 0.76 0.74 0.72 0.91 1.47 0.67 1.26 0.95 1.02 1.50 2.18 0.00 0.00 
0.00 0.53 2.55 1.10 0.77 0.62 0.53 0.49 0.44 0.41 0.32 0.28 0.28 0.27 0.27 0.27 0.27 0.27 0.27 0.27 0.27 0.27 0.27 0.27 0.28 0.28 0.28 0.28 0.28 0.28 0.29 0.29 0.29 0.29 0.29 0.30 0.30 0.30 0.31 0.31 0.31 0.32 0.32 0.33 0.33 0.34 0.35 0.36 0.36 0.37 0.39 0.40 0.42 0.43 0.45 0.47 0.50 0.53 0.56 0.59 0.64 0.68 0.73 0.79 0.85 0.92 0.98 1.04 1.09 1.12 1.14 1.14 1.26 1.53 1.56 0.92 1.59 1.37 1.44 2.05 4.17 0.00 0.00 
0.00 0.00 2.41 1.30 0.84 0.67 0.57 0.48 0.29 0.43 0.42 0.41 0.41 0.40 0.40 0.40 0.40 0.40 0.40 0.40 0.40 0.40 0.40 0.41 0.41 0.41 0.41 0.42 0.42 0.42 0.42 0.43 0.43 0.43 0.44 0.44 0.44 0.45 0.45 0.46 0.46 0.47 0.48 0.48 0.49 0.50 0.51 0.53 0.54 0.56 0.57 0.59 0.62 0.64 0.67 0.70 0.74 0.78 0.83 0.88 0.94 1.01 1.08 1.17 1.26 1.35 1.45 1.54 1.62 1.68 1.70 1.70 1.68 0.75 0.97 1.57 1.05 0.95 1.17 2.21 2.64 0.00 0.00 
0.00 0.00 0.97 2.02 1.00 0.74 0.61 0.55 0.49 0.38 0.31 0.28 0.27 0.27 0.27 0.27 0.27 0.27 0.27 0.27 0.27 0.27 0.27 0.27 0.27 0.27 0.27 0.28 0.28 0.28 0.28 0.28 0.29 0.29 0.29 0.29 0.29 0.30 0.30 0.30 0.31 0.31 0.32 0.32 0.33 0.33 0.34 0.35 0.36 0.37 0.38 0.39 0.41 0.43 0.45 0.47 0.49 0.52 0.55 0.59 0.63 0.68 0.73 0.79 0.85 0.91 0.98 1.04 1.09 1.12 1.13 1.13 1.19 1.43 1.74 1.09 1.83 1.82 2.26 3.76 0.00 0.00 0.00 
0.00 0.00 0.00 1.85 1.40 0.89 0.63 0.60 0.44 0.32 0.48 0.47 0.46 0.46 0.45 0.45 0.45 0.45 0.45 0.46 0.46 0.46 0.46 0.46 0.47 0.47 0.47 0.47 0.48 0.48 0.48 0.48 0.49 0.49 0.50 0.50 0.50 0.51 0.51 0.52 0.53 0.53 0.54 0.55 0.56 0.57 0.58 0.60 0.61 0.63 0.65 0.67 0.70 0.73 0.76 0.80 0.84 0.89 0.94 1.00 1.07 1.15 1.24 1.34 1.45 1.56 1.68 1.78 1.88 1.94 1.97 1.97 0.93 1.15 1.57 1.04 1.90 2.12 2.28 1.50 0.00 0.00 0.00 
0.00 0.00 0.00 0.04 1.94 1.29 0.80 0.69 0.48 0.58 0.53 0.49 0.48 0.48 0.47 0.47 0.47 0.47 0.47 0.47 0.48 0.48 0.48 0.48 0.48 0.49 0.49 0.49 0.50 0.50 0.50 0.50 0.51 0.51 0.52 0.52 0.53 0.53 0.54 0.54 0.55 0.56 0.56 0.57 0.58 0.60 0.61 0.62 0.64 0.66 0.68 0.70 0.73 0.76 0.79 0.83 0.88 0.93 0.98 1.05 1.12 1.20 1.29 1.40 1.51 1.63 1.75 1.86 1.95 2.02 2.05 2.06 2.16 1.28 1.71 1.32 2.45 2.37 3.19 0.00 0.00 0.00 0.00 
0.00 0.00 0.00 0.00 0.00 1.52 1.55 0.96 0.69 0.50 0.65 0.61 0.60 0.59 0.59 0.59 0.59 0.59 0.59 0.59 0.59 0.60 0.60 0.60 0.60 0.61 0.61 0.61 0.62 0.62 0.63 0.63 0.63 0.64 0.64 0.65 0.66 0.66 0.67 0.68 0.68 0.69 0.70 0.72 0.73 0.74 0.76 0.78 0.80 0.82 0.85 0.88 0.91 0.95 0.99 1.04 1.09 1.15 1.22 1.30 1.39 1.49 1.61 1.73 1.87 2.02 2.16 2.30 2.42 2.51 2.55 2.56 1.59 1.89 2.49 2.56 4.19 1.60 0.00 0.00 0.00 0.00 0.00 
0.00 0.00 0.00 0.00 0.00 0.00 0.58 1.53 1.39 1.00 0.80 0.74 0.73 0.73 0.72 0.72 0.72 0.72 0.72 0.73 0.73 0.73 0.73 0.74 0.74 0.75 0.75 0.76 0.76 0.76 0.77 0.77 0.78 0.79 0.79 0.80 0.81 0.81 0.82 0.83 0.84 0.85 0.87 0.88 0.90 0.91 0.93 0.96 0.98 1.01 1.04 1.08 1.12 1.16 1.21 1.27 1.34 1.41 1.49 1.59 1.70 1.82 1.95 2.10 2.27 2.44 2.61 2.78 2.92 3.03 3.08 3.11 3.28 2.75 5.10 3.14 0.00 0.00 0.00 0.00 0.00 0.00 0.00 
0.00 0.00 0.00 0.00 0.00 0.00 0.00 0.00 0.00 0.00 0.38 0.38 0.37 0.37 0.37 0.37 0.37 0.37 0.37 0.37 0.37 0.37 0.37 0.38 0.38 0.38 0.38 0.38 0.39 0.39 0.39 0.39 0.40 0.40 0.40 0.41 0.41 0.41 0.42 0.42 0.43 0.43 0.44 0.45 0.46 0.47 0.48 0.49 0.50 0.51 0.53 0.55 0.57 0.59 0.62 0.65 0.68 0.72 0.76 0.81 0.87 0.93 1.00 1.08 1.16 1.25 1.34 1.43 1.51 1.56 1.60 1.61 0.00 0.00 0.00 0.00 0.00 0.00 0.00 0.00 0.00 0.00 0.00 
0.00 0.00 0.00 0.00 0.00 0.00 0.00 0.00 0.00 0.00 0.00 0.00 0.00 0.00 0.00 0.00 0.00 0.00 0.00 0.00 0.00 0.00 0.00 0.00 0.00 0.00 0.00 0.00 0.00 0.00 0.00 0.00 0.00 0.00 0.00 0.00 0.00 0.00 0.00 0.00 0.00 0.00 0.00 0.00 0.00 0.00 0.00 0.00 0.00 0.00 0.00 0.00 0.00 0.00 0.00 0.00 0.00 0.00 0.00 0.00 0.00 0.00 0.00 0.00 0.00 0.00 0.00 0.00 0.00 0.00 0.00 0.00 0.00 0.00 0.00 0.00 0.00 0.00 0.00 0.00 0.00 0.00 0.00 
