0.00 0.00 0.00 0.00 0.00 0.00 0.00 0.00 0.00 0.00 0.00 0.00 0.00 0.00 0.00 0.00 0.00 0.00 0.00 0.00 0.00 0.00 0.00 0.00 0.00 0.00 0.00 0.00 0.00 0.00 0.00 0.00 0.00 0.00 0.00 0.00 0.00 0.00 0.00 0.00 0.00 0.00 0.00 0.00 0.00 0.00 0.00 0.00 0.00 0.00 0.00 0.00 0.00 0.00 0.00 0.00 0.00 0.00 0.00 0.00 0.00 0.00 0.00 0.00 0.00 0.00 0.00 0.00 0.00 0.00 0.00 0.00 0.00 0.00 0.00 0.00 0.00 0.00 0.00 0.00 0.00 0.00 0.00 
0.00 0.00 0.00 0.00 0.00 0.00 0.00 0.00 0.31 1.00 1.21 1.27 1.27 1.25 1.24 1.23 1.23 1.22 1.22 1.22 1.21 1.21 1.21 1.21 1.21 1.20 1.20 1.20 1.19 1.19 1.19 1.19 1.18 1.18 1.18 1.18 1.18 1.18 1.18 1.18 1.19 1.19 1.20 1.20 1.21 1.22 1.24 1.25 1.27 1.29 1.32 1.35 1.38 1.42 1.47 1.53 1.59 1.67 1.77 1.88 2.01 2.16 2.35 2.57 2.83 3.14 3.50 3.91 4.36 4.82 5.24 5.53 5.37 4.33 1.28 0.00 0.00 0.00 0.00 0.00 0.00 0.00 0.00 
0.00 0.00 0.00 0.00 0.00 0.00 0.70 1.65 1.69 1.17 1.03 0.99 0.97 0.97 0.96 0.95 0.95 0.94 0.94 0.94 0.94 0.93 0.93 0.93 0.93 0.93 0.93 0.92 0.92 0.92 0.91 0.91 0.91 0.91 0.91 0.91 0.91 0.91 0.91 0.91 0.91 0.92 0.92 0.93 0.93 0.94 0.95 0.96 0.98 0.99 1.01 1.04 1.06 1.09 1.13 1.17 1.23 1.29 1.36 1.44 1.54 1.66 1.80 1.96 2.16 2.39 2.66 2.96 3.30 3.65 3.97 4.24 4.51 5.05 6.92 6.27 2.44 0.00 0.00 0.00 0.00 0.00 0.00 
0.00 0.00 0.00 0.00 0.04 1.55 1.63 1.03 0.85 0.76 0.71 0.69 0.68 0.68 0.67 0.67 0.66 0.66 0.66 0.66 0.66 0.65 0.65 0.65 0.65 0.65 0.65 0.65 0.64 0.64 0.64 0.64 0.64 0.64 0.64 0.64 0.64 0.64 0.64 0.64 0.64 0.64 0.65 0.65 0.65 0.66 0.67 0.67 0.68 0.69 0.71 0.72 0.74 0.77 0.79 0.82 0.86 0.90 0.95 1.01 1.08 1.16 1.25 1.37 1.50 1.66 1.85 2.06 2.30 2.54 2.76 2.94 3.12 3.29 3.49 3.91 5.67 4.84 0.11 0.00 0.00 0.00 0.00 
0.00 0.00 0.00 0.04 1.87 1.30 0.90 0.75 0.67 0.63 0.58 0.56 0.55 0.55 0.55 0.54 0.54 0.54 0.54 0.54 0.53 0.53 0.53 0.53 0.53 0.53 0.53 0.53 0.52 0.52 0.52 0.52 0.52 0.52 0.52 0.52 0.52 0.52 0.52 0.52 0.52 0.52 0.53 0.53 0.53 0.54 0.54 0.55 0.56 0.57 0.58 0.59 0.61 0.62 0.64 0.67 0.70 0.73 0.77 0.82 0.88 0.94 1.02 1.11 1.22 1.35 1.50 1.68 1.87 2.06 2.25 2.39 2.54 2.74 2.77 2.83 3.17 4.11 5.24 0.09 0.00 0.00 0.00 
0.00 0.00 0.00 1.65 1.34 0.90 0.73 0.64 0.58 0.56 0.53 0.51 0.51 0.50 0.50 0.50 0.49 0.49 0.49 0.49 0.49 0.49 0.49 0.49 0.49 0.48 0.48 0.48 0.48 0.48 0.48 0.48 0.48 0.48 0.47 0.47 0.47 0.47 0.48 0.48 0.48 0.48 0.48 0.48 0.49 0.49 0.50 0.50 0.51 0.52 0.53 0.54 0.55 0.57 0.59 0.61 0.64 0.67 0.71 0.75 0.80 0.86 0.93 1.02 1.12 1.24 1.38 1.54 1.71 1.90 2.07 2.20 2.34 2.42 2.41 2.48 2.58 2.86 3.84 4.26 0.00 0.00 0.00 
0.00 0.00 0.79 1.78 0.96 0.75 0.64 0.58 0.52 0.50 0.49 0.48 0.48 0.48 0.47 0.47 0.47 0.47 0.46 0.46 0.46 0.46 0.46 0.46 0.46 0.46 0.46 0.46 0.45 0.45 0.45 0.45 0.45 0.45 0.45 0.45 0.45 0.45 0.45 0.45 0.45 0.45 0.46 0.46 0.46 0.47 0.47 0.48 0.48 0.49 0.50 0.51 0.52 0.54 0.56 0.58 0.60 0.63 0.67 0.71 0.76 0.81 0.88 0.96 1.06 1.17 1.30 1.45 1.61 1.79 1.95 2.08 2.15 1.80 2.19 2.28 2.24 2.17 2.55 4.65 1.64 0.00 0.00 
0.00 0.00 1.92 1.15 0.82 0.68 0.59 0.53 0.51 0.47 0.46 0.45 0.45 0.44 0.44 0.44 0.44 0.43 0.43 0.43 0.43 0.43 0.43 0.43 0.43 0.43 0.43 0.43 0.42 0.42 0.42 0.42 0.42 0.42 0.42 0.42 0.42 0.42 0.42 0.42 0.42 0.42 0.42 0.43 0.43 0.43 0.44 0.44 0.45 0.46 0.47 0.48 0.49 0.50 0.52 0.54 0.56 0.59 0.62 0.66 0.70 0.76 0.82 0.89 0.98 1.08 1.20 1.34 1.49 1.65 1.80 1.92 2.01 2.07 2.14 1.99 2.16 2.22 2.37 3.07 4.63 0.00 0.00 
0.00 0.38 2.01 0.97 0.74 0.62 0.55 0.52 0.48 0.44 0.35 0.31 0.31 0.30 0.30 0.30 0.30 0.30 0.30 0.29 0.29 0.29 0.29 0.29 0.29 0.29 0.29 0.29 0.29 0.29 0.29 0.29 0.29 0.29 0.29 0.29 0.29 0.29 0.29 0.29 0.29 0.29 0.29 0.29 0.29 0.30 0.30 0.30 0.31 0.31 0.32 0.32 0.33 0.34 0.35 0.37 0.38 0.40 0.42 0.45 0.48 0.51 0.56 0.61 0.67 0.73 0.82 0.91 1.01 1.11 1.21 1.31 1.52 1.91 2.01 1.24 2.01 1.69 1.72 2.31 4.50 0.00 0.00 
0.00 1.25 1.42 0.89 0.72 0.61 0.53 0.49 0.45 0.28 0.21 0.21 0.21 0.20 0.20 0.20 0.20 0.20 0.20 0.20 0.20 0.20 0.20 0.20 0.20 0.19 0.19 0.19 0.19 0.19 0.19 0.19 0.19 0.19 0.19 0.19 0.19 0.19 0.19 0.19 0.19 0.19 0.19 0.19 0.20 0.20 0.20 0.20 0.21 0.21 0.21 0.22 0.22 0.23 0.24 0.25 0.26 0.27 0.29 0.30 0.32 0.35 0.38 0.42 0.46 0.51 0.57 0.63 0.70 0.78 0.85 0.90 0.94 1.19 1.89 1.97 1.63 1.21 2.19 1.73 3.40 0.00 0.00 
0.00 1.55 1.27 0.85 0.67 0.59 0.53 0.48 0.37 0.22 0.42 0.41 0.41 0.41 0.40 0.40 0.40 0.40 0.40 0.40 0.40 0.40 0.40 0.40 0.40 0.39 0.39 0.39 0.39 0.39 0.39 0.39 0.39 0.39 0.39 0.39 0.39 0.39 0.39 0.39 0.39 0.39 0.39 0.39 0.40 0.40 0.40 0.41 0.41 0.42 0.43 0.44 0.45 0.46 0.48 0.50 0.52 0.54 0.57 0.61 0.65 0.70 0.76 0.82 0.91 1.00 1.11 1.24 1.38 1.52 1.65 1.74 0.92 0.93 1.52 1.95 1.31 2.00 2.04 2.37 2.81 1.30 0.00 
0.00 1.64 1.24 0.83 0.63 0.57 0.53 0.48 0.33 0.21 0.42 0.41 0.41 0.41 0.40 0.40 0.40 0.40 0.40 0.40 0.40 0.40 0.40 0.39 0.39 0.39 0.39 0.39 0.39 0.39 0.39 0.39 0.39 0.39 0.39 0.38 0.38 0.39 0.39 0.39 0.39 0.39 0.39 0.39 0.40 0.40 0.40 0.41 0.41 0.42 0.43 0.44 0.45 0.46 0.48 0.50 0.52 0.54 0.57 0.61 0.65 0.70 0.75 0.82 0.90 1.00 1.11 1.23 1.37 1.51 1.64 1.73 0.91 0.92 1.37 1.95 1.21 1.97 1.94 2.28 2.69 1.31 0.00 
0.00 1.55 1.27 0.85 0.66 0.59 0.53 0.48 0.37 0.22 0.21 0.20 0.20 0.20 0.20 0.20 0.20 0.20 0.19 0.19 0.19 0.19 0.19 0.19 0.19 0.19 0.19 0.19 0.19 0.19 0.19 0.19 0.19 0.19 0.19 0.19 0.19 0.19 0.19 0.19 0.19 0.19 0.19 0.19 0.19 0.20 0.20 0.20 0.20 0.21 0.21 0.21 0.22 0.23 0.23 0.24 0.25 0.27 0.28 0.30 0.32 0.35 0.38 0.41 0.45 0.50 0.56 0.63 0.70 0.77 0.84 0.89 0.92 0.93 1.53 1.96 1.33 0.93 2.10 1.44 2.90 0.00 0.00 
0.00 1.25 1.42 0.89 0.71 0.61 0.44 0.49 0.45 0.28 0.21 0.21 0.20 0.20 0.20 0.20 0.20 0.20 0.20 0.20 0.20 0.20 0.20 0.20 0.20 0.19 0.19 0.19 0.19 0.19 0.19 0.19 0.19 0.19 0.19 0.19 0.19 0.19 0.19 0.19 0.19 0.19 0.19 0.20 0.20 0.20 0.20 0.20 0.21 0.21 0.21 0.22 0.22 0.23 0.24 0.25 0.26 0.27 0.29 0.30 0.33 0.35 0.38 0.42 0.46 0.51 0.57 0.64 0.71 0.79 0.86 0.91 0.94 1.20 1.92 0.92 1.67 1.24 1.29 1.83 2.56 0.00 0.00 
0.00 0.38 2.01 0.97 0.74 0.62 0.55 0.51 0.48 0.44 0.35 0.31 0.31 0.30 0.30 0.30 0.30 0.30 0.30 0.30 0.30 0.30 0.30 0.30 0.29 0.29 0.29 0.29 0.29 0.29 0.29 0.29 0.29 0.29 0.29 0.29 0.29 0.29 0.29 0.29 0.29 0.29 0.29 0.29 0.30 0.30 0.30 0.30 0.31 0.31 0.32 0.33 0.34 0.35 0.36 0.37 0.39 0.40 0.43 0.45 0.48 0.52 0.56 0.61 0.67 0.74 0.82 0.91 1.01 1.12 1.22 1.31 1.53 1.93 2.05 1.25 2.11 1.79 1.83 2.53 4.96 0.00 0.00 
0.00 0.00 1.91 1.15 0.80 0.67 0.59 0.51 0.31 0.47 0.46 0.45 0.45 0.45 0.45 0.44 0.44 0.44 0.44 0.44 0.44 0.44 0.44 0.44 0.44 0.44 0.43 0.43 0.43 0.43 0.43 0.43 0.43 0.43 0.43 0.43 0.43 0.43 0.43 0.43 0.43 0.43 0.43 0.43 0.44 0.44 0.45 0.45 0.46 0.47 0.47 0.48 0.50 0.51 0.53 0.55 0.57 0.60 0.63 0.67 0.71 0.77 0.83 0.90 0.99 1.09 1.21 1.34 1.49 1.65 1.80 1.92 2.02 1.02 1.31 2.08 1.40 1.25 1.49 2.73 3.15 0.00 0.00 
0.00 0.00 0.79 1.78 0.95 0.74 0.62 0.58 0.53 0.42 0.34 0.31 0.30 0.30 0.30 0.29 0.29 0.29 0.29 0.29 0.29 0.29 0.29 0.29 0.29 0.29 0.29 0.29 0.29 0.29 0.28 0.28 0.28 0.28 0.28 0.28 0.28 0.28 0.28 0.28 0.28 0.29 0.29 0.29 0.29 0.29 0.30 0.30 0.30 0.31 0.32 0.32 0.33 0.34 0.35 0.37 0.38 0.40 0.42 0.45 0.48 0.51 0.56 0.61 0.67 0.74 0.82 0.91 1.02 1.12 1.22 1.31 1.47 1.83 2.28 1.47 2.43 2.39 2.91 4.70 0.00 0.00 0.00 
0.00 0.00 0.00 1.65 1.33 0.89 0.65 0.64 0.48 0.34 0.53 0.52 0.51 0.51 0.51 0.50 0.50 0.50 0.50 0.50 0.50 0.50 0.50 0.50 0.50 0.50 0.49 0.49 0.49 0.49 0.49 0.49 0.49 0.49 0.49 0.49 0.49 0.49 0.49 0.49 0.49 0.49 0.49 0.49 0.50 0.50 0.51 0.51 0.52 0.53 0.54 0.55 0.57 0.58 0.60 0.63 0.65 0.68 0.72 0.76 0.82 0.88 0.95 1.03 1.14 1.25 1.39 1.55 1.73 1.91 2.08 2.21 1.20 1.50 2.04 1.40 2.52 2.79 2.94 1.88 0.00 0.00 0.00 
0.00 0.00 0.00 0.04 1.85 1.29 0.82 0.74 0.52 0.63 0.58 0.54 0.53 0.53 0.53 0.52 0.52 0.52 0.52 0.52 0.52 0.52 0.52 0.52 0.52 0.52 0.51 0.51 0.51 0.51 0.51 0.51 0.51 0.51 0.51 0.51 0.51 0.51 0.51 0.51 0.51 0.51 0.51 0.52 0.52 0.52 0.53 0.54 0.54 0.55 0.56 0.58 0.59 0.61 0.63 0.65 0.68 0.71 0.75 0.80 0.85 0.91 0.99 1.08 1.18 1.31 1.45 1.62 1.80 1.99 2.17 2.33 2.59 1.67 2.24 1.78 3.26 3.11 4.14 0.00 0.00 0.00 0.00 
0.00 0.00 0.00 0.00 0.00 1.53 1.60 1.02 0.74 0.55 0.71 0.67 0.66 0.66 0.66 0.65 0.65 0.65 0.65 0.65 0.65 0.65 0.65 0.65 0.64 0.64 0.64 0.64 0.64 0.64 0.63 0.63 0.63 0.63 0.63 0.63 0.63 0.63 0.63 0.63 0.63 0.64 0.64 0.64 0.65 0.65 0.66 0.67 0.68 0.69 0.70 0.72 0.74 0.76 0.78 0.81 0.85 0.89 0.94 0.99 1.06 1.14 1.23 1.34 1.47 1.62 1.80 2.00 2.22 2.46 2.68 2.87 1.96 2.42 3.25 3.39 5.54 2.13 0.00 0.00 0.00 0.00 0.00 
0.00 0.00 0.00 0.00 0.00 0.00 0.60 1.62 1.50 1.10 0.89 0.83 0.82 0.81 0.81 0.81 0.80 0.80 0.80 0.80 0.80 0.80 0.80 0.80 0.79 0.79 0.79 0.79 0.79 0.78 0.78 0.78 0.78 0.78 0.78 0.78 0.78 0.78 0.78 0.78 0.78 0.78 0.79 0.79 0.80 0.80 0.81 0.82 0.83 0.85 0.86 0.88 0.90 0.93 0.96 1.00 1.04 1.09 1.14 1.21 1.29 1.38 1.49 1.62 1.78 1.96 2.16 2.40 2.67 2.95 3.22 3.48 3.88 3.43 6.55 4.14 0.00 0.00 0.00 0.00 0.00 0.00 0.00 
0.00 0.00 0.00 0.00 0.00 0.00 0.00 0.00 0.00 0.00 0.42 0.42 0.42 0.41 0.41 0.41 0.41 0.41 0.41 0.41 0.41 0.41 0.41 0.40 0.40 0.40 0.40 0.40 0.40 0.40 0.40 0.40 0.40 0.40 0.40 0.39 0.39 0.40 0.40 0.40 0.40 0.40 0.40 0.40 0.41 0.41 0.41 0.42 0.42 0.43 0.44 0.45 0.46 0.47 0.49 0.51 0.53 0.55 0.58 0.62 0.66 0.71 0.76 0.83 0.91 1.00 1.11 1.23 1.37 1.51 1.63 1.72 0.00 0.00 0.00 0.00 0.00 0.00 0.00 0.00 0.00 0.00 0.00 
0.00 0.00 0.00 0.00 0.00 0.00 0.00 0.00 0.00 0.00 0.00 0.00 0.00 0.00 0.00 0.00 0.00 0.00 0.00 0.00 0.00 0.00 0.00 0.00 0.00 0.00 0.00 0.00 0.00 0.00 0.00 0.00 0.00 0.00 0.00 0.00 0.00 0.00 0.00 0.00 0.00 0.00 0.00 0.00 0.00 0.00 0.00 0.00 0.00 0.00 0.00 0.00 0.00 0.00 0.00 0.00 0.00 0.00 0.00 0.00 0.00 0.00 0.00 0.00 0.00 0.00 0.00 0.00 0.00 0.00 0.00 0.00 0.00 0.00 0.00 0.00 0.00 0.00 0.00 0.00 0.00 0.00 0.00 
