0.00 0.00 0.00 0.00 0.00 0.00 0.00 0.00 0.00 0.00 0.00 0.00 0.00 0.00 0.00 0.00 0.00 0.00 0.00 0.00 0.00 0.00 0.00 0.00 0.00 0.00 0.00 0.00 0.00 0.00 0.00 0.00 0.00 0.00 0.00 0.00 0.00 0.00 0.00 0.00 0.00 0.00 0.00 0.00 0.00 0.00 0.00 0.00 0.00 0.00 0.00 0.00 0.00 0.00 0.00 0.00 0.00 0.00 0.00 0.00 0.00 0.00 0.00 0.00 0.00 0.00 0.00 0.00 0.00 0.00 0.00 0.00 0.00 0.00 0.00 0.00 0.00 0.00 0.00 0.00 0.00 0.00 0.00 
0.00 0.00 0.00 0.00 0.00 0.00 0.00 0.00 0.32 1.02 1.25 1.32 1.32 1.31 1.31 1.31 1.31 1.32 1.32 1.32 1.33 1.33 1.33 1.34 1.34 1.34 1.34 1.34 1.35 1.35 1.35 1.35 1.34 1.34 1.34 1.34 1.34 1.34 1.33 1.33 1.33 1.32 1.32 1.32 1.32 1.32 1.32 1.32 1.32 1.32 1.33 1.33 1.34 1.35 1.36 1.38 1.40 1.43 1.46 1.49 1.54 1.59 1.66 1.74 1.83 1.95 2.09 2.27 2.48 2.75 3.07 3.44 3.74 3.49 1.20 0.00 0.00 0.00 0.00 0.00 0.00 0.00 0.00 
0.00 0.00 0.00 0.00 0.00 0.00 0.71 1.68 1.72 1.20 1.06 1.02 1.01 1.01 1.01 1.01 1.01 1.01 1.01 1.02 1.02 1.02 1.03 1.03 1.03 1.03 1.03 1.03 1.04 1.04 1.04 1.04 1.04 1.03 1.03 1.03 1.03 1.03 1.03 1.02 1.02 1.02 1.02 1.02 1.02 1.02 1.01 1.02 1.02 1.02 1.02 1.03 1.03 1.04 1.05 1.06 1.08 1.10 1.12 1.15 1.18 1.22 1.27 1.33 1.41 1.50 1.61 1.74 1.90 2.10 2.35 2.65 3.11 4.02 6.54 7.31 3.52 0.00 0.00 0.00 0.00 0.00 0.00 
0.00 0.00 0.00 0.00 0.04 1.59 1.66 1.04 0.86 0.78 0.73 0.71 0.71 0.71 0.71 0.71 0.71 0.71 0.71 0.71 0.71 0.72 0.72 0.72 0.72 0.72 0.72 0.72 0.72 0.73 0.73 0.73 0.72 0.72 0.72 0.72 0.72 0.72 0.72 0.72 0.72 0.71 0.71 0.71 0.71 0.71 0.71 0.71 0.71 0.71 0.72 0.72 0.72 0.73 0.74 0.74 0.76 0.77 0.78 0.80 0.83 0.86 0.89 0.93 0.98 1.05 1.12 1.21 1.33 1.47 1.63 1.83 2.14 2.59 3.25 4.53 8.14 8.95 0.24 0.00 0.00 0.00 0.00 
0.00 0.00 0.00 0.04 1.94 1.33 0.92 0.77 0.68 0.65 0.60 0.58 0.58 0.57 0.57 0.57 0.58 0.58 0.58 0.58 0.58 0.58 0.58 0.59 0.59 0.59 0.59 0.59 0.59 0.59 0.59 0.59 0.59 0.59 0.59 0.59 0.59 0.59 0.59 0.58 0.58 0.58 0.58 0.58 0.58 0.58 0.58 0.58 0.58 0.58 0.58 0.59 0.59 0.59 0.60 0.61 0.62 0.63 0.64 0.66 0.68 0.70 0.73 0.76 0.80 0.85 0.91 0.99 1.08 1.19 1.33 1.48 1.73 2.15 2.55 3.29 4.50 7.34 11.71 0.22 0.00 0.00 0.00 
0.00 0.00 0.00 1.76 1.39 0.91 0.74 0.65 0.59 0.57 0.54 0.53 0.53 0.53 0.53 0.53 0.53 0.53 0.53 0.53 0.53 0.53 0.53 0.54 0.54 0.54 0.54 0.54 0.54 0.54 0.54 0.54 0.54 0.54 0.54 0.54 0.54 0.54 0.54 0.53 0.53 0.53 0.53 0.53 0.53 0.53 0.53 0.53 0.53 0.53 0.53 0.54 0.54 0.54 0.55 0.56 0.56 0.57 0.59 0.60 0.62 0.64 0.67 0.70 0.74 0.78 0.84 0.91 0.99 1.09 1.22 1.37 1.60 1.90 2.20 2.84 3.61 5.02 8.38 11.19 0.00 0.00 0.00 
0.00 0.00 0.88 1.90 0.99 0.76 0.65 0.59 0.53 0.51 0.50 0.50 0.50 0.50 0.50 0.50 0.50 0.50 0.50 0.50 0.50 0.50 0.51 0.51 0.51 0.51 0.51 0.51 0.51 0.51 0.51 0.51 0.51 0.51 0.51 0.51 0.51 0.51 0.51 0.51 0.51 0.50 0.50 0.50 0.50 0.50 0.50 0.50 0.50 0.50 0.51 0.51 0.51 0.51 0.52 0.53 0.53 0.54 0.55 0.57 0.59 0.61 0.63 0.66 0.70 0.74 0.79 0.86 0.94 1.03 1.15 1.29 1.45 1.40 2.01 2.51 3.06 3.70 5.43 11.68 4.80 0.00 0.00 
0.00 0.00 2.15 1.22 0.85 0.69 0.60 0.53 0.51 0.48 0.47 0.46 0.46 0.46 0.46 0.46 0.46 0.46 0.47 0.47 0.47 0.47 0.47 0.47 0.47 0.47 0.48 0.48 0.48 0.48 0.48 0.48 0.48 0.48 0.48 0.48 0.47 0.47 0.47 0.47 0.47 0.47 0.47 0.47 0.47 0.47 0.47 0.47 0.47 0.47 0.47 0.47 0.48 0.48 0.48 0.49 0.50 0.51 0.52 0.53 0.55 0.56 0.59 0.61 0.65 0.69 0.74 0.80 0.87 0.96 1.07 1.20 1.37 1.60 1.89 2.19 2.88 3.72 4.94 7.59 12.89 0.00 0.00 
0.00 0.44 2.25 1.03 0.76 0.63 0.56 0.52 0.48 0.45 0.36 0.32 0.32 0.32 0.32 0.32 0.32 0.32 0.32 0.32 0.32 0.32 0.32 0.32 0.32 0.32 0.32 0.32 0.32 0.32 0.32 0.32 0.32 0.32 0.32 0.32 0.32 0.32 0.32 0.32 0.32 0.32 0.32 0.32 0.32 0.32 0.32 0.32 0.32 0.32 0.32 0.32 0.32 0.33 0.33 0.33 0.34 0.34 0.35 0.36 0.37 0.38 0.40 0.42 0.44 0.47 0.50 0.54 0.59 0.65 0.73 0.83 1.05 1.48 1.78 1.38 2.63 2.78 3.49 5.55 11.66 0.00 0.00 
0.00 1.50 1.59 0.94 0.74 0.62 0.53 0.50 0.46 0.28 0.22 0.22 0.21 0.21 0.21 0.21 0.21 0.21 0.21 0.21 0.21 0.22 0.22 0.22 0.22 0.22 0.22 0.22 0.22 0.22 0.22 0.22 0.22 0.22 0.22 0.22 0.22 0.22 0.22 0.22 0.21 0.21 0.21 0.21 0.21 0.21 0.21 0.21 0.21 0.21 0.21 0.22 0.22 0.22 0.22 0.22 0.23 0.23 0.24 0.24 0.25 0.26 0.27 0.28 0.30 0.32 0.34 0.37 0.40 0.44 0.50 0.56 0.65 0.94 1.69 2.06 2.11 2.11 4.30 4.16 8.76 0.00 0.00 
0.00 1.88 1.42 0.90 0.69 0.60 0.53 0.49 0.37 0.22 0.43 0.43 0.43 0.43 0.43 0.43 0.43 0.43 0.43 0.43 0.43 0.43 0.43 0.44 0.44 0.44 0.44 0.44 0.44 0.44 0.44 0.44 0.44 0.44 0.44 0.44 0.44 0.44 0.44 0.44 0.43 0.43 0.43 0.43 0.43 0.43 0.43 0.43 0.43 0.43 0.44 0.44 0.44 0.44 0.45 0.45 0.46 0.47 0.48 0.49 0.50 0.52 0.54 0.57 0.60 0.64 0.68 0.74 0.80 0.88 0.97 1.06 0.64 0.75 1.37 2.02 1.78 3.20 4.02 5.42 7.12 3.54 0.00 
0.00 2.00 1.38 0.88 0.65 0.58 0.53 0.49 0.33 0.22 0.43 0.42 0.42 0.42 0.42 0.42 0.42 0.43 0.43 0.43 0.43 0.43 0.43 0.43 0.44 0.44 0.44 0.44 0.44 0.44 0.44 0.44 0.44 0.44 0.44 0.44 0.44 0.44 0.43 0.43 0.43 0.43 0.43 0.43 0.43 0.43 0.43 0.43 0.43 0.43 0.43 0.44 0.44 0.44 0.45 0.45 0.46 0.47 0.48 0.49 0.50 0.52 0.54 0.57 0.60 0.63 0.68 0.73 0.80 0.88 0.97 1.06 0.64 0.75 1.24 2.00 1.67 3.13 3.75 5.15 6.69 3.50 0.00 
0.00 1.88 1.42 0.89 0.68 0.59 0.53 0.49 0.37 0.22 0.21 0.21 0.21 0.21 0.21 0.21 0.21 0.21 0.21 0.21 0.21 0.21 0.21 0.21 0.21 0.21 0.21 0.21 0.21 0.21 0.21 0.21 0.21 0.21 0.21 0.21 0.21 0.21 0.21 0.21 0.21 0.21 0.21 0.21 0.21 0.21 0.21 0.21 0.21 0.21 0.21 0.21 0.21 0.22 0.22 0.22 0.22 0.23 0.23 0.24 0.25 0.25 0.26 0.28 0.29 0.31 0.33 0.36 0.40 0.44 0.49 0.56 0.65 0.76 1.36 2.00 1.74 1.76 3.91 3.40 7.06 0.00 0.00 
0.00 1.51 1.58 0.94 0.73 0.61 0.45 0.49 0.46 0.28 0.22 0.21 0.21 0.21 0.21 0.21 0.21 0.21 0.21 0.21 0.21 0.22 0.22 0.22 0.22 0.22 0.22 0.22 0.22 0.22 0.22 0.22 0.22 0.22 0.22 0.22 0.22 0.22 0.22 0.22 0.21 0.21 0.21 0.21 0.21 0.21 0.21 0.21 0.21 0.21 0.21 0.22 0.22 0.22 0.22 0.22 0.23 0.23 0.24 0.24 0.25 0.26 0.27 0.28 0.30 0.32 0.34 0.37 0.40 0.45 0.50 0.57 0.66 0.94 1.64 1.11 2.07 2.08 2.64 4.06 6.07 0.00 0.00 
0.00 0.44 2.24 1.02 0.75 0.63 0.55 0.52 0.48 0.45 0.36 0.32 0.32 0.32 0.32 0.32 0.32 0.32 0.32 0.32 0.32 0.32 0.32 0.32 0.33 0.33 0.33 0.33 0.33 0.33 0.33 0.33 0.33 0.33 0.33 0.33 0.33 0.33 0.33 0.32 0.32 0.32 0.32 0.32 0.32 0.32 0.32 0.32 0.32 0.32 0.32 0.33 0.33 0.33 0.33 0.34 0.34 0.35 0.36 0.36 0.38 0.39 0.40 0.42 0.45 0.47 0.51 0.55 0.60 0.66 0.73 0.83 1.04 1.46 1.75 1.39 2.54 2.69 3.39 5.32 11.44 0.00 0.00 
0.00 0.00 2.12 1.21 0.82 0.68 0.60 0.51 0.32 0.48 0.47 0.47 0.47 0.47 0.47 0.47 0.47 0.47 0.47 0.47 0.48 0.48 0.48 0.48 0.48 0.48 0.48 0.48 0.48 0.48 0.49 0.49 0.48 0.48 0.48 0.48 0.48 0.48 0.48 0.48 0.48 0.48 0.48 0.48 0.48 0.48 0.48 0.48 0.48 0.48 0.48 0.48 0.49 0.49 0.50 0.50 0.51 0.52 0.53 0.54 0.56 0.58 0.60 0.63 0.66 0.70 0.75 0.81 0.89 0.97 1.08 1.20 1.34 0.82 1.20 2.09 1.85 2.13 2.94 5.71 7.42 0.00 0.00 
0.00 0.00 0.86 1.87 0.97 0.75 0.63 0.58 0.53 0.42 0.34 0.32 0.31 0.31 0.31 0.31 0.31 0.31 0.31 0.32 0.32 0.32 0.32 0.32 0.32 0.32 0.32 0.32 0.32 0.32 0.32 0.32 0.32 0.32 0.32 0.32 0.32 0.32 0.32 0.32 0.32 0.32 0.32 0.32 0.32 0.32 0.32 0.32 0.32 0.32 0.32 0.32 0.32 0.32 0.33 0.33 0.34 0.34 0.35 0.36 0.37 0.38 0.40 0.42 0.44 0.47 0.50 0.54 0.59 0.65 0.73 0.82 1.01 1.39 1.93 1.64 2.90 3.49 4.99 9.20 0.00 0.00 0.00 
0.00 0.00 0.00 1.73 1.36 0.90 0.65 0.64 0.48 0.35 0.54 0.53 0.53 0.53 0.53 0.53 0.53 0.54 0.54 0.54 0.54 0.54 0.54 0.55 0.55 0.55 0.55 0.55 0.55 0.55 0.55 0.55 0.55 0.55 0.55 0.55 0.55 0.55 0.55 0.55 0.55 0.54 0.54 0.54 0.54 0.54 0.54 0.54 0.54 0.55 0.55 0.55 0.55 0.56 0.56 0.57 0.58 0.59 0.60 0.62 0.64 0.66 0.68 0.72 0.76 0.80 0.86 0.93 1.01 1.11 1.23 1.35 0.82 1.17 1.75 1.62 3.04 3.96 4.93 3.88 0.00 0.00 0.00 
0.00 0.00 0.00 0.04 1.89 1.30 0.83 0.74 0.53 0.64 0.59 0.55 0.55 0.55 0.55 0.55 0.56 0.56 0.56 0.56 0.56 0.57 0.57 0.57 0.57 0.57 0.57 0.57 0.57 0.57 0.57 0.57 0.57 0.57 0.57 0.57 0.57 0.57 0.57 0.57 0.57 0.57 0.57 0.57 0.57 0.57 0.57 0.57 0.57 0.57 0.57 0.57 0.58 0.58 0.59 0.59 0.60 0.61 0.63 0.64 0.66 0.69 0.71 0.75 0.79 0.84 0.90 0.97 1.06 1.16 1.28 1.43 1.70 1.30 1.92 1.95 3.76 4.30 6.98 0.00 0.00 0.00 0.00 
0.00 0.00 0.00 0.00 0.00 1.54 1.61 1.02 0.75 0.56 0.73 0.69 0.69 0.69 0.69 0.69 0.69 0.69 0.70 0.70 0.70 0.70 0.71 0.71 0.71 0.71 0.71 0.71 0.72 0.72 0.72 0.72 0.72 0.72 0.72 0.71 0.71 0.71 0.71 0.71 0.71 0.71 0.71 0.71 0.71 0.71 0.71 0.71 0.71 0.71 0.71 0.71 0.72 0.72 0.73 0.74 0.75 0.77 0.78 0.80 0.83 0.86 0.89 0.93 0.98 1.04 1.12 1.21 1.31 1.44 1.59 1.76 1.33 1.84 2.72 3.34 6.13 2.94 0.00 0.00 0.00 0.00 0.00 
0.00 0.00 0.00 0.00 0.00 0.00 0.60 1.63 1.51 1.11 0.90 0.85 0.84 0.84 0.84 0.85 0.85 0.85 0.86 0.86 0.86 0.87 0.87 0.87 0.87 0.88 0.88 0.88 0.88 0.88 0.88 0.88 0.88 0.88 0.88 0.88 0.88 0.88 0.88 0.87 0.87 0.87 0.87 0.87 0.87 0.87 0.87 0.87 0.87 0.87 0.88 0.88 0.89 0.89 0.90 0.91 0.93 0.94 0.96 0.99 1.02 1.05 1.09 1.14 1.20 1.28 1.36 1.47 1.60 1.76 1.95 2.18 2.57 2.55 5.31 3.80 0.00 0.00 0.00 0.00 0.00 0.00 0.00 
0.00 0.00 0.00 0.00 0.00 0.00 0.00 0.00 0.00 0.00 0.43 0.43 0.43 0.43 0.43 0.43 0.43 0.43 0.44 0.44 0.44 0.44 0.44 0.44 0.44 0.45 0.45 0.45 0.45 0.45 0.45 0.45 0.45 0.45 0.45 0.45 0.45 0.45 0.45 0.44 0.44 0.44 0.44 0.44 0.44 0.44 0.44 0.44 0.44 0.44 0.45 0.45 0.45 0.45 0.46 0.46 0.47 0.48 0.49 0.50 0.52 0.54 0.56 0.58 0.61 0.65 0.70 0.75 0.82 0.89 0.97 1.03 0.00 0.00 0.00 0.00 0.00 0.00 0.00 0.00 0.00 0.00 0.00 
0.00 0.00 0.00 0.00 0.00 0.00 0.00 0.00 0.00 0.00 0.00 0.00 0.00 0.00 0.00 0.00 0.00 0.00 0.00 0.00 0.00 0.00 0.00 0.00 0.00 0.00 0.00 0.00 0.00 0.00 0.00 0.00 0.00 0.00 0.00 0.00 0.00 0.00 0.00 0.00 0.00 0.00 0.00 0.00 0.00 0.00 0.00 0.00 0.00 0.00 0.00 0.00 0.00 0.00 0.00 0.00 0.00 0.00 0.00 0.00 0.00 0.00 0.00 0.00 0.00 0.00 0.00 0.00 0.00 0.00 0.00 0.00 0.00 0.00 0.00 0.00 0.00 0.00 0.00 0.00 0.00 0.00 0.00 
