0.00 0.00 0.00 0.00 0.00 0.00 0.00 0.00 0.00 0.00 0.00 0.00 0.00 0.00 0.00 0.00 0.00 0.00 0.00 0.00 0.00 0.00 0.00 0.00 0.00 0.00 0.00 0.00 0.00 0.00 0.00 0.00 0.00 0.00 0.00 0.00 0.00 0.00 0.00 0.00 0.00 0.00 0.00 0.00 0.00 0.00 0.00 0.00 0.00 0.00 0.00 0.00 0.00 0.00 0.00 0.00 0.00 0.00 0.00 0.00 0.00 0.00 0.00 0.00 0.00 0.00 0.00 0.00 0.00 0.00 0.00 0.00 0.00 0.00 0.00 0.00 0.00 0.00 0.00 0.00 0.00 0.00 0.00 
0.00 0.00 0.00 0.00 0.00 0.00 0.00 0.00 0.34 1.11 1.37 1.46 1.47 1.48 1.48 1.49 1.50 1.52 1.53 1.54 1.56 1.57 1.59 1.61 1.63 1.65 1.66 1.68 1.70 1.73 1.75 1.77 1.80 1.82 1.85 1.88 1.90 1.92 1.95 1.97 1.98 1.99 2.00 2.01 2.01 2.00 1.99 1.97 1.95 1.93 1.90 1.88 1.85 1.81 1.78 1.75 1.72 1.69 1.67 1.65 1.63 1.62 1.62 1.62 1.63 1.66 1.70 1.75 1.83 1.94 2.07 2.24 2.34 2.13 0.72 0.00 0.00 0.00 0.00 0.00 0.00 0.00 0.00 
0.00 0.00 0.00 0.00 0.00 0.00 0.74 1.77 1.84 1.30 1.16 1.13 1.13 1.14 1.14 1.15 1.16 1.17 1.18 1.19 1.20 1.22 1.23 1.24 1.26 1.27 1.29 1.30 1.32 1.33 1.35 1.37 1.39 1.41 1.43 1.45 1.47 1.49 1.50 1.52 1.53 1.54 1.54 1.55 1.55 1.54 1.53 1.52 1.51 1.49 1.47 1.44 1.42 1.40 1.37 1.35 1.33 1.30 1.29 1.27 1.26 1.25 1.25 1.25 1.26 1.28 1.30 1.35 1.41 1.49 1.59 1.73 1.96 2.46 3.95 4.39 2.13 0.00 0.00 0.00 0.00 0.00 0.00 
0.00 0.00 0.00 0.00 0.04 1.61 1.72 1.10 0.92 0.84 0.80 0.79 0.79 0.80 0.80 0.81 0.81 0.82 0.83 0.83 0.84 0.85 0.86 0.87 0.88 0.89 0.90 0.91 0.92 0.93 0.95 0.96 0.97 0.99 1.00 1.02 1.03 1.04 1.05 1.06 1.07 1.08 1.08 1.08 1.08 1.08 1.07 1.06 1.05 1.04 1.03 1.01 0.99 0.98 0.96 0.94 0.93 0.91 0.90 0.89 0.88 0.87 0.87 0.87 0.88 0.89 0.91 0.94 0.98 1.04 1.11 1.20 1.35 1.59 1.96 2.72 4.97 5.69 0.16 0.00 0.00 0.00 0.00 
0.00 0.00 0.00 0.04 1.89 1.34 0.95 0.81 0.73 0.70 0.66 0.64 0.65 0.65 0.65 0.66 0.66 0.67 0.67 0.68 0.69 0.69 0.70 0.71 0.72 0.73 0.73 0.74 0.75 0.76 0.77 0.78 0.79 0.81 0.82 0.83 0.84 0.85 0.86 0.87 0.87 0.88 0.88 0.88 0.88 0.88 0.87 0.87 0.86 0.85 0.84 0.82 0.81 0.80 0.78 0.77 0.76 0.74 0.73 0.72 0.72 0.71 0.71 0.71 0.72 0.73 0.74 0.77 0.80 0.85 0.90 0.97 1.09 1.32 1.54 1.97 2.73 4.66 8.08 0.17 0.00 0.00 0.00 
0.00 0.00 0.00 1.64 1.36 0.93 0.77 0.69 0.63 0.62 0.60 0.59 0.59 0.59 0.60 0.60 0.61 0.61 0.62 0.62 0.63 0.64 0.64 0.65 0.66 0.66 0.67 0.68 0.69 0.70 0.71 0.72 0.73 0.74 0.75 0.76 0.77 0.78 0.79 0.79 0.80 0.80 0.81 0.81 0.81 0.81 0.80 0.79 0.79 0.78 0.77 0.75 0.74 0.73 0.72 0.70 0.69 0.68 0.67 0.66 0.66 0.65 0.65 0.65 0.66 0.67 0.68 0.70 0.74 0.78 0.83 0.89 1.01 1.16 1.33 1.70 2.18 3.16 5.79 8.84 0.00 0.00 0.00 
0.00 0.00 0.77 1.77 0.97 0.77 0.67 0.62 0.57 0.55 0.55 0.55 0.56 0.56 0.56 0.57 0.57 0.58 0.58 0.59 0.60 0.60 0.61 0.61 0.62 0.63 0.64 0.64 0.65 0.66 0.67 0.68 0.69 0.70 0.71 0.72 0.73 0.74 0.74 0.75 0.76 0.76 0.76 0.77 0.76 0.76 0.76 0.75 0.74 0.73 0.72 0.71 0.70 0.69 0.68 0.67 0.66 0.65 0.64 0.63 0.62 0.62 0.62 0.62 0.62 0.63 0.65 0.67 0.70 0.73 0.78 0.85 0.92 0.86 1.21 1.50 1.84 2.32 3.71 9.19 4.48 0.00 0.00 
0.00 0.00 1.85 1.14 0.83 0.70 0.63 0.57 0.55 0.52 0.52 0.52 0.52 0.52 0.53 0.53 0.53 0.54 0.54 0.55 0.56 0.56 0.57 0.57 0.58 0.59 0.59 0.60 0.61 0.62 0.63 0.63 0.64 0.65 0.66 0.67 0.68 0.69 0.69 0.70 0.71 0.71 0.71 0.71 0.71 0.71 0.71 0.70 0.69 0.69 0.68 0.67 0.65 0.64 0.63 0.62 0.61 0.60 0.59 0.59 0.58 0.58 0.58 0.58 0.58 0.59 0.60 0.62 0.65 0.68 0.73 0.79 0.87 0.98 1.14 1.31 1.72 2.31 3.31 5.78 11.65 0.00 0.00 
0.00 0.36 1.94 0.96 0.75 0.64 0.58 0.55 0.52 0.49 0.40 0.36 0.36 0.36 0.36 0.36 0.37 0.37 0.37 0.38 0.38 0.38 0.39 0.39 0.40 0.40 0.41 0.41 0.42 0.42 0.43 0.43 0.44 0.44 0.45 0.46 0.46 0.47 0.47 0.48 0.48 0.48 0.49 0.49 0.49 0.48 0.48 0.48 0.47 0.47 0.46 0.45 0.45 0.44 0.43 0.42 0.42 0.41 0.40 0.40 0.39 0.39 0.39 0.39 0.39 0.40 0.41 0.42 0.44 0.46 0.50 0.54 0.66 0.91 1.08 0.83 1.58 1.74 2.36 4.19 10.20 0.00 0.00 
0.00 1.18 1.37 0.88 0.72 0.63 0.56 0.53 0.49 0.31 0.24 0.24 0.24 0.24 0.24 0.24 0.24 0.25 0.25 0.25 0.25 0.25 0.26 0.26 0.26 0.27 0.27 0.27 0.28 0.28 0.28 0.29 0.29 0.30 0.30 0.30 0.31 0.31 0.31 0.32 0.32 0.32 0.32 0.32 0.32 0.32 0.32 0.32 0.32 0.31 0.31 0.30 0.30 0.29 0.29 0.28 0.28 0.27 0.27 0.27 0.26 0.26 0.26 0.26 0.26 0.27 0.27 0.28 0.30 0.31 0.34 0.37 0.41 0.58 1.02 1.23 1.27 1.34 2.79 3.22 7.36 0.00 0.00 
0.00 1.46 1.22 0.84 0.67 0.61 0.56 0.52 0.40 0.24 0.48 0.48 0.48 0.48 0.48 0.49 0.49 0.50 0.50 0.51 0.51 0.52 0.52 0.53 0.54 0.54 0.55 0.56 0.56 0.57 0.58 0.59 0.59 0.60 0.61 0.62 0.63 0.63 0.64 0.65 0.65 0.66 0.66 0.66 0.66 0.66 0.65 0.65 0.64 0.63 0.62 0.61 0.60 0.59 0.58 0.57 0.57 0.56 0.55 0.54 0.54 0.53 0.53 0.53 0.54 0.55 0.56 0.58 0.60 0.63 0.67 0.71 0.40 0.46 0.83 1.21 1.08 1.96 2.61 3.89 5.92 3.32 0.00 
0.00 1.54 1.19 0.82 0.63 0.59 0.56 0.52 0.36 0.24 0.47 0.47 0.48 0.48 0.48 0.49 0.49 0.50 0.50 0.51 0.51 0.52 0.52 0.53 0.53 0.54 0.55 0.55 0.56 0.57 0.58 0.58 0.59 0.60 0.61 0.62 0.62 0.63 0.64 0.64 0.65 0.65 0.66 0.66 0.66 0.65 0.65 0.64 0.64 0.63 0.62 0.61 0.60 0.59 0.58 0.57 0.56 0.55 0.55 0.54 0.54 0.53 0.53 0.53 0.54 0.54 0.56 0.57 0.60 0.63 0.67 0.71 0.40 0.46 0.75 1.20 1.01 1.91 2.42 3.67 5.47 3.24 0.00 
0.00 1.46 1.22 0.83 0.67 0.61 0.56 0.52 0.40 0.24 0.23 0.23 0.23 0.24 0.24 0.24 0.24 0.24 0.24 0.25 0.25 0.25 0.25 0.26 0.26 0.26 0.27 0.27 0.27 0.28 0.28 0.28 0.29 0.29 0.30 0.30 0.30 0.31 0.31 0.31 0.32 0.32 0.32 0.32 0.32 0.32 0.32 0.32 0.31 0.31 0.30 0.30 0.29 0.29 0.28 0.28 0.28 0.27 0.27 0.26 0.26 0.26 0.26 0.26 0.26 0.26 0.27 0.28 0.29 0.31 0.33 0.36 0.40 0.46 0.82 1.20 1.05 1.12 2.50 2.60 5.59 0.00 0.00 
0.00 1.18 1.37 0.87 0.72 0.63 0.47 0.53 0.49 0.31 0.24 0.24 0.24 0.24 0.24 0.24 0.24 0.25 0.25 0.25 0.25 0.25 0.26 0.26 0.26 0.27 0.27 0.27 0.28 0.28 0.28 0.29 0.29 0.29 0.30 0.30 0.31 0.31 0.31 0.32 0.32 0.32 0.32 0.32 0.32 0.32 0.32 0.32 0.32 0.31 0.31 0.30 0.30 0.29 0.29 0.28 0.28 0.27 0.27 0.27 0.26 0.26 0.26 0.26 0.26 0.27 0.28 0.28 0.30 0.31 0.34 0.37 0.41 0.58 1.00 0.66 1.24 1.29 1.78 2.94 4.66 0.00 0.00 
0.00 0.36 1.93 0.95 0.74 0.64 0.58 0.55 0.52 0.49 0.40 0.36 0.36 0.36 0.36 0.36 0.37 0.37 0.38 0.38 0.38 0.39 0.39 0.40 0.40 0.41 0.41 0.42 0.42 0.43 0.43 0.44 0.44 0.45 0.46 0.46 0.47 0.47 0.48 0.48 0.49 0.49 0.49 0.49 0.49 0.49 0.49 0.48 0.48 0.47 0.46 0.46 0.45 0.44 0.44 0.43 0.42 0.41 0.41 0.40 0.40 0.40 0.40 0.40 0.40 0.41 0.41 0.43 0.45 0.47 0.50 0.55 0.66 0.91 1.06 0.83 1.51 1.65 2.20 3.66 8.26 0.00 0.00 
0.00 0.00 1.84 1.13 0.81 0.69 0.62 0.54 0.34 0.53 0.52 0.52 0.53 0.53 0.54 0.54 0.55 0.55 0.56 0.56 0.57 0.57 0.58 0.59 0.60 0.60 0.61 0.62 0.62 0.63 0.64 0.65 0.66 0.67 0.68 0.69 0.70 0.70 0.71 0.72 0.72 0.73 0.73 0.73 0.73 0.73 0.72 0.71 0.71 0.70 0.69 0.68 0.67 0.66 0.65 0.64 0.63 0.62 0.61 0.60 0.59 0.59 0.59 0.59 0.60 0.61 0.62 0.64 0.66 0.70 0.74 0.80 0.86 0.50 0.72 1.25 1.10 1.31 1.91 3.85 5.15 0.00 0.00 
0.00 0.00 0.76 1.75 0.96 0.77 0.66 0.62 0.57 0.46 0.38 0.35 0.35 0.35 0.35 0.36 0.36 0.36 0.37 0.37 0.38 0.38 0.38 0.39 0.39 0.40 0.40 0.41 0.41 0.42 0.42 0.43 0.43 0.44 0.45 0.45 0.46 0.46 0.47 0.47 0.48 0.48 0.48 0.48 0.48 0.48 0.48 0.47 0.47 0.46 0.46 0.45 0.44 0.44 0.43 0.42 0.41 0.41 0.40 0.40 0.39 0.39 0.39 0.39 0.39 0.40 0.41 0.42 0.44 0.46 0.49 0.54 0.64 0.86 1.16 0.97 1.71 2.09 3.08 5.89 0.00 0.00 0.00 
0.00 0.00 0.00 1.62 1.34 0.92 0.68 0.69 0.52 0.38 0.60 0.59 0.60 0.60 0.61 0.61 0.62 0.62 0.63 0.64 0.64 0.65 0.66 0.67 0.67 0.68 0.69 0.70 0.71 0.72 0.73 0.74 0.75 0.76 0.77 0.78 0.79 0.80 0.81 0.81 0.82 0.82 0.83 0.83 0.83 0.82 0.82 0.81 0.81 0.80 0.78 0.77 0.76 0.75 0.74 0.72 0.71 0.70 0.69 0.68 0.68 0.67 0.67 0.68 0.68 0.69 0.71 0.73 0.76 0.80 0.85 0.90 0.51 0.72 1.06 0.95 1.79 2.34 3.00 2.39 0.00 0.00 0.00 
0.00 0.00 0.00 0.04 1.85 1.33 0.87 0.79 0.57 0.71 0.66 0.62 0.62 0.63 0.63 0.64 0.64 0.65 0.66 0.66 0.67 0.68 0.69 0.69 0.70 0.71 0.72 0.73 0.74 0.75 0.76 0.77 0.78 0.79 0.80 0.81 0.82 0.83 0.84 0.85 0.85 0.86 0.86 0.86 0.86 0.86 0.85 0.85 0.84 0.83 0.82 0.81 0.79 0.78 0.77 0.75 0.74 0.73 0.72 0.71 0.71 0.70 0.70 0.70 0.71 0.72 0.74 0.76 0.79 0.83 0.88 0.95 1.09 0.79 1.15 1.14 2.20 2.53 4.11 0.00 0.00 0.00 0.00 
0.00 0.00 0.00 0.00 0.00 1.58 1.69 1.10 0.81 0.61 0.81 0.77 0.77 0.78 0.79 0.80 0.80 0.81 0.82 0.83 0.84 0.85 0.86 0.87 0.88 0.89 0.90 0.91 0.92 0.93 0.95 0.96 0.97 0.99 1.00 1.01 1.03 1.04 1.05 1.06 1.07 1.07 1.08 1.08 1.08 1.07 1.07 1.06 1.05 1.03 1.02 1.00 0.99 0.97 0.96 0.94 0.93 0.91 0.90 0.89 0.88 0.88 0.88 0.88 0.89 0.90 0.92 0.95 0.99 1.04 1.10 1.17 0.84 1.13 1.64 1.97 3.58 1.70 0.00 0.00 0.00 0.00 0.00 
0.00 0.00 0.00 0.00 0.00 0.00 0.64 1.74 1.64 1.23 1.01 0.95 0.95 0.96 0.97 0.98 0.99 1.00 1.01 1.02 1.04 1.05 1.06 1.07 1.08 1.10 1.11 1.13 1.14 1.15 1.17 1.19 1.20 1.22 1.24 1.25 1.27 1.28 1.29 1.31 1.32 1.32 1.33 1.33 1.32 1.32 1.31 1.30 1.29 1.27 1.25 1.23 1.21 1.19 1.18 1.16 1.14 1.12 1.11 1.09 1.08 1.08 1.07 1.08 1.09 1.10 1.13 1.16 1.21 1.27 1.34 1.44 1.65 1.58 3.22 2.25 0.00 0.00 0.00 0.00 0.00 0.00 0.00 
0.00 0.00 0.00 0.00 0.00 0.00 0.00 0.00 0.00 0.00 0.48 0.48 0.49 0.49 0.49 0.50 0.50 0.51 0.51 0.52 0.53 0.53 0.54 0.55 0.55 0.56 0.57 0.57 0.58 0.59 0.60 0.60 0.61 0.62 0.63 0.64 0.64 0.65 0.66 0.66 0.67 0.67 0.68 0.68 0.67 0.67 0.67 0.66 0.66 0.65 0.64 0.63 0.62 0.61 0.60 0.59 0.58 0.57 0.56 0.56 0.55 0.55 0.55 0.55 0.56 0.56 0.58 0.59 0.62 0.65 0.68 0.71 0.00 0.00 0.00 0.00 0.00 0.00 0.00 0.00 0.00 0.00 0.00 
0.00 0.00 0.00 0.00 0.00 0.00 0.00 0.00 0.00 0.00 0.00 0.00 0.00 0.00 0.00 0.00 0.00 0.00 0.00 0.00 0.00 0.00 0.00 0.00 0.00 0.00 0.00 0.00 0.00 0.00 0.00 0.00 0.00 0.00 0.00 0.00 0.00 0.00 0.00 0.00 0.00 0.00 0.00 0.00 0.00 0.00 0.00 0.00 0.00 0.00 0.00 0.00 0.00 0.00 0.00 0.00 0.00 0.00 0.00 0.00 0.00 0.00 0.00 0.00 0.00 0.00 0.00 0.00 0.00 0.00 0.00 0.00 0.00 0.00 0.00 0.00 0.00 0.00 0.00 0.00 0.00 0.00 0.00 
