0.00 0.00 0.00 0.00 0.00 0.00 0.00 0.00 0.00 0.00 0.00 0.00 0.00 0.00 0.00 0.00 0.00 0.00 0.00 0.00 0.00 0.00 0.00 0.00 0.00 0.00 0.00 0.00 0.00 0.00 0.00 0.00 0.00 0.00 0.00 0.00 0.00 0.00 0.00 0.00 0.00 0.00 0.00 0.00 0.00 0.00 0.00 0.00 0.00 0.00 0.00 0.00 0.00 0.00 0.00 0.00 0.00 0.00 0.00 0.00 0.00 0.00 0.00 0.00 0.00 0.00 0.00 0.00 0.00 0.00 0.00 0.00 0.00 0.00 0.00 0.00 0.00 0.00 0.00 0.00 0.00 0.00 0.00 
0.00 0.00 0.00 0.00 0.00 0.00 0.00 0.00 1.16 3.40 3.67 3.47 3.11 2.80 2.53 2.32 2.14 1.99 1.87 1.77 1.68 1.61 1.55 1.50 1.46 1.43 1.40 1.37 1.35 1.33 1.32 1.31 1.30 1.29 1.29 1.28 1.28 1.28 1.28 1.28 1.28 1.28 1.28 1.28 1.28 1.28 1.28 1.29 1.29 1.29 1.29 1.29 1.29 1.29 1.29 1.29 1.29 1.29 1.29 1.28 1.28 1.28 1.28 1.28 1.27 1.27 1.27 1.28 1.28 1.29 1.30 1.30 1.24 1.03 0.32 0.00 0.00 0.00 0.00 0.00 0.00 0.00 0.00 
0.00 0.00 0.00 0.00 0.00 0.00 3.10 6.74 6.26 3.90 3.08 2.66 2.37 2.13 1.93 1.77 1.64 1.53 1.44 1.36 1.29 1.24 1.20 1.16 1.13 1.10 1.08 1.06 1.04 1.03 1.02 1.01 1.00 1.00 0.99 0.99 0.99 0.98 0.98 0.98 0.98 0.98 0.99 0.99 0.99 0.99 0.99 0.99 0.99 0.99 0.99 0.99 0.99 0.99 0.99 0.99 0.99 0.99 0.99 0.99 0.99 0.98 0.98 0.98 0.98 0.98 0.98 0.98 0.99 0.99 1.00 1.01 1.05 1.20 1.74 1.72 0.74 0.00 0.00 0.00 0.00 0.00 0.00 
0.00 0.00 0.00 0.00 0.20 7.45 7.20 4.15 3.10 2.50 2.10 1.84 1.65 1.48 1.35 1.24 1.14 1.07 1.00 0.95 0.91 0.87 0.84 0.81 0.79 0.77 0.75 0.74 0.73 0.72 0.71 0.71 0.70 0.70 0.69 0.69 0.69 0.69 0.69 0.69 0.69 0.69 0.69 0.69 0.69 0.69 0.69 0.69 0.69 0.69 0.69 0.70 0.70 0.70 0.69 0.69 0.69 0.69 0.69 0.69 0.69 0.69 0.69 0.69 0.69 0.69 0.69 0.69 0.69 0.69 0.70 0.71 0.73 0.78 0.87 1.07 1.73 1.71 0.04 0.00 0.00 0.00 0.00 
0.00 0.00 0.00 0.21 9.42 6.16 3.99 3.03 2.43 2.07 1.72 1.49 1.34 1.20 1.10 1.00 0.93 0.87 0.82 0.77 0.74 0.71 0.68 0.66 0.64 0.63 0.61 0.60 0.59 0.59 0.58 0.57 0.57 0.57 0.57 0.56 0.56 0.56 0.56 0.56 0.56 0.56 0.56 0.56 0.56 0.56 0.56 0.56 0.57 0.57 0.57 0.57 0.57 0.57 0.57 0.57 0.57 0.56 0.56 0.56 0.56 0.56 0.56 0.56 0.56 0.56 0.56 0.56 0.56 0.56 0.57 0.57 0.59 0.65 0.69 0.78 0.96 1.43 2.14 0.04 0.00 0.00 0.00 
0.00 0.00 0.00 8.51 6.67 4.22 3.20 2.58 2.10 1.83 1.56 1.36 1.22 1.10 1.00 0.92 0.85 0.79 0.75 0.71 0.67 0.65 0.62 0.60 0.59 0.57 0.56 0.55 0.54 0.54 0.53 0.53 0.52 0.52 0.52 0.52 0.51 0.51 0.51 0.51 0.51 0.51 0.51 0.51 0.52 0.52 0.52 0.52 0.52 0.52 0.52 0.52 0.52 0.52 0.52 0.52 0.52 0.52 0.52 0.52 0.51 0.51 0.51 0.51 0.51 0.51 0.51 0.51 0.51 0.52 0.52 0.53 0.54 0.57 0.60 0.67 0.77 0.98 1.55 2.07 0.00 0.00 0.00 
0.00 0.00 4.04 9.01 4.73 3.50 2.80 2.32 1.91 1.61 1.43 1.28 1.15 1.04 0.94 0.87 0.80 0.75 0.71 0.67 0.64 0.61 0.59 0.57 0.56 0.54 0.53 0.52 0.51 0.51 0.50 0.50 0.49 0.49 0.49 0.49 0.49 0.49 0.49 0.49 0.49 0.49 0.49 0.49 0.49 0.49 0.49 0.49 0.49 0.49 0.49 0.49 0.49 0.49 0.49 0.49 0.49 0.49 0.49 0.49 0.49 0.49 0.49 0.48 0.48 0.48 0.48 0.49 0.49 0.49 0.49 0.50 0.50 0.43 0.54 0.61 0.66 0.73 1.01 2.20 0.97 0.00 0.00 
0.00 0.00 9.58 5.79 4.03 3.17 2.59 2.09 1.83 1.54 1.35 1.19 1.07 0.96 0.88 0.80 0.75 0.70 0.66 0.62 0.59 0.57 0.55 0.53 0.52 0.51 0.50 0.49 0.48 0.47 0.47 0.46 0.46 0.46 0.46 0.46 0.45 0.45 0.45 0.45 0.45 0.45 0.45 0.45 0.45 0.45 0.46 0.46 0.46 0.46 0.46 0.46 0.46 0.46 0.46 0.46 0.46 0.46 0.45 0.45 0.45 0.45 0.45 0.45 0.45 0.45 0.45 0.45 0.45 0.46 0.46 0.46 0.47 0.49 0.52 0.53 0.63 0.74 0.92 1.41 2.59 0.00 0.00 
0.00 1.84 9.85 4.84 3.61 2.88 2.39 2.03 1.72 1.43 1.03 0.82 0.73 0.66 0.60 0.55 0.51 0.48 0.45 0.42 0.40 0.39 0.37 0.36 0.35 0.34 0.34 0.33 0.33 0.32 0.32 0.32 0.31 0.31 0.31 0.31 0.31 0.31 0.31 0.31 0.31 0.31 0.31 0.31 0.31 0.31 0.31 0.31 0.31 0.31 0.31 0.31 0.31 0.31 0.31 0.31 0.31 0.31 0.31 0.31 0.31 0.31 0.31 0.31 0.31 0.31 0.31 0.31 0.31 0.31 0.31 0.32 0.36 0.46 0.50 0.33 0.58 0.56 0.66 1.04 2.34 0.00 0.00 
0.00 5.95 6.93 4.41 3.49 2.81 2.26 1.95 1.61 0.92 0.64 0.57 0.51 0.45 0.41 0.38 0.35 0.32 0.30 0.29 0.27 0.26 0.25 0.24 0.24 0.23 0.23 0.22 0.22 0.22 0.21 0.21 0.21 0.21 0.21 0.21 0.21 0.21 0.21 0.21 0.21 0.21 0.21 0.21 0.21 0.21 0.21 0.21 0.21 0.21 0.21 0.21 0.21 0.21 0.21 0.21 0.21 0.21 0.21 0.21 0.21 0.21 0.21 0.21 0.21 0.21 0.21 0.21 0.21 0.21 0.21 0.21 0.22 0.29 0.47 0.52 0.47 0.42 0.81 0.79 1.73 0.00 0.00 
0.00 7.24 6.15 4.17 3.24 2.72 2.24 1.91 1.30 0.73 1.18 1.07 0.97 0.88 0.80 0.74 0.69 0.64 0.60 0.57 0.55 0.53 0.51 0.49 0.48 0.47 0.46 0.45 0.44 0.44 0.43 0.43 0.43 0.42 0.42 0.42 0.42 0.42 0.42 0.42 0.42 0.42 0.42 0.42 0.42 0.42 0.42 0.42 0.42 0.42 0.42 0.42 0.42 0.42 0.42 0.42 0.42 0.42 0.42 0.42 0.42 0.42 0.42 0.42 0.42 0.42 0.42 0.42 0.42 0.42 0.42 0.43 0.21 0.22 0.38 0.51 0.39 0.65 0.76 1.01 1.40 0.75 0.00 
0.00 7.58 5.95 4.06 3.04 2.65 2.23 1.89 1.18 0.73 1.17 1.06 0.96 0.87 0.80 0.73 0.68 0.64 0.60 0.57 0.54 0.52 0.50 0.49 0.48 0.46 0.46 0.45 0.44 0.44 0.43 0.43 0.42 0.42 0.42 0.42 0.42 0.42 0.42 0.42 0.42 0.42 0.42 0.42 0.42 0.42 0.42 0.42 0.42 0.42 0.42 0.42 0.42 0.42 0.42 0.42 0.42 0.42 0.42 0.42 0.42 0.42 0.42 0.42 0.42 0.42 0.42 0.42 0.42 0.42 0.42 0.43 0.21 0.22 0.34 0.51 0.36 0.63 0.71 0.96 1.32 0.74 0.00 
0.00 7.13 6.05 4.11 3.20 2.69 2.22 1.89 1.29 0.73 0.64 0.56 0.50 0.45 0.40 0.37 0.34 0.32 0.30 0.28 0.27 0.26 0.25 0.24 0.23 0.23 0.22 0.22 0.22 0.21 0.21 0.21 0.21 0.21 0.21 0.20 0.20 0.20 0.20 0.20 0.20 0.20 0.20 0.20 0.20 0.20 0.21 0.21 0.21 0.21 0.21 0.21 0.21 0.21 0.21 0.21 0.21 0.21 0.21 0.20 0.20 0.20 0.20 0.20 0.20 0.20 0.20 0.20 0.20 0.21 0.21 0.21 0.21 0.22 0.38 0.51 0.39 0.33 0.75 0.65 1.38 0.00 0.00 
0.00 5.76 6.71 4.29 3.40 2.76 1.88 1.89 1.58 0.91 0.65 0.57 0.51 0.45 0.41 0.38 0.35 0.32 0.30 0.29 0.27 0.26 0.25 0.24 0.24 0.23 0.23 0.22 0.22 0.22 0.21 0.21 0.21 0.21 0.21 0.21 0.21 0.21 0.21 0.21 0.21 0.21 0.21 0.21 0.21 0.21 0.21 0.21 0.21 0.21 0.21 0.21 0.21 0.21 0.21 0.21 0.21 0.21 0.21 0.21 0.21 0.21 0.21 0.21 0.21 0.21 0.21 0.21 0.21 0.21 0.21 0.21 0.22 0.29 0.47 0.26 0.47 0.41 0.50 0.77 1.18 0.00 0.00 
0.00 1.75 9.39 4.65 3.49 2.79 2.32 1.98 1.68 1.39 1.01 0.81 0.72 0.65 0.60 0.55 0.51 0.48 0.45 0.43 0.41 0.39 0.38 0.37 0.36 0.35 0.34 0.33 0.33 0.33 0.32 0.32 0.32 0.32 0.31 0.31 0.31 0.31 0.31 0.31 0.31 0.31 0.31 0.31 0.31 0.31 0.31 0.31 0.31 0.31 0.31 0.31 0.31 0.31 0.31 0.31 0.31 0.31 0.31 0.31 0.31 0.31 0.31 0.31 0.31 0.31 0.31 0.31 0.31 0.31 0.32 0.32 0.37 0.47 0.50 0.34 0.59 0.56 0.66 1.01 2.17 0.00 0.00 
0.00 0.00 8.98 5.47 3.77 3.03 2.49 1.95 1.13 1.48 1.31 1.17 1.05 0.95 0.87 0.80 0.75 0.70 0.66 0.63 0.60 0.58 0.56 0.54 0.53 0.52 0.50 0.50 0.49 0.48 0.48 0.47 0.47 0.47 0.47 0.46 0.46 0.46 0.46 0.46 0.46 0.46 0.46 0.46 0.46 0.46 0.46 0.46 0.46 0.46 0.46 0.47 0.47 0.46 0.46 0.46 0.46 0.46 0.46 0.46 0.46 0.46 0.46 0.46 0.46 0.46 0.46 0.46 0.46 0.47 0.47 0.47 0.48 0.24 0.33 0.54 0.41 0.42 0.55 1.08 1.37 0.00 0.00 
0.00 0.00 3.74 8.39 4.46 3.34 2.64 2.21 1.83 1.32 0.97 0.80 0.72 0.65 0.59 0.54 0.50 0.47 0.44 0.42 0.40 0.38 0.37 0.36 0.35 0.34 0.34 0.33 0.32 0.32 0.32 0.31 0.31 0.31 0.31 0.31 0.31 0.31 0.31 0.31 0.31 0.31 0.31 0.31 0.31 0.31 0.31 0.31 0.31 0.31 0.31 0.31 0.31 0.31 0.31 0.31 0.31 0.31 0.31 0.31 0.31 0.31 0.31 0.31 0.31 0.31 0.31 0.31 0.31 0.31 0.31 0.32 0.35 0.44 0.56 0.40 0.67 0.73 0.98 1.75 0.00 0.00 0.00 
0.00 0.00 0.00 7.83 6.20 3.97 2.74 2.43 1.66 1.10 1.49 1.32 1.20 1.09 0.99 0.92 0.85 0.80 0.75 0.72 0.68 0.66 0.64 0.62 0.60 0.59 0.57 0.56 0.56 0.55 0.54 0.54 0.53 0.53 0.53 0.53 0.53 0.53 0.53 0.52 0.52 0.52 0.53 0.53 0.53 0.53 0.53 0.53 0.53 0.53 0.53 0.53 0.53 0.53 0.53 0.53 0.53 0.53 0.53 0.53 0.53 0.52 0.52 0.52 0.52 0.52 0.52 0.53 0.53 0.53 0.54 0.54 0.28 0.36 0.50 0.38 0.70 0.84 0.98 0.71 0.00 0.00 0.00 
0.00 0.00 0.00 0.19 8.61 5.71 3.44 2.79 1.82 1.96 1.64 1.39 1.24 1.13 1.03 0.95 0.89 0.83 0.78 0.75 0.71 0.69 0.66 0.64 0.62 0.61 0.60 0.59 0.58 0.57 0.57 0.56 0.56 0.55 0.55 0.55 0.55 0.55 0.55 0.55 0.55 0.55 0.55 0.55 0.55 0.55 0.55 0.55 0.55 0.55 0.55 0.55 0.55 0.55 0.55 0.55 0.55 0.55 0.55 0.55 0.55 0.55 0.55 0.55 0.55 0.55 0.55 0.55 0.55 0.55 0.56 0.57 0.61 0.40 0.55 0.47 0.89 0.93 1.37 0.00 0.00 0.00 0.00 
0.00 0.00 0.00 0.00 0.00 6.79 6.60 3.85 2.58 1.73 1.98 1.71 1.54 1.40 1.28 1.18 1.10 1.03 0.98 0.93 0.89 0.85 0.82 0.80 0.78 0.76 0.75 0.73 0.72 0.71 0.71 0.70 0.70 0.69 0.69 0.69 0.68 0.68 0.68 0.68 0.68 0.68 0.68 0.68 0.68 0.68 0.68 0.69 0.69 0.69 0.69 0.69 0.69 0.69 0.69 0.69 0.69 0.68 0.68 0.68 0.68 0.68 0.68 0.68 0.68 0.68 0.68 0.68 0.69 0.69 0.69 0.70 0.46 0.58 0.79 0.87 1.49 0.63 0.00 0.00 0.00 0.00 0.00 
0.00 0.00 0.00 0.00 0.00 0.00 2.46 6.08 5.09 3.36 2.47 2.09 1.87 1.70 1.56 1.44 1.35 1.26 1.20 1.14 1.09 1.05 1.01 0.98 0.96 0.94 0.92 0.90 0.89 0.88 0.87 0.86 0.86 0.85 0.85 0.84 0.84 0.84 0.84 0.84 0.84 0.84 0.84 0.84 0.84 0.84 0.84 0.84 0.84 0.84 0.84 0.84 0.84 0.84 0.84 0.84 0.84 0.84 0.84 0.84 0.84 0.84 0.84 0.84 0.83 0.84 0.84 0.84 0.84 0.85 0.85 0.86 0.93 0.82 1.59 1.03 0.00 0.00 0.00 0.00 0.00 0.00 0.00 
0.00 0.00 0.00 0.00 0.00 0.00 0.00 0.00 0.00 0.00 1.11 1.03 0.94 0.86 0.79 0.73 0.69 0.64 0.61 0.58 0.55 0.53 0.52 0.50 0.49 0.48 0.47 0.46 0.45 0.45 0.44 0.44 0.44 0.43 0.43 0.43 0.43 0.43 0.43 0.43 0.43 0.43 0.43 0.43 0.43 0.43 0.43 0.43 0.43 0.43 0.43 0.43 0.43 0.43 0.43 0.43 0.43 0.43 0.43 0.43 0.43 0.43 0.43 0.43 0.43 0.43 0.43 0.43 0.43 0.43 0.43 0.44 0.00 0.00 0.00 0.00 0.00 0.00 0.00 0.00 0.00 0.00 0.00 
0.00 0.00 0.00 0.00 0.00 0.00 0.00 0.00 0.00 0.00 0.00 0.00 0.00 0.00 0.00 0.00 0.00 0.00 0.00 0.00 0.00 0.00 0.00 0.00 0.00 0.00 0.00 0.00 0.00 0.00 0.00 0.00 0.00 0.00 0.00 0.00 0.00 0.00 0.00 0.00 0.00 0.00 0.00 0.00 0.00 0.00 0.00 0.00 0.00 0.00 0.00 0.00 0.00 0.00 0.00 0.00 0.00 0.00 0.00 0.00 0.00 0.00 0.00 0.00 0.00 0.00 0.00 0.00 0.00 0.00 0.00 0.00 0.00 0.00 0.00 0.00 0.00 0.00 0.00 0.00 0.00 0.00 0.00 
