0.00 0.00 0.00 0.00 0.00 0.00 0.00 0.00 0.00 0.00 0.00 0.00 0.00 0.00 0.00 0.00 0.00 0.00 0.00 0.00 0.00 0.00 0.00 0.00 0.00 0.00 0.00 0.00 0.00 0.00 0.00 0.00 0.00 0.00 0.00 0.00 0.00 0.00 0.00 0.00 0.00 0.00 0.00 0.00 0.00 0.00 0.00 0.00 0.00 0.00 0.00 0.00 0.00 0.00 0.00 0.00 0.00 0.00 0.00 0.00 0.00 0.00 0.00 0.00 0.00 0.00 0.00 0.00 0.00 0.00 0.00 0.00 0.00 0.00 0.00 0.00 0.00 0.00 0.00 0.00 0.00 0.00 0.00 
0.00 0.00 0.00 0.00 0.00 0.00 0.00 0.00 0.41 1.30 1.54 1.60 1.57 1.54 1.51 1.49 1.47 1.46 1.45 1.45 1.45 1.45 1.45 1.45 1.45 1.46 1.46 1.47 1.47 1.48 1.49 1.50 1.52 1.54 1.56 1.58 1.61 1.64 1.67 1.71 1.75 1.79 1.84 1.90 1.96 2.02 2.10 2.17 2.26 2.35 2.45 2.55 2.65 2.75 2.85 2.94 3.01 3.06 3.08 3.08 3.05 2.98 2.90 2.80 2.69 2.57 2.46 2.35 2.24 2.15 2.06 1.97 1.78 1.40 0.42 0.00 0.00 0.00 0.00 0.00 0.00 0.00 0.00 
0.00 0.00 0.00 0.00 0.00 0.00 0.95 2.21 2.23 1.52 1.31 1.24 1.21 1.19 1.17 1.15 1.14 1.13 1.12 1.12 1.12 1.12 1.12 1.12 1.12 1.13 1.13 1.13 1.14 1.14 1.15 1.16 1.17 1.19 1.20 1.22 1.24 1.26 1.29 1.32 1.35 1.38 1.42 1.46 1.51 1.56 1.61 1.67 1.74 1.80 1.88 1.95 2.03 2.11 2.19 2.25 2.31 2.35 2.37 2.37 2.35 2.30 2.24 2.17 2.08 2.00 1.91 1.82 1.74 1.67 1.60 1.54 1.53 1.66 2.28 2.12 0.86 0.00 0.00 0.00 0.00 0.00 0.00 
0.00 0.00 0.00 0.00 0.06 2.16 2.22 1.38 1.11 0.98 0.91 0.87 0.85 0.83 0.82 0.81 0.80 0.79 0.79 0.78 0.78 0.78 0.78 0.78 0.79 0.79 0.79 0.79 0.80 0.80 0.81 0.81 0.82 0.83 0.84 0.85 0.87 0.88 0.90 0.92 0.94 0.97 0.99 1.02 1.05 1.09 1.13 1.17 1.21 1.26 1.31 1.37 1.42 1.48 1.53 1.57 1.61 1.64 1.66 1.66 1.64 1.61 1.57 1.52 1.46 1.40 1.34 1.28 1.22 1.17 1.12 1.08 1.06 1.08 1.14 1.32 2.01 1.83 0.04 0.00 0.00 0.00 0.00 
0.00 0.00 0.00 0.06 2.65 1.81 1.24 1.01 0.88 0.82 0.74 0.70 0.69 0.68 0.66 0.66 0.65 0.64 0.64 0.64 0.64 0.64 0.64 0.64 0.64 0.64 0.64 0.65 0.65 0.65 0.66 0.66 0.67 0.68 0.69 0.70 0.71 0.72 0.73 0.75 0.77 0.79 0.81 0.83 0.86 0.89 0.92 0.95 0.99 1.03 1.07 1.11 1.16 1.20 1.24 1.28 1.31 1.34 1.35 1.35 1.34 1.32 1.28 1.24 1.19 1.14 1.09 1.04 1.00 0.95 0.92 0.88 0.86 0.90 0.91 0.96 1.12 1.54 2.09 0.04 0.00 0.00 0.00 
0.00 0.00 0.00 2.40 1.91 1.25 1.00 0.86 0.76 0.72 0.67 0.64 0.63 0.62 0.61 0.60 0.59 0.59 0.59 0.59 0.58 0.58 0.58 0.59 0.59 0.59 0.59 0.59 0.59 0.60 0.60 0.61 0.61 0.62 0.63 0.64 0.65 0.66 0.67 0.69 0.70 0.72 0.74 0.76 0.79 0.81 0.84 0.87 0.91 0.94 0.98 1.02 1.06 1.10 1.14 1.17 1.20 1.23 1.24 1.24 1.23 1.20 1.17 1.14 1.09 1.05 1.00 0.96 0.91 0.87 0.84 0.81 0.79 0.80 0.79 0.84 0.91 1.07 1.52 1.79 0.00 0.00 0.00 
0.00 0.00 1.17 2.60 1.36 1.04 0.87 0.78 0.69 0.64 0.62 0.61 0.60 0.58 0.58 0.57 0.56 0.56 0.56 0.55 0.55 0.55 0.55 0.55 0.56 0.56 0.56 0.56 0.56 0.57 0.57 0.57 0.58 0.59 0.59 0.60 0.61 0.62 0.64 0.65 0.67 0.68 0.70 0.72 0.74 0.77 0.79 0.82 0.86 0.89 0.93 0.96 1.00 1.04 1.08 1.11 1.14 1.16 1.17 1.17 1.16 1.14 1.11 1.08 1.04 0.99 0.95 0.91 0.87 0.83 0.80 0.76 0.74 0.60 0.72 0.76 0.78 0.80 1.00 1.93 0.72 0.00 0.00 
0.00 0.00 2.85 1.68 1.16 0.94 0.81 0.71 0.67 0.61 0.59 0.57 0.56 0.55 0.54 0.53 0.53 0.52 0.52 0.52 0.52 0.52 0.52 0.52 0.52 0.52 0.52 0.52 0.52 0.53 0.53 0.54 0.54 0.55 0.55 0.56 0.57 0.58 0.59 0.61 0.62 0.64 0.65 0.67 0.69 0.72 0.74 0.77 0.80 0.83 0.86 0.90 0.93 0.97 1.00 1.03 1.06 1.08 1.09 1.09 1.08 1.06 1.04 1.01 0.97 0.93 0.89 0.85 0.81 0.78 0.74 0.72 0.69 0.68 0.70 0.67 0.75 0.82 0.92 1.26 1.99 0.00 0.00 
0.00 0.57 2.99 1.41 1.05 0.86 0.75 0.69 0.63 0.58 0.45 0.39 0.38 0.37 0.37 0.36 0.36 0.36 0.35 0.35 0.35 0.35 0.35 0.35 0.35 0.35 0.36 0.36 0.36 0.36 0.36 0.36 0.37 0.37 0.38 0.38 0.39 0.40 0.40 0.41 0.42 0.43 0.44 0.46 0.47 0.49 0.50 0.52 0.54 0.56 0.59 0.61 0.63 0.66 0.68 0.70 0.72 0.73 0.74 0.74 0.74 0.72 0.71 0.68 0.66 0.63 0.61 0.58 0.55 0.53 0.51 0.49 0.54 0.64 0.66 0.42 0.70 0.62 0.67 0.94 1.88 0.00 0.00 
0.00 1.90 2.12 1.29 1.02 0.85 0.72 0.66 0.60 0.36 0.27 0.26 0.25 0.25 0.24 0.24 0.24 0.24 0.24 0.23 0.23 0.23 0.23 0.23 0.24 0.24 0.24 0.24 0.24 0.24 0.24 0.24 0.25 0.25 0.25 0.26 0.26 0.27 0.27 0.28 0.28 0.29 0.30 0.31 0.32 0.33 0.34 0.35 0.37 0.38 0.40 0.41 0.43 0.45 0.46 0.48 0.49 0.50 0.50 0.50 0.49 0.48 0.47 0.45 0.44 0.42 0.40 0.38 0.36 0.35 0.33 0.32 0.31 0.40 0.63 0.66 0.57 0.45 0.83 0.71 1.41 0.00 0.00 
0.00 2.36 1.89 1.24 0.95 0.82 0.72 0.65 0.48 0.28 0.53 0.52 0.51 0.50 0.49 0.49 0.48 0.48 0.48 0.48 0.48 0.48 0.48 0.48 0.48 0.48 0.48 0.48 0.48 0.49 0.49 0.49 0.50 0.51 0.51 0.52 0.53 0.54 0.55 0.56 0.57 0.59 0.60 0.62 0.64 0.66 0.68 0.71 0.74 0.76 0.79 0.83 0.86 0.89 0.92 0.95 0.98 1.00 1.01 1.01 1.00 0.98 0.96 0.93 0.89 0.86 0.82 0.79 0.75 0.72 0.69 0.67 0.31 0.30 0.51 0.65 0.46 0.72 0.78 0.94 1.16 0.55 0.00 
0.00 2.50 1.85 1.21 0.90 0.80 0.72 0.65 0.44 0.28 0.53 0.52 0.51 0.50 0.49 0.49 0.48 0.48 0.48 0.48 0.48 0.48 0.48 0.48 0.48 0.48 0.48 0.48 0.48 0.49 0.49 0.49 0.50 0.50 0.51 0.52 0.53 0.54 0.55 0.56 0.57 0.58 0.60 0.62 0.64 0.66 0.68 0.71 0.73 0.76 0.79 0.82 0.86 0.89 0.92 0.95 0.97 0.99 1.00 1.00 1.00 0.98 0.96 0.93 0.89 0.86 0.82 0.78 0.75 0.72 0.69 0.67 0.30 0.30 0.46 0.65 0.43 0.71 0.73 0.90 1.10 0.55 0.00 
0.00 2.37 1.90 1.23 0.95 0.82 0.72 0.65 0.48 0.28 0.27 0.26 0.25 0.24 0.24 0.24 0.23 0.23 0.23 0.23 0.23 0.23 0.23 0.23 0.23 0.23 0.23 0.23 0.23 0.24 0.24 0.24 0.24 0.25 0.25 0.25 0.26 0.26 0.27 0.27 0.28 0.29 0.29 0.30 0.31 0.32 0.33 0.35 0.36 0.38 0.39 0.41 0.42 0.44 0.46 0.47 0.48 0.49 0.49 0.49 0.49 0.48 0.46 0.45 0.43 0.41 0.39 0.37 0.36 0.34 0.33 0.32 0.31 0.30 0.52 0.66 0.47 0.36 0.79 0.58 1.17 0.00 0.00 
0.00 1.91 2.12 1.30 1.02 0.84 0.61 0.65 0.60 0.36 0.27 0.26 0.25 0.25 0.24 0.24 0.24 0.24 0.23 0.23 0.23 0.23 0.23 0.23 0.24 0.24 0.24 0.24 0.24 0.24 0.24 0.24 0.25 0.25 0.25 0.26 0.26 0.27 0.27 0.28 0.28 0.29 0.30 0.31 0.32 0.33 0.34 0.35 0.37 0.38 0.40 0.41 0.43 0.45 0.46 0.48 0.49 0.50 0.50 0.50 0.49 0.48 0.47 0.45 0.43 0.42 0.40 0.38 0.36 0.35 0.33 0.32 0.31 0.40 0.65 0.31 0.58 0.46 0.50 0.72 1.02 0.00 0.00 
0.00 0.57 3.01 1.41 1.05 0.86 0.75 0.69 0.63 0.58 0.45 0.39 0.38 0.37 0.37 0.36 0.36 0.36 0.36 0.36 0.36 0.36 0.36 0.36 0.36 0.36 0.36 0.36 0.36 0.36 0.37 0.37 0.37 0.38 0.38 0.39 0.39 0.40 0.41 0.42 0.43 0.44 0.45 0.46 0.48 0.49 0.51 0.53 0.55 0.57 0.59 0.61 0.64 0.66 0.69 0.71 0.72 0.74 0.75 0.75 0.74 0.73 0.71 0.69 0.67 0.64 0.62 0.59 0.56 0.54 0.52 0.50 0.55 0.67 0.68 0.42 0.72 0.64 0.69 0.97 1.95 0.00 0.00 
0.00 0.00 2.87 1.68 1.14 0.94 0.81 0.68 0.41 0.61 0.59 0.57 0.56 0.55 0.55 0.54 0.54 0.53 0.53 0.53 0.53 0.53 0.53 0.53 0.53 0.53 0.53 0.54 0.54 0.54 0.54 0.55 0.55 0.56 0.57 0.57 0.58 0.59 0.61 0.62 0.63 0.65 0.67 0.68 0.70 0.73 0.75 0.78 0.81 0.84 0.87 0.91 0.94 0.98 1.01 1.05 1.07 1.09 1.11 1.11 1.10 1.09 1.06 1.03 1.00 0.96 0.92 0.88 0.84 0.81 0.77 0.74 0.72 0.33 0.43 0.70 0.49 0.46 0.57 1.05 1.24 0.00 0.00 
0.00 0.00 1.18 2.61 1.36 1.04 0.86 0.78 0.69 0.54 0.43 0.39 0.37 0.37 0.36 0.36 0.35 0.35 0.35 0.35 0.35 0.35 0.35 0.35 0.35 0.35 0.35 0.35 0.35 0.36 0.36 0.36 0.37 0.37 0.38 0.38 0.39 0.39 0.40 0.41 0.42 0.43 0.44 0.45 0.47 0.48 0.50 0.52 0.54 0.56 0.58 0.61 0.63 0.66 0.68 0.70 0.72 0.73 0.74 0.74 0.73 0.72 0.70 0.68 0.65 0.63 0.60 0.57 0.55 0.53 0.50 0.49 0.52 0.62 0.76 0.50 0.83 0.84 1.06 1.77 0.00 0.00 0.00 
0.00 0.00 0.00 2.41 1.91 1.24 0.89 0.86 0.63 0.44 0.68 0.65 0.64 0.63 0.62 0.61 0.61 0.60 0.60 0.60 0.60 0.60 0.60 0.60 0.60 0.60 0.61 0.61 0.61 0.61 0.62 0.62 0.63 0.64 0.64 0.65 0.66 0.68 0.69 0.70 0.72 0.74 0.76 0.78 0.80 0.83 0.86 0.89 0.92 0.96 1.00 1.04 1.08 1.12 1.16 1.20 1.23 1.25 1.26 1.27 1.26 1.24 1.21 1.17 1.13 1.08 1.04 0.99 0.95 0.91 0.88 0.85 0.40 0.50 0.69 0.48 0.86 0.98 1.07 0.71 0.00 0.00 0.00 
0.00 0.00 0.00 0.06 2.64 1.80 1.13 0.99 0.69 0.82 0.74 0.68 0.66 0.65 0.64 0.64 0.63 0.63 0.63 0.63 0.62 0.62 0.63 0.63 0.63 0.63 0.63 0.63 0.64 0.64 0.64 0.65 0.65 0.66 0.67 0.68 0.69 0.70 0.72 0.73 0.75 0.77 0.79 0.81 0.84 0.86 0.89 0.93 0.96 1.00 1.04 1.08 1.12 1.17 1.21 1.25 1.28 1.30 1.32 1.32 1.31 1.29 1.26 1.22 1.18 1.13 1.08 1.03 0.99 0.95 0.91 0.89 0.92 0.56 0.75 0.60 1.10 1.09 1.49 0.00 0.00 0.00 0.00 
0.00 0.00 0.00 0.00 0.00 2.13 2.20 1.37 0.98 0.71 0.91 0.85 0.83 0.81 0.80 0.80 0.79 0.79 0.78 0.78 0.78 0.78 0.78 0.78 0.78 0.79 0.79 0.79 0.79 0.80 0.80 0.81 0.82 0.83 0.84 0.85 0.86 0.88 0.90 0.91 0.94 0.96 0.98 1.01 1.04 1.08 1.11 1.15 1.20 1.24 1.29 1.34 1.40 1.45 1.50 1.55 1.59 1.62 1.64 1.64 1.63 1.61 1.57 1.52 1.47 1.41 1.35 1.30 1.24 1.19 1.14 1.11 0.69 0.82 1.08 1.14 1.87 0.74 0.00 0.00 0.00 0.00 0.00 
0.00 0.00 0.00 0.00 0.00 0.00 0.82 2.18 1.98 1.43 1.14 1.05 1.02 1.01 0.99 0.98 0.98 0.97 0.97 0.97 0.96 0.96 0.97 0.97 0.97 0.97 0.97 0.98 0.98 0.98 0.99 1.00 1.01 1.02 1.03 1.05 1.06 1.08 1.10 1.12 1.15 1.18 1.21 1.24 1.28 1.32 1.37 1.41 1.47 1.52 1.58 1.64 1.71 1.77 1.84 1.89 1.94 1.98 2.01 2.01 2.01 1.98 1.94 1.88 1.82 1.75 1.68 1.61 1.54 1.48 1.42 1.37 1.42 1.19 2.22 1.38 0.00 0.00 0.00 0.00 0.00 0.00 0.00 
0.00 0.00 0.00 0.00 0.00 0.00 0.00 0.00 0.00 0.00 0.53 0.53 0.52 0.51 0.50 0.50 0.50 0.49 0.49 0.49 0.49 0.49 0.49 0.49 0.49 0.49 0.50 0.50 0.50 0.50 0.50 0.51 0.51 0.52 0.52 0.53 0.54 0.55 0.56 0.57 0.59 0.60 0.62 0.63 0.65 0.67 0.70 0.72 0.75 0.78 0.81 0.84 0.87 0.91 0.94 0.97 0.99 1.01 1.02 1.03 1.02 1.01 0.99 0.96 0.93 0.89 0.86 0.82 0.79 0.75 0.73 0.71 0.00 0.00 0.00 0.00 0.00 0.00 0.00 0.00 0.00 0.00 0.00 
0.00 0.00 0.00 0.00 0.00 0.00 0.00 0.00 0.00 0.00 0.00 0.00 0.00 0.00 0.00 0.00 0.00 0.00 0.00 0.00 0.00 0.00 0.00 0.00 0.00 0.00 0.00 0.00 0.00 0.00 0.00 0.00 0.00 0.00 0.00 0.00 0.00 0.00 0.00 0.00 0.00 0.00 0.00 0.00 0.00 0.00 0.00 0.00 0.00 0.00 0.00 0.00 0.00 0.00 0.00 0.00 0.00 0.00 0.00 0.00 0.00 0.00 0.00 0.00 0.00 0.00 0.00 0.00 0.00 0.00 0.00 0.00 0.00 0.00 0.00 0.00 0.00 0.00 0.00 0.00 0.00 0.00 0.00 
