0.00 0.00 0.00 0.00 0.00 0.00 0.00 0.00 0.00 0.00 0.00 0.00 0.00 0.00 0.00 0.00 0.00 0.00 0.00 0.00 0.00 0.00 0.00 0.00 0.00 0.00 0.00 0.00 0.00 0.00 0.00 0.00 0.00 0.00 0.00 0.00 0.00 0.00 0.00 0.00 0.00 0.00 0.00 0.00 0.00 0.00 0.00 0.00 0.00 0.00 0.00 0.00 0.00 0.00 0.00 0.00 0.00 0.00 0.00 0.00 0.00 0.00 0.00 0.00 0.00 0.00 0.00 0.00 0.00 0.00 0.00 0.00 0.00 0.00 0.00 0.00 0.00 0.00 0.00 0.00 0.00 0.00 0.00 
0.00 0.00 0.00 0.00 0.00 0.00 0.00 0.00 0.33 1.07 1.31 1.39 1.39 1.39 1.40 1.40 1.41 1.42 1.42 1.43 1.44 1.45 1.45 1.46 1.47 1.48 1.48 1.49 1.49 1.50 1.50 1.51 1.51 1.52 1.52 1.52 1.53 1.53 1.53 1.53 1.53 1.53 1.53 1.53 1.53 1.53 1.53 1.53 1.53 1.53 1.53 1.53 1.53 1.53 1.54 1.54 1.55 1.56 1.57 1.59 1.61 1.64 1.67 1.71 1.77 1.83 1.92 2.02 2.15 2.32 2.52 2.75 2.91 2.67 0.91 0.00 0.00 0.00 0.00 0.00 0.00 0.00 0.00 
0.00 0.00 0.00 0.00 0.00 0.00 0.73 1.73 1.79 1.25 1.11 1.08 1.07 1.07 1.08 1.08 1.08 1.09 1.10 1.10 1.11 1.11 1.12 1.13 1.13 1.14 1.14 1.15 1.15 1.16 1.16 1.16 1.17 1.17 1.17 1.17 1.18 1.18 1.18 1.18 1.18 1.18 1.18 1.18 1.18 1.18 1.18 1.18 1.18 1.18 1.18 1.18 1.18 1.18 1.19 1.19 1.20 1.20 1.21 1.22 1.24 1.26 1.29 1.32 1.36 1.41 1.48 1.56 1.66 1.78 1.93 2.13 2.43 3.09 4.97 5.54 2.70 0.00 0.00 0.00 0.00 0.00 0.00 
0.00 0.00 0.00 0.00 0.04 1.62 1.70 1.08 0.89 0.81 0.77 0.75 0.75 0.75 0.75 0.76 0.76 0.76 0.77 0.77 0.78 0.78 0.78 0.79 0.79 0.80 0.80 0.80 0.81 0.81 0.81 0.81 0.82 0.82 0.82 0.82 0.82 0.82 0.83 0.83 0.83 0.83 0.83 0.83 0.83 0.83 0.83 0.83 0.83 0.83 0.83 0.83 0.83 0.83 0.83 0.83 0.84 0.84 0.85 0.86 0.87 0.88 0.90 0.92 0.95 0.99 1.03 1.09 1.16 1.24 1.35 1.47 1.68 1.99 2.47 3.44 6.32 7.29 0.21 0.00 0.00 0.00 0.00 
0.00 0.00 0.00 0.04 1.96 1.36 0.94 0.79 0.70 0.67 0.63 0.61 0.61 0.61 0.61 0.61 0.62 0.62 0.62 0.63 0.63 0.64 0.64 0.64 0.65 0.65 0.65 0.65 0.66 0.66 0.66 0.66 0.67 0.67 0.67 0.67 0.67 0.67 0.67 0.67 0.67 0.67 0.67 0.67 0.67 0.67 0.67 0.67 0.67 0.67 0.67 0.67 0.67 0.68 0.68 0.68 0.68 0.69 0.69 0.70 0.71 0.72 0.74 0.75 0.78 0.81 0.84 0.89 0.94 1.01 1.10 1.20 1.36 1.65 1.94 2.50 3.48 6.00 10.59 0.23 0.00 0.00 0.00 
0.00 0.00 0.00 1.76 1.40 0.93 0.76 0.68 0.61 0.59 0.57 0.56 0.56 0.56 0.56 0.56 0.57 0.57 0.57 0.57 0.58 0.58 0.58 0.59 0.59 0.59 0.60 0.60 0.60 0.60 0.61 0.61 0.61 0.61 0.61 0.61 0.61 0.62 0.62 0.62 0.62 0.62 0.62 0.62 0.62 0.62 0.62 0.62 0.62 0.62 0.62 0.62 0.62 0.62 0.62 0.62 0.62 0.63 0.63 0.64 0.65 0.66 0.67 0.69 0.71 0.74 0.77 0.81 0.86 0.93 1.01 1.10 1.25 1.46 1.68 2.16 2.78 4.08 7.63 12.10 0.00 0.00 0.00 
0.00 0.00 0.86 1.90 1.00 0.78 0.67 0.61 0.55 0.53 0.53 0.53 0.53 0.53 0.53 0.53 0.53 0.54 0.54 0.54 0.55 0.55 0.55 0.56 0.56 0.56 0.56 0.57 0.57 0.57 0.57 0.57 0.58 0.58 0.58 0.58 0.58 0.58 0.58 0.58 0.58 0.58 0.58 0.58 0.58 0.58 0.58 0.58 0.58 0.58 0.58 0.58 0.58 0.59 0.59 0.59 0.59 0.60 0.60 0.61 0.61 0.63 0.64 0.65 0.67 0.70 0.73 0.77 0.82 0.88 0.95 1.04 1.14 1.09 1.53 1.90 2.35 3.00 4.89 12.64 6.59 0.00 0.00 
0.00 0.00 2.10 1.22 0.85 0.70 0.62 0.55 0.53 0.50 0.49 0.49 0.49 0.49 0.49 0.50 0.50 0.50 0.50 0.51 0.51 0.51 0.52 0.52 0.52 0.52 0.53 0.53 0.53 0.53 0.53 0.54 0.54 0.54 0.54 0.54 0.54 0.54 0.54 0.54 0.54 0.54 0.55 0.55 0.55 0.55 0.54 0.54 0.54 0.54 0.54 0.55 0.55 0.55 0.55 0.55 0.55 0.56 0.56 0.57 0.57 0.58 0.60 0.61 0.63 0.65 0.68 0.72 0.76 0.82 0.89 0.97 1.08 1.23 1.44 1.67 2.21 2.98 4.38 7.94 17.08 0.00 0.00 
0.00 0.43 2.20 1.03 0.77 0.64 0.57 0.54 0.50 0.47 0.38 0.34 0.33 0.34 0.34 0.34 0.34 0.34 0.34 0.35 0.35 0.35 0.35 0.35 0.36 0.36 0.36 0.36 0.36 0.36 0.36 0.37 0.37 0.37 0.37 0.37 0.37 0.37 0.37 0.37 0.37 0.37 0.37 0.37 0.37 0.37 0.37 0.37 0.37 0.37 0.37 0.37 0.37 0.37 0.37 0.37 0.38 0.38 0.38 0.39 0.39 0.40 0.40 0.41 0.43 0.44 0.46 0.49 0.52 0.56 0.60 0.67 0.83 1.15 1.36 1.06 2.02 2.25 3.11 5.74 14.81 0.00 0.00 
0.00 1.43 1.56 0.94 0.75 0.63 0.55 0.51 0.47 0.30 0.23 0.23 0.23 0.23 0.23 0.23 0.23 0.23 0.23 0.23 0.23 0.23 0.24 0.24 0.24 0.24 0.24 0.24 0.24 0.24 0.24 0.24 0.24 0.25 0.25 0.25 0.25 0.25 0.25 0.25 0.25 0.25 0.25 0.25 0.25 0.25 0.25 0.25 0.25 0.25 0.25 0.25 0.25 0.25 0.25 0.25 0.25 0.25 0.25 0.26 0.26 0.26 0.27 0.28 0.29 0.30 0.31 0.33 0.35 0.38 0.41 0.45 0.51 0.73 1.30 1.56 1.63 1.73 3.68 4.42 10.66 0.00 0.00 
0.00 1.78 1.39 0.90 0.69 0.61 0.55 0.51 0.38 0.23 0.45 0.45 0.45 0.45 0.45 0.46 0.46 0.46 0.46 0.47 0.47 0.47 0.48 0.48 0.48 0.48 0.49 0.49 0.49 0.49 0.49 0.49 0.50 0.50 0.50 0.50 0.50 0.50 0.50 0.50 0.50 0.50 0.50 0.50 0.50 0.50 0.50 0.50 0.50 0.50 0.50 0.50 0.50 0.51 0.51 0.51 0.51 0.51 0.52 0.52 0.53 0.54 0.55 0.57 0.58 0.60 0.63 0.66 0.71 0.76 0.81 0.87 0.50 0.58 1.05 1.54 1.38 2.54 3.45 5.34 8.58 5.10 0.00 
0.00 1.89 1.35 0.88 0.65 0.60 0.55 0.50 0.35 0.23 0.45 0.45 0.45 0.45 0.45 0.45 0.46 0.46 0.46 0.47 0.47 0.47 0.47 0.48 0.48 0.48 0.48 0.49 0.49 0.49 0.49 0.49 0.49 0.50 0.50 0.50 0.50 0.50 0.50 0.50 0.50 0.50 0.50 0.50 0.50 0.50 0.50 0.50 0.50 0.50 0.50 0.50 0.50 0.50 0.50 0.51 0.51 0.51 0.52 0.52 0.53 0.54 0.55 0.56 0.58 0.60 0.63 0.66 0.70 0.75 0.81 0.87 0.50 0.57 0.95 1.53 1.29 2.48 3.21 5.03 7.92 4.94 0.00 
0.00 1.78 1.39 0.89 0.69 0.61 0.55 0.50 0.38 0.23 0.22 0.22 0.22 0.22 0.22 0.22 0.22 0.23 0.23 0.23 0.23 0.23 0.23 0.23 0.23 0.24 0.24 0.24 0.24 0.24 0.24 0.24 0.24 0.24 0.24 0.24 0.24 0.24 0.24 0.24 0.24 0.24 0.24 0.24 0.24 0.24 0.24 0.24 0.24 0.24 0.24 0.24 0.24 0.24 0.25 0.25 0.25 0.25 0.25 0.25 0.26 0.26 0.27 0.27 0.28 0.29 0.31 0.32 0.34 0.37 0.40 0.44 0.50 0.58 1.04 1.53 1.34 1.44 3.31 3.59 8.08 0.00 0.00 
0.00 1.43 1.55 0.93 0.74 0.63 0.46 0.51 0.47 0.29 0.23 0.23 0.23 0.23 0.23 0.23 0.23 0.23 0.23 0.23 0.23 0.23 0.24 0.24 0.24 0.24 0.24 0.24 0.24 0.24 0.24 0.24 0.24 0.25 0.25 0.25 0.25 0.25 0.25 0.25 0.25 0.25 0.25 0.25 0.25 0.25 0.25 0.25 0.25 0.25 0.25 0.25 0.25 0.25 0.25 0.25 0.25 0.25 0.25 0.26 0.26 0.27 0.27 0.28 0.29 0.30 0.31 0.33 0.35 0.38 0.41 0.45 0.51 0.72 1.27 0.84 1.60 1.67 2.35 4.05 6.72 0.00 0.00 
0.00 0.43 2.19 1.02 0.76 0.64 0.57 0.54 0.50 0.47 0.38 0.34 0.34 0.34 0.34 0.34 0.34 0.34 0.35 0.35 0.35 0.35 0.35 0.36 0.36 0.36 0.36 0.36 0.36 0.37 0.37 0.37 0.37 0.37 0.37 0.37 0.37 0.37 0.37 0.37 0.37 0.38 0.38 0.38 0.38 0.38 0.38 0.38 0.38 0.38 0.38 0.38 0.38 0.38 0.38 0.38 0.38 0.38 0.39 0.39 0.40 0.40 0.41 0.42 0.43 0.45 0.47 0.49 0.52 0.56 0.61 0.67 0.83 1.14 1.34 1.05 1.95 2.15 2.93 5.04 11.84 0.00 0.00 
0.00 0.00 2.08 1.21 0.83 0.69 0.61 0.53 0.33 0.50 0.49 0.49 0.49 0.50 0.50 0.50 0.51 0.51 0.51 0.52 0.52 0.52 0.52 0.53 0.53 0.53 0.54 0.54 0.54 0.54 0.55 0.55 0.55 0.55 0.55 0.55 0.55 0.55 0.56 0.56 0.56 0.56 0.56 0.56 0.56 0.56 0.56 0.56 0.56 0.56 0.56 0.56 0.56 0.56 0.56 0.56 0.57 0.57 0.57 0.58 0.59 0.60 0.61 0.63 0.65 0.67 0.70 0.74 0.78 0.84 0.90 0.98 1.07 0.63 0.91 1.60 1.41 1.69 2.54 5.30 7.35 0.00 0.00 
0.00 0.00 0.85 1.87 0.98 0.77 0.65 0.60 0.55 0.44 0.36 0.33 0.33 0.33 0.33 0.33 0.34 0.34 0.34 0.34 0.34 0.35 0.35 0.35 0.35 0.35 0.36 0.36 0.36 0.36 0.36 0.36 0.36 0.36 0.37 0.37 0.37 0.37 0.37 0.37 0.37 0.37 0.37 0.37 0.37 0.37 0.37 0.37 0.37 0.37 0.37 0.37 0.37 0.37 0.37 0.37 0.37 0.38 0.38 0.38 0.39 0.40 0.40 0.41 0.43 0.44 0.46 0.49 0.52 0.55 0.60 0.66 0.80 1.08 1.48 1.24 2.22 2.73 4.12 8.10 0.00 0.00 0.00 
0.00 0.00 0.00 1.73 1.38 0.92 0.67 0.67 0.50 0.37 0.57 0.56 0.56 0.56 0.57 0.57 0.57 0.58 0.58 0.59 0.59 0.59 0.60 0.60 0.60 0.61 0.61 0.61 0.61 0.62 0.62 0.62 0.62 0.62 0.63 0.63 0.63 0.63 0.63 0.63 0.63 0.63 0.63 0.63 0.63 0.63 0.63 0.63 0.63 0.63 0.63 0.63 0.63 0.64 0.64 0.64 0.64 0.65 0.65 0.66 0.67 0.68 0.70 0.71 0.74 0.76 0.80 0.84 0.89 0.95 1.03 1.10 0.64 0.90 1.34 1.22 2.31 3.08 4.02 3.29 0.00 0.00 0.00 
0.00 0.00 0.00 0.04 1.91 1.33 0.85 0.77 0.55 0.67 0.62 0.59 0.58 0.59 0.59 0.59 0.60 0.60 0.61 0.61 0.61 0.62 0.62 0.62 0.63 0.63 0.63 0.64 0.64 0.64 0.64 0.65 0.65 0.65 0.65 0.65 0.65 0.66 0.66 0.66 0.66 0.66 0.66 0.66 0.66 0.66 0.66 0.66 0.66 0.66 0.66 0.66 0.66 0.66 0.66 0.67 0.67 0.67 0.68 0.69 0.70 0.71 0.72 0.74 0.77 0.79 0.83 0.87 0.93 0.99 1.07 1.17 1.35 1.00 1.47 1.46 2.85 3.33 5.51 0.00 0.00 0.00 0.00 
0.00 0.00 0.00 0.00 0.00 1.58 1.66 1.06 0.78 0.58 0.76 0.73 0.73 0.73 0.74 0.74 0.74 0.75 0.75 0.76 0.77 0.77 0.77 0.78 0.78 0.79 0.79 0.80 0.80 0.80 0.80 0.81 0.81 0.81 0.81 0.82 0.82 0.82 0.82 0.82 0.82 0.82 0.82 0.82 0.82 0.82 0.82 0.82 0.82 0.82 0.82 0.82 0.83 0.83 0.83 0.83 0.84 0.84 0.85 0.86 0.87 0.89 0.90 0.93 0.96 0.99 1.04 1.09 1.16 1.24 1.33 1.44 1.05 1.43 2.09 2.54 4.67 2.24 0.00 0.00 0.00 0.00 0.00 
0.00 0.00 0.00 0.00 0.00 0.00 0.62 1.69 1.57 1.17 0.95 0.89 0.89 0.90 0.90 0.91 0.92 0.92 0.93 0.94 0.94 0.95 0.95 0.96 0.96 0.97 0.97 0.98 0.98 0.99 0.99 0.99 1.00 1.00 1.00 1.01 1.01 1.01 1.01 1.01 1.01 1.01 1.01 1.01 1.01 1.01 1.01 1.01 1.01 1.01 1.01 1.02 1.02 1.02 1.02 1.03 1.03 1.04 1.05 1.06 1.07 1.09 1.11 1.14 1.18 1.22 1.27 1.34 1.42 1.52 1.63 1.78 2.06 2.00 4.11 2.90 0.00 0.00 0.00 0.00 0.00 0.00 0.00 
0.00 0.00 0.00 0.00 0.00 0.00 0.00 0.00 0.00 0.00 0.46 0.45 0.46 0.46 0.46 0.46 0.47 0.47 0.47 0.48 0.48 0.48 0.49 0.49 0.49 0.49 0.50 0.50 0.50 0.50 0.50 0.51 0.51 0.51 0.51 0.51 0.51 0.51 0.51 0.51 0.52 0.52 0.52 0.52 0.52 0.52 0.52 0.52 0.52 0.52 0.52 0.52 0.52 0.52 0.52 0.52 0.53 0.53 0.53 0.54 0.55 0.56 0.57 0.58 0.60 0.62 0.65 0.68 0.72 0.77 0.82 0.86 0.00 0.00 0.00 0.00 0.00 0.00 0.00 0.00 0.00 0.00 0.00 
0.00 0.00 0.00 0.00 0.00 0.00 0.00 0.00 0.00 0.00 0.00 0.00 0.00 0.00 0.00 0.00 0.00 0.00 0.00 0.00 0.00 0.00 0.00 0.00 0.00 0.00 0.00 0.00 0.00 0.00 0.00 0.00 0.00 0.00 0.00 0.00 0.00 0.00 0.00 0.00 0.00 0.00 0.00 0.00 0.00 0.00 0.00 0.00 0.00 0.00 0.00 0.00 0.00 0.00 0.00 0.00 0.00 0.00 0.00 0.00 0.00 0.00 0.00 0.00 0.00 0.00 0.00 0.00 0.00 0.00 0.00 0.00 0.00 0.00 0.00 0.00 0.00 0.00 0.00 0.00 0.00 0.00 0.00 
