0.00 0.00 0.00 0.00 0.00 0.00 0.00 0.00 0.00 0.00 0.00 0.00 0.00 0.00 0.00 0.00 0.00 0.00 0.00 0.00 0.00 0.00 0.00 0.00 0.00 0.00 0.00 0.00 0.00 0.00 0.00 0.00 0.00 0.00 0.00 0.00 0.00 0.00 0.00 0.00 0.00 0.00 0.00 0.00 0.00 0.00 0.00 0.00 0.00 0.00 0.00 0.00 0.00 0.00 0.00 0.00 0.00 0.00 0.00 0.00 0.00 0.00 0.00 0.00 0.00 0.00 0.00 0.00 0.00 0.00 0.00 0.00 0.00 0.00 0.00 0.00 0.00 0.00 0.00 0.00 0.00 0.00 0.00 
0.00 0.00 0.00 0.00 0.00 0.00 0.00 0.00 0.67 2.33 3.06 3.45 3.67 3.85 3.98 4.06 4.06 4.00 3.88 3.71 3.53 3.33 3.13 2.94 2.77 2.60 2.46 2.32 2.20 2.09 2.00 1.91 1.83 1.76 1.70 1.64 1.59 1.55 1.51 1.47 1.44 1.40 1.38 1.35 1.33 1.31 1.29 1.27 1.25 1.24 1.22 1.21 1.20 1.18 1.17 1.16 1.15 1.14 1.14 1.13 1.12 1.12 1.11 1.11 1.11 1.12 1.12 1.13 1.14 1.16 1.19 1.22 1.19 1.01 0.32 0.00 0.00 0.00 0.00 0.00 0.00 0.00 0.00 
0.00 0.00 0.00 0.00 0.00 0.00 1.35 3.38 3.71 2.77 2.62 2.70 2.84 2.97 3.06 3.11 3.11 3.06 2.96 2.84 2.69 2.54 2.39 2.25 2.12 2.00 1.88 1.78 1.69 1.61 1.54 1.47 1.41 1.36 1.31 1.27 1.23 1.19 1.16 1.13 1.11 1.08 1.06 1.04 1.02 1.01 0.99 0.98 0.96 0.95 0.94 0.93 0.92 0.91 0.90 0.89 0.89 0.88 0.87 0.87 0.86 0.86 0.86 0.86 0.86 0.86 0.86 0.87 0.88 0.90 0.92 0.94 1.01 1.18 1.76 1.80 0.81 0.00 0.00 0.00 0.00 0.00 0.00 
0.00 0.00 0.00 0.00 0.07 2.82 3.14 2.11 1.86 1.81 1.83 1.89 1.99 2.08 2.14 2.18 2.17 2.13 2.06 1.98 1.88 1.77 1.67 1.57 1.48 1.39 1.32 1.25 1.18 1.13 1.07 1.03 0.99 0.95 0.92 0.89 0.86 0.83 0.81 0.79 0.77 0.76 0.74 0.73 0.72 0.70 0.69 0.68 0.67 0.67 0.66 0.65 0.64 0.64 0.63 0.63 0.62 0.62 0.61 0.61 0.61 0.60 0.60 0.60 0.60 0.60 0.60 0.61 0.62 0.63 0.64 0.66 0.70 0.76 0.88 1.12 1.88 1.96 0.05 0.00 0.00 0.00 0.00 
0.00 0.00 0.00 0.07 3.21 2.37 1.74 1.55 1.47 1.51 1.50 1.54 1.62 1.69 1.75 1.77 1.77 1.73 1.68 1.61 1.53 1.44 1.36 1.28 1.20 1.13 1.07 1.01 0.96 0.92 0.87 0.84 0.80 0.77 0.75 0.72 0.70 0.68 0.66 0.65 0.63 0.62 0.60 0.59 0.58 0.57 0.57 0.56 0.55 0.54 0.54 0.53 0.53 0.52 0.51 0.51 0.51 0.50 0.50 0.50 0.49 0.49 0.49 0.49 0.49 0.49 0.49 0.50 0.50 0.51 0.52 0.54 0.57 0.64 0.69 0.81 1.04 1.63 2.59 0.05 0.00 0.00 0.00 
0.00 0.00 0.00 2.72 2.31 1.63 1.40 1.33 1.28 1.32 1.36 1.41 1.48 1.55 1.60 1.62 1.62 1.59 1.54 1.47 1.40 1.32 1.24 1.17 1.10 1.04 0.98 0.93 0.88 0.84 0.80 0.77 0.74 0.71 0.68 0.66 0.64 0.62 0.61 0.59 0.58 0.56 0.55 0.54 0.53 0.53 0.52 0.51 0.50 0.50 0.49 0.49 0.48 0.48 0.47 0.47 0.46 0.46 0.46 0.45 0.45 0.45 0.45 0.45 0.45 0.45 0.45 0.45 0.46 0.47 0.48 0.49 0.52 0.56 0.60 0.70 0.84 1.11 1.87 2.67 0.00 0.00 0.00 
0.00 0.00 1.26 2.94 1.65 1.36 1.23 1.20 1.15 1.19 1.25 1.33 1.40 1.46 1.51 1.53 1.53 1.50 1.45 1.39 1.32 1.25 1.17 1.11 1.04 0.98 0.93 0.88 0.83 0.79 0.76 0.72 0.70 0.67 0.65 0.62 0.61 0.59 0.57 0.56 0.55 0.53 0.52 0.51 0.51 0.50 0.49 0.48 0.48 0.47 0.46 0.46 0.45 0.45 0.45 0.44 0.44 0.44 0.43 0.43 0.43 0.43 0.42 0.42 0.42 0.42 0.43 0.43 0.44 0.44 0.45 0.47 0.48 0.42 0.55 0.63 0.72 0.83 1.21 2.82 1.33 0.00 0.00 
0.00 0.00 3.05 1.89 1.41 1.23 1.15 1.09 1.12 1.12 1.17 1.24 1.30 1.36 1.40 1.42 1.42 1.39 1.35 1.29 1.22 1.16 1.09 1.03 0.97 0.91 0.86 0.82 0.78 0.74 0.71 0.68 0.65 0.62 0.60 0.58 0.56 0.55 0.53 0.52 0.51 0.50 0.49 0.48 0.47 0.46 0.46 0.45 0.44 0.44 0.43 0.43 0.42 0.42 0.42 0.41 0.41 0.41 0.40 0.40 0.40 0.40 0.40 0.40 0.40 0.40 0.40 0.40 0.41 0.41 0.42 0.43 0.45 0.48 0.53 0.55 0.68 0.83 1.10 1.80 3.50 0.00 0.00 
0.00 0.59 3.20 1.59 1.27 1.13 1.06 1.07 1.05 1.06 0.91 0.86 0.89 0.93 0.95 0.97 0.96 0.94 0.91 0.88 0.83 0.79 0.74 0.70 0.66 0.62 0.59 0.56 0.53 0.50 0.48 0.46 0.44 0.42 0.41 0.40 0.38 0.37 0.36 0.36 0.35 0.34 0.33 0.33 0.32 0.32 0.31 0.31 0.30 0.30 0.30 0.29 0.29 0.29 0.28 0.28 0.28 0.28 0.27 0.27 0.27 0.27 0.27 0.27 0.27 0.27 0.27 0.27 0.28 0.28 0.29 0.30 0.35 0.45 0.50 0.35 0.63 0.63 0.78 1.31 3.12 0.00 0.00 
0.00 1.95 2.26 1.45 1.22 1.11 1.03 1.01 1.00 0.66 0.53 0.56 0.60 0.62 0.65 0.66 0.66 0.65 0.63 0.60 0.57 0.54 0.51 0.48 0.45 0.42 0.40 0.38 0.36 0.34 0.32 0.31 0.30 0.29 0.28 0.27 0.26 0.25 0.24 0.24 0.23 0.23 0.22 0.22 0.21 0.21 0.21 0.21 0.20 0.20 0.20 0.20 0.19 0.19 0.19 0.19 0.19 0.19 0.18 0.18 0.18 0.18 0.18 0.18 0.18 0.18 0.18 0.18 0.19 0.19 0.19 0.20 0.21 0.28 0.47 0.53 0.51 0.47 0.95 1.00 2.28 0.00 0.00 
0.00 2.41 2.01 1.39 1.13 1.06 1.03 1.00 0.81 0.50 1.10 1.15 1.20 1.25 1.29 1.31 1.30 1.28 1.24 1.19 1.13 1.07 1.00 0.95 0.89 0.84 0.79 0.75 0.71 0.68 0.65 0.62 0.60 0.58 0.56 0.54 0.52 0.51 0.49 0.48 0.47 0.46 0.45 0.44 0.44 0.43 0.42 0.42 0.41 0.41 0.40 0.40 0.39 0.39 0.38 0.38 0.38 0.37 0.37 0.37 0.37 0.37 0.37 0.37 0.37 0.37 0.37 0.37 0.38 0.38 0.39 0.40 0.20 0.22 0.38 0.52 0.42 0.72 0.89 1.26 1.85 1.03 0.00 
0.00 2.55 1.96 1.36 1.07 1.04 1.03 1.00 0.73 0.50 1.10 1.14 1.20 1.25 1.28 1.30 1.30 1.27 1.23 1.18 1.12 1.06 1.00 0.94 0.89 0.84 0.79 0.75 0.71 0.68 0.65 0.62 0.60 0.57 0.55 0.54 0.52 0.50 0.49 0.48 0.47 0.46 0.45 0.44 0.43 0.43 0.42 0.41 0.41 0.40 0.40 0.39 0.39 0.39 0.38 0.38 0.38 0.37 0.37 0.37 0.37 0.37 0.36 0.36 0.36 0.37 0.37 0.37 0.38 0.38 0.39 0.40 0.20 0.22 0.34 0.52 0.39 0.71 0.84 1.19 1.72 1.01 0.00 
0.00 2.41 2.01 1.38 1.13 1.06 1.03 1.00 0.81 0.50 0.52 0.55 0.58 0.61 0.63 0.65 0.65 0.64 0.62 0.59 0.56 0.53 0.50 0.47 0.44 0.42 0.39 0.37 0.35 0.33 0.32 0.31 0.29 0.28 0.27 0.26 0.25 0.25 0.24 0.23 0.23 0.22 0.22 0.22 0.21 0.21 0.21 0.20 0.20 0.20 0.19 0.19 0.19 0.19 0.19 0.19 0.18 0.18 0.18 0.18 0.18 0.18 0.18 0.18 0.18 0.18 0.18 0.18 0.18 0.19 0.19 0.20 0.20 0.22 0.38 0.53 0.42 0.38 0.87 0.82 1.78 0.00 0.00 
0.00 1.94 2.24 1.44 1.22 1.10 0.86 1.02 1.01 0.66 0.53 0.56 0.59 0.62 0.64 0.66 0.66 0.65 0.63 0.60 0.57 0.54 0.51 0.48 0.45 0.42 0.40 0.38 0.36 0.34 0.32 0.31 0.30 0.29 0.28 0.27 0.26 0.25 0.24 0.24 0.23 0.23 0.22 0.22 0.21 0.21 0.21 0.21 0.20 0.20 0.20 0.20 0.19 0.19 0.19 0.19 0.19 0.19 0.18 0.18 0.18 0.18 0.18 0.18 0.18 0.18 0.18 0.18 0.19 0.19 0.19 0.20 0.21 0.28 0.47 0.27 0.50 0.47 0.59 0.96 1.51 0.00 0.00 
0.00 0.59 3.17 1.57 1.26 1.12 1.05 1.07 1.06 1.07 0.91 0.86 0.89 0.93 0.95 0.97 0.96 0.95 0.92 0.88 0.83 0.79 0.74 0.70 0.66 0.62 0.59 0.56 0.53 0.51 0.48 0.46 0.45 0.43 0.41 0.40 0.39 0.38 0.37 0.36 0.35 0.34 0.34 0.33 0.32 0.32 0.31 0.31 0.31 0.30 0.30 0.29 0.29 0.29 0.29 0.28 0.28 0.28 0.28 0.28 0.27 0.27 0.27 0.27 0.27 0.27 0.27 0.28 0.28 0.28 0.29 0.30 0.35 0.45 0.50 0.35 0.62 0.62 0.77 1.23 2.74 0.00 0.00 
0.00 0.00 3.01 1.86 1.36 1.22 1.15 1.05 0.69 1.14 1.19 1.26 1.32 1.38 1.41 1.43 1.42 1.39 1.35 1.29 1.23 1.16 1.10 1.03 0.98 0.92 0.87 0.83 0.79 0.75 0.72 0.69 0.66 0.63 0.61 0.59 0.58 0.56 0.54 0.53 0.52 0.51 0.50 0.49 0.48 0.47 0.47 0.46 0.45 0.45 0.44 0.44 0.43 0.43 0.42 0.42 0.42 0.41 0.41 0.41 0.41 0.41 0.40 0.40 0.40 0.41 0.41 0.41 0.42 0.42 0.43 0.44 0.46 0.24 0.33 0.55 0.44 0.47 0.65 1.31 1.72 0.00 0.00 
0.00 0.00 1.24 2.89 1.62 1.35 1.20 1.20 1.17 1.00 0.87 0.84 0.88 0.91 0.94 0.96 0.96 0.94 0.91 0.87 0.83 0.78 0.74 0.70 0.65 0.62 0.58 0.55 0.52 0.50 0.48 0.46 0.44 0.42 0.41 0.39 0.38 0.37 0.36 0.35 0.34 0.34 0.33 0.32 0.32 0.31 0.31 0.30 0.30 0.30 0.29 0.29 0.29 0.28 0.28 0.28 0.28 0.27 0.27 0.27 0.27 0.27 0.27 0.27 0.27 0.27 0.27 0.27 0.28 0.28 0.29 0.30 0.33 0.43 0.55 0.41 0.71 0.81 1.13 2.08 0.00 0.00 0.00 
0.00 0.00 0.00 2.66 2.27 1.61 1.25 1.33 1.06 0.82 1.39 1.43 1.50 1.57 1.61 1.63 1.63 1.60 1.55 1.48 1.41 1.33 1.26 1.18 1.11 1.05 0.99 0.94 0.90 0.85 0.82 0.78 0.75 0.72 0.70 0.67 0.65 0.64 0.62 0.60 0.59 0.58 0.57 0.56 0.55 0.54 0.53 0.52 0.52 0.51 0.50 0.50 0.49 0.49 0.48 0.48 0.47 0.47 0.47 0.47 0.46 0.46 0.46 0.46 0.46 0.46 0.46 0.47 0.48 0.48 0.49 0.51 0.26 0.35 0.50 0.40 0.75 0.92 1.12 0.84 0.00 0.00 0.00 
0.00 0.00 0.00 0.07 3.12 2.34 1.59 1.53 1.16 1.53 1.50 1.49 1.56 1.63 1.68 1.70 1.69 1.66 1.61 1.54 1.46 1.39 1.31 1.23 1.16 1.10 1.04 0.98 0.93 0.89 0.85 0.81 0.78 0.75 0.73 0.70 0.68 0.66 0.65 0.63 0.62 0.60 0.59 0.58 0.57 0.56 0.55 0.54 0.54 0.53 0.52 0.52 0.51 0.51 0.50 0.50 0.49 0.49 0.49 0.48 0.48 0.48 0.48 0.48 0.48 0.48 0.48 0.49 0.49 0.50 0.51 0.53 0.58 0.39 0.55 0.49 0.94 1.01 1.55 0.00 0.00 0.00 0.00 
0.00 0.00 0.00 0.00 0.00 2.79 3.11 2.12 1.65 1.31 1.86 1.86 1.95 2.03 2.09 2.11 2.10 2.06 2.00 1.91 1.82 1.72 1.62 1.53 1.44 1.36 1.29 1.22 1.16 1.11 1.06 1.01 0.97 0.94 0.91 0.88 0.85 0.83 0.80 0.79 0.77 0.75 0.74 0.72 0.71 0.70 0.69 0.68 0.67 0.66 0.65 0.65 0.64 0.63 0.63 0.62 0.62 0.61 0.61 0.60 0.60 0.60 0.60 0.60 0.60 0.60 0.60 0.61 0.62 0.63 0.64 0.66 0.44 0.57 0.79 0.89 1.56 0.68 0.00 0.00 0.00 0.00 0.00 
0.00 0.00 0.00 0.00 0.00 0.00 1.18 3.40 3.37 2.68 2.31 2.29 2.39 2.49 2.55 2.57 2.56 2.51 2.42 2.32 2.21 2.09 1.98 1.86 1.76 1.66 1.58 1.50 1.42 1.36 1.30 1.24 1.20 1.15 1.11 1.08 1.05 1.02 0.99 0.97 0.94 0.92 0.91 0.89 0.87 0.86 0.85 0.84 0.82 0.81 0.80 0.80 0.79 0.78 0.77 0.76 0.76 0.75 0.75 0.74 0.74 0.74 0.74 0.73 0.74 0.74 0.74 0.75 0.76 0.77 0.79 0.81 0.89 0.80 1.58 1.05 0.00 0.00 0.00 0.00 0.00 0.00 0.00 
0.00 0.00 0.00 0.00 0.00 0.00 0.00 0.00 0.00 0.00 1.14 1.18 1.23 1.27 1.30 1.32 1.31 1.28 1.24 1.19 1.13 1.07 1.01 0.95 0.90 0.85 0.80 0.76 0.73 0.69 0.66 0.63 0.61 0.59 0.57 0.55 0.53 0.52 0.50 0.49 0.48 0.47 0.46 0.45 0.45 0.44 0.43 0.43 0.42 0.41 0.41 0.40 0.40 0.40 0.39 0.39 0.39 0.38 0.38 0.38 0.38 0.38 0.37 0.37 0.37 0.38 0.38 0.38 0.39 0.39 0.40 0.41 0.00 0.00 0.00 0.00 0.00 0.00 0.00 0.00 0.00 0.00 0.00 
0.00 0.00 0.00 0.00 0.00 0.00 0.00 0.00 0.00 0.00 0.00 0.00 0.00 0.00 0.00 0.00 0.00 0.00 0.00 0.00 0.00 0.00 0.00 0.00 0.00 0.00 0.00 0.00 0.00 0.00 0.00 0.00 0.00 0.00 0.00 0.00 0.00 0.00 0.00 0.00 0.00 0.00 0.00 0.00 0.00 0.00 0.00 0.00 0.00 0.00 0.00 0.00 0.00 0.00 0.00 0.00 0.00 0.00 0.00 0.00 0.00 0.00 0.00 0.00 0.00 0.00 0.00 0.00 0.00 0.00 0.00 0.00 0.00 0.00 0.00 0.00 0.00 0.00 0.00 0.00 0.00 0.00 0.00 
