0.00 0.00 0.00 0.00 0.00 0.00 0.00 0.00 0.00 0.00 0.00 0.00 0.00 0.00 0.00 0.00 0.00 0.00 0.00 0.00 0.00 0.00 0.00 0.00 0.00 0.00 0.00 0.00 0.00 0.00 0.00 0.00 0.00 0.00 0.00 0.00 0.00 0.00 0.00 0.00 0.00 0.00 0.00 0.00 0.00 0.00 0.00 0.00 0.00 0.00 0.00 0.00 0.00 0.00 0.00 0.00 0.00 0.00 0.00 0.00 0.00 0.00 0.00 0.00 0.00 0.00 0.00 0.00 0.00 0.00 0.00 0.00 0.00 0.00 0.00 0.00 0.00 0.00 0.00 0.00 0.00 0.00 0.00 
0.00 0.00 0.00 0.00 0.00 0.00 0.00 0.00 0.94 3.21 4.13 4.49 4.53 4.46 4.31 4.10 3.85 3.60 3.35 3.11 2.89 2.69 2.52 2.36 2.23 2.11 2.00 1.90 1.82 1.75 1.68 1.62 1.57 1.52 1.48 1.45 1.42 1.39 1.36 1.34 1.32 1.30 1.28 1.27 1.25 1.24 1.23 1.22 1.21 1.20 1.19 1.18 1.18 1.17 1.16 1.16 1.15 1.14 1.14 1.13 1.13 1.13 1.12 1.12 1.12 1.13 1.13 1.14 1.15 1.16 1.18 1.20 1.17 0.99 0.31 0.00 0.00 0.00 0.00 0.00 0.00 0.00 0.00 
0.00 0.00 0.00 0.00 0.00 0.00 1.86 4.67 5.11 3.79 3.50 3.47 3.46 3.40 3.28 3.12 2.93 2.74 2.55 2.37 2.21 2.06 1.93 1.81 1.71 1.62 1.53 1.46 1.40 1.34 1.29 1.25 1.21 1.17 1.14 1.12 1.09 1.07 1.05 1.03 1.01 1.00 0.99 0.98 0.97 0.96 0.95 0.94 0.93 0.92 0.92 0.91 0.91 0.90 0.89 0.89 0.88 0.88 0.88 0.87 0.87 0.87 0.87 0.86 0.86 0.87 0.87 0.87 0.88 0.90 0.91 0.93 0.99 1.15 1.70 1.72 0.76 0.00 0.00 0.00 0.00 0.00 0.00 
0.00 0.00 0.00 0.00 0.09 3.81 4.29 2.91 2.57 2.46 2.43 2.42 2.42 2.37 2.28 2.17 2.04 1.91 1.78 1.65 1.54 1.44 1.35 1.27 1.19 1.13 1.07 1.02 0.98 0.94 0.90 0.87 0.85 0.82 0.80 0.78 0.76 0.75 0.73 0.72 0.71 0.70 0.69 0.68 0.68 0.67 0.66 0.66 0.65 0.65 0.64 0.64 0.63 0.63 0.63 0.62 0.62 0.62 0.61 0.61 0.61 0.61 0.61 0.60 0.61 0.61 0.61 0.61 0.62 0.63 0.64 0.65 0.68 0.75 0.85 1.07 1.78 1.82 0.05 0.00 0.00 0.00 0.00 
0.00 0.00 0.00 0.09 4.24 3.19 2.38 2.14 2.02 2.05 1.99 1.97 1.96 1.93 1.86 1.76 1.66 1.55 1.45 1.35 1.25 1.17 1.10 1.03 0.97 0.92 0.87 0.83 0.80 0.76 0.74 0.71 0.69 0.67 0.65 0.64 0.62 0.61 0.60 0.59 0.58 0.57 0.56 0.56 0.55 0.54 0.54 0.54 0.53 0.53 0.52 0.52 0.52 0.51 0.51 0.51 0.50 0.50 0.50 0.50 0.50 0.49 0.49 0.49 0.49 0.49 0.50 0.50 0.50 0.51 0.52 0.53 0.56 0.62 0.67 0.78 0.99 1.51 2.37 0.05 0.00 0.00 0.00 
0.00 0.00 0.00 3.53 3.06 2.19 1.91 1.82 1.75 1.80 1.80 1.80 1.80 1.76 1.70 1.62 1.52 1.42 1.32 1.23 1.15 1.07 1.00 0.94 0.89 0.84 0.80 0.76 0.73 0.70 0.67 0.65 0.63 0.61 0.60 0.58 0.57 0.56 0.55 0.54 0.53 0.52 0.52 0.51 0.50 0.50 0.49 0.49 0.49 0.48 0.48 0.48 0.47 0.47 0.47 0.46 0.46 0.46 0.46 0.46 0.45 0.45 0.45 0.45 0.45 0.45 0.45 0.46 0.46 0.47 0.48 0.49 0.51 0.55 0.58 0.67 0.79 1.04 1.71 2.40 0.00 0.00 0.00 
0.00 0.00 1.61 3.81 2.18 1.83 1.68 1.64 1.59 1.61 1.66 1.69 1.69 1.66 1.60 1.52 1.43 1.34 1.25 1.16 1.08 1.01 0.95 0.89 0.84 0.80 0.76 0.72 0.69 0.66 0.64 0.62 0.60 0.58 0.56 0.55 0.54 0.53 0.52 0.51 0.50 0.49 0.49 0.48 0.48 0.47 0.47 0.46 0.46 0.46 0.45 0.45 0.45 0.44 0.44 0.44 0.44 0.43 0.43 0.43 0.43 0.43 0.43 0.43 0.43 0.43 0.43 0.43 0.44 0.44 0.45 0.46 0.47 0.41 0.53 0.60 0.68 0.77 1.11 2.54 1.18 0.00 0.00 
0.00 0.00 3.88 2.45 1.86 1.65 1.56 1.49 1.53 1.52 1.55 1.57 1.56 1.54 1.48 1.41 1.33 1.24 1.16 1.08 1.01 0.94 0.88 0.83 0.78 0.74 0.70 0.67 0.64 0.62 0.59 0.57 0.56 0.54 0.53 0.51 0.50 0.49 0.48 0.47 0.47 0.46 0.46 0.45 0.44 0.44 0.44 0.43 0.43 0.43 0.42 0.42 0.42 0.41 0.41 0.41 0.41 0.41 0.40 0.40 0.40 0.40 0.40 0.40 0.40 0.40 0.40 0.40 0.41 0.41 0.42 0.43 0.44 0.47 0.51 0.53 0.64 0.78 1.01 1.62 3.13 0.00 0.00 
0.00 0.74 4.07 2.06 1.67 1.52 1.43 1.47 1.43 1.42 1.19 1.08 1.07 1.05 1.01 0.96 0.90 0.84 0.79 0.73 0.68 0.64 0.60 0.56 0.53 0.50 0.48 0.46 0.44 0.42 0.40 0.39 0.38 0.37 0.36 0.35 0.34 0.34 0.33 0.32 0.32 0.31 0.31 0.31 0.30 0.30 0.30 0.29 0.29 0.29 0.29 0.29 0.28 0.28 0.28 0.28 0.28 0.28 0.27 0.27 0.27 0.27 0.27 0.27 0.27 0.27 0.27 0.27 0.28 0.28 0.29 0.30 0.34 0.44 0.48 0.33 0.59 0.59 0.72 1.19 2.79 0.00 0.00 
0.00 2.45 2.87 1.88 1.61 1.48 1.39 1.38 1.36 0.89 0.72 0.73 0.74 0.72 0.70 0.67 0.63 0.58 0.54 0.50 0.47 0.44 0.41 0.38 0.36 0.34 0.32 0.31 0.29 0.28 0.27 0.26 0.25 0.25 0.24 0.23 0.23 0.22 0.22 0.22 0.21 0.21 0.21 0.21 0.20 0.20 0.20 0.20 0.20 0.19 0.19 0.19 0.19 0.19 0.19 0.19 0.19 0.19 0.18 0.18 0.18 0.18 0.18 0.18 0.18 0.18 0.18 0.18 0.19 0.19 0.19 0.20 0.20 0.27 0.46 0.51 0.48 0.44 0.88 0.90 2.05 0.00 0.00 
0.00 3.03 2.56 1.79 1.49 1.43 1.40 1.36 1.10 0.69 1.44 1.44 1.44 1.41 1.36 1.29 1.22 1.14 1.06 0.99 0.93 0.86 0.81 0.76 0.72 0.68 0.65 0.62 0.59 0.57 0.55 0.53 0.51 0.50 0.49 0.47 0.46 0.45 0.45 0.44 0.43 0.43 0.42 0.41 0.41 0.41 0.40 0.40 0.40 0.39 0.39 0.39 0.38 0.38 0.38 0.38 0.38 0.37 0.37 0.37 0.37 0.37 0.37 0.37 0.37 0.37 0.37 0.37 0.38 0.38 0.39 0.39 0.20 0.21 0.37 0.50 0.40 0.68 0.82 1.14 1.66 0.93 0.00 
0.00 3.20 2.49 1.75 1.40 1.40 1.39 1.35 0.99 0.69 1.43 1.44 1.43 1.40 1.35 1.29 1.21 1.13 1.06 0.99 0.92 0.86 0.81 0.76 0.72 0.68 0.65 0.62 0.59 0.57 0.55 0.53 0.51 0.50 0.48 0.47 0.46 0.45 0.44 0.44 0.43 0.42 0.42 0.41 0.41 0.40 0.40 0.40 0.39 0.39 0.39 0.39 0.38 0.38 0.38 0.38 0.37 0.37 0.37 0.37 0.37 0.37 0.37 0.37 0.37 0.37 0.37 0.37 0.38 0.38 0.39 0.39 0.20 0.21 0.33 0.50 0.37 0.66 0.77 1.08 1.55 0.90 0.00 
0.00 3.02 2.54 1.78 1.48 1.42 1.39 1.36 1.10 0.69 0.70 0.72 0.72 0.71 0.69 0.65 0.62 0.58 0.53 0.50 0.46 0.43 0.40 0.38 0.36 0.34 0.32 0.30 0.29 0.28 0.27 0.26 0.25 0.24 0.24 0.23 0.23 0.22 0.22 0.21 0.21 0.21 0.20 0.20 0.20 0.20 0.20 0.19 0.19 0.19 0.19 0.19 0.19 0.19 0.19 0.18 0.18 0.18 0.18 0.18 0.18 0.18 0.18 0.18 0.18 0.18 0.18 0.18 0.18 0.19 0.19 0.19 0.20 0.21 0.37 0.50 0.39 0.36 0.81 0.74 1.61 0.00 0.00 
0.00 2.44 2.84 1.86 1.60 1.48 1.16 1.39 1.36 0.89 0.71 0.73 0.73 0.72 0.70 0.67 0.63 0.58 0.54 0.50 0.47 0.44 0.41 0.38 0.36 0.34 0.32 0.31 0.29 0.28 0.27 0.26 0.25 0.25 0.24 0.23 0.23 0.22 0.22 0.22 0.21 0.21 0.21 0.21 0.20 0.20 0.20 0.20 0.20 0.19 0.19 0.19 0.19 0.19 0.19 0.19 0.19 0.19 0.18 0.18 0.18 0.18 0.18 0.18 0.18 0.18 0.18 0.18 0.19 0.19 0.19 0.20 0.20 0.27 0.46 0.26 0.48 0.44 0.54 0.87 1.36 0.00 0.00 
0.00 0.74 4.01 2.03 1.65 1.50 1.42 1.46 1.43 1.42 1.18 1.07 1.06 1.04 1.00 0.96 0.90 0.84 0.79 0.73 0.69 0.64 0.60 0.57 0.54 0.51 0.48 0.46 0.44 0.42 0.41 0.39 0.38 0.37 0.36 0.35 0.35 0.34 0.33 0.33 0.32 0.32 0.31 0.31 0.31 0.30 0.30 0.30 0.29 0.29 0.29 0.29 0.29 0.28 0.28 0.28 0.28 0.28 0.28 0.28 0.28 0.27 0.27 0.27 0.27 0.27 0.28 0.28 0.28 0.28 0.29 0.30 0.34 0.44 0.49 0.33 0.59 0.58 0.71 1.12 2.49 0.00 0.00 
0.00 0.00 3.81 2.40 1.79 1.63 1.55 1.42 0.94 1.52 1.54 1.56 1.55 1.52 1.47 1.40 1.32 1.24 1.16 1.08 1.01 0.94 0.89 0.84 0.79 0.75 0.71 0.68 0.65 0.63 0.60 0.58 0.57 0.55 0.54 0.52 0.51 0.50 0.49 0.48 0.48 0.47 0.46 0.46 0.45 0.45 0.44 0.44 0.44 0.43 0.43 0.43 0.42 0.42 0.42 0.42 0.42 0.41 0.41 0.41 0.41 0.41 0.41 0.41 0.41 0.41 0.41 0.41 0.42 0.42 0.43 0.44 0.45 0.23 0.32 0.53 0.42 0.44 0.60 1.19 1.56 0.00 0.00 
0.00 0.00 1.57 3.72 2.13 1.79 1.62 1.63 1.58 1.33 1.13 1.06 1.05 1.04 1.00 0.95 0.90 0.84 0.78 0.73 0.68 0.64 0.60 0.56 0.53 0.50 0.48 0.45 0.43 0.42 0.40 0.39 0.38 0.37 0.36 0.35 0.34 0.33 0.33 0.32 0.32 0.31 0.31 0.30 0.30 0.30 0.29 0.29 0.29 0.29 0.29 0.28 0.28 0.28 0.28 0.28 0.28 0.27 0.27 0.27 0.27 0.27 0.27 0.27 0.27 0.27 0.27 0.27 0.28 0.28 0.28 0.29 0.33 0.42 0.54 0.40 0.68 0.76 1.05 1.91 0.00 0.00 0.00 
0.00 0.00 0.00 3.43 2.98 2.15 1.68 1.81 1.43 1.10 1.80 1.79 1.78 1.75 1.69 1.61 1.51 1.42 1.32 1.24 1.15 1.08 1.01 0.95 0.90 0.85 0.81 0.78 0.74 0.71 0.69 0.67 0.64 0.63 0.61 0.60 0.58 0.57 0.56 0.55 0.54 0.53 0.53 0.52 0.52 0.51 0.51 0.50 0.50 0.49 0.49 0.49 0.48 0.48 0.48 0.47 0.47 0.47 0.47 0.47 0.46 0.46 0.46 0.46 0.46 0.46 0.47 0.47 0.48 0.48 0.49 0.50 0.26 0.34 0.49 0.38 0.71 0.87 1.04 0.78 0.00 0.00 0.00 
0.00 0.00 0.00 0.08 4.08 3.12 2.14 2.08 1.56 2.04 1.96 1.86 1.85 1.82 1.76 1.67 1.57 1.48 1.38 1.29 1.20 1.12 1.06 0.99 0.94 0.89 0.85 0.81 0.77 0.74 0.72 0.69 0.67 0.65 0.64 0.62 0.61 0.59 0.58 0.57 0.56 0.56 0.55 0.54 0.54 0.53 0.53 0.52 0.52 0.51 0.51 0.51 0.50 0.50 0.50 0.49 0.49 0.49 0.49 0.49 0.48 0.48 0.48 0.48 0.48 0.48 0.49 0.49 0.49 0.50 0.51 0.52 0.57 0.38 0.53 0.47 0.89 0.95 1.45 0.00 0.00 0.00 0.00 
0.00 0.00 0.00 0.00 0.00 3.72 4.17 2.87 2.23 1.74 2.39 2.31 2.30 2.25 2.17 2.07 1.95 1.83 1.71 1.60 1.49 1.40 1.31 1.24 1.17 1.11 1.05 1.01 0.96 0.93 0.89 0.86 0.84 0.81 0.79 0.77 0.76 0.74 0.73 0.72 0.70 0.69 0.69 0.68 0.67 0.66 0.66 0.65 0.65 0.64 0.64 0.63 0.63 0.62 0.62 0.62 0.61 0.61 0.61 0.61 0.60 0.60 0.60 0.60 0.60 0.60 0.61 0.61 0.62 0.63 0.64 0.65 0.44 0.55 0.76 0.86 1.49 0.65 0.00 0.00 0.00 0.00 0.00 
0.00 0.00 0.00 0.00 0.00 0.00 1.60 4.57 4.48 3.51 2.95 2.80 2.78 2.72 2.63 2.50 2.36 2.22 2.07 1.94 1.82 1.70 1.60 1.51 1.43 1.36 1.29 1.23 1.18 1.14 1.10 1.06 1.03 1.00 0.97 0.95 0.93 0.91 0.90 0.88 0.87 0.85 0.84 0.83 0.82 0.82 0.81 0.80 0.79 0.79 0.78 0.78 0.77 0.77 0.76 0.76 0.75 0.75 0.75 0.74 0.74 0.74 0.74 0.74 0.74 0.74 0.74 0.75 0.76 0.77 0.78 0.80 0.87 0.78 1.53 1.01 0.00 0.00 0.00 0.00 0.00 0.00 0.00 
0.00 0.00 0.00 0.00 0.00 0.00 0.00 0.00 0.00 0.00 1.44 1.44 1.43 1.39 1.34 1.28 1.21 1.13 1.06 0.99 0.93 0.87 0.82 0.77 0.73 0.69 0.66 0.63 0.60 0.58 0.56 0.54 0.52 0.51 0.50 0.48 0.47 0.46 0.46 0.45 0.44 0.44 0.43 0.42 0.42 0.42 0.41 0.41 0.40 0.40 0.40 0.40 0.39 0.39 0.39 0.39 0.38 0.38 0.38 0.38 0.38 0.38 0.38 0.38 0.38 0.38 0.38 0.38 0.39 0.39 0.40 0.40 0.00 0.00 0.00 0.00 0.00 0.00 0.00 0.00 0.00 0.00 0.00 
0.00 0.00 0.00 0.00 0.00 0.00 0.00 0.00 0.00 0.00 0.00 0.00 0.00 0.00 0.00 0.00 0.00 0.00 0.00 0.00 0.00 0.00 0.00 0.00 0.00 0.00 0.00 0.00 0.00 0.00 0.00 0.00 0.00 0.00 0.00 0.00 0.00 0.00 0.00 0.00 0.00 0.00 0.00 0.00 0.00 0.00 0.00 0.00 0.00 0.00 0.00 0.00 0.00 0.00 0.00 0.00 0.00 0.00 0.00 0.00 0.00 0.00 0.00 0.00 0.00 0.00 0.00 0.00 0.00 0.00 0.00 0.00 0.00 0.00 0.00 0.00 0.00 0.00 0.00 0.00 0.00 0.00 0.00 
