0.00 0.00 0.00 0.00 0.00 0.00 0.00 0.00 0.00 0.00 0.00 0.00 0.00 0.00 0.00 0.00 0.00 0.00 0.00 0.00 0.00 0.00 0.00 0.00 0.00 0.00 0.00 0.00 0.00 0.00 0.00 0.00 0.00 0.00 0.00 0.00 0.00 0.00 0.00 0.00 0.00 0.00 0.00 0.00 0.00 0.00 0.00 0.00 0.00 0.00 0.00 0.00 0.00 0.00 0.00 0.00 0.00 0.00 0.00 0.00 0.00 0.00 0.00 0.00 0.00 0.00 0.00 0.00 0.00 0.00 0.00 0.00 0.00 0.00 0.00 0.00 0.00 0.00 0.00 0.00 0.00 0.00 0.00 
0.00 0.00 0.00 0.00 0.00 0.00 0.00 0.00 0.48 1.64 2.12 2.37 2.51 2.66 2.82 2.99 3.16 3.32 3.45 3.55 3.60 3.60 3.56 3.48 3.37 3.24 3.09 2.95 2.80 2.66 2.53 2.41 2.29 2.19 2.09 2.01 1.93 1.86 1.79 1.73 1.67 1.62 1.58 1.54 1.50 1.46 1.43 1.40 1.37 1.34 1.32 1.30 1.27 1.25 1.24 1.22 1.20 1.19 1.18 1.17 1.16 1.15 1.15 1.14 1.14 1.15 1.16 1.17 1.19 1.21 1.25 1.29 1.27 1.09 0.35 0.00 0.00 0.00 0.00 0.00 0.00 0.00 0.00 
0.00 0.00 0.00 0.00 0.00 0.00 1.01 2.48 2.66 1.95 1.82 1.86 1.95 2.07 2.19 2.32 2.45 2.57 2.66 2.73 2.77 2.77 2.73 2.67 2.58 2.48 2.37 2.26 2.15 2.04 1.94 1.85 1.76 1.68 1.61 1.54 1.48 1.43 1.38 1.33 1.29 1.25 1.22 1.18 1.15 1.13 1.10 1.08 1.05 1.03 1.02 1.00 0.98 0.97 0.95 0.94 0.93 0.92 0.91 0.90 0.89 0.89 0.88 0.88 0.88 0.88 0.89 0.90 0.91 0.93 0.96 1.00 1.07 1.27 1.92 1.99 0.90 0.00 0.00 0.00 0.00 0.00 0.00 
0.00 0.00 0.00 0.00 0.05 2.16 2.35 1.55 1.34 1.27 1.27 1.30 1.37 1.45 1.54 1.63 1.72 1.80 1.87 1.91 1.94 1.93 1.91 1.86 1.80 1.73 1.66 1.58 1.50 1.43 1.36 1.29 1.23 1.18 1.13 1.08 1.04 1.00 0.96 0.93 0.90 0.88 0.85 0.83 0.81 0.79 0.77 0.75 0.74 0.72 0.71 0.70 0.69 0.68 0.67 0.66 0.65 0.64 0.64 0.63 0.62 0.62 0.62 0.62 0.62 0.62 0.62 0.63 0.64 0.65 0.67 0.70 0.74 0.82 0.96 1.24 2.11 2.23 0.06 0.00 0.00 0.00 0.00 
0.00 0.00 0.00 0.05 2.51 1.81 1.30 1.14 1.05 1.06 1.04 1.06 1.12 1.19 1.26 1.33 1.40 1.47 1.52 1.56 1.58 1.57 1.55 1.52 1.47 1.41 1.35 1.28 1.22 1.16 1.10 1.05 1.00 0.96 0.92 0.88 0.85 0.81 0.79 0.76 0.74 0.71 0.69 0.67 0.66 0.64 0.63 0.61 0.60 0.59 0.58 0.57 0.56 0.55 0.54 0.54 0.53 0.52 0.52 0.51 0.51 0.51 0.50 0.50 0.50 0.50 0.51 0.51 0.52 0.53 0.55 0.57 0.60 0.69 0.75 0.90 1.17 1.85 3.00 0.06 0.00 0.00 0.00 
0.00 0.00 0.00 2.17 1.80 1.24 1.05 0.97 0.92 0.93 0.94 0.97 1.02 1.08 1.15 1.22 1.28 1.34 1.39 1.43 1.44 1.44 1.42 1.39 1.34 1.29 1.23 1.18 1.12 1.06 1.01 0.96 0.92 0.88 0.84 0.81 0.77 0.75 0.72 0.69 0.67 0.65 0.63 0.62 0.60 0.59 0.57 0.56 0.55 0.54 0.53 0.52 0.51 0.50 0.50 0.49 0.48 0.48 0.47 0.47 0.47 0.46 0.46 0.46 0.46 0.46 0.47 0.47 0.48 0.49 0.50 0.52 0.56 0.61 0.66 0.78 0.94 1.27 2.17 3.15 0.00 0.00 0.00 
0.00 0.00 1.03 2.34 1.28 1.04 0.92 0.88 0.83 0.84 0.87 0.92 0.97 1.03 1.09 1.15 1.21 1.27 1.32 1.35 1.36 1.36 1.34 1.31 1.27 1.22 1.17 1.11 1.06 1.00 0.96 0.91 0.87 0.83 0.79 0.76 0.73 0.70 0.68 0.66 0.64 0.62 0.60 0.58 0.57 0.56 0.54 0.53 0.52 0.51 0.50 0.49 0.49 0.48 0.47 0.46 0.46 0.45 0.45 0.45 0.44 0.44 0.44 0.44 0.44 0.44 0.44 0.45 0.45 0.46 0.48 0.49 0.51 0.45 0.60 0.70 0.80 0.94 1.40 3.32 1.61 0.00 0.00 
0.00 0.00 2.49 1.51 1.10 0.94 0.86 0.80 0.80 0.79 0.81 0.86 0.91 0.96 1.02 1.08 1.13 1.19 1.23 1.26 1.27 1.27 1.25 1.22 1.18 1.13 1.08 1.03 0.98 0.93 0.89 0.85 0.81 0.77 0.74 0.71 0.68 0.66 0.63 0.61 0.59 0.58 0.56 0.54 0.53 0.52 0.51 0.50 0.49 0.48 0.47 0.46 0.45 0.45 0.44 0.43 0.43 0.42 0.42 0.42 0.41 0.41 0.41 0.41 0.41 0.41 0.41 0.42 0.42 0.43 0.44 0.46 0.48 0.52 0.57 0.61 0.76 0.94 1.27 2.12 4.24 0.00 0.00 
0.00 0.49 2.61 1.27 0.99 0.86 0.79 0.78 0.75 0.75 0.63 0.59 0.62 0.66 0.70 0.74 0.77 0.81 0.84 0.85 0.86 0.86 0.85 0.83 0.80 0.77 0.74 0.70 0.67 0.64 0.61 0.58 0.55 0.53 0.50 0.48 0.46 0.45 0.43 0.42 0.40 0.39 0.38 0.37 0.36 0.35 0.35 0.34 0.33 0.32 0.32 0.31 0.31 0.30 0.30 0.30 0.29 0.29 0.29 0.28 0.28 0.28 0.28 0.28 0.28 0.28 0.28 0.28 0.29 0.29 0.30 0.32 0.37 0.48 0.54 0.38 0.70 0.71 0.90 1.54 3.75 0.00 0.00 
0.00 1.64 1.85 1.16 0.96 0.84 0.77 0.74 0.72 0.46 0.37 0.39 0.41 0.43 0.46 0.49 0.51 0.54 0.56 0.57 0.58 0.58 0.58 0.56 0.55 0.52 0.50 0.48 0.45 0.43 0.41 0.39 0.37 0.35 0.34 0.32 0.31 0.30 0.29 0.28 0.27 0.26 0.26 0.25 0.24 0.24 0.23 0.23 0.22 0.22 0.21 0.21 0.21 0.20 0.20 0.20 0.19 0.19 0.19 0.19 0.19 0.19 0.19 0.19 0.19 0.19 0.19 0.19 0.19 0.20 0.20 0.21 0.22 0.30 0.51 0.58 0.56 0.54 1.09 1.18 2.73 0.00 0.00 
0.00 2.04 1.65 1.11 0.89 0.81 0.77 0.73 0.59 0.35 0.77 0.80 0.84 0.89 0.94 0.99 1.05 1.09 1.13 1.16 1.17 1.17 1.15 1.12 1.09 1.04 1.00 0.95 0.91 0.86 0.82 0.78 0.75 0.71 0.68 0.65 0.63 0.61 0.59 0.57 0.55 0.53 0.52 0.50 0.49 0.48 0.47 0.46 0.45 0.44 0.43 0.42 0.42 0.41 0.41 0.40 0.40 0.39 0.39 0.38 0.38 0.38 0.38 0.38 0.38 0.38 0.38 0.39 0.39 0.40 0.41 0.42 0.22 0.24 0.42 0.58 0.47 0.82 1.03 1.47 2.21 1.27 0.00 
0.00 2.16 1.60 1.08 0.83 0.80 0.77 0.73 0.53 0.35 0.76 0.79 0.84 0.88 0.94 0.99 1.04 1.09 1.13 1.15 1.17 1.16 1.15 1.12 1.08 1.04 0.99 0.95 0.90 0.86 0.82 0.78 0.74 0.71 0.68 0.65 0.63 0.60 0.58 0.56 0.55 0.53 0.51 0.50 0.49 0.48 0.47 0.46 0.45 0.44 0.43 0.42 0.42 0.41 0.40 0.40 0.39 0.39 0.39 0.38 0.38 0.38 0.38 0.37 0.38 0.38 0.38 0.38 0.39 0.40 0.41 0.42 0.22 0.23 0.38 0.57 0.44 0.80 0.96 1.39 2.06 1.23 0.00 
0.00 2.04 1.64 1.10 0.88 0.81 0.77 0.73 0.59 0.35 0.36 0.38 0.40 0.42 0.45 0.48 0.50 0.53 0.55 0.57 0.57 0.58 0.57 0.56 0.54 0.52 0.49 0.47 0.45 0.43 0.40 0.38 0.37 0.35 0.33 0.32 0.31 0.30 0.29 0.28 0.27 0.26 0.25 0.25 0.24 0.23 0.23 0.22 0.22 0.21 0.21 0.21 0.20 0.20 0.20 0.19 0.19 0.19 0.19 0.19 0.19 0.18 0.18 0.18 0.18 0.18 0.18 0.19 0.19 0.19 0.20 0.21 0.22 0.24 0.42 0.58 0.46 0.44 1.00 0.96 2.12 0.00 0.00 
0.00 1.64 1.83 1.15 0.95 0.84 0.64 0.75 0.73 0.46 0.37 0.38 0.40 0.43 0.45 0.48 0.51 0.54 0.56 0.57 0.58 0.58 0.58 0.56 0.55 0.53 0.50 0.48 0.45 0.43 0.41 0.39 0.37 0.35 0.34 0.33 0.31 0.30 0.29 0.28 0.27 0.26 0.26 0.25 0.24 0.24 0.23 0.23 0.22 0.22 0.21 0.21 0.21 0.20 0.20 0.20 0.20 0.19 0.19 0.19 0.19 0.19 0.19 0.19 0.19 0.19 0.19 0.19 0.19 0.20 0.20 0.21 0.22 0.30 0.51 0.30 0.56 0.53 0.68 1.12 1.79 0.00 0.00 
0.00 0.49 2.59 1.26 0.98 0.86 0.79 0.79 0.76 0.76 0.64 0.60 0.63 0.66 0.70 0.74 0.78 0.81 0.84 0.86 0.87 0.87 0.85 0.83 0.81 0.77 0.74 0.71 0.67 0.64 0.61 0.58 0.55 0.53 0.51 0.49 0.47 0.45 0.44 0.42 0.41 0.40 0.39 0.37 0.37 0.36 0.35 0.34 0.33 0.33 0.32 0.32 0.31 0.31 0.30 0.30 0.29 0.29 0.29 0.29 0.28 0.28 0.28 0.28 0.28 0.28 0.28 0.29 0.29 0.30 0.31 0.32 0.37 0.49 0.54 0.39 0.69 0.70 0.88 1.43 3.24 0.00 0.00 
0.00 0.00 2.46 1.49 1.07 0.93 0.86 0.77 0.49 0.81 0.83 0.88 0.93 0.99 1.05 1.11 1.16 1.21 1.25 1.27 1.29 1.28 1.26 1.23 1.19 1.14 1.09 1.04 0.99 0.95 0.90 0.86 0.82 0.78 0.75 0.72 0.69 0.67 0.65 0.62 0.61 0.59 0.57 0.56 0.54 0.53 0.52 0.51 0.50 0.49 0.48 0.47 0.46 0.46 0.45 0.44 0.44 0.43 0.43 0.42 0.42 0.42 0.42 0.42 0.42 0.42 0.42 0.43 0.43 0.44 0.45 0.47 0.49 0.26 0.36 0.61 0.49 0.54 0.75 1.52 2.03 0.00 0.00 
0.00 0.00 1.01 2.30 1.27 1.03 0.90 0.88 0.84 0.71 0.60 0.58 0.61 0.65 0.69 0.72 0.76 0.80 0.83 0.85 0.86 0.86 0.84 0.82 0.80 0.77 0.73 0.70 0.67 0.63 0.60 0.57 0.55 0.52 0.50 0.48 0.46 0.44 0.43 0.41 0.40 0.39 0.38 0.37 0.36 0.35 0.34 0.34 0.33 0.32 0.32 0.31 0.31 0.30 0.30 0.29 0.29 0.29 0.28 0.28 0.28 0.28 0.28 0.28 0.28 0.28 0.28 0.28 0.29 0.29 0.30 0.31 0.36 0.46 0.60 0.46 0.79 0.91 1.29 2.40 0.00 0.00 0.00 
0.00 0.00 0.00 2.13 1.77 1.23 0.94 0.98 0.76 0.58 0.97 0.99 1.05 1.11 1.18 1.25 1.31 1.37 1.42 1.45 1.47 1.46 1.44 1.41 1.36 1.31 1.25 1.19 1.13 1.08 1.03 0.98 0.93 0.89 0.86 0.82 0.79 0.76 0.73 0.71 0.69 0.67 0.65 0.63 0.62 0.60 0.59 0.58 0.56 0.55 0.54 0.53 0.53 0.52 0.51 0.50 0.50 0.49 0.49 0.48 0.48 0.48 0.47 0.47 0.47 0.48 0.48 0.49 0.49 0.51 0.52 0.53 0.28 0.38 0.54 0.44 0.83 1.04 1.27 0.98 0.00 0.00 0.00 
0.00 0.00 0.00 0.05 2.44 1.79 1.19 1.12 0.83 1.08 1.05 1.04 1.09 1.16 1.23 1.30 1.37 1.43 1.48 1.51 1.53 1.52 1.50 1.47 1.42 1.36 1.30 1.24 1.18 1.12 1.07 1.02 0.97 0.93 0.89 0.86 0.82 0.79 0.77 0.74 0.72 0.70 0.68 0.66 0.64 0.63 0.61 0.60 0.59 0.58 0.57 0.56 0.55 0.54 0.53 0.52 0.52 0.51 0.51 0.50 0.50 0.50 0.49 0.49 0.49 0.50 0.50 0.51 0.52 0.53 0.54 0.56 0.62 0.42 0.60 0.54 1.04 1.13 1.76 0.00 0.00 0.00 0.00 
0.00 0.00 0.00 0.00 0.00 2.13 2.33 1.56 1.19 0.93 1.30 1.30 1.37 1.45 1.54 1.63 1.71 1.79 1.85 1.89 1.90 1.90 1.87 1.82 1.76 1.69 1.62 1.54 1.47 1.40 1.33 1.27 1.21 1.16 1.11 1.07 1.03 0.99 0.95 0.92 0.89 0.87 0.84 0.82 0.80 0.78 0.76 0.75 0.73 0.72 0.71 0.69 0.68 0.67 0.66 0.65 0.65 0.64 0.63 0.63 0.62 0.62 0.62 0.62 0.62 0.62 0.62 0.63 0.64 0.66 0.67 0.70 0.47 0.61 0.85 0.98 1.72 0.77 0.00 0.00 0.00 0.00 0.00 
0.00 0.00 0.00 0.00 0.00 0.00 0.88 2.49 2.43 1.90 1.62 1.61 1.70 1.81 1.91 2.02 2.12 2.20 2.27 2.31 2.33 2.32 2.28 2.22 2.15 2.06 1.98 1.89 1.80 1.71 1.63 1.56 1.49 1.42 1.36 1.31 1.26 1.21 1.17 1.13 1.10 1.07 1.04 1.01 0.99 0.96 0.94 0.92 0.90 0.89 0.87 0.85 0.84 0.83 0.82 0.81 0.80 0.79 0.78 0.77 0.77 0.76 0.76 0.76 0.76 0.76 0.77 0.78 0.79 0.81 0.83 0.86 0.95 0.86 1.71 1.14 0.00 0.00 0.00 0.00 0.00 0.00 0.00 
0.00 0.00 0.00 0.00 0.00 0.00 0.00 0.00 0.00 0.00 0.80 0.83 0.87 0.92 0.97 1.03 1.08 1.12 1.16 1.18 1.19 1.18 1.16 1.13 1.10 1.05 1.01 0.96 0.92 0.87 0.83 0.79 0.76 0.72 0.69 0.67 0.64 0.62 0.60 0.58 0.56 0.54 0.53 0.51 0.50 0.49 0.48 0.47 0.46 0.45 0.44 0.44 0.43 0.42 0.42 0.41 0.41 0.40 0.40 0.39 0.39 0.39 0.39 0.39 0.39 0.39 0.39 0.40 0.40 0.41 0.42 0.43 0.00 0.00 0.00 0.00 0.00 0.00 0.00 0.00 0.00 0.00 0.00 
0.00 0.00 0.00 0.00 0.00 0.00 0.00 0.00 0.00 0.00 0.00 0.00 0.00 0.00 0.00 0.00 0.00 0.00 0.00 0.00 0.00 0.00 0.00 0.00 0.00 0.00 0.00 0.00 0.00 0.00 0.00 0.00 0.00 0.00 0.00 0.00 0.00 0.00 0.00 0.00 0.00 0.00 0.00 0.00 0.00 0.00 0.00 0.00 0.00 0.00 0.00 0.00 0.00 0.00 0.00 0.00 0.00 0.00 0.00 0.00 0.00 0.00 0.00 0.00 0.00 0.00 0.00 0.00 0.00 0.00 0.00 0.00 0.00 0.00 0.00 0.00 0.00 0.00 0.00 0.00 0.00 0.00 0.00 
