0.00 0.00 0.00 0.00 0.00 0.00 0.00 0.00 0.00 0.00 0.00 0.00 0.00 0.00 0.00 0.00 0.00 0.00 0.00 0.00 0.00 0.00 0.00 0.00 0.00 0.00 0.00 0.00 0.00 0.00 0.00 0.00 0.00 0.00 0.00 0.00 0.00 0.00 0.00 0.00 0.00 0.00 0.00 0.00 0.00 0.00 0.00 0.00 0.00 0.00 0.00 0.00 0.00 0.00 0.00 0.00 0.00 0.00 0.00 0.00 0.00 0.00 0.00 0.00 0.00 0.00 0.00 0.00 0.00 0.00 0.00 0.00 0.00 0.00 0.00 0.00 0.00 0.00 0.00 0.00 0.00 0.00 0.00 
0.00 0.00 0.00 0.00 0.00 0.00 0.00 0.00 0.58 1.77 2.01 2.00 1.91 1.82 1.76 1.71 1.68 1.66 1.65 1.65 1.65 1.66 1.68 1.70 1.72 1.75 1.78 1.81 1.84 1.88 1.91 1.94 1.98 2.01 2.03 2.06 2.08 2.09 2.10 2.11 2.11 2.10 2.09 2.07 2.05 2.03 2.00 1.97 1.94 1.91 1.88 1.85 1.82 1.79 1.76 1.73 1.71 1.68 1.66 1.63 1.61 1.59 1.57 1.55 1.54 1.52 1.51 1.49 1.48 1.47 1.47 1.46 1.37 1.12 0.34 0.00 0.00 0.00 0.00 0.00 0.00 0.00 0.00 
0.00 0.00 0.00 0.00 0.00 0.00 1.52 3.34 3.18 2.05 1.70 1.55 1.46 1.40 1.35 1.32 1.29 1.28 1.27 1.27 1.27 1.28 1.29 1.31 1.33 1.35 1.37 1.39 1.42 1.44 1.47 1.50 1.52 1.55 1.57 1.59 1.60 1.61 1.62 1.63 1.62 1.62 1.61 1.60 1.58 1.57 1.54 1.52 1.50 1.48 1.45 1.43 1.40 1.38 1.36 1.34 1.32 1.30 1.28 1.26 1.24 1.23 1.21 1.20 1.19 1.17 1.16 1.15 1.14 1.14 1.13 1.13 1.16 1.31 1.87 1.81 0.77 0.00 0.00 0.00 0.00 0.00 0.00 
0.00 0.00 0.00 0.00 0.11 3.78 3.59 2.07 1.58 1.33 1.17 1.08 1.02 0.98 0.94 0.92 0.90 0.89 0.89 0.89 0.89 0.90 0.91 0.92 0.93 0.94 0.96 0.98 0.99 1.01 1.03 1.05 1.07 1.08 1.10 1.11 1.12 1.13 1.14 1.14 1.14 1.14 1.13 1.12 1.11 1.10 1.08 1.07 1.05 1.03 1.02 1.00 0.98 0.97 0.95 0.94 0.92 0.91 0.90 0.88 0.87 0.86 0.85 0.84 0.83 0.82 0.81 0.81 0.80 0.80 0.79 0.79 0.81 0.85 0.94 1.13 1.79 1.72 0.04 0.00 0.00 0.00 0.00 
0.00 0.00 0.00 0.12 5.16 3.17 2.00 1.52 1.24 1.10 0.96 0.87 0.83 0.80 0.77 0.75 0.74 0.73 0.72 0.72 0.73 0.73 0.74 0.75 0.76 0.77 0.78 0.80 0.81 0.82 0.84 0.85 0.87 0.88 0.89 0.90 0.91 0.92 0.93 0.93 0.93 0.93 0.92 0.91 0.90 0.89 0.88 0.87 0.86 0.84 0.83 0.82 0.80 0.79 0.78 0.76 0.75 0.74 0.73 0.72 0.71 0.70 0.69 0.68 0.68 0.67 0.66 0.66 0.65 0.65 0.65 0.64 0.66 0.71 0.74 0.82 0.99 1.44 2.09 0.04 0.00 0.00 0.00 
0.00 0.00 0.00 5.30 3.71 2.18 1.61 1.29 1.08 0.97 0.87 0.80 0.76 0.73 0.70 0.69 0.67 0.67 0.66 0.66 0.66 0.67 0.68 0.68 0.69 0.70 0.72 0.73 0.74 0.75 0.77 0.78 0.79 0.81 0.82 0.83 0.84 0.84 0.85 0.85 0.85 0.85 0.84 0.84 0.83 0.82 0.81 0.80 0.78 0.77 0.76 0.75 0.73 0.72 0.71 0.70 0.69 0.68 0.67 0.66 0.65 0.64 0.63 0.63 0.62 0.61 0.61 0.60 0.60 0.59 0.59 0.59 0.60 0.63 0.64 0.71 0.80 0.99 1.52 1.95 0.00 0.00 0.00 
0.00 0.00 3.01 5.80 2.64 1.81 1.40 1.17 0.98 0.86 0.80 0.76 0.72 0.69 0.66 0.65 0.64 0.63 0.63 0.63 0.63 0.63 0.64 0.65 0.66 0.67 0.68 0.69 0.70 0.71 0.73 0.74 0.75 0.76 0.77 0.78 0.79 0.80 0.80 0.80 0.80 0.80 0.80 0.79 0.78 0.78 0.77 0.75 0.74 0.73 0.72 0.71 0.70 0.68 0.67 0.66 0.65 0.64 0.63 0.62 0.62 0.61 0.60 0.59 0.59 0.58 0.58 0.57 0.57 0.56 0.56 0.56 0.56 0.47 0.59 0.64 0.69 0.74 0.99 2.08 0.88 0.00 0.00 
0.00 0.00 7.58 3.73 2.26 1.64 1.30 1.05 0.94 0.82 0.75 0.70 0.67 0.64 0.62 0.60 0.59 0.59 0.59 0.58 0.59 0.59 0.60 0.60 0.61 0.62 0.63 0.64 0.65 0.67 0.68 0.69 0.70 0.71 0.72 0.73 0.74 0.74 0.75 0.75 0.75 0.75 0.74 0.74 0.73 0.72 0.71 0.70 0.69 0.68 0.67 0.66 0.65 0.64 0.63 0.62 0.61 0.60 0.59 0.58 0.58 0.57 0.56 0.55 0.55 0.54 0.54 0.53 0.53 0.53 0.52 0.52 0.52 0.53 0.57 0.56 0.66 0.75 0.91 1.34 2.36 0.00 0.00 
0.00 1.74 8.02 3.13 2.03 1.49 1.20 1.02 0.89 0.77 0.58 0.49 0.46 0.44 0.42 0.41 0.41 0.40 0.40 0.40 0.40 0.40 0.41 0.41 0.42 0.42 0.43 0.44 0.45 0.45 0.46 0.47 0.48 0.49 0.49 0.50 0.50 0.51 0.51 0.51 0.51 0.51 0.51 0.50 0.50 0.49 0.49 0.48 0.47 0.47 0.46 0.45 0.44 0.44 0.43 0.42 0.42 0.41 0.40 0.40 0.39 0.39 0.38 0.38 0.37 0.37 0.37 0.36 0.36 0.36 0.36 0.36 0.40 0.50 0.54 0.35 0.61 0.57 0.65 0.99 2.17 0.00 0.00 
0.00 6.19 5.67 2.86 1.98 1.46 1.14 0.98 0.84 0.49 0.35 0.33 0.31 0.30 0.29 0.28 0.27 0.27 0.27 0.27 0.27 0.27 0.27 0.27 0.28 0.28 0.29 0.29 0.30 0.30 0.31 0.31 0.32 0.32 0.33 0.33 0.34 0.34 0.34 0.34 0.34 0.34 0.34 0.34 0.33 0.33 0.32 0.32 0.31 0.31 0.30 0.30 0.29 0.29 0.28 0.28 0.28 0.27 0.27 0.26 0.26 0.26 0.25 0.25 0.25 0.25 0.24 0.24 0.24 0.24 0.24 0.24 0.24 0.31 0.51 0.55 0.49 0.42 0.81 0.75 1.61 0.00 0.00 
0.00 7.93 5.05 2.75 1.86 1.40 1.13 0.97 0.68 0.38 0.67 0.64 0.61 0.59 0.57 0.56 0.55 0.54 0.54 0.54 0.54 0.55 0.55 0.56 0.57 0.57 0.58 0.59 0.60 0.62 0.63 0.64 0.65 0.66 0.67 0.68 0.68 0.69 0.69 0.69 0.69 0.69 0.69 0.68 0.68 0.67 0.66 0.65 0.64 0.63 0.62 0.61 0.60 0.59 0.58 0.57 0.56 0.55 0.55 0.54 0.53 0.52 0.52 0.51 0.51 0.50 0.50 0.49 0.49 0.49 0.49 0.48 0.24 0.24 0.41 0.54 0.40 0.66 0.75 0.97 1.31 0.68 0.00 
0.00 8.48 4.94 2.68 1.75 1.37 1.13 0.96 0.61 0.38 0.67 0.64 0.61 0.59 0.57 0.55 0.55 0.54 0.54 0.54 0.54 0.54 0.55 0.56 0.56 0.57 0.58 0.59 0.60 0.61 0.62 0.64 0.65 0.66 0.66 0.67 0.68 0.69 0.69 0.69 0.69 0.69 0.69 0.68 0.67 0.67 0.66 0.65 0.64 0.63 0.62 0.61 0.60 0.59 0.58 0.57 0.56 0.55 0.55 0.54 0.53 0.52 0.52 0.51 0.50 0.50 0.49 0.49 0.49 0.49 0.48 0.48 0.23 0.24 0.37 0.54 0.38 0.65 0.71 0.93 1.23 0.67 0.00 
0.00 7.98 5.08 2.72 1.84 1.40 1.13 0.96 0.67 0.38 0.35 0.32 0.30 0.29 0.28 0.27 0.27 0.26 0.26 0.26 0.26 0.27 0.27 0.27 0.27 0.28 0.28 0.29 0.29 0.30 0.30 0.31 0.32 0.32 0.32 0.33 0.33 0.33 0.34 0.34 0.34 0.34 0.33 0.33 0.33 0.32 0.32 0.31 0.31 0.30 0.30 0.29 0.29 0.29 0.28 0.28 0.27 0.27 0.26 0.26 0.26 0.25 0.25 0.25 0.25 0.24 0.24 0.24 0.24 0.24 0.23 0.23 0.24 0.24 0.41 0.55 0.40 0.34 0.75 0.62 1.29 0.00 0.00 
0.00 6.28 5.66 2.86 1.95 1.44 0.96 0.96 0.83 0.48 0.35 0.33 0.31 0.29 0.28 0.28 0.27 0.27 0.27 0.27 0.27 0.27 0.27 0.27 0.28 0.28 0.29 0.29 0.30 0.30 0.31 0.31 0.32 0.32 0.33 0.33 0.34 0.34 0.34 0.34 0.34 0.34 0.34 0.34 0.33 0.33 0.32 0.32 0.31 0.31 0.30 0.30 0.29 0.29 0.28 0.28 0.28 0.27 0.27 0.26 0.26 0.26 0.25 0.25 0.25 0.25 0.24 0.24 0.24 0.24 0.24 0.24 0.24 0.31 0.52 0.27 0.50 0.42 0.49 0.74 1.11 0.00 0.00 
0.00 1.79 8.06 3.12 2.00 1.47 1.19 1.01 0.88 0.76 0.58 0.49 0.46 0.44 0.42 0.41 0.41 0.40 0.40 0.40 0.40 0.41 0.41 0.42 0.42 0.43 0.44 0.44 0.45 0.46 0.47 0.48 0.48 0.49 0.50 0.50 0.51 0.51 0.52 0.52 0.52 0.52 0.51 0.51 0.50 0.50 0.49 0.49 0.48 0.47 0.46 0.46 0.45 0.44 0.43 0.43 0.42 0.41 0.41 0.40 0.40 0.39 0.39 0.38 0.38 0.37 0.37 0.37 0.36 0.36 0.36 0.36 0.41 0.51 0.55 0.36 0.62 0.58 0.66 0.98 2.08 0.00 0.00 
0.00 0.00 7.58 3.69 2.17 1.60 1.27 1.00 0.58 0.80 0.75 0.70 0.67 0.65 0.63 0.61 0.60 0.60 0.60 0.60 0.60 0.60 0.61 0.62 0.63 0.64 0.65 0.66 0.67 0.68 0.69 0.71 0.72 0.73 0.74 0.75 0.75 0.76 0.76 0.77 0.77 0.77 0.76 0.76 0.75 0.74 0.73 0.72 0.71 0.70 0.69 0.68 0.67 0.66 0.65 0.64 0.63 0.62 0.61 0.60 0.59 0.58 0.57 0.57 0.56 0.56 0.55 0.55 0.54 0.54 0.54 0.54 0.54 0.26 0.35 0.58 0.43 0.43 0.55 1.05 1.32 0.00 0.00 
0.00 0.00 3.00 5.75 2.59 1.78 1.36 1.13 0.96 0.72 0.55 0.48 0.45 0.43 0.42 0.41 0.40 0.40 0.40 0.40 0.40 0.40 0.40 0.41 0.41 0.42 0.43 0.44 0.44 0.45 0.46 0.47 0.47 0.48 0.49 0.49 0.50 0.50 0.51 0.51 0.51 0.51 0.50 0.50 0.50 0.49 0.48 0.48 0.47 0.46 0.45 0.45 0.44 0.43 0.43 0.42 0.41 0.41 0.40 0.39 0.39 0.38 0.38 0.38 0.37 0.37 0.36 0.36 0.36 0.36 0.35 0.36 0.39 0.48 0.60 0.42 0.71 0.76 0.99 1.73 0.00 0.00 0.00 
0.00 0.00 0.00 5.24 3.62 2.12 1.41 1.25 0.87 0.59 0.85 0.80 0.76 0.73 0.71 0.70 0.69 0.68 0.68 0.68 0.68 0.69 0.69 0.70 0.71 0.72 0.73 0.75 0.76 0.77 0.79 0.80 0.82 0.83 0.84 0.85 0.86 0.86 0.87 0.87 0.87 0.87 0.87 0.86 0.85 0.84 0.83 0.82 0.81 0.79 0.78 0.77 0.76 0.74 0.73 0.72 0.71 0.70 0.69 0.68 0.67 0.66 0.65 0.64 0.64 0.63 0.63 0.62 0.62 0.61 0.61 0.61 0.31 0.39 0.55 0.41 0.74 0.87 0.99 0.70 0.00 0.00 0.00 
0.00 0.00 0.00 0.12 5.08 3.06 1.78 1.44 0.95 1.07 0.94 0.83 0.79 0.76 0.74 0.73 0.72 0.71 0.71 0.71 0.71 0.72 0.72 0.73 0.74 0.75 0.77 0.78 0.79 0.81 0.82 0.84 0.85 0.86 0.87 0.88 0.89 0.90 0.91 0.91 0.91 0.91 0.90 0.89 0.89 0.88 0.87 0.85 0.84 0.83 0.81 0.80 0.79 0.77 0.76 0.75 0.74 0.73 0.72 0.71 0.70 0.69 0.68 0.67 0.66 0.66 0.65 0.65 0.64 0.64 0.64 0.64 0.68 0.44 0.60 0.50 0.94 0.96 1.39 0.00 0.00 0.00 0.00 
0.00 0.00 0.00 0.00 0.00 3.57 3.42 1.99 1.36 0.94 1.14 1.04 0.99 0.95 0.92 0.90 0.89 0.88 0.88 0.88 0.89 0.89 0.90 0.91 0.93 0.94 0.96 0.97 0.99 1.01 1.02 1.04 1.06 1.08 1.09 1.10 1.12 1.12 1.13 1.13 1.13 1.13 1.13 1.12 1.11 1.10 1.08 1.07 1.05 1.03 1.02 1.00 0.98 0.97 0.95 0.94 0.92 0.91 0.90 0.88 0.87 0.86 0.85 0.84 0.83 0.82 0.81 0.81 0.80 0.80 0.80 0.80 0.52 0.64 0.86 0.93 1.58 0.65 0.00 0.00 0.00 0.00 0.00 
0.00 0.00 0.00 0.00 0.00 0.00 1.25 3.15 2.72 1.86 1.43 1.27 1.21 1.17 1.13 1.11 1.10 1.09 1.08 1.09 1.09 1.10 1.11 1.12 1.14 1.16 1.18 1.20 1.22 1.24 1.26 1.28 1.30 1.32 1.34 1.36 1.37 1.38 1.39 1.40 1.40 1.40 1.39 1.38 1.37 1.35 1.34 1.32 1.30 1.28 1.26 1.24 1.22 1.20 1.18 1.16 1.14 1.12 1.11 1.09 1.08 1.06 1.05 1.04 1.02 1.01 1.00 0.99 0.99 0.98 0.98 0.98 1.05 0.91 1.74 1.12 0.00 0.00 0.00 0.00 0.00 0.00 0.00 
0.00 0.00 0.00 0.00 0.00 0.00 0.00 0.00 0.00 0.00 0.66 0.64 0.61 0.59 0.58 0.57 0.56 0.55 0.55 0.55 0.56 0.56 0.57 0.57 0.58 0.59 0.60 0.61 0.62 0.63 0.64 0.65 0.66 0.67 0.68 0.69 0.70 0.71 0.71 0.71 0.71 0.71 0.71 0.70 0.70 0.69 0.68 0.67 0.66 0.65 0.64 0.63 0.62 0.61 0.60 0.59 0.58 0.57 0.56 0.56 0.55 0.54 0.53 0.53 0.52 0.52 0.51 0.51 0.50 0.50 0.50 0.50 0.00 0.00 0.00 0.00 0.00 0.00 0.00 0.00 0.00 0.00 0.00 
0.00 0.00 0.00 0.00 0.00 0.00 0.00 0.00 0.00 0.00 0.00 0.00 0.00 0.00 0.00 0.00 0.00 0.00 0.00 0.00 0.00 0.00 0.00 0.00 0.00 0.00 0.00 0.00 0.00 0.00 0.00 0.00 0.00 0.00 0.00 0.00 0.00 0.00 0.00 0.00 0.00 0.00 0.00 0.00 0.00 0.00 0.00 0.00 0.00 0.00 0.00 0.00 0.00 0.00 0.00 0.00 0.00 0.00 0.00 0.00 0.00 0.00 0.00 0.00 0.00 0.00 0.00 0.00 0.00 0.00 0.00 0.00 0.00 0.00 0.00 0.00 0.00 0.00 0.00 0.00 0.00 0.00 0.00 
