0.00 0.00 0.00 0.00 0.00 0.00 0.00 0.00 0.00 0.00 0.00 0.00 0.00 0.00 0.00 0.00 0.00 0.00 0.00 0.00 0.00 0.00 0.00 0.00 0.00 0.00 0.00 0.00 0.00 0.00 0.00 0.00 0.00 0.00 0.00 0.00 0.00 0.00 0.00 0.00 0.00 0.00 0.00 0.00 0.00 0.00 0.00 0.00 0.00 0.00 0.00 0.00 0.00 0.00 0.00 0.00 0.00 0.00 0.00 0.00 0.00 0.00 0.00 0.00 0.00 0.00 0.00 0.00 0.00 0.00 0.00 0.00 0.00 0.00 0.00 0.00 0.00 0.00 0.00 0.00 0.00 0.00 0.00 
0.00 0.00 0.00 0.00 0.00 0.00 0.00 0.00 0.31 1.01 1.23 1.29 1.29 1.28 1.28 1.28 1.28 1.28 1.28 1.28 1.29 1.29 1.29 1.29 1.30 1.30 1.30 1.30 1.30 1.30 1.30 1.30 1.30 1.30 1.30 1.30 1.30 1.29 1.29 1.29 1.29 1.29 1.29 1.29 1.29 1.29 1.29 1.29 1.29 1.30 1.31 1.32 1.33 1.34 1.36 1.39 1.41 1.44 1.48 1.53 1.58 1.65 1.73 1.82 1.94 2.07 2.24 2.45 2.70 3.00 3.37 3.79 4.12 3.84 1.31 0.00 0.00 0.00 0.00 0.00 0.00 0.00 0.00 
0.00 0.00 0.00 0.00 0.00 0.00 0.71 1.67 1.70 1.18 1.04 1.00 0.99 0.99 0.98 0.98 0.98 0.98 0.99 0.99 0.99 0.99 0.99 1.00 1.00 1.00 1.00 1.00 1.00 1.00 1.00 1.00 1.00 1.00 1.00 1.00 1.00 1.00 1.00 0.99 0.99 0.99 0.99 0.99 0.99 0.99 0.99 0.99 1.00 1.00 1.01 1.01 1.02 1.04 1.05 1.07 1.09 1.11 1.14 1.18 1.22 1.27 1.33 1.40 1.49 1.59 1.72 1.87 2.06 2.29 2.57 2.91 3.42 4.40 7.10 7.83 3.68 0.00 0.00 0.00 0.00 0.00 0.00 
0.00 0.00 0.00 0.00 0.04 1.59 1.65 1.04 0.85 0.77 0.72 0.70 0.69 0.69 0.69 0.69 0.69 0.69 0.69 0.69 0.69 0.69 0.70 0.70 0.70 0.70 0.70 0.70 0.70 0.70 0.70 0.70 0.70 0.70 0.70 0.70 0.70 0.70 0.70 0.70 0.69 0.69 0.69 0.69 0.69 0.69 0.69 0.70 0.70 0.70 0.71 0.71 0.72 0.72 0.73 0.75 0.76 0.78 0.80 0.82 0.85 0.89 0.93 0.98 1.04 1.11 1.20 1.31 1.44 1.60 1.79 2.01 2.35 2.84 3.53 4.84 8.44 8.86 0.23 0.00 0.00 0.00 0.00 
0.00 0.00 0.00 0.04 1.95 1.33 0.92 0.76 0.67 0.64 0.59 0.57 0.56 0.56 0.56 0.56 0.56 0.56 0.56 0.56 0.56 0.57 0.57 0.57 0.57 0.57 0.57 0.57 0.57 0.57 0.57 0.57 0.57 0.57 0.57 0.57 0.57 0.57 0.57 0.57 0.57 0.57 0.56 0.56 0.56 0.57 0.57 0.57 0.57 0.57 0.57 0.58 0.58 0.59 0.60 0.61 0.62 0.63 0.65 0.67 0.69 0.72 0.76 0.80 0.85 0.91 0.98 1.07 1.17 1.30 1.45 1.63 1.90 2.36 2.77 3.51 4.68 7.28 10.90 0.20 0.00 0.00 0.00 
0.00 0.00 0.00 1.77 1.40 0.92 0.74 0.65 0.58 0.56 0.53 0.52 0.52 0.51 0.51 0.51 0.51 0.51 0.51 0.51 0.52 0.52 0.52 0.52 0.52 0.52 0.52 0.52 0.52 0.52 0.52 0.52 0.52 0.52 0.52 0.52 0.52 0.52 0.52 0.52 0.52 0.52 0.52 0.52 0.52 0.52 0.52 0.52 0.52 0.52 0.53 0.53 0.53 0.54 0.55 0.56 0.57 0.58 0.60 0.61 0.64 0.66 0.69 0.73 0.78 0.83 0.90 0.98 1.07 1.19 1.33 1.50 1.76 2.08 2.40 3.05 3.76 5.00 7.81 9.71 0.00 0.00 0.00 
0.00 0.00 0.87 1.91 0.99 0.76 0.65 0.59 0.53 0.50 0.49 0.49 0.49 0.48 0.48 0.48 0.48 0.48 0.49 0.49 0.49 0.49 0.49 0.49 0.49 0.49 0.49 0.49 0.49 0.49 0.49 0.49 0.49 0.49 0.49 0.49 0.49 0.49 0.49 0.49 0.49 0.49 0.49 0.49 0.49 0.49 0.49 0.49 0.49 0.50 0.50 0.50 0.51 0.51 0.52 0.53 0.54 0.55 0.56 0.58 0.60 0.63 0.66 0.69 0.73 0.79 0.85 0.92 1.01 1.13 1.26 1.42 1.59 1.54 2.19 2.70 3.21 3.70 5.09 10.21 3.92 0.00 0.00 
0.00 0.00 2.13 1.23 0.85 0.69 0.60 0.53 0.51 0.47 0.46 0.46 0.45 0.45 0.45 0.45 0.45 0.45 0.45 0.45 0.45 0.46 0.46 0.46 0.46 0.46 0.46 0.46 0.46 0.46 0.46 0.46 0.46 0.46 0.46 0.46 0.46 0.46 0.46 0.46 0.46 0.46 0.46 0.46 0.46 0.46 0.46 0.46 0.46 0.46 0.46 0.47 0.47 0.48 0.48 0.49 0.50 0.51 0.53 0.54 0.56 0.58 0.61 0.64 0.68 0.73 0.79 0.86 0.94 1.05 1.17 1.32 1.51 1.76 2.07 2.35 3.03 3.74 4.66 6.69 10.68 0.00 0.00 
0.00 0.43 2.23 1.03 0.77 0.63 0.56 0.52 0.48 0.44 0.36 0.32 0.31 0.31 0.31 0.31 0.31 0.31 0.31 0.31 0.31 0.31 0.31 0.31 0.31 0.31 0.31 0.31 0.31 0.31 0.31 0.31 0.31 0.31 0.31 0.31 0.31 0.31 0.31 0.31 0.31 0.31 0.31 0.31 0.31 0.31 0.31 0.31 0.31 0.31 0.32 0.32 0.32 0.32 0.33 0.33 0.34 0.35 0.36 0.37 0.38 0.40 0.42 0.44 0.46 0.50 0.53 0.58 0.64 0.71 0.79 0.90 1.15 1.62 1.95 1.48 2.77 2.79 3.31 4.93 9.86 0.00 0.00 
0.00 1.45 1.58 0.95 0.74 0.62 0.53 0.49 0.45 0.28 0.21 0.21 0.21 0.21 0.21 0.21 0.21 0.21 0.21 0.21 0.21 0.21 0.21 0.21 0.21 0.21 0.21 0.21 0.21 0.21 0.21 0.21 0.21 0.21 0.21 0.21 0.21 0.21 0.21 0.21 0.21 0.21 0.21 0.21 0.21 0.21 0.21 0.21 0.21 0.21 0.21 0.21 0.22 0.22 0.22 0.22 0.23 0.23 0.24 0.25 0.26 0.27 0.28 0.29 0.31 0.34 0.36 0.40 0.44 0.49 0.55 0.62 0.71 1.03 1.84 2.22 2.21 2.09 4.12 3.68 7.45 0.00 0.00 
0.00 1.81 1.41 0.90 0.69 0.60 0.53 0.49 0.37 0.22 0.42 0.42 0.42 0.42 0.41 0.41 0.42 0.42 0.42 0.42 0.42 0.42 0.42 0.42 0.42 0.42 0.42 0.42 0.43 0.43 0.43 0.43 0.43 0.42 0.42 0.42 0.42 0.42 0.42 0.42 0.42 0.42 0.42 0.42 0.42 0.42 0.42 0.42 0.42 0.43 0.43 0.43 0.44 0.44 0.45 0.45 0.46 0.47 0.49 0.50 0.52 0.54 0.57 0.60 0.63 0.68 0.73 0.79 0.87 0.96 1.06 1.16 0.71 0.83 1.48 2.18 1.85 3.24 3.85 4.89 6.08 2.92 0.00 
0.00 1.91 1.37 0.88 0.65 0.59 0.53 0.48 0.33 0.22 0.42 0.42 0.41 0.41 0.41 0.41 0.41 0.41 0.42 0.42 0.42 0.42 0.42 0.42 0.42 0.42 0.42 0.42 0.42 0.42 0.42 0.42 0.42 0.42 0.42 0.42 0.42 0.42 0.42 0.42 0.42 0.42 0.42 0.42 0.42 0.42 0.42 0.42 0.42 0.42 0.43 0.43 0.43 0.44 0.45 0.45 0.46 0.47 0.48 0.50 0.52 0.54 0.56 0.59 0.63 0.67 0.73 0.79 0.87 0.96 1.06 1.16 0.70 0.83 1.35 2.15 1.73 3.16 3.60 4.66 5.74 2.90 0.00 
0.00 1.81 1.41 0.90 0.69 0.60 0.53 0.49 0.37 0.22 0.21 0.21 0.21 0.20 0.20 0.20 0.20 0.20 0.20 0.20 0.21 0.21 0.21 0.21 0.21 0.21 0.21 0.21 0.21 0.21 0.21 0.21 0.21 0.21 0.21 0.21 0.21 0.21 0.21 0.21 0.21 0.21 0.21 0.21 0.21 0.21 0.21 0.21 0.21 0.21 0.21 0.21 0.21 0.21 0.22 0.22 0.23 0.23 0.24 0.24 0.25 0.26 0.28 0.29 0.31 0.33 0.36 0.39 0.43 0.48 0.54 0.62 0.71 0.83 1.47 2.16 1.82 1.73 3.77 3.00 6.11 0.00 0.00 
0.00 1.45 1.57 0.94 0.74 0.62 0.45 0.49 0.45 0.28 0.21 0.21 0.21 0.21 0.21 0.21 0.21 0.21 0.21 0.21 0.21 0.21 0.21 0.21 0.21 0.21 0.21 0.21 0.21 0.21 0.21 0.21 0.21 0.21 0.21 0.21 0.21 0.21 0.21 0.21 0.21 0.21 0.21 0.21 0.21 0.21 0.21 0.21 0.21 0.21 0.21 0.21 0.22 0.22 0.22 0.22 0.23 0.23 0.24 0.25 0.26 0.27 0.28 0.30 0.31 0.34 0.36 0.40 0.44 0.49 0.55 0.63 0.72 1.03 1.79 1.19 2.17 2.07 2.48 3.65 5.29 0.00 0.00 
0.00 0.43 2.23 1.03 0.76 0.63 0.55 0.52 0.48 0.44 0.36 0.32 0.31 0.31 0.31 0.31 0.31 0.31 0.31 0.31 0.31 0.31 0.31 0.31 0.31 0.32 0.32 0.32 0.32 0.32 0.32 0.32 0.32 0.32 0.32 0.32 0.32 0.32 0.31 0.31 0.31 0.31 0.31 0.31 0.31 0.31 0.31 0.32 0.32 0.32 0.32 0.32 0.32 0.33 0.33 0.34 0.34 0.35 0.36 0.37 0.39 0.40 0.42 0.44 0.47 0.50 0.54 0.59 0.65 0.72 0.80 0.91 1.14 1.60 1.91 1.49 2.68 2.71 3.24 4.88 10.11 0.00 0.00 
0.00 0.00 2.12 1.22 0.83 0.68 0.60 0.51 0.31 0.47 0.46 0.46 0.46 0.46 0.46 0.46 0.46 0.46 0.46 0.46 0.46 0.46 0.46 0.47 0.47 0.47 0.47 0.47 0.47 0.47 0.47 0.47 0.47 0.47 0.47 0.47 0.47 0.47 0.47 0.47 0.47 0.47 0.47 0.46 0.47 0.47 0.47 0.47 0.47 0.47 0.47 0.48 0.48 0.49 0.49 0.50 0.51 0.52 0.54 0.55 0.57 0.60 0.62 0.66 0.70 0.74 0.80 0.87 0.95 1.06 1.18 1.31 1.47 0.91 1.31 2.25 1.94 2.13 2.79 5.25 6.56 0.00 0.00 
0.00 0.00 0.86 1.89 0.98 0.75 0.63 0.58 0.53 0.42 0.34 0.31 0.31 0.30 0.30 0.30 0.30 0.30 0.31 0.31 0.31 0.31 0.31 0.31 0.31 0.31 0.31 0.31 0.31 0.31 0.31 0.31 0.31 0.31 0.31 0.31 0.31 0.31 0.31 0.31 0.31 0.31 0.31 0.31 0.31 0.31 0.31 0.31 0.31 0.31 0.31 0.32 0.32 0.32 0.33 0.33 0.34 0.35 0.36 0.37 0.38 0.40 0.41 0.44 0.46 0.50 0.54 0.58 0.64 0.71 0.79 0.90 1.11 1.52 2.10 1.76 3.07 3.56 4.89 8.63 0.00 0.00 0.00 
0.00 0.00 0.00 1.74 1.37 0.90 0.66 0.64 0.48 0.34 0.53 0.52 0.52 0.52 0.52 0.52 0.52 0.52 0.52 0.52 0.52 0.53 0.53 0.53 0.53 0.53 0.53 0.53 0.53 0.53 0.53 0.53 0.53 0.53 0.53 0.53 0.53 0.53 0.53 0.53 0.53 0.53 0.53 0.53 0.53 0.53 0.53 0.53 0.53 0.54 0.54 0.54 0.55 0.55 0.56 0.57 0.58 0.60 0.61 0.63 0.65 0.68 0.71 0.75 0.80 0.85 0.92 1.00 1.10 1.21 1.34 1.48 0.90 1.29 1.91 1.74 3.21 4.07 4.84 3.65 0.00 0.00 0.00 
0.00 0.00 0.00 0.04 1.90 1.31 0.83 0.74 0.52 0.63 0.58 0.54 0.54 0.54 0.54 0.54 0.54 0.54 0.54 0.54 0.55 0.55 0.55 0.55 0.55 0.55 0.55 0.55 0.56 0.56 0.56 0.56 0.56 0.56 0.55 0.55 0.55 0.55 0.55 0.55 0.55 0.55 0.55 0.55 0.55 0.55 0.55 0.55 0.56 0.56 0.56 0.57 0.57 0.58 0.59 0.60 0.61 0.62 0.64 0.66 0.68 0.71 0.74 0.78 0.83 0.89 0.96 1.04 1.14 1.26 1.40 1.57 1.87 1.43 2.09 2.09 4.00 4.42 6.95 0.00 0.00 0.00 0.00 
0.00 0.00 0.00 0.00 0.00 1.55 1.61 1.02 0.74 0.55 0.71 0.68 0.67 0.67 0.67 0.67 0.67 0.67 0.68 0.68 0.68 0.68 0.68 0.69 0.69 0.69 0.69 0.69 0.69 0.69 0.69 0.69 0.69 0.69 0.69 0.69 0.69 0.69 0.69 0.69 0.69 0.69 0.69 0.69 0.69 0.69 0.69 0.69 0.69 0.70 0.70 0.71 0.71 0.72 0.73 0.74 0.76 0.77 0.79 0.82 0.85 0.88 0.92 0.97 1.03 1.10 1.19 1.29 1.42 1.57 1.74 1.93 1.47 2.02 2.98 3.62 6.53 3.06 0.00 0.00 0.00 0.00 0.00 
0.00 0.00 0.00 0.00 0.00 0.00 0.60 1.62 1.49 1.10 0.89 0.83 0.82 0.82 0.82 0.82 0.83 0.83 0.83 0.83 0.84 0.84 0.84 0.84 0.85 0.85 0.85 0.85 0.85 0.85 0.85 0.85 0.85 0.85 0.85 0.85 0.85 0.85 0.85 0.85 0.85 0.85 0.85 0.85 0.85 0.85 0.85 0.85 0.85 0.86 0.86 0.87 0.88 0.89 0.90 0.91 0.93 0.95 0.98 1.01 1.04 1.08 1.13 1.19 1.26 1.35 1.45 1.57 1.72 1.90 2.12 2.38 2.81 2.79 5.80 4.13 0.00 0.00 0.00 0.00 0.00 0.00 0.00 
0.00 0.00 0.00 0.00 0.00 0.00 0.00 0.00 0.00 0.00 0.42 0.42 0.42 0.42 0.42 0.42 0.42 0.42 0.42 0.42 0.43 0.43 0.43 0.43 0.43 0.43 0.43 0.43 0.43 0.43 0.43 0.43 0.43 0.43 0.43 0.43 0.43 0.43 0.43 0.43 0.43 0.43 0.43 0.43 0.43 0.43 0.43 0.43 0.43 0.44 0.44 0.44 0.45 0.45 0.46 0.47 0.47 0.49 0.50 0.51 0.53 0.55 0.58 0.61 0.64 0.69 0.74 0.80 0.88 0.96 1.06 1.13 0.00 0.00 0.00 0.00 0.00 0.00 0.00 0.00 0.00 0.00 0.00 
0.00 0.00 0.00 0.00 0.00 0.00 0.00 0.00 0.00 0.00 0.00 0.00 0.00 0.00 0.00 0.00 0.00 0.00 0.00 0.00 0.00 0.00 0.00 0.00 0.00 0.00 0.00 0.00 0.00 0.00 0.00 0.00 0.00 0.00 0.00 0.00 0.00 0.00 0.00 0.00 0.00 0.00 0.00 0.00 0.00 0.00 0.00 0.00 0.00 0.00 0.00 0.00 0.00 0.00 0.00 0.00 0.00 0.00 0.00 0.00 0.00 0.00 0.00 0.00 0.00 0.00 0.00 0.00 0.00 0.00 0.00 0.00 0.00 0.00 0.00 0.00 0.00 0.00 0.00 0.00 0.00 0.00 0.00 
