0.00 0.00 0.00 0.00 0.00 0.00 0.00 0.00 0.00 0.00 0.00 0.00 0.00 0.00 0.00 0.00 0.00 0.00 0.00 0.00 0.00 0.00 0.00 0.00 0.00 0.00 0.00 0.00 0.00 0.00 0.00 0.00 0.00 0.00 0.00 0.00 0.00 0.00 0.00 0.00 0.00 0.00 0.00 0.00 0.00 0.00 0.00 0.00 0.00 0.00 0.00 0.00 0.00 0.00 0.00 0.00 0.00 0.00 0.00 0.00 0.00 0.00 0.00 0.00 0.00 0.00 0.00 0.00 0.00 0.00 0.00 0.00 0.00 0.00 0.00 0.00 0.00 0.00 0.00 0.00 0.00 0.00 0.00 
0.00 0.00 0.00 0.00 0.00 0.00 0.00 0.00 0.47 1.59 2.04 2.27 2.40 2.54 2.69 2.85 3.02 3.18 3.32 3.44 3.51 3.55 3.54 3.49 3.40 3.29 3.15 3.01 2.87 2.73 2.60 2.48 2.36 2.25 2.15 2.06 1.98 1.90 1.83 1.77 1.71 1.66 1.61 1.57 1.52 1.49 1.45 1.42 1.39 1.36 1.33 1.31 1.29 1.27 1.25 1.23 1.22 1.20 1.19 1.18 1.17 1.16 1.15 1.15 1.15 1.15 1.16 1.18 1.20 1.22 1.26 1.30 1.29 1.11 0.36 0.00 0.00 0.00 0.00 0.00 0.00 0.00 0.00 
0.00 0.00 0.00 0.00 0.00 0.00 0.98 2.40 2.58 1.88 1.75 1.78 1.87 1.98 2.09 2.22 2.34 2.46 2.57 2.65 2.71 2.73 2.72 2.67 2.61 2.52 2.42 2.31 2.20 2.10 2.00 1.90 1.81 1.73 1.66 1.59 1.52 1.46 1.41 1.36 1.32 1.28 1.24 1.21 1.17 1.14 1.12 1.09 1.07 1.05 1.03 1.01 0.99 0.98 0.96 0.95 0.94 0.93 0.92 0.91 0.90 0.89 0.89 0.89 0.89 0.89 0.90 0.91 0.92 0.94 0.97 1.01 1.09 1.29 1.95 2.02 0.92 0.00 0.00 0.00 0.00 0.00 0.00 
0.00 0.00 0.00 0.00 0.05 2.10 2.29 1.50 1.29 1.22 1.22 1.25 1.31 1.39 1.47 1.56 1.64 1.73 1.80 1.86 1.89 1.91 1.90 1.87 1.82 1.76 1.69 1.61 1.54 1.47 1.40 1.33 1.27 1.21 1.16 1.11 1.07 1.02 0.99 0.95 0.92 0.89 0.87 0.84 0.82 0.80 0.78 0.77 0.75 0.73 0.72 0.71 0.70 0.68 0.67 0.66 0.66 0.65 0.64 0.63 0.63 0.63 0.62 0.62 0.62 0.62 0.63 0.63 0.65 0.66 0.68 0.70 0.75 0.84 0.97 1.26 2.15 2.28 0.06 0.00 0.00 0.00 0.00 
0.00 0.00 0.00 0.05 2.45 1.76 1.27 1.10 1.02 1.02 1.00 1.02 1.07 1.13 1.20 1.27 1.34 1.41 1.47 1.51 1.54 1.55 1.55 1.52 1.48 1.43 1.37 1.31 1.25 1.19 1.14 1.08 1.03 0.99 0.94 0.90 0.87 0.83 0.80 0.78 0.75 0.73 0.71 0.69 0.67 0.65 0.64 0.62 0.61 0.60 0.59 0.58 0.57 0.56 0.55 0.54 0.53 0.53 0.52 0.52 0.51 0.51 0.51 0.51 0.51 0.51 0.51 0.52 0.53 0.54 0.55 0.57 0.61 0.70 0.77 0.91 1.19 1.89 3.06 0.06 0.00 0.00 0.00 
0.00 0.00 0.00 2.13 1.76 1.21 1.02 0.94 0.89 0.90 0.90 0.93 0.98 1.03 1.10 1.16 1.23 1.29 1.34 1.38 1.41 1.42 1.42 1.39 1.36 1.31 1.26 1.20 1.15 1.09 1.04 0.99 0.94 0.90 0.86 0.83 0.79 0.76 0.74 0.71 0.69 0.67 0.65 0.63 0.61 0.60 0.58 0.57 0.56 0.55 0.54 0.53 0.52 0.51 0.50 0.50 0.49 0.48 0.48 0.47 0.47 0.47 0.46 0.46 0.46 0.47 0.47 0.47 0.48 0.49 0.51 0.52 0.56 0.61 0.66 0.79 0.96 1.29 2.22 3.23 0.00 0.00 0.00 
0.00 0.00 1.01 2.29 1.25 1.01 0.90 0.85 0.80 0.81 0.84 0.88 0.93 0.98 1.04 1.10 1.16 1.22 1.27 1.31 1.34 1.34 1.34 1.32 1.28 1.24 1.19 1.14 1.08 1.03 0.98 0.94 0.89 0.85 0.82 0.78 0.75 0.72 0.70 0.67 0.65 0.63 0.61 0.60 0.58 0.57 0.55 0.54 0.53 0.52 0.51 0.50 0.49 0.48 0.48 0.47 0.46 0.46 0.45 0.45 0.44 0.44 0.44 0.44 0.44 0.44 0.44 0.45 0.46 0.47 0.48 0.50 0.52 0.46 0.61 0.71 0.82 0.96 1.43 3.41 1.66 0.00 0.00 
0.00 0.00 2.45 1.48 1.07 0.92 0.84 0.77 0.78 0.76 0.78 0.82 0.87 0.92 0.97 1.03 1.09 1.14 1.18 1.22 1.24 1.25 1.24 1.22 1.19 1.15 1.10 1.06 1.01 0.96 0.91 0.87 0.83 0.79 0.76 0.73 0.70 0.67 0.65 0.63 0.61 0.59 0.57 0.56 0.54 0.53 0.52 0.50 0.49 0.48 0.47 0.47 0.46 0.45 0.44 0.44 0.43 0.43 0.42 0.42 0.41 0.41 0.41 0.41 0.41 0.41 0.41 0.42 0.43 0.44 0.45 0.46 0.49 0.52 0.58 0.62 0.77 0.96 1.30 2.17 4.35 0.00 0.00 
0.00 0.48 2.57 1.24 0.97 0.84 0.77 0.76 0.73 0.72 0.61 0.57 0.59 0.63 0.67 0.70 0.74 0.78 0.81 0.83 0.85 0.85 0.85 0.83 0.81 0.78 0.75 0.72 0.69 0.65 0.62 0.59 0.57 0.54 0.52 0.50 0.48 0.46 0.44 0.43 0.41 0.40 0.39 0.38 0.37 0.36 0.35 0.34 0.34 0.33 0.32 0.32 0.31 0.31 0.30 0.30 0.29 0.29 0.29 0.28 0.28 0.28 0.28 0.28 0.28 0.28 0.28 0.28 0.29 0.30 0.30 0.32 0.37 0.49 0.55 0.39 0.71 0.73 0.92 1.58 3.85 0.00 0.00 
0.00 1.62 1.81 1.14 0.93 0.82 0.75 0.72 0.70 0.45 0.36 0.37 0.39 0.41 0.44 0.46 0.49 0.51 0.54 0.56 0.57 0.58 0.57 0.56 0.55 0.53 0.51 0.49 0.47 0.44 0.42 0.40 0.38 0.36 0.35 0.33 0.32 0.31 0.30 0.29 0.28 0.27 0.26 0.25 0.25 0.24 0.23 0.23 0.22 0.22 0.22 0.21 0.21 0.21 0.20 0.20 0.20 0.19 0.19 0.19 0.19 0.19 0.19 0.19 0.19 0.19 0.19 0.19 0.19 0.20 0.20 0.21 0.22 0.31 0.52 0.59 0.57 0.55 1.12 1.21 2.81 0.00 0.00 
0.00 2.01 1.62 1.08 0.87 0.79 0.75 0.71 0.57 0.34 0.74 0.76 0.80 0.85 0.90 0.95 1.00 1.05 1.09 1.13 1.15 1.15 1.15 1.13 1.10 1.06 1.02 0.97 0.93 0.89 0.84 0.80 0.77 0.73 0.70 0.67 0.65 0.62 0.60 0.58 0.56 0.54 0.53 0.51 0.50 0.49 0.48 0.47 0.46 0.45 0.44 0.43 0.42 0.42 0.41 0.40 0.40 0.39 0.39 0.39 0.38 0.38 0.38 0.38 0.38 0.38 0.38 0.39 0.39 0.40 0.41 0.43 0.22 0.24 0.42 0.59 0.48 0.83 1.05 1.50 2.27 1.30 0.00 
0.00 2.13 1.57 1.06 0.82 0.78 0.75 0.71 0.51 0.34 0.73 0.76 0.80 0.85 0.90 0.95 1.00 1.05 1.09 1.12 1.14 1.15 1.14 1.12 1.09 1.06 1.01 0.97 0.93 0.88 0.84 0.80 0.76 0.73 0.70 0.67 0.64 0.62 0.60 0.58 0.56 0.54 0.53 0.51 0.50 0.49 0.47 0.46 0.45 0.44 0.44 0.43 0.42 0.41 0.41 0.40 0.40 0.39 0.39 0.39 0.38 0.38 0.38 0.38 0.38 0.38 0.38 0.39 0.39 0.40 0.41 0.42 0.22 0.24 0.38 0.58 0.45 0.82 0.98 1.43 2.11 1.27 0.00 
0.00 2.01 1.61 1.08 0.86 0.79 0.75 0.71 0.57 0.34 0.35 0.36 0.38 0.40 0.43 0.45 0.48 0.51 0.53 0.55 0.56 0.57 0.57 0.56 0.54 0.53 0.50 0.48 0.46 0.44 0.42 0.40 0.38 0.36 0.34 0.33 0.32 0.30 0.29 0.28 0.27 0.26 0.26 0.25 0.24 0.24 0.23 0.23 0.22 0.22 0.21 0.21 0.21 0.20 0.20 0.20 0.19 0.19 0.19 0.19 0.19 0.19 0.18 0.18 0.18 0.18 0.19 0.19 0.19 0.20 0.20 0.21 0.22 0.24 0.42 0.59 0.47 0.45 1.02 0.99 2.18 0.00 0.00 
0.00 1.61 1.80 1.13 0.93 0.82 0.62 0.72 0.70 0.45 0.35 0.37 0.39 0.41 0.43 0.46 0.49 0.51 0.54 0.56 0.57 0.57 0.57 0.57 0.55 0.53 0.51 0.49 0.47 0.44 0.42 0.40 0.38 0.36 0.35 0.33 0.32 0.31 0.30 0.29 0.28 0.27 0.26 0.25 0.25 0.24 0.23 0.23 0.22 0.22 0.22 0.21 0.21 0.21 0.20 0.20 0.20 0.19 0.19 0.19 0.19 0.19 0.19 0.19 0.19 0.19 0.19 0.19 0.19 0.20 0.20 0.21 0.22 0.31 0.52 0.30 0.57 0.54 0.70 1.14 1.84 0.00 0.00 
0.00 0.48 2.54 1.23 0.96 0.84 0.77 0.76 0.74 0.73 0.62 0.57 0.60 0.63 0.67 0.71 0.75 0.78 0.81 0.84 0.85 0.86 0.85 0.84 0.81 0.79 0.76 0.72 0.69 0.66 0.63 0.60 0.57 0.55 0.52 0.50 0.48 0.46 0.45 0.43 0.42 0.40 0.39 0.38 0.37 0.36 0.35 0.35 0.34 0.33 0.33 0.32 0.32 0.31 0.31 0.30 0.30 0.29 0.29 0.29 0.29 0.28 0.28 0.28 0.28 0.28 0.29 0.29 0.29 0.30 0.31 0.32 0.38 0.50 0.55 0.39 0.71 0.72 0.90 1.46 3.32 0.00 0.00 
0.00 0.00 2.41 1.46 1.04 0.91 0.83 0.75 0.48 0.78 0.80 0.84 0.89 0.94 1.00 1.06 1.11 1.17 1.21 1.24 1.26 1.27 1.26 1.24 1.20 1.16 1.12 1.07 1.02 0.97 0.93 0.88 0.84 0.81 0.77 0.74 0.71 0.69 0.66 0.64 0.62 0.60 0.58 0.57 0.55 0.54 0.53 0.51 0.50 0.49 0.48 0.48 0.47 0.46 0.45 0.45 0.44 0.44 0.43 0.43 0.42 0.42 0.42 0.42 0.42 0.42 0.42 0.43 0.44 0.45 0.46 0.47 0.49 0.26 0.36 0.62 0.50 0.55 0.77 1.55 2.08 0.00 0.00 
0.00 0.00 0.99 2.26 1.24 1.00 0.87 0.85 0.81 0.68 0.58 0.56 0.58 0.62 0.65 0.69 0.73 0.77 0.80 0.82 0.84 0.85 0.84 0.83 0.81 0.78 0.75 0.72 0.68 0.65 0.62 0.59 0.56 0.54 0.51 0.49 0.47 0.46 0.44 0.42 0.41 0.40 0.39 0.38 0.37 0.36 0.35 0.34 0.33 0.33 0.32 0.32 0.31 0.31 0.30 0.30 0.29 0.29 0.29 0.28 0.28 0.28 0.28 0.28 0.28 0.28 0.28 0.28 0.29 0.30 0.30 0.32 0.36 0.47 0.61 0.46 0.81 0.93 1.31 2.46 0.00 0.00 0.00 
0.00 0.00 0.00 2.08 1.73 1.20 0.91 0.95 0.74 0.56 0.93 0.95 1.00 1.06 1.13 1.19 1.26 1.32 1.37 1.41 1.44 1.45 1.44 1.41 1.38 1.33 1.28 1.22 1.16 1.11 1.06 1.01 0.96 0.92 0.88 0.84 0.81 0.78 0.75 0.73 0.70 0.68 0.66 0.64 0.63 0.61 0.60 0.58 0.57 0.56 0.55 0.54 0.53 0.52 0.52 0.51 0.50 0.50 0.49 0.49 0.48 0.48 0.48 0.48 0.48 0.48 0.48 0.49 0.50 0.51 0.52 0.54 0.29 0.38 0.55 0.45 0.84 1.06 1.30 1.00 0.00 0.00 0.00 
0.00 0.00 0.00 0.05 2.39 1.74 1.16 1.09 0.80 1.04 1.01 0.99 1.05 1.11 1.17 1.24 1.31 1.38 1.43 1.47 1.50 1.51 1.50 1.47 1.43 1.38 1.33 1.27 1.21 1.16 1.10 1.05 1.00 0.96 0.92 0.88 0.84 0.81 0.78 0.76 0.73 0.71 0.69 0.67 0.65 0.64 0.62 0.61 0.60 0.58 0.57 0.56 0.55 0.55 0.54 0.53 0.52 0.52 0.51 0.51 0.50 0.50 0.50 0.50 0.50 0.50 0.50 0.51 0.52 0.53 0.55 0.57 0.63 0.43 0.60 0.55 1.06 1.16 1.80 0.00 0.00 0.00 0.00 
0.00 0.00 0.00 0.00 0.00 2.07 2.26 1.51 1.15 0.90 1.25 1.24 1.31 1.39 1.47 1.56 1.64 1.72 1.79 1.84 1.87 1.88 1.86 1.83 1.78 1.72 1.65 1.58 1.51 1.44 1.37 1.31 1.25 1.19 1.14 1.10 1.05 1.01 0.98 0.94 0.91 0.89 0.86 0.84 0.82 0.80 0.78 0.76 0.74 0.73 0.72 0.70 0.69 0.68 0.67 0.66 0.65 0.65 0.64 0.63 0.63 0.62 0.62 0.62 0.62 0.62 0.63 0.64 0.65 0.66 0.68 0.70 0.48 0.62 0.87 0.99 1.75 0.78 0.00 0.00 0.00 0.00 0.00 
0.00 0.00 0.00 0.00 0.00 0.00 0.86 2.41 2.35 1.83 1.56 1.54 1.63 1.73 1.83 1.93 2.03 2.12 2.20 2.26 2.29 2.30 2.28 2.23 2.17 2.10 2.02 1.93 1.84 1.76 1.68 1.60 1.53 1.46 1.40 1.34 1.29 1.25 1.20 1.16 1.12 1.09 1.06 1.03 1.00 0.98 0.96 0.94 0.92 0.90 0.88 0.87 0.85 0.84 0.83 0.81 0.80 0.79 0.79 0.78 0.77 0.77 0.77 0.76 0.76 0.77 0.77 0.78 0.80 0.81 0.83 0.87 0.96 0.88 1.73 1.16 0.00 0.00 0.00 0.00 0.00 0.00 0.00 
0.00 0.00 0.00 0.00 0.00 0.00 0.00 0.00 0.00 0.00 0.77 0.79 0.83 0.88 0.93 0.98 1.03 1.08 1.12 1.15 1.17 1.17 1.16 1.14 1.11 1.07 1.03 0.98 0.94 0.90 0.85 0.82 0.78 0.75 0.71 0.68 0.66 0.63 0.61 0.59 0.57 0.56 0.54 0.52 0.51 0.50 0.49 0.48 0.47 0.46 0.45 0.44 0.43 0.43 0.42 0.41 0.41 0.40 0.40 0.40 0.39 0.39 0.39 0.39 0.39 0.39 0.39 0.40 0.41 0.42 0.43 0.43 0.00 0.00 0.00 0.00 0.00 0.00 0.00 0.00 0.00 0.00 0.00 
0.00 0.00 0.00 0.00 0.00 0.00 0.00 0.00 0.00 0.00 0.00 0.00 0.00 0.00 0.00 0.00 0.00 0.00 0.00 0.00 0.00 0.00 0.00 0.00 0.00 0.00 0.00 0.00 0.00 0.00 0.00 0.00 0.00 0.00 0.00 0.00 0.00 0.00 0.00 0.00 0.00 0.00 0.00 0.00 0.00 0.00 0.00 0.00 0.00 0.00 0.00 0.00 0.00 0.00 0.00 0.00 0.00 0.00 0.00 0.00 0.00 0.00 0.00 0.00 0.00 0.00 0.00 0.00 0.00 0.00 0.00 0.00 0.00 0.00 0.00 0.00 0.00 0.00 0.00 0.00 0.00 0.00 0.00 
