0.00 0.00 0.00 0.00 0.00 0.00 0.00 0.00 0.00 0.00 0.00 0.00 0.00 0.00 0.00 0.00 0.00 0.00 0.00 0.00 0.00 0.00 0.00 0.00 0.00 0.00 0.00 0.00 0.00 0.00 0.00 0.00 0.00 0.00 0.00 0.00 0.00 0.00 0.00 0.00 0.00 0.00 0.00 0.00 0.00 0.00 0.00 0.00 0.00 0.00 0.00 0.00 0.00 0.00 0.00 0.00 0.00 0.00 0.00 0.00 0.00 0.00 0.00 0.00 0.00 0.00 0.00 0.00 0.00 0.00 0.00 0.00 0.00 0.00 0.00 0.00 0.00 0.00 0.00 0.00 0.00 0.00 0.00 
0.00 0.00 0.00 0.00 0.00 0.00 0.00 0.00 0.33 1.09 1.35 1.43 1.44 1.44 1.45 1.45 1.46 1.47 1.47 1.48 1.49 1.50 1.51 1.52 1.53 1.53 1.54 1.55 1.56 1.56 1.57 1.58 1.59 1.60 1.61 1.62 1.62 1.63 1.64 1.65 1.66 1.66 1.67 1.67 1.68 1.68 1.68 1.68 1.68 1.68 1.68 1.67 1.66 1.66 1.65 1.64 1.64 1.63 1.63 1.63 1.63 1.64 1.65 1.68 1.71 1.76 1.82 1.90 2.01 2.15 2.34 2.55 2.71 2.50 0.86 0.00 0.00 0.00 0.00 0.00 0.00 0.00 0.00 
0.00 0.00 0.00 0.00 0.00 0.00 0.73 1.75 1.82 1.28 1.14 1.11 1.11 1.11 1.12 1.12 1.13 1.13 1.14 1.14 1.15 1.16 1.16 1.17 1.18 1.18 1.19 1.20 1.20 1.21 1.21 1.22 1.23 1.23 1.24 1.25 1.25 1.26 1.27 1.27 1.28 1.28 1.29 1.29 1.29 1.30 1.30 1.30 1.30 1.29 1.29 1.29 1.28 1.28 1.27 1.27 1.26 1.26 1.26 1.25 1.26 1.26 1.27 1.29 1.32 1.35 1.40 1.46 1.54 1.65 1.79 1.97 2.26 2.88 4.67 5.26 2.58 0.00 0.00 0.00 0.00 0.00 0.00 
0.00 0.00 0.00 0.00 0.04 1.60 1.70 1.09 0.91 0.83 0.79 0.78 0.78 0.78 0.78 0.78 0.79 0.79 0.80 0.80 0.81 0.81 0.81 0.82 0.82 0.83 0.83 0.84 0.84 0.85 0.85 0.85 0.86 0.86 0.87 0.87 0.88 0.88 0.89 0.89 0.89 0.90 0.90 0.90 0.91 0.91 0.91 0.91 0.91 0.91 0.90 0.90 0.90 0.89 0.89 0.89 0.88 0.88 0.88 0.88 0.88 0.88 0.89 0.90 0.92 0.95 0.98 1.02 1.08 1.15 1.25 1.36 1.55 1.86 2.32 3.26 6.03 7.00 0.20 0.00 0.00 0.00 0.00 
0.00 0.00 0.00 0.04 1.88 1.33 0.94 0.80 0.72 0.69 0.65 0.63 0.63 0.63 0.64 0.64 0.64 0.65 0.65 0.65 0.66 0.66 0.66 0.67 0.67 0.68 0.68 0.68 0.69 0.69 0.69 0.70 0.70 0.70 0.71 0.71 0.72 0.72 0.72 0.73 0.73 0.73 0.73 0.74 0.74 0.74 0.74 0.74 0.74 0.74 0.74 0.73 0.73 0.73 0.73 0.72 0.72 0.72 0.72 0.72 0.72 0.72 0.73 0.74 0.75 0.77 0.80 0.83 0.88 0.94 1.01 1.10 1.26 1.54 1.81 2.36 3.31 5.73 10.07 0.21 0.00 0.00 0.00 
0.00 0.00 0.00 1.63 1.35 0.92 0.76 0.68 0.62 0.61 0.59 0.58 0.58 0.58 0.58 0.58 0.59 0.59 0.59 0.60 0.60 0.60 0.61 0.61 0.61 0.62 0.62 0.62 0.63 0.63 0.63 0.64 0.64 0.64 0.65 0.65 0.65 0.66 0.66 0.66 0.67 0.67 0.67 0.67 0.68 0.68 0.68 0.68 0.68 0.68 0.67 0.67 0.67 0.67 0.66 0.66 0.66 0.66 0.66 0.66 0.66 0.66 0.67 0.68 0.69 0.71 0.73 0.76 0.81 0.86 0.93 1.02 1.16 1.36 1.57 2.03 2.64 3.88 7.21 11.15 0.00 0.00 0.00 
0.00 0.00 0.77 1.76 0.96 0.77 0.67 0.62 0.57 0.54 0.54 0.54 0.55 0.55 0.55 0.55 0.56 0.56 0.56 0.57 0.57 0.57 0.58 0.58 0.58 0.58 0.59 0.59 0.59 0.60 0.60 0.60 0.61 0.61 0.61 0.62 0.62 0.62 0.63 0.63 0.63 0.63 0.64 0.64 0.64 0.64 0.64 0.64 0.64 0.64 0.64 0.64 0.63 0.63 0.63 0.63 0.62 0.62 0.62 0.62 0.62 0.63 0.63 0.64 0.65 0.67 0.69 0.72 0.76 0.81 0.88 0.96 1.05 1.01 1.43 1.78 2.23 2.85 4.62 11.58 5.71 0.00 0.00 
0.00 0.00 1.85 1.13 0.82 0.69 0.62 0.56 0.55 0.52 0.51 0.51 0.51 0.51 0.51 0.52 0.52 0.52 0.52 0.53 0.53 0.53 0.54 0.54 0.54 0.55 0.55 0.55 0.55 0.56 0.56 0.56 0.57 0.57 0.57 0.58 0.58 0.58 0.58 0.59 0.59 0.59 0.59 0.60 0.60 0.60 0.60 0.60 0.60 0.60 0.60 0.59 0.59 0.59 0.59 0.58 0.58 0.58 0.58 0.58 0.58 0.58 0.59 0.60 0.61 0.62 0.64 0.67 0.71 0.76 0.82 0.90 1.00 1.14 1.34 1.56 2.08 2.82 4.11 7.27 14.82 0.00 0.00 
0.00 0.36 1.94 0.95 0.74 0.64 0.57 0.55 0.51 0.48 0.39 0.35 0.35 0.35 0.35 0.35 0.35 0.36 0.36 0.36 0.36 0.36 0.37 0.37 0.37 0.37 0.37 0.38 0.38 0.38 0.38 0.38 0.39 0.39 0.39 0.39 0.39 0.40 0.40 0.40 0.40 0.40 0.40 0.41 0.41 0.41 0.41 0.41 0.41 0.41 0.41 0.40 0.40 0.40 0.40 0.40 0.40 0.39 0.39 0.39 0.39 0.40 0.40 0.41 0.41 0.42 0.44 0.46 0.48 0.51 0.56 0.62 0.76 1.06 1.26 1.00 1.90 2.13 2.93 5.26 12.93 0.00 0.00 
0.00 1.18 1.37 0.87 0.72 0.62 0.55 0.52 0.49 0.30 0.23 0.23 0.23 0.23 0.23 0.24 0.24 0.24 0.24 0.24 0.24 0.24 0.24 0.25 0.25 0.25 0.25 0.25 0.25 0.25 0.25 0.26 0.26 0.26 0.26 0.26 0.26 0.26 0.27 0.27 0.27 0.27 0.27 0.27 0.27 0.27 0.27 0.27 0.27 0.27 0.27 0.27 0.27 0.27 0.27 0.27 0.27 0.26 0.26 0.26 0.26 0.27 0.27 0.27 0.28 0.28 0.29 0.31 0.33 0.35 0.38 0.42 0.47 0.68 1.20 1.46 1.54 1.65 3.44 4.04 9.31 0.00 0.00 
0.00 1.46 1.22 0.83 0.67 0.60 0.55 0.51 0.39 0.24 0.47 0.47 0.47 0.47 0.47 0.47 0.48 0.48 0.48 0.49 0.49 0.49 0.50 0.50 0.50 0.50 0.51 0.51 0.51 0.51 0.52 0.52 0.52 0.53 0.53 0.53 0.53 0.54 0.54 0.54 0.54 0.55 0.55 0.55 0.55 0.55 0.55 0.55 0.55 0.55 0.55 0.55 0.55 0.54 0.54 0.54 0.54 0.54 0.54 0.54 0.54 0.54 0.54 0.55 0.56 0.58 0.60 0.62 0.66 0.70 0.75 0.80 0.47 0.54 0.98 1.43 1.31 2.38 3.22 4.86 7.49 4.23 0.00 
0.00 1.54 1.19 0.82 0.63 0.59 0.55 0.51 0.36 0.23 0.47 0.46 0.47 0.47 0.47 0.47 0.48 0.48 0.48 0.48 0.49 0.49 0.49 0.50 0.50 0.50 0.50 0.51 0.51 0.51 0.52 0.52 0.52 0.52 0.53 0.53 0.53 0.53 0.54 0.54 0.54 0.54 0.55 0.55 0.55 0.55 0.55 0.55 0.55 0.55 0.55 0.55 0.54 0.54 0.54 0.54 0.54 0.53 0.53 0.53 0.54 0.54 0.54 0.55 0.56 0.58 0.60 0.62 0.65 0.70 0.75 0.80 0.46 0.54 0.89 1.42 1.22 2.32 2.99 4.58 6.90 4.12 0.00 
0.00 1.46 1.22 0.83 0.67 0.60 0.55 0.51 0.39 0.23 0.23 0.23 0.23 0.23 0.23 0.23 0.23 0.23 0.24 0.24 0.24 0.24 0.24 0.24 0.24 0.24 0.25 0.25 0.25 0.25 0.25 0.25 0.25 0.25 0.26 0.26 0.26 0.26 0.26 0.26 0.26 0.27 0.27 0.27 0.27 0.27 0.27 0.27 0.27 0.27 0.27 0.27 0.27 0.26 0.26 0.26 0.26 0.26 0.26 0.26 0.26 0.26 0.26 0.27 0.27 0.28 0.29 0.30 0.32 0.34 0.37 0.41 0.47 0.54 0.97 1.42 1.26 1.38 3.07 3.26 7.03 0.00 0.00 
0.00 1.18 1.36 0.87 0.71 0.62 0.46 0.52 0.49 0.30 0.23 0.23 0.23 0.23 0.23 0.23 0.24 0.24 0.24 0.24 0.24 0.24 0.24 0.25 0.25 0.25 0.25 0.25 0.25 0.25 0.25 0.26 0.26 0.26 0.26 0.26 0.26 0.26 0.27 0.27 0.27 0.27 0.27 0.27 0.27 0.27 0.27 0.27 0.27 0.27 0.27 0.27 0.27 0.27 0.27 0.27 0.27 0.26 0.26 0.26 0.26 0.27 0.27 0.27 0.28 0.28 0.29 0.31 0.33 0.35 0.38 0.42 0.47 0.67 1.17 0.79 1.49 1.58 2.20 3.67 5.85 0.00 0.00 
0.00 0.36 1.93 0.95 0.74 0.63 0.57 0.55 0.51 0.49 0.39 0.35 0.35 0.35 0.35 0.35 0.36 0.36 0.36 0.36 0.37 0.37 0.37 0.37 0.37 0.38 0.38 0.38 0.38 0.38 0.39 0.39 0.39 0.39 0.39 0.40 0.40 0.40 0.40 0.40 0.41 0.41 0.41 0.41 0.41 0.41 0.41 0.41 0.41 0.41 0.41 0.41 0.41 0.41 0.40 0.40 0.40 0.40 0.40 0.40 0.40 0.40 0.41 0.41 0.42 0.43 0.44 0.46 0.49 0.52 0.56 0.62 0.76 1.05 1.24 0.99 1.81 2.00 2.71 4.54 10.31 0.00 0.00 
0.00 0.00 1.84 1.12 0.80 0.69 0.62 0.54 0.34 0.52 0.51 0.51 0.51 0.52 0.52 0.52 0.53 0.53 0.53 0.54 0.54 0.54 0.55 0.55 0.55 0.56 0.56 0.56 0.57 0.57 0.57 0.58 0.58 0.58 0.58 0.59 0.59 0.59 0.60 0.60 0.60 0.61 0.61 0.61 0.61 0.61 0.61 0.61 0.61 0.61 0.61 0.61 0.60 0.60 0.60 0.60 0.60 0.59 0.59 0.59 0.59 0.60 0.60 0.61 0.62 0.64 0.66 0.69 0.73 0.77 0.83 0.90 0.98 0.58 0.85 1.48 1.32 1.60 2.35 4.77 6.41 0.00 0.00 
0.00 0.00 0.76 1.74 0.95 0.76 0.65 0.61 0.57 0.46 0.37 0.34 0.34 0.34 0.35 0.35 0.35 0.35 0.35 0.36 0.36 0.36 0.36 0.36 0.37 0.37 0.37 0.37 0.37 0.38 0.38 0.38 0.38 0.38 0.39 0.39 0.39 0.39 0.40 0.40 0.40 0.40 0.40 0.40 0.40 0.40 0.40 0.40 0.40 0.40 0.40 0.40 0.40 0.40 0.40 0.40 0.39 0.39 0.39 0.39 0.39 0.40 0.40 0.40 0.41 0.42 0.44 0.46 0.48 0.51 0.55 0.61 0.73 0.99 1.36 1.16 2.05 2.52 3.76 7.26 0.00 0.00 0.00 
0.00 0.00 0.00 1.62 1.34 0.91 0.68 0.68 0.51 0.38 0.59 0.58 0.58 0.59 0.59 0.59 0.60 0.60 0.61 0.61 0.61 0.62 0.62 0.63 0.63 0.63 0.64 0.64 0.64 0.65 0.65 0.65 0.66 0.66 0.66 0.67 0.67 0.67 0.68 0.68 0.68 0.69 0.69 0.69 0.69 0.69 0.69 0.69 0.69 0.69 0.69 0.69 0.69 0.69 0.68 0.68 0.68 0.68 0.68 0.68 0.68 0.68 0.69 0.70 0.71 0.73 0.75 0.79 0.83 0.88 0.95 1.01 0.59 0.83 1.24 1.14 2.13 2.83 3.66 2.94 0.00 0.00 0.00 
0.00 0.00 0.00 0.04 1.85 1.32 0.86 0.78 0.56 0.69 0.65 0.61 0.61 0.61 0.61 0.62 0.62 0.63 0.63 0.63 0.64 0.64 0.65 0.65 0.66 0.66 0.66 0.67 0.67 0.67 0.68 0.68 0.68 0.69 0.69 0.70 0.70 0.70 0.71 0.71 0.71 0.72 0.72 0.72 0.72 0.72 0.72 0.72 0.72 0.72 0.72 0.72 0.72 0.71 0.71 0.71 0.71 0.70 0.70 0.70 0.71 0.71 0.72 0.73 0.74 0.76 0.79 0.82 0.86 0.92 0.99 1.07 1.24 0.92 1.35 1.36 2.62 3.04 4.99 0.00 0.00 0.00 0.00 
0.00 0.00 0.00 0.00 0.00 1.57 1.67 1.08 0.80 0.60 0.79 0.76 0.76 0.76 0.77 0.77 0.78 0.78 0.79 0.79 0.80 0.80 0.81 0.81 0.82 0.82 0.83 0.83 0.84 0.84 0.84 0.85 0.85 0.86 0.86 0.87 0.87 0.88 0.88 0.89 0.89 0.89 0.90 0.90 0.90 0.90 0.90 0.90 0.90 0.90 0.90 0.90 0.89 0.89 0.89 0.88 0.88 0.88 0.88 0.88 0.88 0.89 0.89 0.91 0.92 0.95 0.98 1.02 1.08 1.14 1.22 1.32 0.96 1.31 1.91 2.32 4.25 2.04 0.00 0.00 0.00 0.00 0.00 
0.00 0.00 0.00 0.00 0.00 0.00 0.63 1.73 1.62 1.21 0.99 0.93 0.93 0.94 0.94 0.95 0.96 0.96 0.97 0.98 0.98 0.99 1.00 1.00 1.01 1.02 1.02 1.03 1.03 1.04 1.04 1.05 1.05 1.06 1.07 1.07 1.08 1.08 1.09 1.09 1.10 1.10 1.11 1.11 1.11 1.11 1.11 1.11 1.11 1.11 1.11 1.10 1.10 1.10 1.09 1.09 1.08 1.08 1.08 1.08 1.08 1.09 1.10 1.11 1.13 1.16 1.20 1.25 1.32 1.40 1.50 1.63 1.88 1.82 3.74 2.64 0.00 0.00 0.00 0.00 0.00 0.00 0.00 
0.00 0.00 0.00 0.00 0.00 0.00 0.00 0.00 0.00 0.00 0.47 0.47 0.47 0.48 0.48 0.48 0.49 0.49 0.49 0.50 0.50 0.50 0.51 0.51 0.51 0.52 0.52 0.52 0.52 0.53 0.53 0.53 0.54 0.54 0.54 0.55 0.55 0.55 0.55 0.56 0.56 0.56 0.56 0.56 0.57 0.57 0.57 0.57 0.57 0.57 0.56 0.56 0.56 0.56 0.56 0.55 0.55 0.55 0.55 0.55 0.55 0.56 0.56 0.57 0.58 0.59 0.61 0.64 0.67 0.71 0.75 0.79 0.00 0.00 0.00 0.00 0.00 0.00 0.00 0.00 0.00 0.00 0.00 
0.00 0.00 0.00 0.00 0.00 0.00 0.00 0.00 0.00 0.00 0.00 0.00 0.00 0.00 0.00 0.00 0.00 0.00 0.00 0.00 0.00 0.00 0.00 0.00 0.00 0.00 0.00 0.00 0.00 0.00 0.00 0.00 0.00 0.00 0.00 0.00 0.00 0.00 0.00 0.00 0.00 0.00 0.00 0.00 0.00 0.00 0.00 0.00 0.00 0.00 0.00 0.00 0.00 0.00 0.00 0.00 0.00 0.00 0.00 0.00 0.00 0.00 0.00 0.00 0.00 0.00 0.00 0.00 0.00 0.00 0.00 0.00 0.00 0.00 0.00 0.00 0.00 0.00 0.00 0.00 0.00 0.00 0.00 
