0.00 0.00 0.00 0.00 0.00 0.00 0.00 0.00 0.00 0.00 0.00 0.00 0.00 0.00 0.00 0.00 0.00 0.00 0.00 0.00 0.00 0.00 0.00 0.00 0.00 0.00 0.00 0.00 0.00 0.00 0.00 0.00 0.00 0.00 0.00 0.00 0.00 0.00 0.00 0.00 0.00 0.00 0.00 0.00 0.00 0.00 0.00 0.00 0.00 0.00 0.00 0.00 0.00 0.00 0.00 0.00 0.00 0.00 0.00 0.00 0.00 0.00 0.00 0.00 0.00 0.00 0.00 0.00 0.00 0.00 0.00 0.00 0.00 0.00 0.00 0.00 0.00 0.00 0.00 0.00 0.00 0.00 0.00 
0.00 0.00 0.00 0.00 0.00 0.00 0.00 0.00 0.46 1.57 2.01 2.24 2.36 2.50 2.64 2.80 2.96 3.12 3.27 3.39 3.48 3.52 3.52 3.48 3.41 3.30 3.18 3.04 2.90 2.76 2.63 2.50 2.39 2.28 2.18 2.08 2.00 1.92 1.85 1.79 1.73 1.67 1.62 1.58 1.54 1.50 1.46 1.43 1.40 1.37 1.34 1.32 1.29 1.27 1.25 1.24 1.22 1.21 1.19 1.18 1.17 1.16 1.16 1.15 1.15 1.16 1.17 1.18 1.20 1.23 1.27 1.31 1.29 1.11 0.36 0.00 0.00 0.00 0.00 0.00 0.00 0.00 0.00 
0.00 0.00 0.00 0.00 0.00 0.00 0.97 2.38 2.55 1.86 1.72 1.75 1.84 1.94 2.06 2.18 2.30 2.42 2.53 2.62 2.68 2.71 2.71 2.67 2.61 2.53 2.43 2.33 2.22 2.12 2.02 1.92 1.83 1.75 1.67 1.60 1.54 1.48 1.43 1.38 1.33 1.29 1.25 1.22 1.18 1.15 1.13 1.10 1.08 1.05 1.03 1.02 1.00 0.98 0.97 0.95 0.94 0.93 0.92 0.91 0.90 0.90 0.89 0.89 0.89 0.89 0.90 0.91 0.92 0.95 0.97 1.01 1.09 1.30 1.96 2.03 0.93 0.00 0.00 0.00 0.00 0.00 0.00 
0.00 0.00 0.00 0.00 0.05 2.09 2.27 1.48 1.28 1.21 1.20 1.23 1.29 1.36 1.44 1.53 1.61 1.70 1.77 1.83 1.87 1.89 1.89 1.87 1.82 1.77 1.70 1.63 1.55 1.48 1.41 1.34 1.28 1.22 1.17 1.12 1.08 1.04 1.00 0.96 0.93 0.90 0.88 0.85 0.83 0.81 0.79 0.77 0.75 0.74 0.72 0.71 0.70 0.69 0.68 0.67 0.66 0.65 0.64 0.64 0.63 0.63 0.62 0.62 0.62 0.62 0.63 0.64 0.65 0.66 0.68 0.71 0.75 0.84 0.98 1.26 2.16 2.30 0.06 0.00 0.00 0.00 0.00 
0.00 0.00 0.00 0.05 2.43 1.75 1.26 1.09 1.01 1.01 0.98 1.00 1.05 1.11 1.18 1.25 1.32 1.38 1.44 1.49 1.53 1.54 1.54 1.52 1.48 1.44 1.38 1.32 1.26 1.21 1.15 1.09 1.04 1.00 0.95 0.91 0.88 0.84 0.81 0.78 0.76 0.73 0.71 0.69 0.67 0.66 0.64 0.63 0.61 0.60 0.59 0.58 0.57 0.56 0.55 0.54 0.54 0.53 0.52 0.52 0.51 0.51 0.51 0.51 0.51 0.51 0.51 0.52 0.53 0.54 0.56 0.57 0.61 0.70 0.77 0.92 1.20 1.91 3.11 0.06 0.00 0.00 0.00 
0.00 0.00 0.00 2.11 1.75 1.20 1.01 0.93 0.88 0.89 0.89 0.91 0.96 1.02 1.08 1.14 1.20 1.27 1.32 1.37 1.40 1.41 1.41 1.39 1.36 1.32 1.27 1.21 1.16 1.10 1.05 1.00 0.96 0.91 0.87 0.84 0.80 0.77 0.74 0.72 0.69 0.67 0.65 0.63 0.62 0.60 0.59 0.57 0.56 0.55 0.54 0.53 0.52 0.51 0.50 0.50 0.49 0.49 0.48 0.48 0.47 0.47 0.47 0.46 0.47 0.47 0.47 0.48 0.48 0.49 0.51 0.53 0.56 0.62 0.67 0.80 0.96 1.31 2.25 3.28 0.00 0.00 0.00 
0.00 0.00 1.00 2.28 1.25 1.00 0.89 0.84 0.79 0.80 0.83 0.86 0.91 0.96 1.02 1.08 1.14 1.20 1.25 1.29 1.32 1.34 1.33 1.32 1.28 1.24 1.20 1.15 1.09 1.04 0.99 0.95 0.90 0.86 0.83 0.79 0.76 0.73 0.70 0.68 0.66 0.64 0.62 0.60 0.58 0.57 0.56 0.54 0.53 0.52 0.51 0.50 0.49 0.49 0.48 0.47 0.46 0.46 0.45 0.45 0.45 0.44 0.44 0.44 0.44 0.44 0.44 0.45 0.46 0.47 0.48 0.50 0.52 0.46 0.61 0.71 0.82 0.97 1.45 3.46 1.67 0.00 0.00 
0.00 0.00 2.43 1.47 1.07 0.91 0.83 0.76 0.77 0.75 0.77 0.81 0.85 0.90 0.96 1.01 1.07 1.12 1.17 1.21 1.23 1.24 1.24 1.22 1.19 1.16 1.11 1.07 1.02 0.97 0.92 0.88 0.84 0.80 0.77 0.74 0.71 0.68 0.66 0.63 0.61 0.59 0.58 0.56 0.55 0.53 0.52 0.51 0.50 0.49 0.48 0.47 0.46 0.45 0.45 0.44 0.43 0.43 0.42 0.42 0.42 0.41 0.41 0.41 0.41 0.41 0.42 0.42 0.43 0.44 0.45 0.47 0.49 0.52 0.58 0.62 0.78 0.97 1.31 2.20 4.39 0.00 0.00 
0.00 0.48 2.55 1.23 0.96 0.83 0.76 0.75 0.72 0.71 0.60 0.56 0.58 0.62 0.65 0.69 0.73 0.76 0.80 0.82 0.84 0.85 0.84 0.83 0.81 0.79 0.76 0.72 0.69 0.66 0.63 0.60 0.57 0.55 0.52 0.50 0.48 0.46 0.45 0.43 0.42 0.40 0.39 0.38 0.37 0.36 0.35 0.35 0.34 0.33 0.32 0.32 0.31 0.31 0.30 0.30 0.30 0.29 0.29 0.29 0.28 0.28 0.28 0.28 0.28 0.28 0.28 0.29 0.29 0.30 0.31 0.32 0.38 0.49 0.55 0.39 0.72 0.73 0.94 1.60 3.88 0.00 0.00 
0.00 1.59 1.80 1.13 0.93 0.82 0.74 0.71 0.69 0.44 0.35 0.36 0.38 0.40 0.43 0.45 0.48 0.51 0.53 0.55 0.56 0.57 0.57 0.56 0.55 0.53 0.51 0.49 0.47 0.45 0.43 0.41 0.39 0.37 0.35 0.34 0.32 0.31 0.30 0.29 0.28 0.27 0.26 0.26 0.25 0.24 0.24 0.23 0.23 0.22 0.22 0.21 0.21 0.21 0.20 0.20 0.20 0.20 0.19 0.19 0.19 0.19 0.19 0.19 0.19 0.19 0.19 0.19 0.19 0.20 0.20 0.21 0.23 0.31 0.52 0.60 0.58 0.55 1.13 1.22 2.83 0.00 0.00 
0.00 1.97 1.60 1.08 0.86 0.79 0.74 0.70 0.56 0.34 0.73 0.75 0.79 0.83 0.88 0.93 0.98 1.03 1.08 1.11 1.14 1.15 1.14 1.13 1.10 1.07 1.03 0.98 0.94 0.89 0.85 0.81 0.78 0.74 0.71 0.68 0.65 0.63 0.61 0.58 0.57 0.55 0.53 0.52 0.50 0.49 0.48 0.47 0.46 0.45 0.44 0.43 0.43 0.42 0.41 0.41 0.40 0.40 0.39 0.39 0.38 0.38 0.38 0.38 0.38 0.38 0.38 0.39 0.40 0.40 0.42 0.43 0.22 0.24 0.42 0.59 0.48 0.84 1.06 1.52 2.29 1.30 0.00 
0.00 2.09 1.56 1.05 0.81 0.77 0.74 0.70 0.50 0.34 0.72 0.75 0.79 0.83 0.88 0.93 0.98 1.03 1.07 1.11 1.13 1.14 1.14 1.12 1.10 1.06 1.02 0.98 0.93 0.89 0.85 0.81 0.77 0.74 0.71 0.68 0.65 0.63 0.60 0.58 0.56 0.55 0.53 0.51 0.50 0.49 0.48 0.47 0.46 0.45 0.44 0.43 0.42 0.42 0.41 0.40 0.40 0.39 0.39 0.39 0.38 0.38 0.38 0.38 0.38 0.38 0.38 0.39 0.39 0.40 0.41 0.43 0.22 0.24 0.38 0.59 0.45 0.82 0.99 1.44 2.13 1.26 0.00 
0.00 1.97 1.60 1.07 0.86 0.79 0.74 0.70 0.56 0.34 0.34 0.36 0.38 0.40 0.42 0.45 0.47 0.50 0.52 0.54 0.55 0.56 0.56 0.56 0.54 0.53 0.51 0.49 0.46 0.44 0.42 0.40 0.38 0.36 0.35 0.33 0.32 0.31 0.30 0.29 0.28 0.27 0.26 0.25 0.25 0.24 0.23 0.23 0.22 0.22 0.21 0.21 0.21 0.20 0.20 0.20 0.19 0.19 0.19 0.19 0.19 0.19 0.18 0.18 0.18 0.18 0.19 0.19 0.19 0.20 0.20 0.21 0.22 0.24 0.42 0.59 0.48 0.45 1.03 1.00 2.19 0.00 0.00 
0.00 1.59 1.79 1.12 0.92 0.81 0.62 0.71 0.69 0.44 0.35 0.36 0.38 0.40 0.43 0.45 0.48 0.50 0.53 0.55 0.56 0.57 0.57 0.57 0.55 0.54 0.52 0.49 0.47 0.45 0.43 0.41 0.39 0.37 0.35 0.34 0.32 0.31 0.30 0.29 0.28 0.27 0.26 0.26 0.25 0.24 0.24 0.23 0.23 0.22 0.22 0.21 0.21 0.21 0.20 0.20 0.20 0.20 0.19 0.19 0.19 0.19 0.19 0.19 0.19 0.19 0.19 0.19 0.19 0.20 0.21 0.21 0.23 0.31 0.52 0.31 0.58 0.54 0.71 1.16 1.85 0.00 0.00 
0.00 0.48 2.53 1.22 0.95 0.83 0.76 0.75 0.73 0.72 0.61 0.57 0.59 0.62 0.66 0.70 0.74 0.77 0.80 0.83 0.84 0.85 0.85 0.84 0.82 0.79 0.76 0.73 0.70 0.66 0.63 0.60 0.58 0.55 0.53 0.51 0.49 0.47 0.45 0.44 0.42 0.41 0.40 0.39 0.37 0.37 0.36 0.35 0.34 0.33 0.33 0.32 0.32 0.31 0.31 0.30 0.30 0.29 0.29 0.29 0.29 0.28 0.28 0.28 0.28 0.28 0.29 0.29 0.29 0.30 0.31 0.32 0.38 0.50 0.55 0.39 0.71 0.72 0.91 1.48 3.34 0.00 0.00 
0.00 0.00 2.40 1.45 1.03 0.90 0.83 0.74 0.47 0.77 0.79 0.83 0.88 0.93 0.98 1.04 1.10 1.15 1.19 1.23 1.25 1.26 1.25 1.24 1.21 1.17 1.12 1.08 1.03 0.98 0.94 0.89 0.85 0.82 0.78 0.75 0.72 0.69 0.67 0.65 0.62 0.61 0.59 0.57 0.56 0.54 0.53 0.52 0.51 0.50 0.49 0.48 0.47 0.46 0.46 0.45 0.44 0.44 0.43 0.43 0.43 0.42 0.42 0.42 0.42 0.42 0.43 0.43 0.44 0.45 0.46 0.48 0.50 0.26 0.36 0.62 0.50 0.55 0.78 1.57 2.09 0.00 0.00 
0.00 0.00 0.98 2.25 1.23 0.99 0.87 0.84 0.80 0.67 0.57 0.55 0.57 0.61 0.64 0.68 0.72 0.75 0.79 0.81 0.83 0.84 0.84 0.83 0.81 0.78 0.75 0.72 0.69 0.66 0.63 0.60 0.57 0.54 0.52 0.50 0.48 0.46 0.44 0.43 0.41 0.40 0.39 0.38 0.37 0.36 0.35 0.34 0.34 0.33 0.32 0.32 0.31 0.31 0.30 0.30 0.29 0.29 0.29 0.28 0.28 0.28 0.28 0.28 0.28 0.28 0.28 0.28 0.29 0.30 0.30 0.32 0.36 0.47 0.61 0.47 0.81 0.94 1.32 2.48 0.00 0.00 0.00 
0.00 0.00 0.00 2.07 1.72 1.19 0.90 0.94 0.73 0.55 0.92 0.94 0.99 1.04 1.11 1.17 1.24 1.30 1.35 1.40 1.43 1.44 1.43 1.41 1.38 1.34 1.28 1.23 1.18 1.12 1.07 1.02 0.97 0.93 0.89 0.85 0.82 0.79 0.76 0.73 0.71 0.69 0.67 0.65 0.63 0.62 0.60 0.59 0.58 0.56 0.55 0.54 0.53 0.53 0.52 0.51 0.50 0.50 0.49 0.49 0.48 0.48 0.48 0.48 0.48 0.48 0.49 0.49 0.50 0.51 0.53 0.54 0.29 0.39 0.56 0.45 0.85 1.06 1.31 1.01 0.00 0.00 0.00 
0.00 0.00 0.00 0.05 2.37 1.73 1.15 1.08 0.79 1.03 0.99 0.98 1.03 1.09 1.15 1.22 1.29 1.35 1.41 1.46 1.49 1.50 1.49 1.47 1.44 1.39 1.34 1.28 1.22 1.17 1.11 1.06 1.01 0.97 0.93 0.89 0.85 0.82 0.79 0.76 0.74 0.72 0.70 0.68 0.66 0.64 0.63 0.61 0.60 0.59 0.58 0.57 0.56 0.55 0.54 0.53 0.53 0.52 0.51 0.51 0.50 0.50 0.50 0.50 0.50 0.50 0.51 0.51 0.52 0.53 0.55 0.57 0.63 0.43 0.61 0.56 1.06 1.16 1.81 0.00 0.00 0.00 0.00 
0.00 0.00 0.00 0.00 0.00 2.06 2.24 1.49 1.14 0.88 1.23 1.22 1.29 1.36 1.45 1.53 1.61 1.69 1.76 1.82 1.85 1.87 1.86 1.83 1.79 1.73 1.66 1.59 1.52 1.45 1.38 1.32 1.26 1.21 1.15 1.11 1.06 1.02 0.99 0.95 0.92 0.89 0.87 0.84 0.82 0.80 0.78 0.76 0.75 0.73 0.72 0.71 0.69 0.68 0.67 0.66 0.66 0.65 0.64 0.64 0.63 0.63 0.62 0.62 0.62 0.63 0.63 0.64 0.65 0.67 0.68 0.71 0.48 0.62 0.87 1.00 1.76 0.79 0.00 0.00 0.00 0.00 0.00 
0.00 0.00 0.00 0.00 0.00 0.00 0.85 2.39 2.32 1.80 1.54 1.52 1.60 1.70 1.80 1.90 2.00 2.09 2.17 2.23 2.27 2.28 2.27 2.23 2.18 2.11 2.03 1.95 1.86 1.78 1.69 1.62 1.55 1.48 1.42 1.36 1.31 1.26 1.21 1.17 1.13 1.10 1.07 1.04 1.01 0.99 0.96 0.94 0.92 0.90 0.89 0.87 0.86 0.84 0.83 0.82 0.81 0.80 0.79 0.78 0.78 0.77 0.77 0.77 0.77 0.77 0.78 0.78 0.80 0.82 0.84 0.87 0.96 0.88 1.74 1.17 0.00 0.00 0.00 0.00 0.00 0.00 0.00 
0.00 0.00 0.00 0.00 0.00 0.00 0.00 0.00 0.00 0.00 0.76 0.78 0.82 0.86 0.91 0.97 1.02 1.07 1.11 1.14 1.16 1.17 1.16 1.14 1.11 1.08 1.04 0.99 0.95 0.91 0.86 0.82 0.79 0.75 0.72 0.69 0.67 0.64 0.62 0.60 0.58 0.56 0.54 0.53 0.51 0.50 0.49 0.48 0.47 0.46 0.45 0.44 0.44 0.43 0.42 0.42 0.41 0.41 0.40 0.40 0.40 0.39 0.39 0.39 0.39 0.39 0.40 0.40 0.41 0.42 0.43 0.44 0.00 0.00 0.00 0.00 0.00 0.00 0.00 0.00 0.00 0.00 0.00 
0.00 0.00 0.00 0.00 0.00 0.00 0.00 0.00 0.00 0.00 0.00 0.00 0.00 0.00 0.00 0.00 0.00 0.00 0.00 0.00 0.00 0.00 0.00 0.00 0.00 0.00 0.00 0.00 0.00 0.00 0.00 0.00 0.00 0.00 0.00 0.00 0.00 0.00 0.00 0.00 0.00 0.00 0.00 0.00 0.00 0.00 0.00 0.00 0.00 0.00 0.00 0.00 0.00 0.00 0.00 0.00 0.00 0.00 0.00 0.00 0.00 0.00 0.00 0.00 0.00 0.00 0.00 0.00 0.00 0.00 0.00 0.00 0.00 0.00 0.00 0.00 0.00 0.00 0.00 0.00 0.00 0.00 0.00 
