0.00 0.00 0.00 0.00 0.00 0.00 0.00 0.00 0.00 0.00 0.00 0.00 0.00 0.00 0.00 0.00 0.00 0.00 0.00 0.00 0.00 0.00 0.00 0.00 0.00 0.00 0.00 0.00 0.00 0.00 0.00 0.00 0.00 0.00 0.00 0.00 0.00 0.00 0.00 0.00 0.00 0.00 0.00 0.00 0.00 0.00 0.00 0.00 0.00 0.00 0.00 0.00 0.00 0.00 0.00 0.00 0.00 0.00 0.00 0.00 0.00 0.00 0.00 0.00 0.00 0.00 0.00 0.00 0.00 0.00 0.00 0.00 0.00 0.00 0.00 0.00 0.00 0.00 0.00 0.00 0.00 0.00 0.00 
0.00 0.00 0.00 0.00 0.00 0.00 0.00 0.00 0.32 1.03 1.25 1.32 1.32 1.32 1.32 1.32 1.32 1.32 1.33 1.33 1.33 1.34 1.34 1.34 1.35 1.35 1.35 1.35 1.35 1.35 1.35 1.35 1.35 1.35 1.35 1.35 1.35 1.34 1.34 1.34 1.34 1.33 1.33 1.33 1.33 1.33 1.32 1.32 1.33 1.33 1.33 1.34 1.34 1.35 1.37 1.38 1.40 1.42 1.45 1.49 1.53 1.58 1.65 1.72 1.82 1.93 2.07 2.24 2.45 2.70 3.02 3.38 3.66 3.43 1.18 0.00 0.00 0.00 0.00 0.00 0.00 0.00 0.00 
0.00 0.00 0.00 0.00 0.00 0.00 0.71 1.68 1.72 1.20 1.06 1.02 1.02 1.01 1.01 1.01 1.02 1.02 1.02 1.02 1.03 1.03 1.03 1.03 1.04 1.04 1.04 1.04 1.04 1.04 1.04 1.04 1.04 1.04 1.04 1.04 1.04 1.04 1.03 1.03 1.03 1.03 1.03 1.02 1.02 1.02 1.02 1.02 1.02 1.02 1.03 1.03 1.04 1.04 1.05 1.06 1.08 1.10 1.12 1.15 1.18 1.22 1.27 1.32 1.40 1.48 1.59 1.71 1.87 2.07 2.31 2.60 3.05 3.94 6.42 7.19 3.48 0.00 0.00 0.00 0.00 0.00 0.00 
0.00 0.00 0.00 0.00 0.04 1.59 1.66 1.04 0.86 0.78 0.73 0.71 0.71 0.71 0.71 0.71 0.71 0.71 0.71 0.72 0.72 0.72 0.72 0.72 0.73 0.73 0.73 0.73 0.73 0.73 0.73 0.73 0.73 0.73 0.73 0.73 0.73 0.72 0.72 0.72 0.72 0.72 0.72 0.72 0.72 0.71 0.71 0.71 0.72 0.72 0.72 0.72 0.73 0.73 0.74 0.75 0.76 0.77 0.78 0.80 0.83 0.85 0.89 0.93 0.98 1.04 1.11 1.20 1.31 1.44 1.60 1.80 2.09 2.54 3.19 4.46 8.05 8.93 0.24 0.00 0.00 0.00 0.00 
0.00 0.00 0.00 0.04 1.94 1.33 0.92 0.77 0.68 0.65 0.60 0.58 0.58 0.58 0.58 0.58 0.58 0.58 0.58 0.58 0.58 0.59 0.59 0.59 0.59 0.59 0.59 0.59 0.59 0.59 0.59 0.59 0.59 0.59 0.59 0.59 0.59 0.59 0.59 0.59 0.59 0.59 0.58 0.58 0.58 0.58 0.58 0.58 0.58 0.58 0.59 0.59 0.59 0.60 0.60 0.61 0.62 0.63 0.64 0.65 0.67 0.70 0.72 0.76 0.80 0.84 0.90 0.98 1.07 1.17 1.30 1.46 1.70 2.11 2.50 3.24 4.45 7.33 11.83 0.23 0.00 0.00 0.00 
0.00 0.00 0.00 1.76 1.39 0.92 0.74 0.65 0.59 0.57 0.55 0.53 0.53 0.53 0.53 0.53 0.53 0.53 0.53 0.53 0.54 0.54 0.54 0.54 0.54 0.54 0.54 0.54 0.54 0.54 0.54 0.54 0.54 0.54 0.54 0.54 0.54 0.54 0.54 0.54 0.54 0.54 0.54 0.53 0.53 0.53 0.53 0.53 0.53 0.53 0.54 0.54 0.54 0.54 0.55 0.56 0.56 0.57 0.59 0.60 0.62 0.64 0.66 0.69 0.73 0.77 0.83 0.89 0.98 1.08 1.20 1.34 1.57 1.86 2.16 2.80 3.57 5.01 8.47 11.48 0.00 0.00 0.00 
0.00 0.00 0.88 1.90 0.99 0.76 0.65 0.59 0.53 0.51 0.50 0.50 0.50 0.50 0.50 0.50 0.50 0.50 0.50 0.50 0.51 0.51 0.51 0.51 0.51 0.51 0.51 0.51 0.51 0.51 0.51 0.51 0.51 0.51 0.51 0.51 0.51 0.51 0.51 0.51 0.51 0.51 0.51 0.51 0.51 0.50 0.50 0.50 0.50 0.51 0.51 0.51 0.51 0.52 0.52 0.53 0.53 0.54 0.55 0.57 0.58 0.60 0.63 0.66 0.69 0.73 0.78 0.85 0.92 1.02 1.13 1.27 1.42 1.38 1.98 2.47 3.02 3.69 5.48 11.97 4.99 0.00 0.00 
0.00 0.00 2.14 1.22 0.85 0.69 0.60 0.53 0.51 0.48 0.47 0.47 0.46 0.46 0.46 0.46 0.47 0.47 0.47 0.47 0.47 0.47 0.47 0.48 0.48 0.48 0.48 0.48 0.48 0.48 0.48 0.48 0.48 0.48 0.48 0.48 0.48 0.48 0.48 0.47 0.47 0.47 0.47 0.47 0.47 0.47 0.47 0.47 0.47 0.47 0.47 0.48 0.48 0.48 0.49 0.49 0.50 0.51 0.52 0.53 0.54 0.56 0.58 0.61 0.64 0.68 0.73 0.79 0.86 0.95 1.05 1.18 1.35 1.57 1.86 2.16 2.84 3.70 4.97 7.76 13.36 0.00 0.00 
0.00 0.44 2.25 1.03 0.76 0.63 0.56 0.52 0.48 0.45 0.36 0.32 0.32 0.32 0.32 0.32 0.32 0.32 0.32 0.32 0.32 0.32 0.32 0.32 0.32 0.33 0.33 0.33 0.33 0.33 0.33 0.33 0.33 0.33 0.33 0.33 0.33 0.32 0.32 0.32 0.32 0.32 0.32 0.32 0.32 0.32 0.32 0.32 0.32 0.32 0.32 0.32 0.33 0.33 0.33 0.33 0.34 0.34 0.35 0.36 0.37 0.38 0.40 0.41 0.44 0.46 0.50 0.53 0.58 0.64 0.71 0.81 1.03 1.45 1.75 1.36 2.60 2.77 3.52 5.66 12.04 0.00 0.00 
0.00 1.50 1.59 0.94 0.74 0.62 0.54 0.50 0.46 0.28 0.22 0.22 0.21 0.21 0.21 0.21 0.21 0.21 0.21 0.22 0.22 0.22 0.22 0.22 0.22 0.22 0.22 0.22 0.22 0.22 0.22 0.22 0.22 0.22 0.22 0.22 0.22 0.22 0.22 0.22 0.22 0.22 0.22 0.22 0.21 0.21 0.21 0.21 0.21 0.21 0.22 0.22 0.22 0.22 0.22 0.22 0.23 0.23 0.24 0.24 0.25 0.26 0.27 0.28 0.29 0.31 0.33 0.36 0.40 0.44 0.49 0.55 0.64 0.92 1.66 2.02 2.08 2.11 4.31 4.25 9.02 0.00 0.00 
0.00 1.88 1.42 0.90 0.69 0.60 0.53 0.49 0.37 0.22 0.43 0.43 0.43 0.43 0.43 0.43 0.43 0.43 0.43 0.43 0.43 0.44 0.44 0.44 0.44 0.44 0.44 0.44 0.44 0.44 0.44 0.44 0.44 0.44 0.44 0.44 0.44 0.44 0.44 0.44 0.44 0.44 0.44 0.44 0.43 0.43 0.43 0.43 0.43 0.44 0.44 0.44 0.44 0.44 0.45 0.45 0.46 0.47 0.48 0.49 0.50 0.52 0.54 0.56 0.59 0.63 0.67 0.73 0.79 0.87 0.96 1.04 0.63 0.74 1.34 1.99 1.76 3.18 4.04 5.51 7.33 3.67 0.00 
0.00 2.00 1.38 0.88 0.65 0.58 0.53 0.49 0.34 0.22 0.43 0.43 0.43 0.43 0.43 0.43 0.43 0.43 0.43 0.43 0.43 0.43 0.44 0.44 0.44 0.44 0.44 0.44 0.44 0.44 0.44 0.44 0.44 0.44 0.44 0.44 0.44 0.44 0.44 0.44 0.44 0.44 0.43 0.43 0.43 0.43 0.43 0.43 0.43 0.43 0.44 0.44 0.44 0.44 0.45 0.45 0.46 0.47 0.48 0.49 0.50 0.52 0.54 0.56 0.59 0.63 0.67 0.73 0.79 0.87 0.95 1.04 0.63 0.74 1.22 1.97 1.65 3.11 3.76 5.23 6.88 3.63 0.00 
0.00 1.88 1.41 0.89 0.68 0.60 0.53 0.49 0.37 0.22 0.21 0.21 0.21 0.21 0.21 0.21 0.21 0.21 0.21 0.21 0.21 0.21 0.21 0.21 0.21 0.22 0.22 0.22 0.22 0.22 0.22 0.22 0.22 0.22 0.22 0.22 0.21 0.21 0.21 0.21 0.21 0.21 0.21 0.21 0.21 0.21 0.21 0.21 0.21 0.21 0.21 0.21 0.21 0.22 0.22 0.22 0.22 0.23 0.23 0.24 0.24 0.25 0.26 0.28 0.29 0.31 0.33 0.36 0.39 0.43 0.48 0.55 0.63 0.74 1.33 1.97 1.72 1.75 3.92 3.47 7.24 0.00 0.00 
0.00 1.50 1.58 0.94 0.73 0.61 0.45 0.49 0.46 0.28 0.22 0.22 0.21 0.21 0.21 0.21 0.21 0.21 0.21 0.22 0.22 0.22 0.22 0.22 0.22 0.22 0.22 0.22 0.22 0.22 0.22 0.22 0.22 0.22 0.22 0.22 0.22 0.22 0.22 0.22 0.22 0.22 0.22 0.22 0.21 0.21 0.21 0.21 0.21 0.22 0.22 0.22 0.22 0.22 0.22 0.22 0.23 0.23 0.24 0.24 0.25 0.26 0.27 0.28 0.29 0.31 0.34 0.36 0.40 0.44 0.49 0.56 0.64 0.92 1.62 1.09 2.04 2.07 2.66 4.13 6.22 0.00 0.00 
0.00 0.44 2.23 1.02 0.75 0.63 0.55 0.52 0.48 0.45 0.36 0.32 0.32 0.32 0.32 0.32 0.32 0.32 0.32 0.32 0.32 0.32 0.33 0.33 0.33 0.33 0.33 0.33 0.33 0.33 0.33 0.33 0.33 0.33 0.33 0.33 0.33 0.33 0.33 0.33 0.33 0.33 0.32 0.32 0.32 0.32 0.32 0.32 0.32 0.32 0.33 0.33 0.33 0.33 0.33 0.34 0.34 0.35 0.36 0.36 0.37 0.39 0.40 0.42 0.44 0.47 0.50 0.54 0.59 0.65 0.72 0.82 1.02 1.44 1.71 1.37 2.50 2.67 3.40 5.39 11.68 0.00 0.00 
0.00 0.00 2.12 1.21 0.82 0.68 0.60 0.51 0.32 0.48 0.47 0.47 0.47 0.47 0.47 0.47 0.47 0.47 0.47 0.48 0.48 0.48 0.48 0.48 0.48 0.49 0.49 0.49 0.49 0.49 0.49 0.49 0.49 0.49 0.49 0.49 0.49 0.49 0.48 0.48 0.48 0.48 0.48 0.48 0.48 0.48 0.48 0.48 0.48 0.48 0.48 0.49 0.49 0.49 0.50 0.50 0.51 0.52 0.53 0.54 0.56 0.57 0.60 0.62 0.66 0.70 0.74 0.80 0.87 0.96 1.06 1.18 1.32 0.81 1.18 2.06 1.83 2.12 2.96 5.78 7.57 0.00 0.00 
0.00 0.00 0.86 1.87 0.97 0.75 0.63 0.58 0.53 0.42 0.35 0.32 0.31 0.31 0.31 0.31 0.31 0.32 0.32 0.32 0.32 0.32 0.32 0.32 0.32 0.32 0.32 0.32 0.32 0.32 0.32 0.32 0.32 0.32 0.32 0.32 0.32 0.32 0.32 0.32 0.32 0.32 0.32 0.32 0.32 0.32 0.32 0.32 0.32 0.32 0.32 0.32 0.32 0.33 0.33 0.33 0.34 0.34 0.35 0.36 0.37 0.38 0.40 0.41 0.44 0.46 0.50 0.53 0.58 0.64 0.71 0.80 0.99 1.36 1.89 1.61 2.86 3.46 4.99 9.27 0.00 0.00 0.00 
0.00 0.00 0.00 1.73 1.36 0.90 0.66 0.65 0.48 0.35 0.55 0.53 0.53 0.53 0.53 0.53 0.54 0.54 0.54 0.54 0.54 0.55 0.55 0.55 0.55 0.55 0.55 0.55 0.55 0.55 0.56 0.56 0.56 0.55 0.55 0.55 0.55 0.55 0.55 0.55 0.55 0.55 0.55 0.55 0.55 0.55 0.55 0.55 0.55 0.55 0.55 0.55 0.56 0.56 0.56 0.57 0.58 0.59 0.60 0.62 0.63 0.66 0.68 0.71 0.75 0.80 0.85 0.92 1.00 1.10 1.21 1.33 0.80 1.15 1.72 1.60 3.00 3.92 4.92 3.90 0.00 0.00 0.00 
0.00 0.00 0.00 0.04 1.89 1.30 0.83 0.74 0.53 0.64 0.60 0.56 0.55 0.55 0.55 0.56 0.56 0.56 0.56 0.56 0.57 0.57 0.57 0.57 0.57 0.57 0.58 0.58 0.58 0.58 0.58 0.58 0.58 0.58 0.58 0.58 0.58 0.57 0.57 0.57 0.57 0.57 0.57 0.57 0.57 0.57 0.57 0.57 0.57 0.57 0.57 0.57 0.58 0.58 0.59 0.59 0.60 0.61 0.63 0.64 0.66 0.68 0.71 0.74 0.78 0.83 0.89 0.96 1.04 1.14 1.26 1.40 1.67 1.28 1.88 1.91 3.70 4.25 6.95 0.00 0.00 0.00 0.00 
0.00 0.00 0.00 0.00 0.00 1.55 1.61 1.03 0.75 0.56 0.73 0.69 0.69 0.69 0.69 0.69 0.70 0.70 0.70 0.70 0.71 0.71 0.71 0.71 0.72 0.72 0.72 0.72 0.72 0.72 0.72 0.72 0.72 0.72 0.72 0.72 0.72 0.72 0.72 0.71 0.71 0.71 0.71 0.71 0.71 0.71 0.71 0.71 0.71 0.71 0.71 0.72 0.72 0.73 0.73 0.74 0.75 0.77 0.78 0.80 0.82 0.85 0.88 0.92 0.97 1.03 1.10 1.19 1.29 1.42 1.57 1.73 1.31 1.81 2.67 3.28 6.03 2.91 0.00 0.00 0.00 0.00 0.00 
0.00 0.00 0.00 0.00 0.00 0.00 0.61 1.63 1.51 1.12 0.91 0.85 0.84 0.85 0.85 0.85 0.85 0.86 0.86 0.86 0.87 0.87 0.87 0.88 0.88 0.88 0.88 0.88 0.89 0.89 0.89 0.89 0.89 0.89 0.89 0.88 0.88 0.88 0.88 0.88 0.88 0.88 0.88 0.87 0.87 0.87 0.87 0.87 0.87 0.88 0.88 0.88 0.89 0.89 0.90 0.91 0.93 0.94 0.96 0.98 1.01 1.05 1.09 1.13 1.19 1.26 1.35 1.45 1.58 1.73 1.91 2.14 2.52 2.50 5.21 3.73 0.00 0.00 0.00 0.00 0.00 0.00 0.00 
0.00 0.00 0.00 0.00 0.00 0.00 0.00 0.00 0.00 0.00 0.43 0.43 0.43 0.43 0.43 0.43 0.43 0.44 0.44 0.44 0.44 0.44 0.44 0.45 0.45 0.45 0.45 0.45 0.45 0.45 0.45 0.45 0.45 0.45 0.45 0.45 0.45 0.45 0.45 0.45 0.45 0.45 0.45 0.45 0.44 0.44 0.44 0.44 0.45 0.45 0.45 0.45 0.45 0.46 0.46 0.47 0.47 0.48 0.49 0.50 0.52 0.53 0.55 0.58 0.61 0.65 0.69 0.74 0.80 0.88 0.95 1.02 0.00 0.00 0.00 0.00 0.00 0.00 0.00 0.00 0.00 0.00 0.00 
0.00 0.00 0.00 0.00 0.00 0.00 0.00 0.00 0.00 0.00 0.00 0.00 0.00 0.00 0.00 0.00 0.00 0.00 0.00 0.00 0.00 0.00 0.00 0.00 0.00 0.00 0.00 0.00 0.00 0.00 0.00 0.00 0.00 0.00 0.00 0.00 0.00 0.00 0.00 0.00 0.00 0.00 0.00 0.00 0.00 0.00 0.00 0.00 0.00 0.00 0.00 0.00 0.00 0.00 0.00 0.00 0.00 0.00 0.00 0.00 0.00 0.00 0.00 0.00 0.00 0.00 0.00 0.00 0.00 0.00 0.00 0.00 0.00 0.00 0.00 0.00 0.00 0.00 0.00 0.00 0.00 0.00 0.00 
