0.00 0.00 0.00 0.00 0.00 0.00 0.00 0.00 0.00 0.00 0.00 0.00 0.00 0.00 0.00 0.00 0.00 0.00 0.00 0.00 0.00 0.00 0.00 0.00 0.00 0.00 0.00 0.00 0.00 0.00 0.00 0.00 0.00 0.00 0.00 0.00 0.00 0.00 0.00 0.00 0.00 0.00 0.00 0.00 0.00 0.00 0.00 0.00 0.00 0.00 0.00 0.00 0.00 0.00 0.00 0.00 0.00 0.00 0.00 0.00 0.00 0.00 0.00 0.00 0.00 0.00 0.00 0.00 0.00 0.00 0.00 0.00 0.00 0.00 0.00 0.00 0.00 0.00 0.00 0.00 0.00 0.00 0.00 
0.00 0.00 0.00 0.00 0.00 0.00 0.00 0.00 0.37 1.22 1.52 1.64 1.69 1.73 1.77 1.82 1.88 1.95 2.02 2.10 2.19 2.27 2.37 2.46 2.55 2.64 2.72 2.79 2.84 2.87 2.88 2.87 2.84 2.79 2.73 2.66 2.58 2.50 2.41 2.33 2.25 2.17 2.09 2.02 1.95 1.89 1.83 1.78 1.72 1.67 1.63 1.59 1.55 1.51 1.48 1.45 1.42 1.40 1.37 1.36 1.34 1.33 1.32 1.32 1.32 1.32 1.34 1.36 1.40 1.44 1.50 1.57 1.58 1.38 0.45 0.00 0.00 0.00 0.00 0.00 0.00 0.00 0.00 
0.00 0.00 0.00 0.00 0.00 0.00 0.80 1.93 2.02 1.44 1.30 1.28 1.30 1.33 1.37 1.41 1.46 1.51 1.57 1.63 1.69 1.76 1.84 1.91 1.98 2.04 2.10 2.15 2.19 2.21 2.22 2.21 2.18 2.15 2.10 2.04 1.98 1.92 1.86 1.79 1.73 1.67 1.61 1.56 1.50 1.46 1.41 1.37 1.33 1.29 1.26 1.22 1.19 1.17 1.14 1.12 1.10 1.08 1.06 1.04 1.03 1.02 1.02 1.01 1.01 1.02 1.03 1.05 1.07 1.11 1.16 1.22 1.33 1.61 2.47 2.62 1.21 0.00 0.00 0.00 0.00 0.00 0.00 
0.00 0.00 0.00 0.00 0.04 1.75 1.87 1.20 1.01 0.93 0.90 0.90 0.91 0.94 0.96 0.99 1.02 1.06 1.10 1.14 1.19 1.24 1.29 1.34 1.39 1.43 1.47 1.51 1.53 1.55 1.55 1.54 1.53 1.50 1.47 1.43 1.39 1.34 1.30 1.25 1.21 1.17 1.13 1.09 1.05 1.02 0.99 0.96 0.93 0.90 0.88 0.86 0.84 0.82 0.80 0.78 0.77 0.75 0.74 0.73 0.72 0.72 0.71 0.71 0.71 0.71 0.72 0.73 0.75 0.78 0.81 0.85 0.92 1.04 1.23 1.63 2.84 3.09 0.09 0.00 0.00 0.00 0.00 
0.00 0.00 0.00 0.04 2.08 1.47 1.03 0.88 0.80 0.78 0.74 0.73 0.74 0.76 0.78 0.81 0.83 0.86 0.90 0.93 0.97 1.01 1.05 1.09 1.13 1.17 1.20 1.23 1.25 1.26 1.26 1.26 1.24 1.22 1.20 1.16 1.13 1.09 1.06 1.02 0.99 0.95 0.92 0.89 0.86 0.83 0.80 0.78 0.76 0.74 0.72 0.70 0.68 0.66 0.65 0.64 0.63 0.61 0.60 0.60 0.59 0.58 0.58 0.58 0.58 0.58 0.59 0.60 0.61 0.63 0.66 0.69 0.75 0.87 0.97 1.18 1.57 2.56 4.25 0.09 0.00 0.00 0.00 
0.00 0.00 0.00 1.84 1.49 1.01 0.83 0.75 0.69 0.68 0.67 0.67 0.68 0.70 0.72 0.74 0.76 0.79 0.82 0.85 0.89 0.92 0.96 1.00 1.04 1.07 1.10 1.13 1.14 1.16 1.16 1.15 1.14 1.12 1.09 1.07 1.03 1.00 0.97 0.93 0.90 0.87 0.84 0.81 0.79 0.76 0.74 0.71 0.69 0.67 0.66 0.64 0.62 0.61 0.60 0.58 0.57 0.56 0.55 0.55 0.54 0.54 0.53 0.53 0.53 0.53 0.54 0.55 0.56 0.58 0.60 0.63 0.69 0.76 0.84 1.02 1.26 1.75 3.07 4.61 0.00 0.00 0.00 
0.00 0.00 0.89 1.98 1.06 0.84 0.73 0.68 0.63 0.61 0.62 0.63 0.64 0.66 0.68 0.70 0.72 0.75 0.78 0.81 0.84 0.88 0.91 0.95 0.98 1.01 1.04 1.07 1.08 1.09 1.10 1.09 1.08 1.06 1.04 1.01 0.98 0.95 0.92 0.88 0.85 0.82 0.80 0.77 0.74 0.72 0.70 0.68 0.66 0.64 0.62 0.60 0.59 0.58 0.56 0.55 0.54 0.53 0.52 0.52 0.51 0.51 0.50 0.50 0.50 0.51 0.51 0.52 0.53 0.55 0.57 0.60 0.63 0.57 0.77 0.91 1.07 1.29 1.98 4.85 2.42 0.00 0.00 
0.00 0.00 2.16 1.28 0.91 0.76 0.68 0.62 0.60 0.58 0.58 0.59 0.60 0.62 0.63 0.65 0.68 0.70 0.73 0.76 0.79 0.82 0.85 0.89 0.92 0.95 0.97 0.99 1.01 1.02 1.02 1.02 1.00 0.99 0.96 0.94 0.91 0.88 0.85 0.82 0.80 0.77 0.74 0.72 0.69 0.67 0.65 0.63 0.61 0.59 0.58 0.56 0.55 0.54 0.53 0.52 0.51 0.50 0.49 0.48 0.48 0.47 0.47 0.47 0.47 0.47 0.48 0.49 0.50 0.51 0.53 0.56 0.60 0.65 0.73 0.80 1.01 1.29 1.79 3.07 6.34 0.00 0.00 
0.00 0.43 2.26 1.07 0.82 0.70 0.63 0.60 0.57 0.54 0.45 0.41 0.41 0.42 0.43 0.45 0.46 0.48 0.50 0.52 0.54 0.56 0.58 0.60 0.63 0.65 0.66 0.68 0.69 0.69 0.69 0.69 0.68 0.67 0.66 0.64 0.62 0.60 0.58 0.56 0.54 0.52 0.50 0.49 0.47 0.46 0.44 0.43 0.42 0.40 0.39 0.38 0.37 0.37 0.36 0.35 0.34 0.34 0.33 0.33 0.32 0.32 0.32 0.32 0.32 0.32 0.32 0.33 0.34 0.35 0.36 0.38 0.46 0.61 0.69 0.50 0.93 0.98 1.27 2.23 5.57 0.00 0.00 
0.00 1.45 1.59 0.98 0.79 0.68 0.61 0.57 0.54 0.34 0.27 0.27 0.27 0.28 0.29 0.30 0.30 0.32 0.33 0.34 0.35 0.37 0.38 0.40 0.41 0.43 0.44 0.45 0.46 0.46 0.47 0.46 0.46 0.45 0.44 0.43 0.42 0.40 0.39 0.38 0.36 0.35 0.34 0.33 0.32 0.31 0.30 0.29 0.28 0.27 0.26 0.26 0.25 0.24 0.24 0.23 0.23 0.23 0.22 0.22 0.22 0.21 0.21 0.21 0.21 0.21 0.22 0.22 0.23 0.23 0.24 0.26 0.27 0.38 0.66 0.76 0.75 0.74 1.53 1.71 4.04 0.00 0.00 
0.00 1.81 1.42 0.93 0.74 0.66 0.60 0.57 0.44 0.26 0.54 0.54 0.55 0.57 0.59 0.60 0.63 0.65 0.67 0.70 0.73 0.76 0.79 0.82 0.85 0.87 0.90 0.92 0.93 0.94 0.94 0.94 0.93 0.91 0.89 0.87 0.84 0.81 0.79 0.76 0.73 0.71 0.68 0.66 0.64 0.62 0.60 0.58 0.57 0.55 0.53 0.52 0.51 0.50 0.49 0.48 0.47 0.46 0.45 0.45 0.44 0.44 0.44 0.43 0.44 0.44 0.44 0.45 0.46 0.48 0.49 0.51 0.27 0.30 0.53 0.75 0.63 1.12 1.44 2.11 3.27 1.91 0.00 
0.00 1.91 1.38 0.91 0.69 0.64 0.60 0.56 0.40 0.26 0.53 0.54 0.55 0.57 0.58 0.60 0.62 0.65 0.67 0.70 0.73 0.76 0.79 0.82 0.84 0.87 0.90 0.92 0.93 0.94 0.94 0.93 0.92 0.91 0.89 0.86 0.84 0.81 0.78 0.76 0.73 0.71 0.68 0.66 0.64 0.62 0.60 0.58 0.56 0.55 0.53 0.52 0.51 0.50 0.48 0.47 0.47 0.46 0.45 0.45 0.44 0.44 0.43 0.43 0.43 0.44 0.44 0.45 0.46 0.47 0.49 0.51 0.27 0.30 0.48 0.75 0.59 1.09 1.34 2.00 3.03 1.86 0.00 
0.00 1.80 1.42 0.93 0.73 0.66 0.60 0.56 0.44 0.26 0.26 0.26 0.27 0.27 0.28 0.29 0.30 0.31 0.32 0.33 0.35 0.36 0.38 0.39 0.41 0.42 0.43 0.44 0.45 0.46 0.46 0.46 0.45 0.45 0.44 0.42 0.41 0.40 0.39 0.37 0.36 0.35 0.33 0.32 0.31 0.30 0.29 0.28 0.28 0.27 0.26 0.25 0.25 0.24 0.24 0.23 0.23 0.22 0.22 0.22 0.21 0.21 0.21 0.21 0.21 0.21 0.21 0.22 0.22 0.23 0.24 0.25 0.27 0.30 0.53 0.75 0.62 0.61 1.40 1.39 3.11 0.00 0.00 
0.00 1.45 1.58 0.97 0.78 0.68 0.51 0.57 0.54 0.34 0.26 0.27 0.27 0.28 0.29 0.29 0.30 0.31 0.33 0.34 0.35 0.37 0.38 0.40 0.41 0.43 0.44 0.45 0.46 0.46 0.47 0.46 0.46 0.45 0.44 0.43 0.42 0.40 0.39 0.38 0.36 0.35 0.34 0.33 0.32 0.31 0.30 0.29 0.28 0.27 0.26 0.26 0.25 0.24 0.24 0.23 0.23 0.23 0.22 0.22 0.22 0.22 0.21 0.21 0.21 0.21 0.22 0.22 0.23 0.23 0.24 0.26 0.28 0.38 0.65 0.39 0.75 0.72 0.96 1.61 2.61 0.00 0.00 
0.00 0.43 2.24 1.06 0.81 0.69 0.62 0.60 0.57 0.55 0.45 0.41 0.41 0.43 0.44 0.45 0.47 0.49 0.50 0.52 0.55 0.57 0.59 0.61 0.63 0.65 0.67 0.68 0.69 0.70 0.70 0.70 0.69 0.68 0.66 0.64 0.63 0.61 0.59 0.57 0.55 0.53 0.51 0.49 0.48 0.46 0.45 0.43 0.42 0.41 0.40 0.39 0.38 0.37 0.36 0.35 0.35 0.34 0.34 0.33 0.33 0.33 0.32 0.32 0.32 0.33 0.33 0.33 0.34 0.35 0.37 0.39 0.46 0.61 0.69 0.50 0.92 0.95 1.23 2.04 4.69 0.00 0.00 
0.00 0.00 2.12 1.26 0.88 0.75 0.68 0.59 0.37 0.58 0.59 0.60 0.61 0.63 0.65 0.67 0.70 0.72 0.75 0.78 0.81 0.85 0.88 0.91 0.94 0.97 1.00 1.02 1.03 1.04 1.04 1.03 1.02 1.00 0.98 0.95 0.93 0.90 0.87 0.84 0.81 0.78 0.75 0.73 0.71 0.68 0.66 0.64 0.62 0.61 0.59 0.58 0.56 0.55 0.54 0.53 0.52 0.51 0.50 0.49 0.49 0.49 0.48 0.48 0.48 0.49 0.49 0.50 0.51 0.53 0.55 0.57 0.60 0.32 0.46 0.79 0.65 0.73 1.05 2.16 2.93 0.00 0.00 
0.00 0.00 0.87 1.95 1.05 0.83 0.71 0.68 0.63 0.51 0.43 0.40 0.40 0.42 0.43 0.44 0.46 0.47 0.49 0.51 0.53 0.55 0.58 0.60 0.62 0.64 0.66 0.67 0.68 0.69 0.69 0.69 0.68 0.67 0.65 0.64 0.62 0.60 0.58 0.56 0.54 0.52 0.50 0.48 0.47 0.45 0.44 0.43 0.41 0.40 0.39 0.38 0.37 0.36 0.36 0.35 0.34 0.34 0.33 0.33 0.32 0.32 0.32 0.32 0.32 0.32 0.32 0.33 0.34 0.35 0.36 0.38 0.44 0.58 0.77 0.60 1.05 1.23 1.78 3.38 0.00 0.00 0.00 
0.00 0.00 0.00 1.80 1.46 0.99 0.74 0.75 0.57 0.42 0.68 0.68 0.69 0.71 0.73 0.76 0.79 0.82 0.85 0.88 0.92 0.95 0.99 1.03 1.07 1.10 1.13 1.16 1.17 1.18 1.18 1.18 1.16 1.14 1.12 1.09 1.05 1.02 0.99 0.95 0.92 0.89 0.86 0.83 0.80 0.78 0.75 0.73 0.71 0.69 0.67 0.66 0.64 0.63 0.61 0.60 0.59 0.58 0.57 0.56 0.56 0.55 0.55 0.55 0.55 0.55 0.56 0.57 0.58 0.60 0.63 0.65 0.35 0.48 0.69 0.58 1.10 1.40 1.75 1.37 0.00 0.00 0.00 
0.00 0.00 0.00 0.04 2.02 1.44 0.94 0.86 0.62 0.78 0.74 0.71 0.72 0.74 0.76 0.79 0.82 0.85 0.88 0.92 0.96 0.99 1.03 1.07 1.11 1.15 1.18 1.20 1.22 1.23 1.23 1.23 1.21 1.19 1.16 1.13 1.10 1.06 1.03 0.99 0.96 0.93 0.89 0.86 0.84 0.81 0.79 0.76 0.74 0.72 0.70 0.68 0.67 0.65 0.64 0.62 0.61 0.60 0.59 0.59 0.58 0.58 0.57 0.57 0.57 0.58 0.58 0.59 0.61 0.63 0.65 0.68 0.77 0.53 0.76 0.71 1.37 1.53 2.42 0.00 0.00 0.00 0.00 
0.00 0.00 0.00 0.00 0.00 1.71 1.83 1.19 0.89 0.67 0.91 0.88 0.90 0.93 0.96 0.99 1.02 1.06 1.11 1.15 1.20 1.25 1.29 1.34 1.39 1.43 1.47 1.50 1.52 1.54 1.54 1.53 1.51 1.48 1.45 1.41 1.37 1.33 1.28 1.24 1.20 1.15 1.12 1.08 1.04 1.01 0.98 0.95 0.92 0.90 0.87 0.85 0.83 0.81 0.80 0.78 0.77 0.75 0.74 0.73 0.72 0.72 0.71 0.71 0.71 0.72 0.73 0.74 0.76 0.78 0.81 0.85 0.59 0.77 1.09 1.27 2.26 1.03 0.00 0.00 0.00 0.00 0.00 
0.00 0.00 0.00 0.00 0.00 0.00 0.69 1.90 1.80 1.36 1.13 1.09 1.11 1.15 1.19 1.23 1.27 1.32 1.37 1.43 1.49 1.55 1.61 1.67 1.72 1.77 1.82 1.85 1.88 1.89 1.89 1.88 1.85 1.82 1.78 1.73 1.68 1.63 1.57 1.52 1.47 1.42 1.37 1.33 1.28 1.24 1.20 1.17 1.14 1.10 1.08 1.05 1.02 1.00 0.98 0.96 0.94 0.93 0.91 0.90 0.89 0.88 0.88 0.88 0.88 0.89 0.89 0.91 0.93 0.96 1.00 1.05 1.17 1.08 2.17 1.47 0.00 0.00 0.00 0.00 0.00 0.00 0.00 
0.00 0.00 0.00 0.00 0.00 0.00 0.00 0.00 0.00 0.00 0.55 0.55 0.57 0.58 0.60 0.62 0.65 0.67 0.70 0.73 0.76 0.79 0.82 0.85 0.88 0.90 0.93 0.94 0.96 0.96 0.96 0.96 0.94 0.93 0.91 0.88 0.86 0.83 0.80 0.77 0.75 0.72 0.70 0.68 0.65 0.63 0.61 0.60 0.58 0.56 0.55 0.53 0.52 0.51 0.50 0.49 0.48 0.47 0.47 0.46 0.45 0.45 0.45 0.45 0.45 0.45 0.46 0.47 0.48 0.49 0.51 0.52 0.00 0.00 0.00 0.00 0.00 0.00 0.00 0.00 0.00 0.00 0.00 
0.00 0.00 0.00 0.00 0.00 0.00 0.00 0.00 0.00 0.00 0.00 0.00 0.00 0.00 0.00 0.00 0.00 0.00 0.00 0.00 0.00 0.00 0.00 0.00 0.00 0.00 0.00 0.00 0.00 0.00 0.00 0.00 0.00 0.00 0.00 0.00 0.00 0.00 0.00 0.00 0.00 0.00 0.00 0.00 0.00 0.00 0.00 0.00 0.00 0.00 0.00 0.00 0.00 0.00 0.00 0.00 0.00 0.00 0.00 0.00 0.00 0.00 0.00 0.00 0.00 0.00 0.00 0.00 0.00 0.00 0.00 0.00 0.00 0.00 0.00 0.00 0.00 0.00 0.00 0.00 0.00 0.00 0.00 
