0.00 0.00 0.00 0.00 0.00 0.00 0.00 0.00 0.00 0.00 0.00 0.00 0.00 0.00 0.00 0.00 0.00 0.00 0.00 0.00 0.00 0.00 0.00 0.00 0.00 0.00 0.00 0.00 0.00 0.00 0.00 0.00 0.00 0.00 0.00 0.00 0.00 0.00 0.00 0.00 0.00 0.00 0.00 0.00 0.00 0.00 0.00 0.00 0.00 0.00 0.00 0.00 0.00 0.00 0.00 0.00 0.00 0.00 0.00 0.00 0.00 0.00 0.00 0.00 0.00 0.00 0.00 0.00 0.00 0.00 0.00 0.00 0.00 0.00 0.00 0.00 0.00 0.00 0.00 0.00 0.00 0.00 0.00 
0.00 0.00 0.00 0.00 0.00 0.00 0.00 0.00 0.41 1.25 1.44 1.46 1.42 1.37 1.34 1.32 1.30 1.30 1.30 1.30 1.31 1.33 1.34 1.36 1.38 1.41 1.44 1.47 1.50 1.54 1.58 1.62 1.67 1.72 1.77 1.82 1.88 1.95 2.02 2.09 2.17 2.25 2.33 2.42 2.51 2.60 2.68 2.76 2.83 2.88 2.92 2.93 2.93 2.90 2.85 2.78 2.70 2.61 2.51 2.41 2.32 2.22 2.13 2.05 1.98 1.91 1.85 1.79 1.74 1.70 1.67 1.63 1.51 1.22 0.37 0.00 0.00 0.00 0.00 0.00 0.00 0.00 0.00 
0.00 0.00 0.00 0.00 0.00 0.00 1.02 2.28 2.21 1.45 1.22 1.13 1.09 1.05 1.03 1.01 1.00 1.00 1.00 1.00 1.01 1.02 1.03 1.05 1.07 1.09 1.11 1.13 1.16 1.19 1.22 1.25 1.28 1.32 1.36 1.41 1.45 1.50 1.55 1.61 1.67 1.73 1.80 1.86 1.93 2.00 2.06 2.12 2.17 2.21 2.24 2.26 2.25 2.23 2.20 2.15 2.09 2.02 1.95 1.87 1.80 1.72 1.66 1.59 1.53 1.48 1.43 1.39 1.35 1.32 1.29 1.27 1.29 1.43 2.02 1.94 0.81 0.00 0.00 0.00 0.00 0.00 0.00 
0.00 0.00 0.00 0.00 0.07 2.48 2.41 1.41 1.10 0.94 0.84 0.79 0.76 0.74 0.72 0.71 0.70 0.70 0.70 0.70 0.71 0.72 0.72 0.73 0.75 0.76 0.78 0.79 0.81 0.83 0.85 0.87 0.90 0.93 0.95 0.98 1.02 1.05 1.09 1.13 1.17 1.21 1.26 1.30 1.35 1.40 1.44 1.48 1.52 1.55 1.57 1.58 1.58 1.56 1.54 1.51 1.46 1.42 1.37 1.31 1.26 1.21 1.16 1.12 1.08 1.04 1.00 0.97 0.95 0.92 0.91 0.89 0.90 0.93 1.01 1.21 1.90 1.81 0.05 0.00 0.00 0.00 0.00 
0.00 0.00 0.00 0.08 3.31 2.08 1.34 1.04 0.86 0.78 0.69 0.64 0.62 0.60 0.59 0.58 0.57 0.57 0.57 0.57 0.58 0.58 0.59 0.60 0.61 0.62 0.63 0.65 0.66 0.68 0.69 0.71 0.73 0.75 0.78 0.80 0.83 0.86 0.89 0.92 0.95 0.99 1.02 1.06 1.10 1.14 1.17 1.21 1.24 1.26 1.28 1.29 1.29 1.28 1.26 1.23 1.19 1.16 1.11 1.07 1.03 0.99 0.95 0.91 0.88 0.85 0.82 0.79 0.77 0.75 0.74 0.73 0.73 0.78 0.80 0.88 1.05 1.51 2.18 0.04 0.00 0.00 0.00 
0.00 0.00 0.00 3.31 2.38 1.43 1.07 0.88 0.75 0.69 0.63 0.59 0.56 0.55 0.54 0.53 0.52 0.52 0.52 0.52 0.53 0.53 0.54 0.55 0.56 0.57 0.58 0.59 0.60 0.62 0.64 0.65 0.67 0.69 0.71 0.73 0.76 0.78 0.81 0.84 0.87 0.90 0.94 0.97 1.01 1.04 1.07 1.11 1.13 1.16 1.17 1.18 1.18 1.17 1.15 1.12 1.09 1.06 1.02 0.98 0.94 0.90 0.87 0.83 0.80 0.78 0.75 0.73 0.71 0.69 0.68 0.66 0.67 0.69 0.70 0.76 0.85 1.04 1.58 2.00 0.00 0.00 0.00 
0.00 0.00 1.82 3.61 1.69 1.19 0.94 0.80 0.68 0.61 0.58 0.55 0.53 0.52 0.51 0.50 0.50 0.49 0.49 0.50 0.50 0.51 0.51 0.52 0.53 0.54 0.55 0.56 0.57 0.59 0.60 0.62 0.63 0.65 0.67 0.69 0.72 0.74 0.77 0.79 0.82 0.85 0.89 0.92 0.95 0.98 1.02 1.05 1.07 1.09 1.11 1.11 1.11 1.11 1.09 1.07 1.04 1.00 0.97 0.93 0.89 0.86 0.82 0.79 0.76 0.74 0.71 0.69 0.67 0.66 0.64 0.63 0.62 0.51 0.64 0.69 0.73 0.78 1.03 2.14 0.88 0.00 0.00 
0.00 0.00 4.54 2.32 1.45 1.08 0.87 0.72 0.65 0.58 0.54 0.51 0.50 0.48 0.47 0.47 0.46 0.46 0.46 0.46 0.47 0.47 0.48 0.48 0.49 0.50 0.51 0.52 0.53 0.55 0.56 0.58 0.59 0.61 0.63 0.65 0.67 0.69 0.72 0.74 0.77 0.80 0.83 0.86 0.89 0.92 0.95 0.97 1.00 1.02 1.03 1.04 1.04 1.03 1.02 0.99 0.97 0.94 0.90 0.87 0.84 0.80 0.77 0.74 0.71 0.69 0.67 0.65 0.63 0.61 0.60 0.59 0.58 0.59 0.62 0.61 0.70 0.79 0.95 1.39 2.38 0.00 0.00 
0.00 1.01 4.79 1.95 1.30 0.98 0.80 0.70 0.62 0.54 0.42 0.36 0.34 0.33 0.32 0.32 0.31 0.31 0.31 0.32 0.32 0.32 0.32 0.33 0.34 0.34 0.35 0.36 0.36 0.37 0.38 0.39 0.40 0.41 0.43 0.44 0.46 0.47 0.49 0.50 0.52 0.54 0.56 0.58 0.60 0.62 0.64 0.66 0.68 0.69 0.70 0.71 0.71 0.70 0.69 0.68 0.66 0.64 0.62 0.59 0.57 0.55 0.53 0.51 0.49 0.47 0.46 0.44 0.43 0.42 0.41 0.41 0.45 0.55 0.58 0.38 0.65 0.60 0.68 1.03 2.20 0.00 0.00 
0.00 3.51 3.39 1.78 1.27 0.96 0.77 0.67 0.58 0.34 0.25 0.24 0.23 0.22 0.22 0.21 0.21 0.21 0.21 0.21 0.21 0.21 0.22 0.22 0.22 0.23 0.23 0.24 0.24 0.25 0.26 0.26 0.27 0.28 0.29 0.30 0.31 0.32 0.33 0.34 0.35 0.36 0.38 0.39 0.41 0.42 0.43 0.45 0.46 0.47 0.47 0.47 0.47 0.47 0.46 0.45 0.44 0.42 0.41 0.39 0.37 0.36 0.35 0.33 0.32 0.31 0.30 0.29 0.28 0.28 0.27 0.27 0.26 0.34 0.56 0.59 0.53 0.44 0.84 0.77 1.63 0.00 0.00 
0.00 4.45 3.02 1.71 1.19 0.92 0.76 0.66 0.47 0.27 0.49 0.47 0.46 0.44 0.43 0.43 0.43 0.42 0.43 0.43 0.43 0.44 0.44 0.45 0.45 0.46 0.47 0.48 0.49 0.51 0.52 0.53 0.55 0.56 0.58 0.60 0.62 0.64 0.66 0.68 0.71 0.73 0.76 0.79 0.82 0.85 0.87 0.90 0.92 0.94 0.95 0.96 0.96 0.95 0.94 0.92 0.89 0.87 0.84 0.81 0.77 0.74 0.71 0.69 0.66 0.64 0.62 0.60 0.58 0.57 0.56 0.55 0.26 0.26 0.45 0.59 0.43 0.70 0.79 1.01 1.33 0.68 0.00 
0.00 4.75 2.95 1.67 1.12 0.90 0.76 0.66 0.43 0.27 0.49 0.47 0.45 0.44 0.43 0.43 0.42 0.42 0.42 0.43 0.43 0.43 0.44 0.45 0.45 0.46 0.47 0.48 0.49 0.50 0.52 0.53 0.54 0.56 0.58 0.60 0.61 0.64 0.66 0.68 0.71 0.73 0.76 0.79 0.81 0.84 0.87 0.89 0.92 0.94 0.95 0.96 0.96 0.95 0.94 0.92 0.89 0.86 0.83 0.80 0.77 0.74 0.71 0.69 0.66 0.64 0.62 0.60 0.58 0.57 0.56 0.55 0.26 0.26 0.41 0.59 0.40 0.69 0.74 0.97 1.26 0.67 0.00 
0.00 4.47 3.03 1.70 1.18 0.92 0.76 0.66 0.47 0.27 0.25 0.24 0.23 0.22 0.21 0.21 0.21 0.21 0.21 0.21 0.21 0.21 0.21 0.22 0.22 0.23 0.23 0.23 0.24 0.25 0.25 0.26 0.27 0.27 0.28 0.29 0.30 0.31 0.32 0.33 0.35 0.36 0.37 0.39 0.40 0.41 0.43 0.44 0.45 0.46 0.47 0.47 0.47 0.46 0.45 0.44 0.43 0.42 0.40 0.38 0.37 0.35 0.34 0.33 0.32 0.30 0.29 0.29 0.28 0.27 0.27 0.26 0.26 0.26 0.45 0.59 0.43 0.35 0.79 0.64 1.33 0.00 0.00 
0.00 3.55 3.38 1.78 1.25 0.95 0.64 0.66 0.58 0.34 0.25 0.24 0.23 0.22 0.22 0.21 0.21 0.21 0.21 0.21 0.21 0.21 0.22 0.22 0.22 0.23 0.23 0.24 0.24 0.25 0.26 0.26 0.27 0.28 0.29 0.30 0.31 0.32 0.33 0.34 0.35 0.36 0.38 0.39 0.41 0.42 0.43 0.45 0.46 0.47 0.47 0.47 0.47 0.47 0.46 0.45 0.44 0.42 0.41 0.39 0.37 0.36 0.34 0.33 0.32 0.31 0.30 0.29 0.28 0.28 0.27 0.27 0.26 0.35 0.57 0.29 0.54 0.44 0.51 0.77 1.15 0.00 0.00 
0.00 1.03 4.81 1.94 1.28 0.97 0.79 0.69 0.61 0.54 0.42 0.36 0.34 0.33 0.32 0.32 0.32 0.32 0.32 0.32 0.32 0.32 0.33 0.33 0.34 0.34 0.35 0.36 0.37 0.38 0.39 0.40 0.41 0.42 0.43 0.45 0.46 0.48 0.49 0.51 0.53 0.55 0.57 0.59 0.61 0.63 0.65 0.67 0.68 0.70 0.71 0.71 0.71 0.71 0.70 0.69 0.67 0.65 0.63 0.60 0.58 0.56 0.54 0.52 0.50 0.48 0.46 0.45 0.44 0.43 0.42 0.41 0.46 0.57 0.60 0.38 0.67 0.61 0.69 1.03 2.15 0.00 0.00 
0.00 0.00 4.54 2.30 1.39 1.05 0.85 0.68 0.40 0.57 0.54 0.52 0.50 0.49 0.48 0.47 0.47 0.47 0.47 0.47 0.48 0.48 0.49 0.49 0.50 0.51 0.52 0.53 0.55 0.56 0.57 0.59 0.60 0.62 0.64 0.66 0.68 0.70 0.73 0.75 0.78 0.81 0.84 0.87 0.90 0.93 0.96 0.99 1.01 1.03 1.05 1.06 1.06 1.05 1.04 1.02 0.99 0.97 0.93 0.90 0.87 0.83 0.80 0.77 0.74 0.72 0.69 0.67 0.65 0.64 0.62 0.61 0.61 0.29 0.38 0.63 0.46 0.45 0.58 1.10 1.36 0.00 0.00 
0.00 0.00 1.81 3.58 1.66 1.17 0.91 0.78 0.67 0.51 0.39 0.35 0.33 0.32 0.32 0.31 0.31 0.31 0.31 0.31 0.32 0.32 0.32 0.33 0.33 0.34 0.35 0.35 0.36 0.37 0.38 0.39 0.40 0.41 0.42 0.44 0.45 0.47 0.48 0.50 0.52 0.54 0.56 0.58 0.60 0.62 0.64 0.66 0.68 0.69 0.70 0.70 0.70 0.70 0.69 0.67 0.65 0.63 0.61 0.59 0.57 0.54 0.52 0.50 0.48 0.47 0.45 0.44 0.43 0.42 0.41 0.40 0.44 0.54 0.67 0.45 0.77 0.81 1.05 1.82 0.00 0.00 0.00 
0.00 0.00 0.00 3.27 2.32 1.39 0.95 0.86 0.61 0.42 0.62 0.58 0.57 0.55 0.54 0.54 0.53 0.53 0.53 0.54 0.54 0.55 0.55 0.56 0.57 0.58 0.59 0.61 0.62 0.63 0.65 0.67 0.69 0.71 0.73 0.75 0.77 0.80 0.83 0.86 0.89 0.92 0.96 0.99 1.03 1.06 1.10 1.13 1.16 1.18 1.20 1.21 1.21 1.20 1.18 1.16 1.13 1.09 1.06 1.02 0.98 0.94 0.90 0.87 0.84 0.81 0.78 0.76 0.74 0.72 0.71 0.70 0.34 0.43 0.60 0.44 0.80 0.93 1.05 0.74 0.00 0.00 0.00 
0.00 0.00 0.00 0.08 3.24 2.01 1.19 0.98 0.66 0.76 0.68 0.61 0.59 0.58 0.57 0.56 0.56 0.55 0.56 0.56 0.56 0.57 0.58 0.59 0.60 0.61 0.62 0.63 0.65 0.66 0.68 0.70 0.72 0.74 0.76 0.78 0.81 0.83 0.86 0.89 0.93 0.96 1.00 1.03 1.07 1.11 1.14 1.17 1.20 1.23 1.25 1.26 1.26 1.25 1.23 1.21 1.17 1.14 1.10 1.06 1.02 0.98 0.94 0.91 0.87 0.84 0.81 0.79 0.77 0.75 0.74 0.73 0.77 0.48 0.66 0.55 1.02 1.03 1.47 0.00 0.00 0.00 0.00 
0.00 0.00 0.00 0.00 0.00 2.35 2.29 1.36 0.95 0.67 0.83 0.76 0.73 0.72 0.70 0.70 0.69 0.69 0.69 0.70 0.70 0.71 0.72 0.73 0.74 0.76 0.77 0.79 0.81 0.83 0.85 0.87 0.89 0.92 0.95 0.98 1.01 1.04 1.08 1.11 1.15 1.20 1.24 1.29 1.33 1.38 1.42 1.46 1.50 1.53 1.55 1.57 1.57 1.56 1.54 1.51 1.47 1.42 1.38 1.33 1.28 1.23 1.18 1.13 1.09 1.06 1.02 0.99 0.96 0.94 0.92 0.91 0.58 0.71 0.95 1.02 1.72 0.70 0.00 0.00 0.00 0.00 0.00 
0.00 0.00 0.00 0.00 0.00 0.00 0.84 2.16 1.89 1.32 1.03 0.93 0.90 0.88 0.86 0.86 0.85 0.85 0.85 0.86 0.87 0.87 0.89 0.90 0.91 0.93 0.95 0.97 0.99 1.02 1.04 1.07 1.10 1.13 1.16 1.20 1.24 1.28 1.32 1.37 1.42 1.47 1.52 1.58 1.63 1.69 1.74 1.79 1.84 1.88 1.91 1.92 1.93 1.92 1.90 1.86 1.82 1.76 1.71 1.65 1.59 1.53 1.47 1.41 1.36 1.31 1.27 1.23 1.20 1.17 1.14 1.13 1.19 1.02 1.93 1.23 0.00 0.00 0.00 0.00 0.00 0.00 0.00 
0.00 0.00 0.00 0.00 0.00 0.00 0.00 0.00 0.00 0.00 0.48 0.47 0.46 0.45 0.44 0.44 0.43 0.43 0.43 0.44 0.44 0.45 0.45 0.46 0.47 0.47 0.48 0.49 0.51 0.52 0.53 0.54 0.56 0.58 0.59 0.61 0.63 0.65 0.67 0.70 0.72 0.75 0.78 0.80 0.83 0.86 0.89 0.91 0.94 0.96 0.97 0.98 0.98 0.98 0.97 0.95 0.92 0.90 0.87 0.84 0.81 0.78 0.75 0.72 0.69 0.67 0.65 0.63 0.61 0.60 0.59 0.58 0.00 0.00 0.00 0.00 0.00 0.00 0.00 0.00 0.00 0.00 0.00 
0.00 0.00 0.00 0.00 0.00 0.00 0.00 0.00 0.00 0.00 0.00 0.00 0.00 0.00 0.00 0.00 0.00 0.00 0.00 0.00 0.00 0.00 0.00 0.00 0.00 0.00 0.00 0.00 0.00 0.00 0.00 0.00 0.00 0.00 0.00 0.00 0.00 0.00 0.00 0.00 0.00 0.00 0.00 0.00 0.00 0.00 0.00 0.00 0.00 0.00 0.00 0.00 0.00 0.00 0.00 0.00 0.00 0.00 0.00 0.00 0.00 0.00 0.00 0.00 0.00 0.00 0.00 0.00 0.00 0.00 0.00 0.00 0.00 0.00 0.00 0.00 0.00 0.00 0.00 0.00 0.00 0.00 0.00 
