0.00 0.00 0.00 0.00 0.00 0.00 0.00 0.00 0.00 0.00 0.00 0.00 0.00 0.00 0.00 0.00 0.00 0.00 0.00 0.00 0.00 0.00 0.00 0.00 0.00 0.00 0.00 0.00 0.00 0.00 0.00 0.00 0.00 0.00 0.00 0.00 0.00 0.00 0.00 0.00 0.00 0.00 0.00 0.00 0.00 0.00 0.00 0.00 0.00 0.00 0.00 0.00 0.00 0.00 0.00 0.00 0.00 0.00 0.00 0.00 0.00 0.00 0.00 0.00 0.00 0.00 0.00 0.00 0.00 0.00 0.00 0.00 0.00 0.00 0.00 0.00 0.00 0.00 0.00 0.00 0.00 0.00 0.00 
0.00 0.00 0.00 0.00 0.00 0.00 0.00 0.00 0.38 1.16 1.35 1.38 1.34 1.30 1.27 1.25 1.24 1.24 1.24 1.24 1.25 1.26 1.28 1.29 1.31 1.33 1.36 1.39 1.41 1.45 1.48 1.52 1.56 1.60 1.64 1.69 1.75 1.80 1.87 1.93 2.00 2.08 2.16 2.25 2.34 2.44 2.54 2.65 2.75 2.85 2.94 3.02 3.08 3.12 3.13 3.12 3.07 3.00 2.91 2.81 2.69 2.57 2.45 2.34 2.23 2.14 2.05 1.97 1.90 1.84 1.79 1.73 1.59 1.28 0.39 0.00 0.00 0.00 0.00 0.00 0.00 0.00 0.00 
0.00 0.00 0.00 0.00 0.00 0.00 0.94 2.10 2.04 1.35 1.14 1.07 1.03 1.00 0.98 0.96 0.96 0.95 0.95 0.96 0.96 0.97 0.98 1.00 1.01 1.03 1.05 1.07 1.09 1.11 1.14 1.17 1.20 1.23 1.27 1.31 1.35 1.39 1.44 1.49 1.54 1.60 1.66 1.73 1.80 1.88 1.96 2.03 2.11 2.19 2.26 2.32 2.37 2.40 2.41 2.40 2.37 2.32 2.25 2.17 2.09 2.00 1.91 1.82 1.74 1.66 1.59 1.53 1.47 1.42 1.38 1.35 1.36 1.50 2.11 2.01 0.84 0.00 0.00 0.00 0.00 0.00 0.00 
0.00 0.00 0.00 0.00 0.06 2.25 2.20 1.30 1.02 0.87 0.79 0.74 0.72 0.70 0.68 0.67 0.67 0.67 0.67 0.67 0.67 0.68 0.69 0.70 0.71 0.72 0.73 0.75 0.76 0.78 0.80 0.82 0.84 0.86 0.89 0.91 0.94 0.97 1.01 1.04 1.08 1.12 1.16 1.21 1.26 1.31 1.37 1.42 1.48 1.53 1.58 1.62 1.66 1.68 1.69 1.68 1.66 1.63 1.58 1.52 1.46 1.40 1.34 1.28 1.22 1.17 1.12 1.07 1.03 1.00 0.97 0.95 0.95 0.98 1.06 1.25 1.96 1.85 0.05 0.00 0.00 0.00 0.00 
0.00 0.00 0.00 0.07 2.98 1.89 1.22 0.95 0.80 0.73 0.65 0.60 0.58 0.57 0.56 0.55 0.54 0.54 0.54 0.55 0.55 0.55 0.56 0.57 0.58 0.59 0.60 0.61 0.62 0.64 0.65 0.67 0.68 0.70 0.72 0.74 0.77 0.79 0.82 0.85 0.88 0.91 0.95 0.99 1.03 1.07 1.11 1.16 1.20 1.25 1.29 1.32 1.35 1.37 1.38 1.37 1.35 1.33 1.29 1.24 1.19 1.14 1.09 1.04 1.00 0.95 0.91 0.88 0.84 0.82 0.79 0.77 0.77 0.82 0.84 0.91 1.09 1.55 2.22 0.04 0.00 0.00 0.00 
0.00 0.00 0.00 2.97 2.14 1.30 0.98 0.81 0.69 0.64 0.59 0.55 0.53 0.52 0.51 0.50 0.50 0.50 0.50 0.50 0.50 0.51 0.51 0.52 0.53 0.54 0.55 0.56 0.57 0.58 0.60 0.61 0.63 0.64 0.66 0.68 0.70 0.73 0.75 0.78 0.81 0.84 0.87 0.90 0.94 0.98 1.02 1.06 1.10 1.14 1.18 1.21 1.24 1.25 1.26 1.26 1.24 1.21 1.18 1.14 1.09 1.05 1.00 0.95 0.91 0.87 0.83 0.80 0.77 0.75 0.73 0.71 0.71 0.72 0.73 0.79 0.88 1.07 1.61 2.04 0.00 0.00 0.00 
0.00 0.00 1.64 3.24 1.52 1.08 0.86 0.73 0.63 0.57 0.54 0.52 0.50 0.49 0.48 0.47 0.47 0.47 0.47 0.47 0.48 0.48 0.49 0.49 0.50 0.51 0.52 0.53 0.54 0.55 0.56 0.58 0.59 0.61 0.63 0.64 0.66 0.69 0.71 0.73 0.76 0.79 0.82 0.85 0.89 0.93 0.96 1.00 1.04 1.08 1.11 1.14 1.17 1.19 1.19 1.19 1.17 1.15 1.12 1.08 1.04 0.99 0.95 0.91 0.87 0.83 0.79 0.76 0.73 0.71 0.69 0.67 0.66 0.54 0.67 0.72 0.76 0.81 1.06 2.18 0.90 0.00 0.00 
0.00 0.00 4.09 2.08 1.30 0.98 0.80 0.66 0.60 0.54 0.51 0.48 0.47 0.46 0.45 0.44 0.44 0.44 0.44 0.44 0.44 0.45 0.45 0.46 0.47 0.47 0.48 0.49 0.50 0.51 0.53 0.54 0.55 0.57 0.58 0.60 0.62 0.64 0.66 0.69 0.71 0.74 0.77 0.80 0.83 0.86 0.90 0.93 0.97 1.00 1.04 1.07 1.09 1.10 1.11 1.11 1.09 1.07 1.04 1.01 0.97 0.93 0.89 0.85 0.81 0.78 0.74 0.71 0.69 0.67 0.65 0.63 0.62 0.62 0.65 0.63 0.73 0.82 0.97 1.41 2.44 0.00 0.00 
0.00 0.92 4.31 1.75 1.17 0.89 0.74 0.64 0.57 0.51 0.39 0.33 0.32 0.31 0.31 0.30 0.30 0.30 0.30 0.30 0.30 0.31 0.31 0.31 0.32 0.32 0.33 0.34 0.34 0.35 0.36 0.37 0.38 0.39 0.40 0.41 0.42 0.44 0.45 0.47 0.48 0.50 0.52 0.54 0.56 0.59 0.61 0.64 0.66 0.68 0.71 0.72 0.74 0.75 0.75 0.75 0.74 0.73 0.71 0.69 0.66 0.63 0.61 0.58 0.55 0.53 0.51 0.49 0.47 0.45 0.44 0.43 0.48 0.59 0.61 0.39 0.68 0.62 0.70 1.05 2.25 0.00 0.00 
0.00 3.21 3.05 1.60 1.14 0.87 0.70 0.62 0.54 0.32 0.24 0.23 0.22 0.21 0.21 0.20 0.20 0.20 0.20 0.20 0.20 0.20 0.21 0.21 0.21 0.22 0.22 0.22 0.23 0.23 0.24 0.25 0.25 0.26 0.27 0.27 0.28 0.29 0.30 0.31 0.32 0.34 0.35 0.36 0.38 0.40 0.41 0.43 0.45 0.46 0.48 0.49 0.50 0.51 0.51 0.50 0.50 0.49 0.47 0.45 0.44 0.42 0.40 0.38 0.36 0.35 0.33 0.32 0.31 0.30 0.29 0.28 0.28 0.36 0.58 0.62 0.55 0.45 0.87 0.79 1.67 0.00 0.00 
0.00 4.08 2.71 1.53 1.07 0.84 0.70 0.61 0.44 0.25 0.46 0.44 0.43 0.42 0.41 0.41 0.40 0.40 0.40 0.41 0.41 0.41 0.42 0.42 0.43 0.44 0.45 0.45 0.46 0.47 0.49 0.50 0.51 0.52 0.54 0.56 0.57 0.59 0.61 0.63 0.66 0.68 0.71 0.73 0.76 0.80 0.83 0.86 0.89 0.93 0.96 0.98 1.00 1.02 1.03 1.02 1.01 0.99 0.97 0.93 0.90 0.86 0.82 0.79 0.75 0.72 0.69 0.66 0.64 0.62 0.60 0.59 0.27 0.27 0.47 0.62 0.45 0.72 0.81 1.04 1.37 0.70 0.00 
0.00 4.35 2.65 1.50 1.00 0.82 0.69 0.60 0.39 0.25 0.46 0.44 0.43 0.42 0.41 0.41 0.40 0.40 0.40 0.41 0.41 0.41 0.42 0.42 0.43 0.44 0.44 0.45 0.46 0.47 0.48 0.50 0.51 0.52 0.54 0.55 0.57 0.59 0.61 0.63 0.65 0.68 0.70 0.73 0.76 0.79 0.82 0.86 0.89 0.92 0.95 0.98 1.00 1.01 1.02 1.02 1.01 0.99 0.96 0.93 0.89 0.86 0.82 0.78 0.75 0.72 0.69 0.66 0.64 0.62 0.60 0.59 0.27 0.27 0.43 0.62 0.41 0.71 0.77 0.99 1.29 0.69 0.00 
0.00 4.10 2.72 1.52 1.06 0.83 0.69 0.60 0.43 0.25 0.23 0.22 0.21 0.21 0.20 0.20 0.20 0.20 0.20 0.20 0.20 0.20 0.20 0.21 0.21 0.21 0.22 0.22 0.23 0.23 0.24 0.24 0.25 0.26 0.26 0.27 0.28 0.29 0.30 0.31 0.32 0.33 0.35 0.36 0.37 0.39 0.41 0.42 0.44 0.46 0.47 0.48 0.49 0.50 0.50 0.50 0.49 0.48 0.46 0.45 0.43 0.41 0.39 0.37 0.36 0.34 0.33 0.31 0.30 0.29 0.28 0.28 0.27 0.27 0.48 0.62 0.45 0.36 0.81 0.65 1.36 0.00 0.00 
0.00 3.24 3.03 1.59 1.12 0.86 0.59 0.61 0.53 0.32 0.24 0.22 0.22 0.21 0.21 0.20 0.20 0.20 0.20 0.20 0.20 0.20 0.21 0.21 0.21 0.22 0.22 0.22 0.23 0.23 0.24 0.25 0.25 0.26 0.27 0.27 0.28 0.29 0.30 0.31 0.32 0.34 0.35 0.36 0.38 0.40 0.41 0.43 0.45 0.46 0.48 0.49 0.50 0.51 0.51 0.50 0.50 0.49 0.47 0.45 0.43 0.41 0.40 0.38 0.36 0.34 0.33 0.32 0.31 0.30 0.29 0.28 0.28 0.36 0.60 0.30 0.56 0.46 0.53 0.79 1.18 0.00 0.00 
0.00 0.93 4.31 1.74 1.16 0.88 0.73 0.64 0.56 0.50 0.39 0.33 0.32 0.31 0.31 0.30 0.30 0.30 0.30 0.30 0.31 0.31 0.31 0.32 0.32 0.33 0.33 0.34 0.35 0.35 0.36 0.37 0.38 0.39 0.40 0.41 0.43 0.44 0.46 0.47 0.49 0.51 0.53 0.55 0.57 0.59 0.62 0.64 0.66 0.69 0.71 0.73 0.75 0.76 0.76 0.76 0.75 0.74 0.72 0.70 0.67 0.64 0.62 0.59 0.56 0.54 0.52 0.50 0.48 0.46 0.45 0.44 0.49 0.61 0.63 0.40 0.70 0.64 0.71 1.06 2.21 0.00 0.00 
0.00 0.00 4.07 2.05 1.25 0.95 0.78 0.63 0.37 0.53 0.50 0.48 0.47 0.46 0.45 0.45 0.45 0.45 0.45 0.45 0.45 0.46 0.46 0.47 0.48 0.48 0.49 0.50 0.51 0.52 0.54 0.55 0.56 0.58 0.60 0.61 0.63 0.65 0.67 0.70 0.72 0.75 0.78 0.81 0.84 0.88 0.91 0.95 0.98 1.02 1.05 1.08 1.11 1.12 1.13 1.13 1.12 1.10 1.07 1.04 1.00 0.96 0.92 0.88 0.84 0.81 0.77 0.74 0.72 0.69 0.67 0.66 0.65 0.30 0.40 0.66 0.48 0.46 0.59 1.13 1.40 0.00 0.00 
0.00 0.00 1.62 3.20 1.49 1.06 0.83 0.72 0.62 0.47 0.37 0.33 0.32 0.31 0.30 0.30 0.30 0.30 0.30 0.30 0.30 0.30 0.31 0.31 0.32 0.32 0.33 0.33 0.34 0.35 0.36 0.36 0.37 0.38 0.40 0.41 0.42 0.43 0.45 0.46 0.48 0.50 0.52 0.54 0.56 0.58 0.61 0.63 0.66 0.68 0.70 0.72 0.74 0.75 0.75 0.75 0.74 0.73 0.71 0.68 0.66 0.63 0.60 0.57 0.55 0.52 0.50 0.48 0.47 0.45 0.44 0.43 0.46 0.57 0.70 0.47 0.80 0.84 1.09 1.88 0.00 0.00 0.00 
0.00 0.00 0.00 2.92 2.09 1.26 0.86 0.79 0.56 0.39 0.58 0.55 0.53 0.52 0.51 0.51 0.51 0.51 0.51 0.51 0.51 0.52 0.53 0.53 0.54 0.55 0.56 0.57 0.58 0.60 0.61 0.63 0.64 0.66 0.68 0.70 0.72 0.74 0.77 0.79 0.82 0.85 0.89 0.92 0.96 1.00 1.04 1.08 1.12 1.16 1.20 1.23 1.26 1.28 1.29 1.29 1.27 1.25 1.22 1.18 1.13 1.09 1.04 0.99 0.95 0.91 0.87 0.84 0.81 0.78 0.76 0.75 0.36 0.46 0.64 0.46 0.83 0.97 1.09 0.76 0.00 0.00 0.00 
0.00 0.00 0.00 0.07 2.91 1.82 1.09 0.91 0.61 0.71 0.63 0.57 0.56 0.54 0.54 0.53 0.53 0.53 0.53 0.53 0.54 0.54 0.55 0.56 0.56 0.57 0.58 0.60 0.61 0.62 0.64 0.65 0.67 0.69 0.71 0.73 0.75 0.77 0.80 0.83 0.86 0.89 0.92 0.96 1.00 1.04 1.08 1.13 1.17 1.21 1.25 1.29 1.31 1.33 1.34 1.34 1.33 1.30 1.27 1.23 1.18 1.13 1.08 1.04 0.99 0.95 0.91 0.87 0.84 0.82 0.80 0.78 0.82 0.51 0.69 0.57 1.06 1.07 1.53 0.00 0.00 0.00 0.00 
0.00 0.00 0.00 0.00 0.00 2.14 2.10 1.26 0.88 0.62 0.77 0.71 0.69 0.68 0.67 0.66 0.66 0.66 0.66 0.66 0.67 0.68 0.68 0.69 0.70 0.72 0.73 0.74 0.76 0.78 0.79 0.81 0.83 0.86 0.88 0.91 0.93 0.96 1.00 1.03 1.07 1.11 1.15 1.20 1.24 1.29 1.35 1.40 1.46 1.51 1.56 1.60 1.64 1.66 1.67 1.67 1.66 1.63 1.58 1.53 1.48 1.42 1.36 1.30 1.24 1.19 1.14 1.10 1.06 1.03 1.00 0.98 0.62 0.75 1.00 1.07 1.80 0.73 0.00 0.00 0.00 0.00 0.00 
0.00 0.00 0.00 0.00 0.00 0.00 0.77 1.99 1.75 1.23 0.97 0.88 0.85 0.83 0.82 0.81 0.81 0.81 0.81 0.82 0.82 0.83 0.84 0.85 0.87 0.88 0.90 0.91 0.93 0.95 0.98 1.00 1.03 1.05 1.08 1.12 1.15 1.19 1.23 1.27 1.31 1.36 1.41 1.47 1.53 1.59 1.65 1.72 1.78 1.85 1.91 1.96 2.00 2.04 2.05 2.05 2.04 2.00 1.96 1.90 1.83 1.76 1.69 1.62 1.55 1.48 1.42 1.37 1.32 1.27 1.23 1.21 1.27 1.08 2.04 1.29 0.00 0.00 0.00 0.00 0.00 0.00 0.00 
0.00 0.00 0.00 0.00 0.00 0.00 0.00 0.00 0.00 0.00 0.45 0.44 0.43 0.42 0.42 0.41 0.41 0.41 0.41 0.42 0.42 0.42 0.43 0.43 0.44 0.45 0.46 0.47 0.48 0.49 0.50 0.51 0.52 0.54 0.55 0.57 0.59 0.60 0.62 0.65 0.67 0.69 0.72 0.75 0.78 0.81 0.84 0.88 0.91 0.94 0.97 1.00 1.02 1.04 1.05 1.05 1.04 1.02 1.00 0.97 0.93 0.90 0.86 0.82 0.79 0.75 0.72 0.70 0.67 0.65 0.63 0.63 0.00 0.00 0.00 0.00 0.00 0.00 0.00 0.00 0.00 0.00 0.00 
0.00 0.00 0.00 0.00 0.00 0.00 0.00 0.00 0.00 0.00 0.00 0.00 0.00 0.00 0.00 0.00 0.00 0.00 0.00 0.00 0.00 0.00 0.00 0.00 0.00 0.00 0.00 0.00 0.00 0.00 0.00 0.00 0.00 0.00 0.00 0.00 0.00 0.00 0.00 0.00 0.00 0.00 0.00 0.00 0.00 0.00 0.00 0.00 0.00 0.00 0.00 0.00 0.00 0.00 0.00 0.00 0.00 0.00 0.00 0.00 0.00 0.00 0.00 0.00 0.00 0.00 0.00 0.00 0.00 0.00 0.00 0.00 0.00 0.00 0.00 0.00 0.00 0.00 0.00 0.00 0.00 0.00 0.00 
