0.00 0.00 0.00 0.00 0.00 0.00 0.00 0.00 0.00 0.00 0.00 0.00 0.00 0.00 0.00 0.00 0.00 0.00 0.00 0.00 0.00 0.00 0.00 0.00 0.00 0.00 0.00 0.00 0.00 0.00 0.00 0.00 0.00 0.00 0.00 0.00 0.00 0.00 0.00 0.00 0.00 0.00 0.00 0.00 0.00 0.00 0.00 0.00 0.00 0.00 0.00 0.00 0.00 0.00 0.00 0.00 0.00 0.00 0.00 0.00 0.00 0.00 0.00 0.00 0.00 0.00 0.00 0.00 0.00 0.00 0.00 0.00 0.00 0.00 0.00 0.00 0.00 0.00 0.00 0.00 0.00 0.00 0.00 
0.00 0.00 0.00 0.00 0.00 0.00 0.00 0.00 0.55 1.66 1.90 1.90 1.81 1.74 1.68 1.64 1.61 1.60 1.59 1.59 1.60 1.61 1.63 1.65 1.68 1.71 1.74 1.78 1.82 1.86 1.90 1.94 1.98 2.03 2.07 2.11 2.14 2.17 2.20 2.22 2.23 2.24 2.24 2.23 2.21 2.19 2.16 2.13 2.09 2.06 2.02 1.98 1.94 1.90 1.86 1.82 1.79 1.76 1.72 1.69 1.67 1.64 1.62 1.59 1.57 1.55 1.53 1.52 1.50 1.49 1.49 1.47 1.38 1.13 0.34 0.00 0.00 0.00 0.00 0.00 0.00 0.00 0.00 
0.00 0.00 0.00 0.00 0.00 0.00 1.42 3.13 2.98 1.93 1.61 1.47 1.39 1.33 1.29 1.26 1.24 1.23 1.22 1.22 1.23 1.24 1.26 1.27 1.29 1.32 1.34 1.37 1.40 1.43 1.46 1.49 1.53 1.56 1.59 1.62 1.65 1.67 1.69 1.71 1.72 1.73 1.72 1.72 1.71 1.69 1.67 1.65 1.62 1.59 1.56 1.53 1.50 1.47 1.44 1.41 1.38 1.36 1.33 1.31 1.29 1.27 1.25 1.23 1.21 1.20 1.18 1.17 1.16 1.15 1.15 1.14 1.17 1.32 1.88 1.82 0.77 0.00 0.00 0.00 0.00 0.00 0.00 
0.00 0.00 0.00 0.00 0.10 3.52 3.35 1.94 1.49 1.25 1.11 1.02 0.97 0.93 0.90 0.88 0.87 0.86 0.86 0.86 0.86 0.87 0.88 0.89 0.91 0.92 0.94 0.96 0.98 1.00 1.02 1.05 1.07 1.09 1.11 1.14 1.15 1.17 1.19 1.20 1.20 1.21 1.21 1.20 1.20 1.18 1.17 1.15 1.13 1.11 1.09 1.07 1.05 1.03 1.01 0.99 0.97 0.95 0.93 0.92 0.90 0.89 0.87 0.86 0.85 0.84 0.83 0.82 0.81 0.81 0.80 0.80 0.82 0.86 0.94 1.13 1.79 1.73 0.04 0.00 0.00 0.00 0.00 
0.00 0.00 0.00 0.11 4.78 2.95 1.86 1.42 1.17 1.04 0.90 0.83 0.79 0.76 0.74 0.72 0.71 0.70 0.70 0.70 0.70 0.71 0.72 0.73 0.74 0.75 0.77 0.78 0.80 0.82 0.83 0.85 0.87 0.89 0.91 0.93 0.94 0.95 0.97 0.98 0.98 0.98 0.98 0.98 0.97 0.97 0.95 0.94 0.92 0.91 0.89 0.87 0.86 0.84 0.82 0.81 0.79 0.78 0.76 0.75 0.74 0.72 0.71 0.70 0.69 0.68 0.68 0.67 0.66 0.66 0.65 0.65 0.66 0.72 0.74 0.82 1.00 1.44 2.09 0.04 0.00 0.00 0.00 
0.00 0.00 0.00 4.89 3.44 2.03 1.50 1.21 1.01 0.91 0.82 0.76 0.72 0.69 0.67 0.66 0.65 0.64 0.64 0.64 0.64 0.65 0.66 0.67 0.68 0.69 0.70 0.72 0.73 0.75 0.76 0.78 0.80 0.81 0.83 0.85 0.86 0.87 0.88 0.89 0.90 0.90 0.90 0.90 0.89 0.88 0.87 0.86 0.85 0.83 0.82 0.80 0.78 0.77 0.75 0.74 0.72 0.71 0.70 0.68 0.67 0.66 0.65 0.64 0.63 0.63 0.62 0.61 0.61 0.60 0.60 0.60 0.61 0.63 0.65 0.72 0.81 0.99 1.52 1.95 0.00 0.00 0.00 
0.00 0.00 2.76 5.34 2.44 1.68 1.31 1.09 0.92 0.81 0.76 0.72 0.68 0.66 0.64 0.62 0.61 0.61 0.60 0.61 0.61 0.61 0.62 0.63 0.64 0.65 0.66 0.68 0.69 0.71 0.72 0.74 0.76 0.77 0.79 0.80 0.82 0.83 0.84 0.85 0.85 0.85 0.85 0.85 0.84 0.84 0.83 0.82 0.80 0.79 0.77 0.76 0.74 0.73 0.71 0.70 0.69 0.67 0.66 0.65 0.64 0.63 0.62 0.61 0.60 0.59 0.59 0.58 0.57 0.57 0.57 0.57 0.56 0.47 0.59 0.65 0.69 0.74 0.99 2.08 0.87 0.00 0.00 
0.00 0.00 6.95 3.44 2.09 1.53 1.21 0.99 0.88 0.77 0.71 0.67 0.63 0.61 0.59 0.58 0.57 0.57 0.56 0.56 0.57 0.57 0.58 0.59 0.60 0.61 0.62 0.63 0.65 0.66 0.67 0.69 0.70 0.72 0.73 0.75 0.76 0.77 0.78 0.79 0.79 0.80 0.80 0.79 0.79 0.78 0.77 0.76 0.75 0.74 0.72 0.71 0.69 0.68 0.67 0.65 0.64 0.63 0.62 0.61 0.60 0.59 0.58 0.57 0.56 0.55 0.55 0.54 0.54 0.53 0.53 0.53 0.53 0.54 0.57 0.57 0.66 0.75 0.91 1.34 2.36 0.00 0.00 
0.00 1.60 7.36 2.88 1.88 1.39 1.12 0.96 0.83 0.72 0.55 0.46 0.43 0.42 0.40 0.39 0.39 0.39 0.38 0.38 0.39 0.39 0.39 0.40 0.41 0.41 0.42 0.43 0.44 0.45 0.46 0.47 0.48 0.49 0.50 0.51 0.52 0.53 0.53 0.54 0.54 0.54 0.54 0.54 0.54 0.53 0.53 0.52 0.51 0.50 0.49 0.48 0.47 0.46 0.45 0.45 0.44 0.43 0.42 0.41 0.41 0.40 0.39 0.39 0.38 0.38 0.37 0.37 0.37 0.36 0.36 0.36 0.41 0.51 0.54 0.36 0.61 0.57 0.65 0.99 2.16 0.00 0.00 
0.00 5.66 5.20 2.63 1.84 1.35 1.07 0.92 0.79 0.46 0.33 0.31 0.29 0.28 0.27 0.27 0.26 0.26 0.26 0.26 0.26 0.26 0.26 0.27 0.27 0.28 0.28 0.29 0.29 0.30 0.31 0.31 0.32 0.33 0.33 0.34 0.35 0.35 0.36 0.36 0.36 0.36 0.36 0.36 0.36 0.35 0.35 0.34 0.34 0.33 0.33 0.32 0.31 0.31 0.30 0.30 0.29 0.28 0.28 0.27 0.27 0.27 0.26 0.26 0.25 0.25 0.25 0.25 0.24 0.24 0.24 0.24 0.24 0.31 0.51 0.55 0.50 0.42 0.81 0.75 1.60 0.00 0.00 
0.00 7.24 4.64 2.53 1.72 1.31 1.06 0.90 0.64 0.36 0.64 0.61 0.58 0.56 0.55 0.53 0.53 0.52 0.52 0.52 0.52 0.53 0.54 0.54 0.55 0.56 0.57 0.58 0.60 0.61 0.62 0.64 0.65 0.66 0.68 0.69 0.70 0.71 0.72 0.73 0.73 0.74 0.74 0.73 0.73 0.72 0.71 0.70 0.69 0.68 0.67 0.65 0.64 0.63 0.62 0.60 0.59 0.58 0.57 0.56 0.55 0.54 0.53 0.53 0.52 0.51 0.51 0.50 0.50 0.49 0.49 0.49 0.24 0.24 0.41 0.55 0.41 0.66 0.75 0.98 1.31 0.68 0.00 
0.00 7.74 4.53 2.47 1.62 1.28 1.05 0.90 0.58 0.36 0.64 0.60 0.58 0.56 0.54 0.53 0.52 0.52 0.52 0.52 0.52 0.53 0.53 0.54 0.55 0.56 0.57 0.58 0.59 0.61 0.62 0.63 0.65 0.66 0.68 0.69 0.70 0.71 0.72 0.73 0.73 0.73 0.73 0.73 0.73 0.72 0.71 0.70 0.69 0.68 0.67 0.65 0.64 0.63 0.61 0.60 0.59 0.58 0.57 0.56 0.55 0.54 0.53 0.52 0.52 0.51 0.50 0.50 0.50 0.49 0.49 0.49 0.24 0.24 0.37 0.55 0.38 0.65 0.71 0.93 1.23 0.67 0.00 
0.00 7.28 4.66 2.51 1.71 1.30 1.05 0.90 0.63 0.36 0.33 0.30 0.29 0.28 0.27 0.26 0.26 0.25 0.25 0.25 0.25 0.26 0.26 0.26 0.27 0.27 0.28 0.28 0.29 0.30 0.30 0.31 0.32 0.32 0.33 0.34 0.34 0.35 0.35 0.35 0.36 0.36 0.36 0.36 0.35 0.35 0.34 0.34 0.33 0.33 0.32 0.32 0.31 0.30 0.30 0.29 0.29 0.28 0.28 0.27 0.27 0.26 0.26 0.25 0.25 0.25 0.24 0.24 0.24 0.24 0.24 0.24 0.24 0.24 0.42 0.55 0.41 0.34 0.75 0.62 1.29 0.00 0.00 
0.00 5.73 5.19 2.64 1.80 1.34 0.90 0.90 0.78 0.45 0.33 0.31 0.29 0.28 0.27 0.27 0.26 0.26 0.26 0.26 0.26 0.26 0.26 0.27 0.27 0.28 0.28 0.29 0.29 0.30 0.31 0.31 0.32 0.33 0.33 0.34 0.35 0.35 0.36 0.36 0.36 0.36 0.36 0.36 0.36 0.35 0.35 0.34 0.34 0.33 0.33 0.32 0.31 0.31 0.30 0.29 0.29 0.28 0.28 0.27 0.27 0.27 0.26 0.26 0.25 0.25 0.25 0.25 0.24 0.24 0.24 0.24 0.24 0.32 0.52 0.27 0.50 0.42 0.49 0.74 1.12 0.00 0.00 
0.00 1.63 7.39 2.87 1.85 1.37 1.11 0.94 0.82 0.72 0.54 0.46 0.43 0.42 0.41 0.40 0.39 0.39 0.39 0.39 0.39 0.39 0.40 0.40 0.41 0.42 0.43 0.43 0.44 0.45 0.46 0.47 0.48 0.49 0.50 0.51 0.52 0.53 0.54 0.54 0.55 0.55 0.55 0.55 0.54 0.54 0.53 0.53 0.52 0.51 0.50 0.49 0.48 0.47 0.46 0.45 0.44 0.43 0.43 0.42 0.41 0.40 0.40 0.39 0.39 0.38 0.38 0.37 0.37 0.37 0.37 0.37 0.41 0.52 0.55 0.36 0.62 0.58 0.66 0.99 2.08 0.00 0.00 
0.00 0.00 6.95 3.40 2.01 1.49 1.19 0.94 0.54 0.76 0.71 0.67 0.64 0.62 0.60 0.59 0.58 0.58 0.58 0.58 0.58 0.59 0.59 0.60 0.61 0.62 0.63 0.65 0.66 0.67 0.69 0.70 0.72 0.73 0.75 0.76 0.78 0.79 0.80 0.81 0.81 0.81 0.81 0.81 0.81 0.80 0.79 0.78 0.77 0.76 0.74 0.73 0.71 0.70 0.68 0.67 0.66 0.65 0.63 0.62 0.61 0.60 0.59 0.58 0.58 0.57 0.56 0.56 0.55 0.55 0.54 0.54 0.54 0.27 0.35 0.58 0.43 0.43 0.55 1.06 1.32 0.00 0.00 
0.00 0.00 2.76 5.30 2.40 1.65 1.26 1.06 0.90 0.67 0.52 0.45 0.43 0.41 0.40 0.39 0.39 0.38 0.38 0.38 0.38 0.39 0.39 0.40 0.40 0.41 0.42 0.43 0.44 0.45 0.46 0.47 0.48 0.49 0.50 0.51 0.51 0.52 0.53 0.53 0.54 0.54 0.54 0.54 0.53 0.53 0.52 0.51 0.51 0.50 0.49 0.48 0.47 0.46 0.45 0.44 0.43 0.43 0.42 0.41 0.40 0.40 0.39 0.38 0.38 0.37 0.37 0.37 0.36 0.36 0.36 0.36 0.39 0.49 0.61 0.42 0.71 0.76 1.00 1.74 0.00 0.00 0.00 
0.00 0.00 0.00 4.83 3.35 1.97 1.32 1.17 0.82 0.56 0.81 0.76 0.72 0.70 0.68 0.67 0.66 0.66 0.65 0.66 0.66 0.67 0.67 0.68 0.69 0.71 0.72 0.73 0.75 0.77 0.78 0.80 0.82 0.83 0.85 0.87 0.88 0.90 0.91 0.92 0.92 0.92 0.92 0.92 0.92 0.91 0.90 0.89 0.87 0.86 0.84 0.82 0.81 0.79 0.78 0.76 0.75 0.73 0.72 0.71 0.69 0.68 0.67 0.66 0.65 0.65 0.64 0.63 0.63 0.62 0.62 0.62 0.31 0.40 0.55 0.41 0.74 0.88 1.00 0.70 0.00 0.00 0.00 
0.00 0.00 0.00 0.11 4.69 2.84 1.66 1.35 0.89 1.01 0.89 0.79 0.75 0.73 0.71 0.70 0.69 0.68 0.68 0.68 0.69 0.69 0.70 0.71 0.72 0.74 0.75 0.76 0.78 0.80 0.82 0.83 0.85 0.87 0.89 0.90 0.92 0.93 0.94 0.95 0.96 0.96 0.96 0.96 0.95 0.95 0.94 0.92 0.91 0.89 0.88 0.86 0.84 0.82 0.81 0.79 0.78 0.76 0.75 0.73 0.72 0.71 0.70 0.69 0.68 0.67 0.66 0.66 0.65 0.65 0.65 0.65 0.69 0.44 0.60 0.51 0.95 0.97 1.39 0.00 0.00 0.00 0.00 
0.00 0.00 0.00 0.00 0.00 3.32 3.19 1.86 1.28 0.89 1.08 0.98 0.94 0.91 0.88 0.87 0.86 0.85 0.85 0.85 0.86 0.87 0.88 0.89 0.90 0.92 0.94 0.95 0.97 1.00 1.02 1.04 1.06 1.08 1.11 1.13 1.15 1.16 1.18 1.19 1.20 1.20 1.20 1.20 1.19 1.18 1.17 1.15 1.13 1.11 1.09 1.07 1.05 1.03 1.01 0.99 0.97 0.95 0.94 0.92 0.90 0.89 0.88 0.86 0.85 0.84 0.83 0.82 0.82 0.81 0.81 0.81 0.52 0.64 0.87 0.94 1.59 0.66 0.00 0.00 0.00 0.00 0.00 
0.00 0.00 0.00 0.00 0.00 0.00 1.17 2.95 2.55 1.75 1.35 1.21 1.15 1.11 1.08 1.07 1.05 1.05 1.05 1.05 1.05 1.06 1.08 1.09 1.11 1.13 1.15 1.17 1.20 1.23 1.25 1.28 1.31 1.33 1.36 1.39 1.41 1.43 1.45 1.46 1.48 1.48 1.48 1.48 1.47 1.46 1.44 1.42 1.40 1.38 1.35 1.33 1.30 1.28 1.25 1.23 1.20 1.18 1.16 1.14 1.12 1.10 1.08 1.07 1.05 1.04 1.02 1.01 1.00 1.00 0.99 0.99 1.06 0.92 1.76 1.13 0.00 0.00 0.00 0.00 0.00 0.00 0.00 
0.00 0.00 0.00 0.00 0.00 0.00 0.00 0.00 0.00 0.00 0.63 0.61 0.58 0.57 0.55 0.54 0.54 0.53 0.53 0.53 0.54 0.54 0.55 0.56 0.57 0.58 0.59 0.60 0.61 0.62 0.64 0.65 0.67 0.68 0.69 0.71 0.72 0.73 0.74 0.75 0.75 0.75 0.75 0.75 0.75 0.74 0.73 0.72 0.71 0.70 0.69 0.68 0.66 0.65 0.64 0.62 0.61 0.60 0.59 0.58 0.57 0.56 0.55 0.54 0.53 0.53 0.52 0.52 0.51 0.51 0.51 0.51 0.00 0.00 0.00 0.00 0.00 0.00 0.00 0.00 0.00 0.00 0.00 
0.00 0.00 0.00 0.00 0.00 0.00 0.00 0.00 0.00 0.00 0.00 0.00 0.00 0.00 0.00 0.00 0.00 0.00 0.00 0.00 0.00 0.00 0.00 0.00 0.00 0.00 0.00 0.00 0.00 0.00 0.00 0.00 0.00 0.00 0.00 0.00 0.00 0.00 0.00 0.00 0.00 0.00 0.00 0.00 0.00 0.00 0.00 0.00 0.00 0.00 0.00 0.00 0.00 0.00 0.00 0.00 0.00 0.00 0.00 0.00 0.00 0.00 0.00 0.00 0.00 0.00 0.00 0.00 0.00 0.00 0.00 0.00 0.00 0.00 0.00 0.00 0.00 0.00 0.00 0.00 0.00 0.00 0.00 
