0.00 0.00 0.00 0.00 0.00 0.00 0.00 0.00 0.00 0.00 0.00 0.00 0.00 0.00 0.00 0.00 0.00 0.00 0.00 0.00 0.00 0.00 0.00 0.00 0.00 0.00 0.00 0.00 0.00 0.00 0.00 0.00 0.00 0.00 0.00 0.00 0.00 0.00 0.00 0.00 0.00 0.00 0.00 0.00 0.00 0.00 0.00 0.00 0.00 0.00 0.00 0.00 0.00 0.00 0.00 0.00 0.00 0.00 0.00 0.00 0.00 0.00 0.00 0.00 0.00 0.00 0.00 0.00 0.00 0.00 0.00 0.00 0.00 0.00 0.00 0.00 0.00 0.00 0.00 0.00 0.00 0.00 0.00 
0.00 0.00 0.00 0.00 0.00 0.00 0.00 0.00 0.34 1.10 1.35 1.44 1.45 1.46 1.46 1.48 1.49 1.50 1.52 1.53 1.55 1.57 1.59 1.61 1.63 1.65 1.67 1.69 1.71 1.73 1.76 1.78 1.80 1.83 1.85 1.87 1.90 1.92 1.93 1.95 1.96 1.97 1.98 1.98 1.98 1.98 1.97 1.96 1.94 1.92 1.90 1.88 1.85 1.83 1.80 1.78 1.76 1.74 1.72 1.71 1.70 1.69 1.69 1.70 1.72 1.74 1.78 1.84 1.91 2.01 2.14 2.28 2.35 2.10 0.70 0.00 0.00 0.00 0.00 0.00 0.00 0.00 0.00 
0.00 0.00 0.00 0.00 0.00 0.00 0.74 1.77 1.83 1.29 1.15 1.12 1.12 1.12 1.13 1.14 1.15 1.16 1.17 1.18 1.20 1.21 1.22 1.24 1.25 1.27 1.29 1.30 1.32 1.34 1.36 1.37 1.39 1.41 1.43 1.45 1.46 1.48 1.49 1.51 1.52 1.52 1.53 1.53 1.53 1.52 1.52 1.51 1.49 1.48 1.46 1.45 1.43 1.41 1.39 1.37 1.35 1.34 1.32 1.31 1.31 1.30 1.30 1.31 1.32 1.34 1.37 1.42 1.47 1.55 1.64 1.76 1.97 2.44 3.84 4.18 1.99 0.00 0.00 0.00 0.00 0.00 0.00 
0.00 0.00 0.00 0.00 0.04 1.64 1.73 1.10 0.92 0.83 0.79 0.78 0.78 0.78 0.79 0.80 0.80 0.81 0.82 0.83 0.84 0.85 0.86 0.87 0.88 0.89 0.90 0.91 0.93 0.94 0.95 0.96 0.98 0.99 1.00 1.01 1.03 1.04 1.05 1.06 1.06 1.07 1.07 1.07 1.07 1.07 1.06 1.06 1.05 1.04 1.02 1.01 1.00 0.99 0.97 0.96 0.95 0.94 0.93 0.92 0.91 0.91 0.91 0.92 0.93 0.94 0.96 0.99 1.03 1.08 1.15 1.23 1.36 1.58 1.91 2.60 4.65 5.22 0.15 0.00 0.00 0.00 0.00 
0.00 0.00 0.00 0.04 1.97 1.37 0.96 0.81 0.72 0.69 0.65 0.63 0.64 0.64 0.64 0.65 0.65 0.66 0.67 0.67 0.68 0.69 0.70 0.71 0.72 0.73 0.73 0.74 0.75 0.76 0.77 0.79 0.80 0.81 0.82 0.83 0.84 0.84 0.85 0.86 0.87 0.87 0.87 0.87 0.87 0.87 0.87 0.86 0.85 0.84 0.84 0.82 0.81 0.80 0.79 0.78 0.77 0.76 0.76 0.75 0.75 0.74 0.74 0.75 0.76 0.77 0.78 0.81 0.84 0.88 0.93 1.00 1.10 1.31 1.50 1.89 2.57 4.31 7.40 0.16 0.00 0.00 0.00 
0.00 0.00 0.00 1.76 1.41 0.94 0.77 0.69 0.63 0.61 0.59 0.58 0.58 0.58 0.59 0.59 0.60 0.60 0.61 0.62 0.62 0.63 0.64 0.65 0.66 0.66 0.67 0.68 0.69 0.70 0.71 0.72 0.73 0.74 0.75 0.76 0.77 0.77 0.78 0.79 0.79 0.80 0.80 0.80 0.80 0.80 0.79 0.79 0.78 0.77 0.76 0.76 0.75 0.74 0.73 0.72 0.71 0.70 0.69 0.69 0.68 0.68 0.68 0.69 0.69 0.70 0.72 0.74 0.77 0.81 0.86 0.92 1.02 1.16 1.30 1.63 2.06 2.94 5.34 8.26 0.00 0.00 0.00 
0.00 0.00 0.86 1.90 1.00 0.79 0.68 0.62 0.57 0.55 0.54 0.55 0.55 0.55 0.56 0.56 0.57 0.57 0.58 0.58 0.59 0.60 0.61 0.61 0.62 0.63 0.64 0.64 0.65 0.66 0.67 0.68 0.69 0.70 0.71 0.72 0.72 0.73 0.74 0.75 0.75 0.75 0.76 0.76 0.76 0.75 0.75 0.75 0.74 0.73 0.72 0.72 0.71 0.70 0.69 0.68 0.67 0.66 0.66 0.65 0.65 0.65 0.65 0.65 0.66 0.67 0.68 0.70 0.73 0.77 0.81 0.87 0.93 0.86 1.19 1.44 1.75 2.17 3.44 8.67 4.47 0.00 0.00 
0.00 0.00 2.09 1.22 0.86 0.71 0.63 0.56 0.55 0.52 0.51 0.51 0.51 0.51 0.52 0.52 0.53 0.53 0.54 0.55 0.55 0.56 0.56 0.57 0.58 0.59 0.59 0.60 0.61 0.62 0.63 0.64 0.64 0.65 0.66 0.67 0.68 0.68 0.69 0.70 0.70 0.70 0.71 0.71 0.71 0.70 0.70 0.70 0.69 0.68 0.68 0.67 0.66 0.65 0.64 0.63 0.63 0.62 0.61 0.61 0.60 0.60 0.60 0.61 0.61 0.62 0.64 0.65 0.68 0.71 0.76 0.81 0.88 0.98 1.13 1.27 1.64 2.16 3.08 5.47 11.63 0.00 0.00 
0.00 0.42 2.19 1.03 0.77 0.65 0.58 0.55 0.51 0.48 0.39 0.35 0.35 0.35 0.35 0.36 0.36 0.36 0.37 0.37 0.38 0.38 0.39 0.39 0.39 0.40 0.41 0.41 0.42 0.42 0.43 0.43 0.44 0.45 0.45 0.46 0.46 0.47 0.47 0.47 0.48 0.48 0.48 0.48 0.48 0.48 0.48 0.47 0.47 0.46 0.46 0.45 0.45 0.44 0.44 0.43 0.43 0.42 0.42 0.41 0.41 0.41 0.41 0.41 0.42 0.42 0.43 0.44 0.46 0.48 0.51 0.56 0.68 0.92 1.06 0.80 1.51 1.63 2.20 3.96 10.14 0.00 0.00 
0.00 1.43 1.55 0.94 0.75 0.64 0.56 0.52 0.49 0.30 0.24 0.23 0.24 0.24 0.24 0.24 0.24 0.24 0.25 0.25 0.25 0.25 0.26 0.26 0.26 0.27 0.27 0.27 0.28 0.28 0.28 0.29 0.29 0.30 0.30 0.30 0.31 0.31 0.31 0.32 0.32 0.32 0.32 0.32 0.32 0.32 0.32 0.32 0.31 0.31 0.31 0.30 0.30 0.30 0.29 0.29 0.28 0.28 0.28 0.28 0.27 0.27 0.27 0.27 0.28 0.28 0.29 0.30 0.31 0.33 0.35 0.37 0.41 0.58 1.01 1.20 1.22 1.25 2.62 3.04 7.32 0.00 0.00 
0.00 1.78 1.38 0.89 0.70 0.62 0.56 0.52 0.39 0.24 0.47 0.47 0.47 0.47 0.48 0.48 0.49 0.49 0.50 0.50 0.51 0.52 0.52 0.53 0.53 0.54 0.55 0.56 0.56 0.57 0.58 0.59 0.60 0.60 0.61 0.62 0.63 0.63 0.64 0.64 0.65 0.65 0.65 0.65 0.65 0.65 0.65 0.64 0.64 0.63 0.62 0.62 0.61 0.60 0.59 0.59 0.58 0.57 0.57 0.56 0.56 0.56 0.56 0.56 0.57 0.58 0.59 0.61 0.63 0.66 0.70 0.73 0.40 0.45 0.82 1.18 1.02 1.85 2.46 3.71 5.91 3.54 0.00 
0.00 1.89 1.34 0.88 0.66 0.60 0.56 0.51 0.36 0.23 0.47 0.47 0.47 0.47 0.48 0.48 0.48 0.49 0.50 0.50 0.51 0.51 0.52 0.53 0.53 0.54 0.55 0.55 0.56 0.57 0.58 0.59 0.59 0.60 0.61 0.62 0.62 0.63 0.64 0.64 0.64 0.65 0.65 0.65 0.65 0.65 0.64 0.64 0.63 0.63 0.62 0.61 0.61 0.60 0.59 0.58 0.58 0.57 0.56 0.56 0.56 0.56 0.56 0.56 0.57 0.57 0.59 0.61 0.63 0.66 0.69 0.73 0.40 0.45 0.74 1.17 0.96 1.81 2.29 3.51 5.46 3.43 0.00 
0.00 1.78 1.38 0.89 0.69 0.61 0.56 0.52 0.39 0.24 0.23 0.23 0.23 0.23 0.23 0.24 0.24 0.24 0.24 0.24 0.25 0.25 0.25 0.26 0.26 0.26 0.27 0.27 0.27 0.28 0.28 0.28 0.29 0.29 0.30 0.30 0.30 0.31 0.31 0.31 0.31 0.32 0.32 0.32 0.32 0.32 0.31 0.31 0.31 0.31 0.30 0.30 0.30 0.29 0.29 0.28 0.28 0.28 0.27 0.27 0.27 0.27 0.27 0.27 0.27 0.28 0.28 0.29 0.31 0.32 0.34 0.37 0.41 0.45 0.82 1.18 1.00 1.03 2.37 2.47 5.59 0.00 0.00 
0.00 1.43 1.54 0.93 0.74 0.63 0.47 0.52 0.49 0.30 0.23 0.23 0.23 0.24 0.24 0.24 0.24 0.24 0.25 0.25 0.25 0.25 0.26 0.26 0.26 0.27 0.27 0.27 0.28 0.28 0.28 0.29 0.29 0.30 0.30 0.30 0.31 0.31 0.31 0.32 0.32 0.32 0.32 0.32 0.32 0.32 0.32 0.32 0.31 0.31 0.31 0.30 0.30 0.30 0.29 0.29 0.28 0.28 0.28 0.28 0.27 0.27 0.27 0.28 0.28 0.28 0.29 0.30 0.31 0.33 0.35 0.37 0.41 0.58 1.00 0.63 1.20 1.21 1.66 2.82 4.66 0.00 0.00 
0.00 0.42 2.17 1.02 0.77 0.65 0.58 0.55 0.51 0.49 0.39 0.35 0.35 0.35 0.36 0.36 0.36 0.37 0.37 0.38 0.38 0.38 0.39 0.39 0.40 0.40 0.41 0.42 0.42 0.43 0.43 0.44 0.44 0.45 0.46 0.46 0.47 0.47 0.48 0.48 0.48 0.48 0.49 0.49 0.49 0.48 0.48 0.48 0.47 0.47 0.46 0.46 0.45 0.45 0.44 0.44 0.43 0.43 0.42 0.42 0.42 0.42 0.42 0.42 0.42 0.43 0.44 0.45 0.47 0.49 0.52 0.56 0.68 0.92 1.06 0.80 1.47 1.57 2.09 3.54 8.28 0.00 0.00 
0.00 0.00 2.07 1.20 0.83 0.70 0.62 0.54 0.34 0.52 0.51 0.51 0.52 0.52 0.53 0.53 0.54 0.54 0.55 0.56 0.56 0.57 0.58 0.58 0.59 0.60 0.61 0.62 0.63 0.63 0.64 0.65 0.66 0.67 0.68 0.69 0.69 0.70 0.71 0.71 0.72 0.72 0.72 0.72 0.72 0.72 0.72 0.71 0.70 0.70 0.69 0.68 0.67 0.67 0.66 0.65 0.64 0.63 0.63 0.62 0.62 0.62 0.62 0.62 0.63 0.64 0.65 0.67 0.70 0.73 0.77 0.82 0.88 0.49 0.71 1.24 1.05 1.23 1.80 3.73 5.15 0.00 0.00 
0.00 0.00 0.84 1.86 0.99 0.77 0.66 0.62 0.57 0.46 0.37 0.35 0.34 0.35 0.35 0.35 0.36 0.36 0.36 0.37 0.37 0.38 0.38 0.39 0.39 0.40 0.40 0.41 0.41 0.42 0.42 0.43 0.44 0.44 0.45 0.45 0.46 0.46 0.47 0.47 0.47 0.48 0.48 0.48 0.48 0.48 0.47 0.47 0.47 0.46 0.46 0.45 0.45 0.44 0.43 0.43 0.42 0.42 0.41 0.41 0.41 0.41 0.41 0.41 0.41 0.42 0.43 0.44 0.46 0.48 0.51 0.55 0.65 0.87 1.17 0.94 1.68 2.02 2.98 5.78 0.00 0.00 0.00 
0.00 0.00 0.00 1.72 1.38 0.93 0.68 0.68 0.51 0.38 0.59 0.58 0.59 0.59 0.60 0.60 0.61 0.62 0.62 0.63 0.64 0.65 0.65 0.66 0.67 0.68 0.69 0.70 0.71 0.72 0.73 0.74 0.75 0.76 0.77 0.78 0.79 0.79 0.80 0.81 0.81 0.82 0.82 0.82 0.82 0.82 0.81 0.81 0.80 0.79 0.78 0.78 0.77 0.76 0.75 0.74 0.73 0.72 0.71 0.71 0.71 0.70 0.71 0.71 0.72 0.73 0.75 0.77 0.80 0.84 0.88 0.93 0.52 0.72 1.06 0.92 1.75 2.28 2.92 2.35 0.00 0.00 0.00 
0.00 0.00 0.00 0.04 1.91 1.34 0.87 0.78 0.56 0.69 0.65 0.61 0.61 0.61 0.62 0.63 0.63 0.64 0.65 0.66 0.67 0.67 0.68 0.69 0.70 0.71 0.72 0.73 0.74 0.75 0.76 0.77 0.78 0.79 0.80 0.81 0.82 0.83 0.84 0.84 0.85 0.85 0.85 0.85 0.85 0.85 0.85 0.84 0.83 0.83 0.82 0.81 0.80 0.79 0.78 0.77 0.76 0.75 0.74 0.74 0.74 0.73 0.73 0.74 0.75 0.76 0.78 0.80 0.83 0.87 0.92 0.98 1.12 0.80 1.16 1.12 2.17 2.48 4.02 0.00 0.00 0.00 0.00 
0.00 0.00 0.00 0.00 0.00 1.60 1.68 1.08 0.80 0.60 0.79 0.76 0.76 0.77 0.77 0.78 0.79 0.80 0.81 0.82 0.83 0.84 0.85 0.86 0.87 0.89 0.90 0.91 0.92 0.94 0.95 0.96 0.97 0.99 1.00 1.01 1.02 1.03 1.04 1.05 1.06 1.06 1.07 1.07 1.07 1.06 1.06 1.05 1.04 1.03 1.02 1.01 1.00 0.98 0.97 0.96 0.95 0.94 0.93 0.92 0.92 0.92 0.92 0.92 0.93 0.95 0.97 1.00 1.04 1.09 1.15 1.22 0.86 1.15 1.66 1.97 3.58 1.67 0.00 0.00 0.00 0.00 0.00 
0.00 0.00 0.00 0.00 0.00 0.00 0.63 1.73 1.61 1.20 0.99 0.93 0.93 0.94 0.95 0.96 0.97 0.99 1.00 1.01 1.02 1.04 1.05 1.06 1.08 1.09 1.11 1.12 1.14 1.16 1.17 1.19 1.20 1.22 1.24 1.25 1.26 1.28 1.29 1.30 1.31 1.31 1.31 1.32 1.31 1.31 1.30 1.29 1.28 1.27 1.26 1.24 1.23 1.21 1.20 1.18 1.17 1.15 1.14 1.14 1.13 1.13 1.13 1.14 1.15 1.17 1.19 1.23 1.27 1.33 1.41 1.50 1.71 1.62 3.28 2.27 0.00 0.00 0.00 0.00 0.00 0.00 0.00 
0.00 0.00 0.00 0.00 0.00 0.00 0.00 0.00 0.00 0.00 0.47 0.47 0.48 0.48 0.48 0.49 0.50 0.50 0.51 0.51 0.52 0.53 0.53 0.54 0.55 0.56 0.56 0.57 0.58 0.59 0.60 0.60 0.61 0.62 0.63 0.64 0.64 0.65 0.66 0.66 0.66 0.67 0.67 0.67 0.67 0.67 0.66 0.66 0.65 0.65 0.64 0.63 0.62 0.62 0.61 0.60 0.59 0.59 0.58 0.58 0.58 0.58 0.58 0.58 0.59 0.60 0.61 0.63 0.65 0.68 0.71 0.74 0.00 0.00 0.00 0.00 0.00 0.00 0.00 0.00 0.00 0.00 0.00 
0.00 0.00 0.00 0.00 0.00 0.00 0.00 0.00 0.00 0.00 0.00 0.00 0.00 0.00 0.00 0.00 0.00 0.00 0.00 0.00 0.00 0.00 0.00 0.00 0.00 0.00 0.00 0.00 0.00 0.00 0.00 0.00 0.00 0.00 0.00 0.00 0.00 0.00 0.00 0.00 0.00 0.00 0.00 0.00 0.00 0.00 0.00 0.00 0.00 0.00 0.00 0.00 0.00 0.00 0.00 0.00 0.00 0.00 0.00 0.00 0.00 0.00 0.00 0.00 0.00 0.00 0.00 0.00 0.00 0.00 0.00 0.00 0.00 0.00 0.00 0.00 0.00 0.00 0.00 0.00 0.00 0.00 0.00 
