0.00 0.00 0.00 0.00 0.00 0.00 0.00 0.00 0.00 0.00 0.00 0.00 0.00 0.00 0.00 0.00 0.00 0.00 0.00 0.00 0.00 0.00 0.00 0.00 0.00 0.00 0.00 0.00 0.00 0.00 0.00 0.00 0.00 0.00 0.00 0.00 0.00 0.00 0.00 0.00 0.00 0.00 0.00 0.00 0.00 0.00 0.00 0.00 0.00 0.00 0.00 0.00 0.00 0.00 0.00 0.00 0.00 0.00 0.00 0.00 0.00 0.00 0.00 0.00 0.00 0.00 0.00 0.00 0.00 0.00 0.00 0.00 0.00 0.00 0.00 0.00 0.00 0.00 0.00 0.00 0.00 0.00 0.00 
0.00 0.00 0.00 0.00 0.00 0.00 0.00 0.00 0.70 2.43 3.19 3.59 3.80 3.96 4.08 4.12 4.09 3.99 3.84 3.66 3.46 3.25 3.05 2.87 2.69 2.54 2.39 2.26 2.15 2.04 1.95 1.87 1.79 1.73 1.67 1.62 1.57 1.52 1.48 1.45 1.42 1.39 1.36 1.34 1.32 1.30 1.28 1.26 1.24 1.23 1.22 1.20 1.19 1.18 1.17 1.16 1.15 1.14 1.13 1.13 1.12 1.12 1.11 1.11 1.11 1.12 1.12 1.13 1.14 1.16 1.19 1.21 1.19 1.01 0.32 0.00 0.00 0.00 0.00 0.00 0.00 0.00 0.00 
0.00 0.00 0.00 0.00 0.00 0.00 1.40 3.51 3.85 2.88 2.73 2.81 2.94 3.06 3.13 3.16 3.13 3.05 2.93 2.79 2.64 2.49 2.34 2.19 2.06 1.94 1.84 1.74 1.65 1.57 1.50 1.44 1.38 1.33 1.28 1.24 1.21 1.17 1.14 1.12 1.09 1.07 1.05 1.03 1.01 1.00 0.98 0.97 0.96 0.95 0.94 0.93 0.92 0.91 0.90 0.89 0.89 0.88 0.87 0.87 0.86 0.86 0.86 0.86 0.86 0.86 0.86 0.87 0.88 0.89 0.91 0.94 1.00 1.17 1.75 1.79 0.80 0.00 0.00 0.00 0.00 0.00 0.00 
0.00 0.00 0.00 0.00 0.07 2.91 3.25 2.19 1.94 1.88 1.90 1.97 2.06 2.14 2.19 2.20 2.18 2.13 2.05 1.95 1.84 1.73 1.63 1.53 1.44 1.36 1.28 1.21 1.15 1.10 1.05 1.01 0.97 0.93 0.90 0.87 0.84 0.82 0.80 0.78 0.76 0.75 0.73 0.72 0.71 0.70 0.69 0.68 0.67 0.66 0.66 0.65 0.64 0.64 0.63 0.62 0.62 0.62 0.61 0.61 0.60 0.60 0.60 0.60 0.60 0.60 0.60 0.61 0.62 0.63 0.64 0.66 0.69 0.76 0.87 1.11 1.86 1.94 0.05 0.00 0.00 0.00 0.00 
0.00 0.00 0.00 0.07 3.30 2.44 1.80 1.61 1.53 1.57 1.56 1.60 1.68 1.74 1.78 1.79 1.77 1.73 1.66 1.58 1.50 1.41 1.33 1.25 1.17 1.11 1.04 0.99 0.94 0.89 0.85 0.82 0.79 0.76 0.73 0.71 0.69 0.67 0.65 0.64 0.62 0.61 0.60 0.59 0.58 0.57 0.56 0.55 0.55 0.54 0.53 0.53 0.52 0.52 0.51 0.51 0.51 0.50 0.50 0.50 0.49 0.49 0.49 0.49 0.49 0.49 0.49 0.50 0.50 0.51 0.52 0.53 0.56 0.63 0.69 0.81 1.03 1.61 2.55 0.05 0.00 0.00 0.00 
0.00 0.00 0.00 2.79 2.38 1.68 1.45 1.38 1.33 1.37 1.41 1.46 1.53 1.59 1.63 1.64 1.63 1.58 1.52 1.45 1.37 1.29 1.21 1.14 1.07 1.01 0.96 0.91 0.86 0.82 0.78 0.75 0.72 0.69 0.67 0.65 0.63 0.61 0.60 0.58 0.57 0.56 0.55 0.54 0.53 0.52 0.51 0.51 0.50 0.49 0.49 0.48 0.48 0.47 0.47 0.47 0.46 0.46 0.46 0.45 0.45 0.45 0.45 0.45 0.45 0.45 0.45 0.45 0.46 0.47 0.48 0.49 0.52 0.56 0.60 0.70 0.83 1.10 1.84 2.62 0.00 0.00 0.00 
0.00 0.00 1.30 3.02 1.70 1.40 1.28 1.24 1.20 1.24 1.30 1.38 1.45 1.50 1.54 1.55 1.53 1.49 1.44 1.37 1.29 1.22 1.15 1.08 1.01 0.96 0.90 0.86 0.81 0.77 0.74 0.71 0.68 0.66 0.63 0.61 0.60 0.58 0.56 0.55 0.54 0.53 0.52 0.51 0.50 0.49 0.49 0.48 0.47 0.47 0.46 0.46 0.45 0.45 0.44 0.44 0.44 0.43 0.43 0.43 0.43 0.43 0.42 0.42 0.42 0.42 0.43 0.43 0.44 0.44 0.45 0.46 0.48 0.42 0.55 0.63 0.71 0.82 1.19 2.77 1.31 0.00 0.00 
0.00 0.00 3.13 1.94 1.45 1.27 1.19 1.13 1.16 1.16 1.22 1.28 1.35 1.40 1.43 1.44 1.42 1.39 1.33 1.27 1.20 1.13 1.06 1.00 0.94 0.89 0.84 0.80 0.76 0.72 0.69 0.66 0.63 0.61 0.59 0.57 0.56 0.54 0.53 0.51 0.50 0.49 0.48 0.47 0.47 0.46 0.45 0.45 0.44 0.44 0.43 0.43 0.42 0.42 0.41 0.41 0.41 0.41 0.40 0.40 0.40 0.40 0.40 0.39 0.39 0.40 0.40 0.40 0.41 0.41 0.42 0.43 0.45 0.48 0.52 0.55 0.67 0.82 1.08 1.77 3.46 0.00 0.00 
0.00 0.61 3.29 1.63 1.30 1.17 1.09 1.11 1.09 1.10 0.94 0.89 0.92 0.95 0.97 0.98 0.97 0.94 0.91 0.86 0.82 0.77 0.72 0.68 0.64 0.60 0.57 0.54 0.51 0.49 0.47 0.45 0.43 0.42 0.40 0.39 0.38 0.37 0.36 0.35 0.34 0.34 0.33 0.32 0.32 0.31 0.31 0.30 0.30 0.30 0.29 0.29 0.29 0.28 0.28 0.28 0.28 0.28 0.27 0.27 0.27 0.27 0.27 0.27 0.27 0.27 0.27 0.27 0.28 0.28 0.29 0.30 0.35 0.45 0.49 0.35 0.62 0.62 0.77 1.29 3.08 0.00 0.00 
0.00 2.02 2.32 1.49 1.26 1.14 1.06 1.05 1.04 0.68 0.56 0.59 0.62 0.64 0.66 0.67 0.66 0.65 0.62 0.59 0.56 0.53 0.49 0.46 0.44 0.41 0.39 0.37 0.35 0.33 0.32 0.30 0.29 0.28 0.27 0.26 0.25 0.25 0.24 0.23 0.23 0.22 0.22 0.22 0.21 0.21 0.21 0.20 0.20 0.20 0.20 0.19 0.19 0.19 0.19 0.19 0.19 0.18 0.18 0.18 0.18 0.18 0.18 0.18 0.18 0.18 0.18 0.18 0.19 0.19 0.19 0.20 0.21 0.28 0.47 0.53 0.50 0.47 0.94 0.98 2.25 0.00 0.00 
0.00 2.50 2.07 1.42 1.17 1.10 1.07 1.04 0.84 0.52 1.15 1.19 1.24 1.29 1.32 1.32 1.31 1.27 1.23 1.17 1.11 1.04 0.98 0.92 0.87 0.82 0.77 0.73 0.70 0.66 0.64 0.61 0.59 0.56 0.55 0.53 0.51 0.50 0.49 0.47 0.46 0.45 0.45 0.44 0.43 0.42 0.42 0.41 0.41 0.40 0.40 0.39 0.39 0.39 0.38 0.38 0.38 0.37 0.37 0.37 0.37 0.37 0.37 0.37 0.37 0.37 0.37 0.37 0.38 0.38 0.39 0.40 0.20 0.22 0.38 0.52 0.42 0.71 0.88 1.24 1.82 1.03 0.00 
0.00 2.64 2.01 1.39 1.10 1.08 1.06 1.03 0.76 0.52 1.14 1.19 1.24 1.28 1.31 1.32 1.30 1.27 1.22 1.16 1.10 1.04 0.98 0.92 0.86 0.82 0.77 0.73 0.69 0.66 0.63 0.61 0.58 0.56 0.54 0.53 0.51 0.50 0.48 0.47 0.46 0.45 0.44 0.44 0.43 0.42 0.42 0.41 0.41 0.40 0.40 0.39 0.39 0.39 0.38 0.38 0.38 0.37 0.37 0.37 0.37 0.37 0.36 0.36 0.36 0.36 0.37 0.37 0.37 0.38 0.39 0.40 0.20 0.22 0.34 0.52 0.39 0.70 0.82 1.17 1.70 1.00 0.00 
0.00 2.49 2.06 1.42 1.16 1.10 1.06 1.04 0.85 0.52 0.54 0.57 0.60 0.63 0.65 0.66 0.65 0.64 0.61 0.58 0.55 0.52 0.49 0.46 0.43 0.41 0.38 0.36 0.34 0.33 0.31 0.30 0.29 0.28 0.27 0.26 0.25 0.24 0.24 0.23 0.23 0.22 0.22 0.21 0.21 0.21 0.20 0.20 0.20 0.20 0.19 0.19 0.19 0.19 0.19 0.19 0.18 0.18 0.18 0.18 0.18 0.18 0.18 0.18 0.18 0.18 0.18 0.18 0.18 0.19 0.19 0.20 0.20 0.22 0.38 0.52 0.41 0.38 0.86 0.80 1.76 0.00 0.00 
0.00 2.01 2.30 1.48 1.25 1.14 0.89 1.06 1.05 0.68 0.55 0.58 0.61 0.64 0.66 0.67 0.66 0.65 0.62 0.59 0.56 0.53 0.50 0.47 0.44 0.41 0.39 0.37 0.35 0.33 0.32 0.30 0.29 0.28 0.27 0.26 0.25 0.25 0.24 0.23 0.23 0.22 0.22 0.22 0.21 0.21 0.21 0.20 0.20 0.20 0.20 0.19 0.19 0.19 0.19 0.19 0.19 0.18 0.18 0.18 0.18 0.18 0.18 0.18 0.18 0.18 0.18 0.18 0.19 0.19 0.19 0.20 0.21 0.28 0.47 0.27 0.50 0.46 0.58 0.94 1.49 0.00 0.00 
0.00 0.61 3.25 1.61 1.29 1.16 1.09 1.11 1.10 1.11 0.95 0.89 0.92 0.95 0.97 0.98 0.97 0.94 0.91 0.86 0.82 0.77 0.73 0.68 0.64 0.61 0.58 0.55 0.52 0.49 0.47 0.45 0.44 0.42 0.41 0.39 0.38 0.37 0.36 0.35 0.35 0.34 0.33 0.33 0.32 0.32 0.31 0.31 0.30 0.30 0.30 0.29 0.29 0.29 0.29 0.28 0.28 0.28 0.28 0.28 0.27 0.27 0.27 0.27 0.27 0.27 0.27 0.28 0.28 0.28 0.29 0.30 0.35 0.45 0.50 0.35 0.62 0.62 0.76 1.21 2.71 0.00 0.00 
0.00 0.00 3.09 1.91 1.40 1.26 1.19 1.09 0.71 1.19 1.24 1.30 1.36 1.41 1.44 1.44 1.42 1.39 1.33 1.27 1.20 1.14 1.07 1.01 0.95 0.90 0.85 0.81 0.77 0.73 0.70 0.67 0.65 0.62 0.60 0.58 0.57 0.55 0.54 0.52 0.51 0.50 0.49 0.48 0.48 0.47 0.46 0.46 0.45 0.44 0.44 0.44 0.43 0.43 0.42 0.42 0.42 0.41 0.41 0.41 0.41 0.41 0.40 0.40 0.40 0.41 0.41 0.41 0.42 0.42 0.43 0.44 0.46 0.24 0.33 0.55 0.44 0.47 0.64 1.29 1.70 0.00 0.00 
0.00 0.00 1.27 2.96 1.67 1.39 1.24 1.25 1.21 1.04 0.90 0.87 0.91 0.94 0.96 0.97 0.96 0.94 0.90 0.86 0.81 0.77 0.72 0.68 0.64 0.60 0.57 0.54 0.51 0.49 0.47 0.45 0.43 0.41 0.40 0.39 0.38 0.37 0.36 0.35 0.34 0.33 0.33 0.32 0.32 0.31 0.31 0.30 0.30 0.30 0.29 0.29 0.29 0.28 0.28 0.28 0.28 0.27 0.27 0.27 0.27 0.27 0.27 0.27 0.27 0.27 0.27 0.27 0.28 0.28 0.29 0.30 0.33 0.43 0.55 0.41 0.71 0.80 1.11 2.05 0.00 0.00 0.00 
0.00 0.00 0.00 2.73 2.34 1.66 1.29 1.38 1.10 0.85 1.44 1.48 1.55 1.61 1.64 1.65 1.63 1.59 1.53 1.46 1.38 1.30 1.22 1.15 1.09 1.02 0.97 0.92 0.87 0.83 0.80 0.76 0.73 0.71 0.68 0.66 0.64 0.63 0.61 0.60 0.58 0.57 0.56 0.55 0.54 0.53 0.53 0.52 0.51 0.51 0.50 0.49 0.49 0.49 0.48 0.48 0.47 0.47 0.47 0.46 0.46 0.46 0.46 0.46 0.46 0.46 0.46 0.47 0.47 0.48 0.49 0.50 0.26 0.35 0.50 0.40 0.74 0.91 1.10 0.83 0.00 0.00 0.00 
0.00 0.00 0.00 0.07 3.21 2.42 1.64 1.59 1.20 1.59 1.56 1.54 1.61 1.67 1.71 1.72 1.70 1.65 1.59 1.52 1.44 1.35 1.27 1.20 1.13 1.07 1.01 0.96 0.91 0.87 0.83 0.80 0.77 0.74 0.71 0.69 0.67 0.65 0.64 0.62 0.61 0.60 0.58 0.57 0.56 0.56 0.55 0.54 0.53 0.53 0.52 0.52 0.51 0.51 0.50 0.50 0.49 0.49 0.49 0.48 0.48 0.48 0.48 0.48 0.48 0.48 0.48 0.49 0.49 0.50 0.51 0.53 0.58 0.39 0.55 0.49 0.93 1.00 1.53 0.00 0.00 0.00 0.00 
0.00 0.00 0.00 0.00 0.00 2.88 3.22 2.20 1.72 1.36 1.93 1.93 2.01 2.08 2.12 2.13 2.11 2.05 1.97 1.88 1.78 1.68 1.58 1.49 1.41 1.33 1.26 1.19 1.13 1.08 1.03 0.99 0.95 0.92 0.89 0.86 0.84 0.81 0.79 0.77 0.76 0.74 0.73 0.72 0.70 0.69 0.68 0.67 0.67 0.66 0.65 0.64 0.64 0.63 0.63 0.62 0.62 0.61 0.61 0.60 0.60 0.60 0.60 0.60 0.60 0.60 0.60 0.61 0.62 0.63 0.64 0.66 0.44 0.56 0.78 0.89 1.55 0.68 0.00 0.00 0.00 0.00 0.00 
0.00 0.00 0.00 0.00 0.00 0.00 1.22 3.52 3.50 2.78 2.39 2.37 2.46 2.54 2.59 2.60 2.56 2.49 2.40 2.28 2.17 2.05 1.93 1.82 1.72 1.62 1.54 1.46 1.39 1.33 1.27 1.22 1.17 1.13 1.09 1.06 1.03 1.00 0.98 0.95 0.93 0.91 0.90 0.88 0.87 0.85 0.84 0.83 0.82 0.81 0.80 0.79 0.78 0.78 0.77 0.76 0.76 0.75 0.75 0.74 0.74 0.74 0.73 0.73 0.73 0.74 0.74 0.75 0.76 0.77 0.78 0.81 0.89 0.80 1.57 1.04 0.00 0.00 0.00 0.00 0.00 0.00 0.00 
0.00 0.00 0.00 0.00 0.00 0.00 0.00 0.00 0.00 0.00 1.19 1.22 1.26 1.30 1.32 1.33 1.31 1.27 1.22 1.17 1.11 1.04 0.98 0.93 0.87 0.83 0.78 0.74 0.71 0.68 0.65 0.62 0.60 0.58 0.56 0.54 0.52 0.51 0.50 0.49 0.47 0.47 0.46 0.45 0.44 0.43 0.43 0.42 0.42 0.41 0.41 0.40 0.40 0.40 0.39 0.39 0.39 0.38 0.38 0.38 0.38 0.38 0.37 0.37 0.37 0.38 0.38 0.38 0.39 0.39 0.40 0.41 0.00 0.00 0.00 0.00 0.00 0.00 0.00 0.00 0.00 0.00 0.00 
0.00 0.00 0.00 0.00 0.00 0.00 0.00 0.00 0.00 0.00 0.00 0.00 0.00 0.00 0.00 0.00 0.00 0.00 0.00 0.00 0.00 0.00 0.00 0.00 0.00 0.00 0.00 0.00 0.00 0.00 0.00 0.00 0.00 0.00 0.00 0.00 0.00 0.00 0.00 0.00 0.00 0.00 0.00 0.00 0.00 0.00 0.00 0.00 0.00 0.00 0.00 0.00 0.00 0.00 0.00 0.00 0.00 0.00 0.00 0.00 0.00 0.00 0.00 0.00 0.00 0.00 0.00 0.00 0.00 0.00 0.00 0.00 0.00 0.00 0.00 0.00 0.00 0.00 0.00 0.00 0.00 0.00 0.00 
