0.00 0.00 0.00 0.00 0.00 0.00 0.00 0.00 0.00 0.00 0.00 0.00 0.00 0.00 0.00 0.00 0.00 0.00 0.00 0.00 0.00 0.00 0.00 0.00 0.00 0.00 0.00 0.00 0.00 0.00 0.00 0.00 0.00 0.00 0.00 0.00 0.00 0.00 0.00 0.00 0.00 0.00 0.00 0.00 0.00 0.00 0.00 0.00 0.00 0.00 0.00 0.00 0.00 0.00 0.00 0.00 0.00 0.00 0.00 0.00 0.00 0.00 0.00 0.00 0.00 0.00 0.00 0.00 0.00 0.00 0.00 0.00 0.00 0.00 0.00 0.00 0.00 0.00 0.00 0.00 0.00 0.00 0.00 
0.00 0.00 0.00 0.00 0.00 0.00 0.00 0.00 0.39 1.21 1.41 1.43 1.38 1.34 1.31 1.29 1.28 1.27 1.27 1.28 1.29 1.30 1.32 1.33 1.35 1.38 1.41 1.43 1.47 1.50 1.54 1.58 1.62 1.67 1.72 1.77 1.83 1.89 1.96 2.03 2.10 2.18 2.27 2.36 2.45 2.54 2.64 2.73 2.81 2.89 2.95 2.99 3.01 3.01 2.98 2.92 2.85 2.76 2.66 2.56 2.45 2.35 2.25 2.16 2.07 1.99 1.92 1.86 1.80 1.75 1.71 1.67 1.54 1.24 0.38 0.00 0.00 0.00 0.00 0.00 0.00 0.00 0.00 
0.00 0.00 0.00 0.00 0.00 0.00 0.98 2.20 2.13 1.41 1.19 1.10 1.06 1.03 1.01 0.99 0.98 0.98 0.98 0.98 0.99 1.00 1.01 1.03 1.04 1.06 1.08 1.11 1.13 1.16 1.18 1.22 1.25 1.28 1.32 1.36 1.41 1.46 1.51 1.56 1.62 1.68 1.75 1.81 1.88 1.96 2.03 2.10 2.16 2.22 2.27 2.30 2.32 2.32 2.30 2.26 2.20 2.14 2.06 1.98 1.90 1.82 1.75 1.67 1.61 1.54 1.49 1.44 1.39 1.36 1.32 1.30 1.32 1.46 2.05 1.96 0.82 0.00 0.00 0.00 0.00 0.00 0.00 
0.00 0.00 0.00 0.00 0.06 2.38 2.31 1.36 1.06 0.91 0.82 0.77 0.74 0.72 0.71 0.69 0.69 0.69 0.69 0.69 0.69 0.70 0.71 0.72 0.73 0.74 0.76 0.77 0.79 0.81 0.83 0.85 0.87 0.90 0.93 0.96 0.99 1.02 1.05 1.09 1.13 1.18 1.22 1.27 1.32 1.37 1.42 1.47 1.51 1.55 1.59 1.61 1.62 1.62 1.61 1.58 1.55 1.50 1.45 1.39 1.34 1.28 1.23 1.18 1.13 1.08 1.05 1.01 0.98 0.95 0.93 0.91 0.91 0.95 1.03 1.22 1.92 1.82 0.05 0.00 0.00 0.00 0.00 
0.00 0.00 0.00 0.07 3.16 1.99 1.28 1.00 0.84 0.76 0.67 0.62 0.60 0.59 0.57 0.57 0.56 0.56 0.56 0.56 0.57 0.57 0.58 0.59 0.60 0.61 0.62 0.63 0.64 0.66 0.68 0.69 0.71 0.73 0.75 0.78 0.80 0.83 0.86 0.89 0.92 0.96 0.99 1.03 1.07 1.11 1.15 1.19 1.23 1.26 1.29 1.31 1.32 1.32 1.31 1.29 1.26 1.22 1.18 1.14 1.09 1.04 1.00 0.96 0.92 0.88 0.85 0.82 0.80 0.78 0.76 0.74 0.74 0.79 0.81 0.89 1.07 1.53 2.18 0.04 0.00 0.00 0.00 
0.00 0.00 0.00 3.16 2.27 1.37 1.03 0.85 0.72 0.67 0.61 0.57 0.55 0.54 0.52 0.52 0.51 0.51 0.51 0.51 0.52 0.52 0.53 0.54 0.55 0.56 0.57 0.58 0.59 0.60 0.62 0.63 0.65 0.67 0.69 0.71 0.74 0.76 0.79 0.81 0.84 0.88 0.91 0.95 0.98 1.02 1.06 1.09 1.13 1.16 1.18 1.20 1.21 1.21 1.20 1.18 1.15 1.12 1.08 1.04 1.00 0.96 0.92 0.88 0.84 0.81 0.78 0.75 0.73 0.71 0.69 0.68 0.68 0.70 0.71 0.77 0.86 1.05 1.59 2.01 0.00 0.00 0.00 
0.00 0.00 1.74 3.44 1.61 1.14 0.90 0.77 0.66 0.59 0.56 0.54 0.52 0.51 0.50 0.49 0.49 0.48 0.48 0.49 0.49 0.49 0.50 0.51 0.52 0.53 0.54 0.55 0.56 0.57 0.59 0.60 0.62 0.63 0.65 0.67 0.70 0.72 0.74 0.77 0.80 0.83 0.86 0.89 0.93 0.96 1.00 1.03 1.07 1.09 1.12 1.14 1.14 1.14 1.14 1.12 1.09 1.06 1.03 0.99 0.95 0.91 0.87 0.83 0.80 0.77 0.74 0.72 0.69 0.68 0.66 0.65 0.64 0.52 0.65 0.70 0.74 0.79 1.04 2.15 0.89 0.00 0.00 
0.00 0.00 4.36 2.21 1.38 1.03 0.84 0.69 0.63 0.56 0.53 0.50 0.48 0.47 0.46 0.46 0.45 0.45 0.45 0.45 0.46 0.46 0.47 0.47 0.48 0.49 0.50 0.51 0.52 0.53 0.55 0.56 0.58 0.59 0.61 0.63 0.65 0.67 0.69 0.72 0.74 0.77 0.80 0.83 0.87 0.90 0.93 0.96 0.99 1.02 1.04 1.06 1.07 1.07 1.06 1.04 1.02 0.99 0.96 0.92 0.89 0.85 0.81 0.78 0.75 0.72 0.69 0.67 0.65 0.63 0.62 0.60 0.60 0.60 0.63 0.62 0.71 0.80 0.95 1.39 2.41 0.00 0.00 
0.00 0.98 4.60 1.85 1.24 0.94 0.77 0.67 0.60 0.53 0.41 0.35 0.33 0.32 0.32 0.31 0.31 0.31 0.31 0.31 0.31 0.31 0.32 0.32 0.33 0.33 0.34 0.35 0.35 0.36 0.37 0.38 0.39 0.40 0.42 0.43 0.44 0.46 0.47 0.49 0.51 0.53 0.55 0.57 0.59 0.61 0.63 0.65 0.68 0.69 0.71 0.72 0.73 0.73 0.72 0.71 0.69 0.68 0.65 0.63 0.60 0.58 0.56 0.53 0.51 0.49 0.47 0.46 0.44 0.43 0.42 0.42 0.46 0.57 0.59 0.38 0.66 0.61 0.68 1.03 2.22 0.00 0.00 
0.00 3.46 3.25 1.70 1.21 0.92 0.74 0.64 0.56 0.33 0.25 0.23 0.22 0.22 0.21 0.21 0.21 0.21 0.21 0.21 0.21 0.21 0.21 0.22 0.22 0.22 0.23 0.23 0.24 0.24 0.25 0.26 0.26 0.27 0.28 0.29 0.30 0.31 0.32 0.33 0.34 0.35 0.37 0.38 0.40 0.41 0.43 0.44 0.46 0.47 0.48 0.48 0.49 0.49 0.48 0.47 0.46 0.45 0.43 0.41 0.40 0.38 0.36 0.35 0.33 0.32 0.31 0.30 0.29 0.28 0.28 0.27 0.27 0.35 0.57 0.60 0.53 0.45 0.85 0.78 1.65 0.00 0.00 
0.00 4.40 2.90 1.63 1.13 0.88 0.73 0.64 0.46 0.26 0.48 0.46 0.44 0.43 0.43 0.42 0.42 0.42 0.42 0.42 0.42 0.43 0.43 0.44 0.44 0.45 0.46 0.47 0.48 0.49 0.50 0.52 0.53 0.55 0.56 0.58 0.60 0.62 0.64 0.66 0.69 0.71 0.74 0.77 0.80 0.83 0.86 0.89 0.92 0.94 0.96 0.98 0.98 0.99 0.98 0.96 0.94 0.92 0.89 0.85 0.82 0.79 0.75 0.72 0.69 0.67 0.64 0.62 0.60 0.59 0.58 0.57 0.26 0.27 0.46 0.60 0.44 0.71 0.80 1.02 1.35 0.69 0.00 
0.00 4.70 2.83 1.59 1.06 0.86 0.73 0.63 0.41 0.26 0.47 0.46 0.44 0.43 0.42 0.42 0.42 0.41 0.42 0.42 0.42 0.42 0.43 0.44 0.44 0.45 0.46 0.47 0.48 0.49 0.50 0.52 0.53 0.54 0.56 0.58 0.60 0.62 0.64 0.66 0.68 0.71 0.74 0.77 0.80 0.83 0.86 0.88 0.91 0.94 0.96 0.97 0.98 0.98 0.97 0.96 0.94 0.91 0.88 0.85 0.82 0.78 0.75 0.72 0.69 0.67 0.64 0.62 0.60 0.59 0.57 0.57 0.26 0.27 0.41 0.60 0.41 0.69 0.75 0.97 1.27 0.68 0.00 
0.00 4.42 2.91 1.61 1.12 0.88 0.73 0.63 0.45 0.26 0.24 0.23 0.22 0.21 0.21 0.21 0.20 0.20 0.20 0.20 0.21 0.21 0.21 0.21 0.22 0.22 0.22 0.23 0.23 0.24 0.25 0.25 0.26 0.27 0.27 0.28 0.29 0.30 0.31 0.32 0.34 0.35 0.36 0.38 0.39 0.41 0.42 0.44 0.45 0.46 0.47 0.48 0.48 0.48 0.47 0.47 0.45 0.44 0.42 0.41 0.39 0.37 0.36 0.34 0.33 0.32 0.31 0.30 0.29 0.28 0.27 0.27 0.26 0.27 0.46 0.60 0.44 0.35 0.80 0.64 1.34 0.00 0.00 
0.00 3.49 3.24 1.69 1.19 0.91 0.62 0.63 0.56 0.33 0.25 0.23 0.22 0.22 0.21 0.21 0.21 0.21 0.21 0.21 0.21 0.21 0.21 0.22 0.22 0.22 0.23 0.23 0.24 0.24 0.25 0.26 0.26 0.27 0.28 0.29 0.30 0.31 0.32 0.33 0.34 0.35 0.37 0.38 0.40 0.41 0.43 0.44 0.46 0.47 0.48 0.48 0.49 0.49 0.48 0.47 0.46 0.45 0.43 0.41 0.40 0.38 0.36 0.35 0.33 0.32 0.31 0.30 0.29 0.28 0.28 0.27 0.27 0.35 0.58 0.29 0.54 0.45 0.52 0.78 1.16 0.00 0.00 
0.00 1.00 4.61 1.84 1.22 0.93 0.76 0.67 0.59 0.52 0.40 0.35 0.33 0.32 0.32 0.31 0.31 0.31 0.31 0.31 0.31 0.32 0.32 0.33 0.33 0.34 0.34 0.35 0.36 0.37 0.38 0.39 0.40 0.41 0.42 0.43 0.45 0.46 0.48 0.49 0.51 0.53 0.55 0.57 0.59 0.62 0.64 0.66 0.68 0.70 0.71 0.73 0.73 0.73 0.73 0.72 0.70 0.68 0.66 0.64 0.61 0.59 0.57 0.54 0.52 0.50 0.48 0.47 0.45 0.44 0.43 0.43 0.47 0.58 0.61 0.39 0.68 0.62 0.70 1.04 2.17 0.00 0.00 
0.00 0.00 4.34 2.18 1.33 1.01 0.82 0.66 0.39 0.55 0.52 0.50 0.49 0.48 0.47 0.46 0.46 0.46 0.46 0.46 0.47 0.47 0.48 0.48 0.49 0.50 0.51 0.52 0.53 0.54 0.56 0.57 0.59 0.60 0.62 0.64 0.66 0.68 0.71 0.73 0.76 0.79 0.82 0.85 0.88 0.91 0.95 0.98 1.01 1.04 1.06 1.08 1.09 1.09 1.08 1.07 1.05 1.02 0.99 0.95 0.92 0.88 0.84 0.81 0.78 0.75 0.72 0.70 0.68 0.66 0.64 0.63 0.62 0.29 0.39 0.64 0.46 0.45 0.58 1.11 1.38 0.00 0.00 
0.00 0.00 1.73 3.40 1.58 1.11 0.87 0.75 0.65 0.49 0.38 0.34 0.33 0.32 0.31 0.31 0.31 0.30 0.30 0.31 0.31 0.31 0.32 0.32 0.33 0.33 0.34 0.34 0.35 0.36 0.37 0.38 0.39 0.40 0.41 0.43 0.44 0.45 0.47 0.49 0.50 0.52 0.54 0.56 0.59 0.61 0.63 0.65 0.67 0.69 0.70 0.72 0.72 0.72 0.72 0.71 0.69 0.67 0.65 0.62 0.60 0.57 0.55 0.53 0.51 0.49 0.47 0.45 0.44 0.43 0.42 0.41 0.45 0.55 0.68 0.46 0.78 0.82 1.06 1.84 0.00 0.00 0.00 
0.00 0.00 0.00 3.10 2.21 1.33 0.91 0.83 0.59 0.41 0.60 0.57 0.55 0.54 0.53 0.53 0.52 0.52 0.52 0.53 0.53 0.54 0.54 0.55 0.56 0.57 0.58 0.59 0.60 0.62 0.63 0.65 0.67 0.69 0.71 0.73 0.75 0.78 0.80 0.83 0.86 0.90 0.93 0.96 1.00 1.04 1.08 1.11 1.15 1.18 1.21 1.23 1.24 1.24 1.23 1.21 1.19 1.16 1.12 1.08 1.04 0.99 0.95 0.91 0.88 0.84 0.81 0.79 0.76 0.74 0.73 0.72 0.35 0.44 0.62 0.44 0.81 0.95 1.07 0.74 0.00 0.00 0.00 
0.00 0.00 0.00 0.07 3.08 1.92 1.14 0.95 0.64 0.74 0.66 0.60 0.58 0.56 0.55 0.55 0.54 0.54 0.54 0.55 0.55 0.56 0.56 0.57 0.58 0.59 0.60 0.62 0.63 0.64 0.66 0.68 0.70 0.72 0.74 0.76 0.78 0.81 0.84 0.87 0.90 0.93 0.97 1.00 1.04 1.08 1.12 1.16 1.20 1.23 1.26 1.28 1.29 1.29 1.28 1.26 1.24 1.20 1.17 1.12 1.08 1.04 0.99 0.95 0.91 0.88 0.85 0.82 0.80 0.78 0.76 0.75 0.79 0.49 0.67 0.56 1.03 1.05 1.49 0.00 0.00 0.00 0.00 
0.00 0.00 0.00 0.00 0.00 2.25 2.20 1.31 0.91 0.65 0.80 0.74 0.72 0.70 0.69 0.68 0.68 0.68 0.68 0.68 0.69 0.70 0.70 0.72 0.73 0.74 0.75 0.77 0.79 0.80 0.82 0.85 0.87 0.89 0.92 0.95 0.98 1.01 1.04 1.08 1.12 1.16 1.21 1.25 1.30 1.35 1.40 1.45 1.49 1.53 1.57 1.59 1.61 1.61 1.60 1.58 1.55 1.51 1.46 1.41 1.35 1.30 1.24 1.19 1.15 1.10 1.06 1.03 1.00 0.97 0.95 0.94 0.59 0.72 0.97 1.04 1.75 0.71 0.00 0.00 0.00 0.00 0.00 
0.00 0.00 0.00 0.00 0.00 0.00 0.81 2.08 1.83 1.28 1.00 0.91 0.88 0.86 0.85 0.84 0.83 0.83 0.84 0.84 0.85 0.86 0.87 0.88 0.89 0.91 0.93 0.95 0.97 0.99 1.01 1.04 1.07 1.10 1.13 1.17 1.20 1.24 1.28 1.33 1.38 1.43 1.48 1.54 1.60 1.65 1.71 1.77 1.83 1.88 1.92 1.95 1.97 1.98 1.97 1.95 1.91 1.86 1.81 1.74 1.68 1.61 1.55 1.49 1.43 1.37 1.32 1.28 1.24 1.20 1.18 1.16 1.22 1.04 1.97 1.25 0.00 0.00 0.00 0.00 0.00 0.00 0.00 
0.00 0.00 0.00 0.00 0.00 0.00 0.00 0.00 0.00 0.00 0.47 0.46 0.45 0.44 0.43 0.43 0.42 0.42 0.43 0.43 0.43 0.44 0.44 0.45 0.46 0.46 0.47 0.48 0.49 0.50 0.52 0.53 0.54 0.56 0.58 0.59 0.61 0.63 0.65 0.68 0.70 0.73 0.75 0.78 0.81 0.84 0.87 0.90 0.93 0.96 0.98 1.00 1.01 1.01 1.00 0.99 0.97 0.95 0.92 0.89 0.85 0.82 0.79 0.76 0.73 0.70 0.67 0.65 0.63 0.62 0.60 0.60 0.00 0.00 0.00 0.00 0.00 0.00 0.00 0.00 0.00 0.00 0.00 
0.00 0.00 0.00 0.00 0.00 0.00 0.00 0.00 0.00 0.00 0.00 0.00 0.00 0.00 0.00 0.00 0.00 0.00 0.00 0.00 0.00 0.00 0.00 0.00 0.00 0.00 0.00 0.00 0.00 0.00 0.00 0.00 0.00 0.00 0.00 0.00 0.00 0.00 0.00 0.00 0.00 0.00 0.00 0.00 0.00 0.00 0.00 0.00 0.00 0.00 0.00 0.00 0.00 0.00 0.00 0.00 0.00 0.00 0.00 0.00 0.00 0.00 0.00 0.00 0.00 0.00 0.00 0.00 0.00 0.00 0.00 0.00 0.00 0.00 0.00 0.00 0.00 0.00 0.00 0.00 0.00 0.00 0.00 
