0.00 0.00 0.00 0.00 0.00 0.00 0.00 0.00 0.00 0.00 0.00 0.00 0.00 0.00 0.00 0.00 0.00 0.00 0.00 0.00 0.00 0.00 0.00 0.00 0.00 0.00 0.00 0.00 0.00 0.00 0.00 0.00 0.00 0.00 0.00 0.00 0.00 0.00 0.00 0.00 0.00 0.00 0.00 0.00 0.00 0.00 0.00 0.00 0.00 0.00 0.00 0.00 0.00 0.00 0.00 0.00 0.00 0.00 0.00 0.00 0.00 0.00 0.00 0.00 0.00 0.00 0.00 0.00 0.00 0.00 0.00 0.00 0.00 0.00 0.00 0.00 0.00 0.00 0.00 0.00 0.00 0.00 0.00 
0.00 0.00 0.00 0.00 0.00 0.00 0.00 0.00 1.19 3.93 4.76 4.86 4.60 4.27 3.92 3.59 3.29 3.01 2.78 2.57 2.39 2.24 2.11 1.99 1.89 1.80 1.72 1.66 1.60 1.55 1.50 1.46 1.43 1.40 1.37 1.35 1.33 1.31 1.29 1.28 1.27 1.26 1.25 1.24 1.23 1.22 1.21 1.21 1.20 1.20 1.19 1.18 1.18 1.17 1.17 1.16 1.16 1.15 1.15 1.15 1.14 1.14 1.13 1.13 1.13 1.13 1.14 1.14 1.15 1.17 1.19 1.20 1.17 0.99 0.31 0.00 0.00 0.00 0.00 0.00 0.00 0.00 0.00 
0.00 0.00 0.00 0.00 0.00 0.00 2.46 6.07 6.45 4.57 4.00 3.73 3.50 3.24 2.98 2.73 2.51 2.30 2.12 1.97 1.83 1.72 1.62 1.53 1.45 1.38 1.33 1.27 1.23 1.19 1.16 1.13 1.10 1.08 1.06 1.04 1.02 1.01 1.00 0.99 0.98 0.97 0.96 0.95 0.95 0.94 0.93 0.93 0.92 0.92 0.92 0.91 0.91 0.90 0.90 0.90 0.89 0.89 0.88 0.88 0.88 0.88 0.87 0.87 0.87 0.87 0.87 0.88 0.89 0.90 0.91 0.93 0.99 1.15 1.70 1.72 0.77 0.00 0.00 0.00 0.00 0.00 0.00 
0.00 0.00 0.00 0.00 0.12 5.02 5.63 3.77 3.23 2.96 2.76 2.59 2.43 2.25 2.08 1.90 1.75 1.61 1.48 1.37 1.28 1.20 1.13 1.07 1.01 0.97 0.93 0.89 0.86 0.83 0.81 0.79 0.77 0.75 0.74 0.73 0.72 0.71 0.70 0.69 0.68 0.68 0.67 0.67 0.66 0.66 0.65 0.65 0.65 0.64 0.64 0.64 0.63 0.63 0.63 0.63 0.62 0.62 0.62 0.62 0.61 0.61 0.61 0.61 0.61 0.61 0.61 0.61 0.62 0.63 0.64 0.65 0.68 0.74 0.85 1.07 1.78 1.83 0.05 0.00 0.00 0.00 0.00 
0.00 0.00 0.00 0.11 5.51 4.18 3.12 2.77 2.54 2.46 2.26 2.10 1.97 1.83 1.69 1.55 1.42 1.31 1.21 1.12 1.04 0.98 0.92 0.87 0.83 0.79 0.76 0.73 0.70 0.68 0.66 0.64 0.63 0.61 0.60 0.59 0.58 0.57 0.57 0.56 0.56 0.55 0.55 0.54 0.54 0.54 0.53 0.53 0.53 0.52 0.52 0.52 0.52 0.51 0.51 0.51 0.51 0.51 0.50 0.50 0.50 0.50 0.50 0.50 0.50 0.50 0.50 0.50 0.50 0.51 0.52 0.53 0.56 0.62 0.67 0.78 0.99 1.52 2.36 0.05 0.00 0.00 0.00 
0.00 0.00 0.00 4.46 3.96 2.87 2.50 2.36 2.20 2.16 2.04 1.92 1.81 1.68 1.54 1.42 1.30 1.19 1.10 1.02 0.95 0.89 0.84 0.80 0.76 0.72 0.69 0.66 0.64 0.62 0.60 0.59 0.57 0.56 0.55 0.54 0.53 0.53 0.52 0.51 0.51 0.50 0.50 0.50 0.49 0.49 0.49 0.48 0.48 0.48 0.48 0.48 0.47 0.47 0.47 0.47 0.47 0.46 0.46 0.46 0.46 0.46 0.46 0.45 0.45 0.46 0.46 0.46 0.46 0.47 0.48 0.49 0.51 0.55 0.58 0.67 0.79 1.04 1.70 2.33 0.00 0.00 0.00 
0.00 0.00 1.96 4.79 2.82 2.39 2.20 2.12 1.99 1.92 1.88 1.80 1.70 1.58 1.45 1.33 1.22 1.13 1.04 0.97 0.90 0.84 0.79 0.75 0.71 0.68 0.65 0.63 0.61 0.59 0.57 0.56 0.54 0.53 0.52 0.51 0.50 0.50 0.49 0.49 0.48 0.48 0.47 0.47 0.47 0.46 0.46 0.46 0.46 0.45 0.45 0.45 0.45 0.45 0.44 0.44 0.44 0.44 0.44 0.43 0.43 0.43 0.43 0.43 0.43 0.43 0.43 0.43 0.44 0.44 0.45 0.46 0.47 0.41 0.53 0.60 0.68 0.77 1.10 2.45 1.08 0.00 0.00 
0.00 0.00 4.67 3.09 2.40 2.16 2.04 1.91 1.92 1.82 1.75 1.67 1.57 1.46 1.34 1.23 1.13 1.04 0.97 0.90 0.84 0.78 0.74 0.70 0.67 0.64 0.61 0.59 0.57 0.55 0.53 0.52 0.51 0.50 0.49 0.48 0.47 0.46 0.46 0.45 0.45 0.44 0.44 0.44 0.44 0.43 0.43 0.43 0.43 0.42 0.42 0.42 0.42 0.42 0.41 0.41 0.41 0.41 0.41 0.41 0.40 0.40 0.40 0.40 0.40 0.40 0.40 0.40 0.41 0.41 0.42 0.43 0.44 0.46 0.51 0.53 0.64 0.77 1.00 1.57 2.87 0.00 0.00 
0.00 0.86 4.88 2.59 2.16 1.98 1.87 1.88 1.79 1.69 1.34 1.15 1.07 0.99 0.92 0.84 0.77 0.71 0.66 0.61 0.57 0.53 0.50 0.48 0.45 0.43 0.41 0.40 0.38 0.37 0.36 0.35 0.34 0.34 0.33 0.33 0.32 0.32 0.31 0.31 0.31 0.30 0.30 0.30 0.30 0.29 0.29 0.29 0.29 0.29 0.29 0.29 0.28 0.28 0.28 0.28 0.28 0.28 0.28 0.28 0.27 0.27 0.27 0.27 0.27 0.27 0.27 0.27 0.28 0.28 0.28 0.29 0.34 0.43 0.48 0.33 0.59 0.59 0.71 1.15 2.59 0.00 0.00 
0.00 2.79 3.45 2.37 2.07 1.94 1.81 1.78 1.68 1.07 0.83 0.80 0.75 0.69 0.64 0.58 0.53 0.49 0.45 0.42 0.39 0.36 0.34 0.32 0.31 0.29 0.28 0.27 0.26 0.25 0.24 0.24 0.23 0.23 0.22 0.22 0.21 0.21 0.21 0.21 0.20 0.20 0.20 0.20 0.20 0.20 0.20 0.20 0.19 0.19 0.19 0.19 0.19 0.19 0.19 0.19 0.19 0.19 0.19 0.19 0.18 0.18 0.18 0.18 0.18 0.18 0.18 0.18 0.19 0.19 0.19 0.20 0.20 0.27 0.45 0.51 0.48 0.44 0.87 0.87 1.90 0.00 0.00 
0.00 3.41 3.07 2.24 1.91 1.86 1.81 1.74 1.36 0.85 1.59 1.52 1.44 1.34 1.23 1.13 1.04 0.96 0.89 0.83 0.77 0.72 0.68 0.65 0.61 0.59 0.56 0.54 0.52 0.51 0.49 0.48 0.47 0.46 0.45 0.44 0.43 0.43 0.42 0.42 0.41 0.41 0.41 0.40 0.40 0.40 0.40 0.39 0.39 0.39 0.39 0.39 0.39 0.38 0.38 0.38 0.38 0.38 0.38 0.37 0.37 0.37 0.37 0.37 0.37 0.37 0.37 0.37 0.38 0.38 0.39 0.39 0.20 0.21 0.37 0.50 0.40 0.67 0.81 1.10 1.54 0.81 0.00 
0.00 3.60 2.99 2.20 1.80 1.82 1.81 1.73 1.23 0.84 1.58 1.51 1.43 1.33 1.23 1.13 1.04 0.96 0.88 0.82 0.77 0.72 0.68 0.64 0.61 0.58 0.56 0.54 0.52 0.50 0.49 0.48 0.47 0.46 0.45 0.44 0.43 0.43 0.42 0.42 0.41 0.41 0.41 0.40 0.40 0.40 0.40 0.39 0.39 0.39 0.39 0.39 0.38 0.38 0.38 0.38 0.38 0.38 0.37 0.37 0.37 0.37 0.37 0.37 0.37 0.37 0.37 0.37 0.38 0.38 0.39 0.39 0.20 0.21 0.33 0.50 0.37 0.66 0.76 1.05 1.43 0.80 0.00 
0.00 3.40 3.05 2.23 1.91 1.86 1.80 1.73 1.36 0.85 0.82 0.78 0.74 0.68 0.63 0.57 0.53 0.48 0.44 0.41 0.38 0.36 0.34 0.32 0.30 0.29 0.28 0.26 0.26 0.25 0.24 0.23 0.23 0.22 0.22 0.22 0.21 0.21 0.21 0.20 0.20 0.20 0.20 0.20 0.20 0.19 0.19 0.19 0.19 0.19 0.19 0.19 0.19 0.19 0.19 0.19 0.19 0.18 0.18 0.18 0.18 0.18 0.18 0.18 0.18 0.18 0.18 0.18 0.18 0.19 0.19 0.19 0.20 0.21 0.37 0.50 0.39 0.36 0.79 0.71 1.49 0.00 0.00 
0.00 2.76 3.41 2.33 2.06 1.92 1.50 1.77 1.67 1.06 0.83 0.79 0.75 0.69 0.64 0.58 0.53 0.49 0.45 0.42 0.39 0.36 0.34 0.32 0.31 0.29 0.28 0.27 0.26 0.25 0.24 0.24 0.23 0.23 0.22 0.22 0.21 0.21 0.21 0.21 0.21 0.20 0.20 0.20 0.20 0.20 0.20 0.20 0.19 0.19 0.19 0.19 0.19 0.19 0.19 0.19 0.19 0.19 0.19 0.19 0.18 0.18 0.18 0.18 0.18 0.18 0.18 0.19 0.19 0.19 0.19 0.20 0.20 0.27 0.45 0.26 0.48 0.43 0.54 0.84 1.27 0.00 0.00 
0.00 0.85 4.80 2.54 2.12 1.95 1.85 1.86 1.77 1.67 1.32 1.14 1.06 0.99 0.91 0.84 0.77 0.71 0.66 0.61 0.57 0.54 0.51 0.48 0.46 0.44 0.42 0.40 0.39 0.38 0.37 0.36 0.35 0.34 0.33 0.33 0.32 0.32 0.32 0.31 0.31 0.31 0.30 0.30 0.30 0.30 0.30 0.29 0.29 0.29 0.29 0.29 0.29 0.29 0.28 0.28 0.28 0.28 0.28 0.28 0.28 0.28 0.28 0.28 0.28 0.28 0.28 0.28 0.28 0.28 0.29 0.30 0.34 0.44 0.48 0.33 0.59 0.58 0.70 1.08 2.32 0.00 0.00 
0.00 0.00 4.57 3.00 2.30 2.12 2.01 1.81 1.17 1.79 1.72 1.64 1.55 1.44 1.33 1.23 1.13 1.04 0.97 0.90 0.84 0.79 0.75 0.71 0.68 0.65 0.62 0.60 0.58 0.56 0.54 0.53 0.52 0.50 0.50 0.49 0.48 0.47 0.47 0.46 0.46 0.45 0.45 0.45 0.44 0.44 0.44 0.44 0.43 0.43 0.43 0.43 0.42 0.42 0.42 0.42 0.42 0.42 0.41 0.41 0.41 0.41 0.41 0.41 0.41 0.41 0.41 0.41 0.42 0.42 0.43 0.44 0.45 0.23 0.32 0.53 0.41 0.44 0.59 1.15 1.47 0.00 0.00 
0.00 0.00 1.90 4.64 2.74 2.33 2.10 2.08 1.95 1.57 1.27 1.13 1.06 0.98 0.91 0.83 0.77 0.71 0.65 0.61 0.57 0.53 0.50 0.47 0.45 0.43 0.41 0.40 0.38 0.37 0.36 0.35 0.34 0.34 0.33 0.32 0.32 0.31 0.31 0.31 0.30 0.30 0.30 0.30 0.29 0.29 0.29 0.29 0.29 0.29 0.28 0.28 0.28 0.28 0.28 0.28 0.28 0.28 0.28 0.27 0.27 0.27 0.27 0.27 0.27 0.27 0.27 0.27 0.28 0.28 0.28 0.29 0.33 0.41 0.53 0.39 0.67 0.75 1.02 1.84 0.00 0.00 0.00 
0.00 0.00 0.00 4.30 3.82 2.78 2.18 2.30 1.77 1.31 2.00 1.88 1.78 1.65 1.53 1.40 1.29 1.19 1.11 1.03 0.96 0.90 0.85 0.81 0.77 0.73 0.70 0.68 0.65 0.63 0.62 0.60 0.59 0.57 0.56 0.55 0.55 0.54 0.53 0.53 0.52 0.52 0.51 0.51 0.50 0.50 0.50 0.50 0.49 0.49 0.49 0.49 0.48 0.48 0.48 0.48 0.47 0.47 0.47 0.47 0.47 0.47 0.47 0.47 0.47 0.47 0.47 0.47 0.47 0.48 0.49 0.50 0.26 0.34 0.48 0.38 0.70 0.85 1.01 0.75 0.00 0.00 0.00 
0.00 0.00 0.00 0.11 5.21 4.03 2.76 2.63 1.93 2.40 2.18 1.97 1.85 1.72 1.59 1.46 1.35 1.24 1.15 1.07 1.00 0.94 0.89 0.84 0.80 0.77 0.73 0.71 0.68 0.66 0.64 0.63 0.61 0.60 0.59 0.58 0.57 0.56 0.55 0.55 0.54 0.54 0.53 0.53 0.52 0.52 0.52 0.52 0.51 0.51 0.51 0.51 0.50 0.50 0.50 0.50 0.49 0.49 0.49 0.49 0.49 0.49 0.49 0.48 0.48 0.49 0.49 0.49 0.49 0.50 0.51 0.52 0.57 0.38 0.53 0.47 0.88 0.93 1.40 0.00 0.00 0.00 0.00 
0.00 0.00 0.00 0.00 0.00 4.82 5.36 3.63 2.74 2.06 2.65 2.43 2.28 2.12 1.96 1.81 1.67 1.54 1.43 1.33 1.25 1.17 1.10 1.05 1.00 0.95 0.91 0.88 0.85 0.82 0.80 0.78 0.76 0.75 0.73 0.72 0.71 0.70 0.69 0.68 0.68 0.67 0.66 0.66 0.65 0.65 0.65 0.64 0.64 0.64 0.63 0.63 0.63 0.62 0.62 0.62 0.62 0.61 0.61 0.61 0.61 0.61 0.60 0.60 0.60 0.61 0.61 0.61 0.62 0.62 0.63 0.65 0.43 0.55 0.75 0.84 1.46 0.63 0.00 0.00 0.00 0.00 0.00 
0.00 0.00 0.00 0.00 0.00 0.00 2.05 5.76 5.45 4.07 3.26 2.94 2.75 2.57 2.38 2.19 2.03 1.88 1.74 1.63 1.52 1.43 1.35 1.28 1.22 1.17 1.12 1.08 1.04 1.01 0.98 0.96 0.94 0.92 0.90 0.88 0.87 0.86 0.85 0.84 0.83 0.82 0.82 0.81 0.80 0.80 0.79 0.79 0.79 0.78 0.78 0.77 0.77 0.77 0.76 0.76 0.76 0.75 0.75 0.75 0.75 0.74 0.74 0.74 0.74 0.74 0.74 0.75 0.75 0.76 0.77 0.79 0.86 0.77 1.51 0.99 0.00 0.00 0.00 0.00 0.00 0.00 0.00 
0.00 0.00 0.00 0.00 0.00 0.00 0.00 0.00 0.00 0.00 1.54 1.48 1.40 1.31 1.21 1.12 1.03 0.96 0.89 0.83 0.78 0.73 0.69 0.65 0.62 0.60 0.57 0.55 0.53 0.52 0.50 0.49 0.48 0.47 0.46 0.45 0.44 0.44 0.43 0.43 0.42 0.42 0.42 0.41 0.41 0.41 0.40 0.40 0.40 0.40 0.40 0.39 0.39 0.39 0.39 0.39 0.39 0.38 0.38 0.38 0.38 0.38 0.38 0.38 0.38 0.38 0.38 0.38 0.39 0.39 0.40 0.40 0.00 0.00 0.00 0.00 0.00 0.00 0.00 0.00 0.00 0.00 0.00 
0.00 0.00 0.00 0.00 0.00 0.00 0.00 0.00 0.00 0.00 0.00 0.00 0.00 0.00 0.00 0.00 0.00 0.00 0.00 0.00 0.00 0.00 0.00 0.00 0.00 0.00 0.00 0.00 0.00 0.00 0.00 0.00 0.00 0.00 0.00 0.00 0.00 0.00 0.00 0.00 0.00 0.00 0.00 0.00 0.00 0.00 0.00 0.00 0.00 0.00 0.00 0.00 0.00 0.00 0.00 0.00 0.00 0.00 0.00 0.00 0.00 0.00 0.00 0.00 0.00 0.00 0.00 0.00 0.00 0.00 0.00 0.00 0.00 0.00 0.00 0.00 0.00 0.00 0.00 0.00 0.00 0.00 0.00 
