0.00 0.00 0.00 0.00 0.00 0.00 0.00 0.00 0.00 0.00 0.00 0.00 0.00 0.00 0.00 0.00 0.00 0.00 0.00 0.00 0.00 0.00 0.00 0.00 0.00 0.00 0.00 0.00 0.00 0.00 0.00 0.00 0.00 0.00 0.00 0.00 0.00 0.00 0.00 0.00 0.00 0.00 0.00 0.00 0.00 0.00 0.00 0.00 0.00 0.00 0.00 0.00 0.00 0.00 0.00 0.00 0.00 0.00 0.00 0.00 0.00 0.00 0.00 0.00 0.00 0.00 0.00 0.00 0.00 0.00 0.00 0.00 0.00 0.00 0.00 0.00 0.00 0.00 0.00 0.00 0.00 0.00 0.00 
0.00 0.00 0.00 0.00 0.00 0.00 0.00 0.00 0.31 1.01 1.23 1.30 1.30 1.30 1.29 1.29 1.29 1.30 1.30 1.30 1.31 1.31 1.31 1.31 1.32 1.32 1.32 1.32 1.32 1.32 1.32 1.32 1.32 1.32 1.32 1.32 1.31 1.31 1.31 1.31 1.31 1.30 1.30 1.30 1.30 1.30 1.30 1.30 1.30 1.31 1.31 1.32 1.33 1.35 1.36 1.38 1.40 1.43 1.47 1.51 1.56 1.62 1.69 1.78 1.89 2.02 2.18 2.37 2.60 2.89 3.24 3.64 3.95 3.69 1.26 0.00 0.00 0.00 0.00 0.00 0.00 0.00 0.00 
0.00 0.00 0.00 0.00 0.00 0.00 0.71 1.66 1.70 1.19 1.05 1.01 1.00 1.00 1.00 1.00 1.00 1.00 1.00 1.00 1.00 1.01 1.01 1.01 1.01 1.01 1.02 1.02 1.02 1.02 1.02 1.02 1.02 1.02 1.02 1.01 1.01 1.01 1.01 1.01 1.01 1.00 1.00 1.00 1.00 1.00 1.00 1.00 1.00 1.01 1.01 1.02 1.03 1.04 1.05 1.06 1.08 1.10 1.13 1.16 1.20 1.25 1.30 1.37 1.45 1.55 1.67 1.81 1.99 2.21 2.47 2.80 3.28 4.24 6.87 7.61 3.61 0.00 0.00 0.00 0.00 0.00 0.00 
0.00 0.00 0.00 0.00 0.04 1.58 1.65 1.03 0.85 0.77 0.72 0.70 0.70 0.70 0.70 0.70 0.70 0.70 0.70 0.70 0.70 0.70 0.71 0.71 0.71 0.71 0.71 0.71 0.71 0.71 0.71 0.71 0.71 0.71 0.71 0.71 0.71 0.71 0.71 0.71 0.70 0.70 0.70 0.70 0.70 0.70 0.70 0.70 0.70 0.71 0.71 0.71 0.72 0.73 0.73 0.74 0.76 0.77 0.79 0.81 0.84 0.87 0.91 0.96 1.01 1.08 1.17 1.27 1.39 1.54 1.72 1.93 2.26 2.74 3.41 4.71 8.31 8.89 0.23 0.00 0.00 0.00 0.00 
0.00 0.00 0.00 0.04 1.93 1.32 0.91 0.76 0.67 0.64 0.59 0.57 0.57 0.57 0.57 0.57 0.57 0.57 0.57 0.57 0.57 0.57 0.57 0.58 0.58 0.58 0.58 0.58 0.58 0.58 0.58 0.58 0.58 0.58 0.58 0.58 0.58 0.58 0.58 0.57 0.57 0.57 0.57 0.57 0.57 0.57 0.57 0.57 0.57 0.58 0.58 0.58 0.59 0.59 0.60 0.61 0.62 0.63 0.65 0.66 0.69 0.71 0.74 0.78 0.83 0.88 0.95 1.03 1.13 1.25 1.40 1.57 1.83 2.27 2.68 3.42 4.61 7.30 11.22 0.21 0.00 0.00 0.00 
0.00 0.00 0.00 1.76 1.39 0.91 0.73 0.65 0.58 0.56 0.54 0.52 0.52 0.52 0.52 0.52 0.52 0.52 0.52 0.52 0.52 0.52 0.53 0.53 0.53 0.53 0.53 0.53 0.53 0.53 0.53 0.53 0.53 0.53 0.53 0.53 0.53 0.53 0.53 0.53 0.52 0.52 0.52 0.52 0.52 0.52 0.52 0.52 0.52 0.53 0.53 0.53 0.54 0.54 0.55 0.56 0.57 0.58 0.59 0.61 0.63 0.65 0.68 0.72 0.76 0.81 0.87 0.95 1.04 1.15 1.28 1.44 1.69 2.00 2.32 2.96 3.70 5.01 8.04 10.30 0.00 0.00 0.00 
0.00 0.00 0.88 1.90 0.99 0.76 0.65 0.58 0.53 0.50 0.50 0.49 0.49 0.49 0.49 0.49 0.49 0.49 0.49 0.49 0.50 0.50 0.50 0.50 0.50 0.50 0.50 0.50 0.50 0.50 0.50 0.50 0.50 0.50 0.50 0.50 0.50 0.50 0.50 0.50 0.50 0.50 0.50 0.49 0.49 0.49 0.49 0.50 0.50 0.50 0.50 0.50 0.51 0.51 0.52 0.53 0.54 0.55 0.56 0.58 0.59 0.62 0.64 0.68 0.72 0.76 0.82 0.89 0.98 1.09 1.21 1.36 1.53 1.48 2.12 2.62 3.15 3.70 5.23 10.81 4.30 0.00 0.00 
0.00 0.00 2.16 1.22 0.84 0.69 0.60 0.53 0.51 0.48 0.46 0.46 0.46 0.46 0.46 0.46 0.46 0.46 0.46 0.46 0.46 0.46 0.46 0.46 0.47 0.47 0.47 0.47 0.47 0.47 0.47 0.47 0.47 0.47 0.47 0.47 0.47 0.47 0.46 0.46 0.46 0.46 0.46 0.46 0.46 0.46 0.46 0.46 0.46 0.46 0.47 0.47 0.47 0.48 0.48 0.49 0.50 0.51 0.52 0.54 0.55 0.57 0.60 0.63 0.67 0.71 0.77 0.83 0.91 1.01 1.13 1.27 1.45 1.69 2.00 2.29 2.97 3.74 4.78 7.06 11.64 0.00 0.00 
0.00 0.45 2.26 1.03 0.76 0.63 0.55 0.52 0.48 0.45 0.36 0.32 0.31 0.31 0.31 0.31 0.31 0.31 0.31 0.31 0.31 0.32 0.32 0.32 0.32 0.32 0.32 0.32 0.32 0.32 0.32 0.32 0.32 0.32 0.32 0.32 0.32 0.32 0.32 0.32 0.32 0.32 0.31 0.31 0.31 0.31 0.31 0.31 0.32 0.32 0.32 0.32 0.32 0.33 0.33 0.33 0.34 0.35 0.35 0.36 0.38 0.39 0.41 0.43 0.45 0.48 0.52 0.56 0.62 0.68 0.76 0.87 1.11 1.56 1.88 1.44 2.71 2.79 3.38 5.19 10.65 0.00 0.00 
0.00 1.52 1.60 0.94 0.74 0.61 0.53 0.49 0.45 0.28 0.22 0.21 0.21 0.21 0.21 0.21 0.21 0.21 0.21 0.21 0.21 0.21 0.21 0.21 0.21 0.21 0.21 0.21 0.21 0.21 0.21 0.21 0.21 0.21 0.21 0.21 0.21 0.21 0.21 0.21 0.21 0.21 0.21 0.21 0.21 0.21 0.21 0.21 0.21 0.21 0.21 0.21 0.22 0.22 0.22 0.22 0.23 0.23 0.24 0.24 0.25 0.26 0.27 0.29 0.31 0.33 0.35 0.38 0.42 0.47 0.52 0.59 0.69 0.99 1.78 2.15 2.17 2.10 4.20 3.88 8.03 0.00 0.00 
0.00 1.90 1.42 0.90 0.69 0.59 0.53 0.49 0.37 0.22 0.43 0.42 0.42 0.42 0.42 0.42 0.42 0.42 0.42 0.42 0.43 0.43 0.43 0.43 0.43 0.43 0.43 0.43 0.43 0.43 0.43 0.43 0.43 0.43 0.43 0.43 0.43 0.43 0.43 0.43 0.43 0.43 0.43 0.43 0.43 0.43 0.43 0.43 0.43 0.43 0.43 0.43 0.44 0.44 0.45 0.45 0.46 0.47 0.48 0.50 0.51 0.53 0.56 0.58 0.62 0.66 0.71 0.77 0.84 0.93 1.02 1.12 0.68 0.80 1.44 2.11 1.82 3.23 3.93 5.12 6.54 3.21 0.00 
0.00 2.02 1.39 0.88 0.64 0.58 0.53 0.48 0.33 0.22 0.42 0.42 0.42 0.42 0.42 0.42 0.42 0.42 0.42 0.42 0.42 0.42 0.43 0.43 0.43 0.43 0.43 0.43 0.43 0.43 0.43 0.43 0.43 0.43 0.43 0.43 0.43 0.43 0.43 0.43 0.43 0.43 0.42 0.42 0.42 0.42 0.42 0.43 0.43 0.43 0.43 0.43 0.44 0.44 0.45 0.45 0.46 0.47 0.48 0.49 0.51 0.53 0.55 0.58 0.62 0.66 0.71 0.77 0.84 0.92 1.02 1.12 0.68 0.80 1.30 2.09 1.71 3.15 3.66 4.87 6.17 3.18 0.00 
0.00 1.90 1.42 0.89 0.68 0.59 0.53 0.48 0.37 0.22 0.21 0.21 0.21 0.21 0.21 0.21 0.21 0.21 0.21 0.21 0.21 0.21 0.21 0.21 0.21 0.21 0.21 0.21 0.21 0.21 0.21 0.21 0.21 0.21 0.21 0.21 0.21 0.21 0.21 0.21 0.21 0.21 0.21 0.21 0.21 0.21 0.21 0.21 0.21 0.21 0.21 0.21 0.21 0.21 0.22 0.22 0.22 0.23 0.23 0.24 0.25 0.26 0.27 0.28 0.30 0.32 0.35 0.38 0.42 0.46 0.52 0.59 0.69 0.80 1.43 2.09 1.78 1.74 3.84 3.17 6.54 0.00 0.00 
0.00 1.52 1.59 0.94 0.73 0.61 0.44 0.49 0.45 0.28 0.21 0.21 0.21 0.21 0.21 0.21 0.21 0.21 0.21 0.21 0.21 0.21 0.21 0.21 0.21 0.21 0.21 0.21 0.21 0.21 0.21 0.21 0.21 0.21 0.21 0.21 0.21 0.21 0.21 0.21 0.21 0.21 0.21 0.21 0.21 0.21 0.21 0.21 0.21 0.21 0.21 0.21 0.22 0.22 0.22 0.22 0.23 0.23 0.24 0.24 0.25 0.26 0.27 0.29 0.31 0.33 0.35 0.39 0.42 0.47 0.53 0.60 0.69 0.99 1.73 1.15 2.13 2.08 2.54 3.83 5.65 0.00 0.00 
0.00 0.45 2.25 1.02 0.75 0.62 0.55 0.51 0.48 0.45 0.36 0.32 0.31 0.31 0.31 0.31 0.31 0.31 0.31 0.32 0.32 0.32 0.32 0.32 0.32 0.32 0.32 0.32 0.32 0.32 0.32 0.32 0.32 0.32 0.32 0.32 0.32 0.32 0.32 0.32 0.32 0.32 0.32 0.32 0.32 0.32 0.32 0.32 0.32 0.32 0.32 0.32 0.33 0.33 0.33 0.34 0.34 0.35 0.36 0.37 0.38 0.40 0.41 0.43 0.46 0.49 0.53 0.57 0.63 0.69 0.77 0.88 1.10 1.54 1.84 1.45 2.62 2.71 3.30 5.08 10.73 0.00 0.00 
0.00 0.00 2.13 1.21 0.82 0.68 0.59 0.51 0.31 0.48 0.47 0.46 0.46 0.46 0.46 0.46 0.46 0.46 0.47 0.47 0.47 0.47 0.47 0.47 0.47 0.47 0.47 0.48 0.48 0.48 0.48 0.48 0.48 0.48 0.48 0.48 0.47 0.47 0.47 0.47 0.47 0.47 0.47 0.47 0.47 0.47 0.47 0.47 0.47 0.47 0.48 0.48 0.48 0.49 0.49 0.50 0.51 0.52 0.53 0.55 0.57 0.59 0.61 0.64 0.68 0.73 0.78 0.85 0.92 1.02 1.13 1.27 1.42 0.87 1.26 2.19 1.90 2.13 2.85 5.46 6.96 0.00 0.00 
0.00 0.00 0.87 1.87 0.97 0.75 0.62 0.58 0.53 0.42 0.34 0.31 0.31 0.31 0.31 0.31 0.31 0.31 0.31 0.31 0.31 0.31 0.31 0.31 0.31 0.32 0.32 0.32 0.32 0.32 0.32 0.32 0.32 0.32 0.32 0.32 0.32 0.31 0.31 0.31 0.31 0.31 0.31 0.31 0.31 0.31 0.31 0.31 0.31 0.31 0.32 0.32 0.32 0.32 0.33 0.33 0.34 0.34 0.35 0.36 0.38 0.39 0.41 0.43 0.45 0.48 0.52 0.57 0.62 0.69 0.76 0.86 1.07 1.47 2.03 1.71 3.00 3.54 4.95 8.91 0.00 0.00 0.00 
0.00 0.00 0.00 1.73 1.36 0.89 0.65 0.64 0.48 0.35 0.54 0.52 0.52 0.52 0.52 0.52 0.53 0.53 0.53 0.53 0.53 0.53 0.54 0.54 0.54 0.54 0.54 0.54 0.54 0.54 0.54 0.54 0.54 0.54 0.54 0.54 0.54 0.54 0.54 0.54 0.54 0.54 0.54 0.53 0.53 0.53 0.54 0.54 0.54 0.54 0.54 0.55 0.55 0.56 0.56 0.57 0.58 0.59 0.61 0.62 0.64 0.67 0.70 0.73 0.78 0.83 0.89 0.97 1.06 1.17 1.30 1.43 0.87 1.24 1.84 1.69 3.14 4.03 4.90 3.77 0.00 0.00 0.00 
0.00 0.00 0.00 0.04 1.88 1.29 0.82 0.73 0.52 0.64 0.59 0.55 0.54 0.54 0.54 0.55 0.55 0.55 0.55 0.55 0.55 0.56 0.56 0.56 0.56 0.56 0.56 0.56 0.56 0.56 0.56 0.56 0.56 0.56 0.56 0.56 0.56 0.56 0.56 0.56 0.56 0.56 0.56 0.56 0.56 0.56 0.56 0.56 0.56 0.56 0.56 0.57 0.57 0.58 0.59 0.59 0.60 0.62 0.63 0.65 0.67 0.70 0.73 0.77 0.81 0.86 0.93 1.01 1.10 1.22 1.35 1.51 1.79 1.37 2.02 2.03 3.91 4.38 7.00 0.00 0.00 0.00 0.00 
0.00 0.00 0.00 0.00 0.00 1.54 1.60 1.02 0.74 0.55 0.72 0.68 0.68 0.68 0.68 0.68 0.68 0.68 0.69 0.69 0.69 0.69 0.70 0.70 0.70 0.70 0.70 0.70 0.70 0.70 0.70 0.70 0.70 0.70 0.70 0.70 0.70 0.70 0.70 0.70 0.70 0.70 0.70 0.69 0.69 0.69 0.70 0.70 0.70 0.70 0.70 0.71 0.71 0.72 0.73 0.74 0.75 0.77 0.79 0.81 0.84 0.87 0.91 0.95 1.01 1.08 1.16 1.25 1.37 1.51 1.68 1.86 1.41 1.95 2.87 3.51 6.38 3.02 0.00 0.00 0.00 0.00 0.00 
0.00 0.00 0.00 0.00 0.00 0.00 0.60 1.62 1.49 1.10 0.89 0.84 0.83 0.83 0.83 0.83 0.84 0.84 0.84 0.85 0.85 0.85 0.85 0.86 0.86 0.86 0.86 0.86 0.86 0.86 0.87 0.87 0.87 0.86 0.86 0.86 0.86 0.86 0.86 0.86 0.86 0.86 0.86 0.86 0.86 0.86 0.86 0.86 0.86 0.86 0.87 0.87 0.88 0.89 0.90 0.91 0.93 0.95 0.97 1.00 1.03 1.07 1.11 1.17 1.24 1.32 1.41 1.53 1.67 1.84 2.04 2.29 2.71 2.69 5.60 4.00 0.00 0.00 0.00 0.00 0.00 0.00 0.00 
0.00 0.00 0.00 0.00 0.00 0.00 0.00 0.00 0.00 0.00 0.43 0.42 0.42 0.42 0.42 0.42 0.43 0.43 0.43 0.43 0.43 0.43 0.43 0.44 0.44 0.44 0.44 0.44 0.44 0.44 0.44 0.44 0.44 0.44 0.44 0.44 0.44 0.44 0.44 0.44 0.44 0.44 0.44 0.44 0.44 0.44 0.44 0.44 0.44 0.44 0.44 0.44 0.45 0.45 0.46 0.46 0.47 0.48 0.49 0.51 0.52 0.54 0.57 0.60 0.63 0.67 0.72 0.78 0.85 0.93 1.02 1.09 0.00 0.00 0.00 0.00 0.00 0.00 0.00 0.00 0.00 0.00 0.00 
0.00 0.00 0.00 0.00 0.00 0.00 0.00 0.00 0.00 0.00 0.00 0.00 0.00 0.00 0.00 0.00 0.00 0.00 0.00 0.00 0.00 0.00 0.00 0.00 0.00 0.00 0.00 0.00 0.00 0.00 0.00 0.00 0.00 0.00 0.00 0.00 0.00 0.00 0.00 0.00 0.00 0.00 0.00 0.00 0.00 0.00 0.00 0.00 0.00 0.00 0.00 0.00 0.00 0.00 0.00 0.00 0.00 0.00 0.00 0.00 0.00 0.00 0.00 0.00 0.00 0.00 0.00 0.00 0.00 0.00 0.00 0.00 0.00 0.00 0.00 0.00 0.00 0.00 0.00 0.00 0.00 0.00 0.00 
