0.00 0.00 0.00 0.00 0.00 0.00 0.00 0.00 0.00 0.00 0.00 0.00 0.00 0.00 0.00 0.00 0.00 0.00 0.00 0.00 0.00 0.00 0.00 0.00 0.00 0.00 0.00 0.00 0.00 0.00 0.00 0.00 0.00 0.00 0.00 0.00 0.00 0.00 0.00 0.00 0.00 0.00 0.00 0.00 0.00 0.00 0.00 0.00 0.00 0.00 0.00 0.00 0.00 0.00 0.00 0.00 0.00 0.00 0.00 0.00 0.00 0.00 0.00 0.00 0.00 0.00 0.00 0.00 0.00 0.00 0.00 0.00 0.00 0.00 0.00 0.00 0.00 0.00 0.00 0.00 0.00 0.00 0.00 
0.00 0.00 0.00 0.00 0.00 0.00 0.00 0.00 0.33 1.07 1.31 1.39 1.39 1.39 1.39 1.40 1.40 1.41 1.42 1.42 1.43 1.44 1.45 1.45 1.46 1.47 1.47 1.48 1.49 1.49 1.50 1.50 1.50 1.51 1.51 1.51 1.51 1.51 1.52 1.52 1.52 1.52 1.52 1.52 1.52 1.52 1.52 1.52 1.51 1.51 1.51 1.52 1.52 1.52 1.52 1.53 1.54 1.55 1.56 1.58 1.60 1.63 1.66 1.70 1.76 1.83 1.91 2.02 2.15 2.32 2.52 2.76 2.92 2.69 0.92 0.00 0.00 0.00 0.00 0.00 0.00 0.00 0.00 
0.00 0.00 0.00 0.00 0.00 0.00 0.73 1.74 1.79 1.25 1.11 1.08 1.07 1.07 1.07 1.08 1.08 1.09 1.09 1.10 1.10 1.11 1.12 1.12 1.13 1.13 1.14 1.14 1.14 1.15 1.15 1.16 1.16 1.16 1.16 1.17 1.17 1.17 1.17 1.17 1.17 1.17 1.17 1.17 1.17 1.17 1.17 1.17 1.17 1.17 1.17 1.17 1.17 1.17 1.17 1.18 1.18 1.19 1.20 1.22 1.23 1.25 1.28 1.31 1.35 1.41 1.47 1.55 1.65 1.78 1.93 2.13 2.44 3.11 5.02 5.62 2.75 0.00 0.00 0.00 0.00 0.00 0.00 
0.00 0.00 0.00 0.00 0.04 1.63 1.71 1.08 0.90 0.81 0.77 0.75 0.75 0.75 0.75 0.75 0.76 0.76 0.76 0.77 0.77 0.78 0.78 0.78 0.79 0.79 0.80 0.80 0.80 0.80 0.81 0.81 0.81 0.81 0.81 0.82 0.82 0.82 0.82 0.82 0.82 0.82 0.82 0.82 0.82 0.82 0.82 0.82 0.82 0.82 0.82 0.82 0.82 0.82 0.82 0.83 0.83 0.83 0.84 0.85 0.86 0.88 0.90 0.92 0.95 0.98 1.03 1.09 1.16 1.24 1.35 1.48 1.68 2.01 2.49 3.49 6.44 7.48 0.22 0.00 0.00 0.00 0.00 
0.00 0.00 0.00 0.04 1.96 1.36 0.95 0.79 0.71 0.68 0.63 0.61 0.61 0.61 0.61 0.61 0.62 0.62 0.62 0.63 0.63 0.63 0.64 0.64 0.64 0.65 0.65 0.65 0.65 0.66 0.66 0.66 0.66 0.66 0.66 0.66 0.67 0.67 0.67 0.67 0.67 0.67 0.67 0.67 0.67 0.67 0.67 0.67 0.67 0.67 0.67 0.67 0.67 0.67 0.67 0.67 0.68 0.68 0.69 0.69 0.70 0.72 0.73 0.75 0.77 0.80 0.84 0.88 0.94 1.01 1.10 1.20 1.36 1.67 1.95 2.53 3.55 6.15 10.90 0.23 0.00 0.00 0.00 
0.00 0.00 0.00 1.76 1.41 0.94 0.76 0.68 0.61 0.59 0.57 0.56 0.56 0.56 0.56 0.56 0.56 0.57 0.57 0.57 0.58 0.58 0.58 0.58 0.59 0.59 0.59 0.60 0.60 0.60 0.60 0.60 0.60 0.61 0.61 0.61 0.61 0.61 0.61 0.61 0.61 0.61 0.61 0.61 0.61 0.61 0.61 0.61 0.61 0.61 0.61 0.61 0.61 0.61 0.61 0.62 0.62 0.62 0.63 0.64 0.64 0.66 0.67 0.69 0.71 0.74 0.77 0.81 0.86 0.93 1.01 1.10 1.26 1.47 1.69 2.19 2.83 4.17 7.84 12.41 0.00 0.00 0.00 
0.00 0.00 0.86 1.90 1.00 0.78 0.67 0.61 0.56 0.53 0.53 0.53 0.53 0.53 0.53 0.53 0.53 0.54 0.54 0.54 0.54 0.55 0.55 0.55 0.56 0.56 0.56 0.56 0.57 0.57 0.57 0.57 0.57 0.57 0.57 0.58 0.58 0.58 0.58 0.58 0.58 0.58 0.58 0.58 0.58 0.58 0.58 0.58 0.58 0.58 0.58 0.58 0.58 0.58 0.58 0.58 0.59 0.59 0.60 0.60 0.61 0.62 0.63 0.65 0.67 0.70 0.73 0.77 0.82 0.88 0.95 1.04 1.14 1.09 1.54 1.92 2.39 3.07 5.02 12.93 6.63 0.00 0.00 
0.00 0.00 2.08 1.22 0.86 0.71 0.62 0.55 0.54 0.50 0.49 0.49 0.49 0.49 0.49 0.49 0.50 0.50 0.50 0.50 0.51 0.51 0.51 0.52 0.52 0.52 0.52 0.53 0.53 0.53 0.53 0.53 0.53 0.54 0.54 0.54 0.54 0.54 0.54 0.54 0.54 0.54 0.54 0.54 0.54 0.54 0.54 0.54 0.54 0.54 0.54 0.54 0.54 0.54 0.54 0.54 0.55 0.55 0.56 0.56 0.57 0.58 0.59 0.61 0.63 0.65 0.68 0.72 0.76 0.82 0.89 0.97 1.08 1.24 1.46 1.69 2.24 3.04 4.49 8.11 17.19 0.00 0.00 
0.00 0.42 2.18 1.03 0.77 0.65 0.57 0.54 0.50 0.47 0.38 0.34 0.33 0.34 0.34 0.34 0.34 0.34 0.34 0.34 0.35 0.35 0.35 0.35 0.35 0.36 0.36 0.36 0.36 0.36 0.36 0.36 0.36 0.36 0.37 0.37 0.37 0.37 0.37 0.37 0.37 0.37 0.37 0.37 0.37 0.37 0.37 0.37 0.37 0.37 0.37 0.37 0.37 0.37 0.37 0.37 0.37 0.37 0.38 0.38 0.39 0.39 0.40 0.41 0.43 0.44 0.46 0.49 0.52 0.56 0.60 0.67 0.83 1.16 1.37 1.07 2.05 2.30 3.19 5.86 14.92 0.00 0.00 
0.00 1.39 1.54 0.94 0.75 0.63 0.55 0.52 0.48 0.30 0.23 0.23 0.23 0.23 0.23 0.23 0.23 0.23 0.23 0.23 0.23 0.23 0.23 0.24 0.24 0.24 0.24 0.24 0.24 0.24 0.24 0.24 0.24 0.24 0.24 0.24 0.24 0.25 0.25 0.25 0.25 0.25 0.25 0.25 0.25 0.25 0.25 0.25 0.25 0.25 0.25 0.25 0.25 0.25 0.25 0.25 0.25 0.25 0.25 0.26 0.26 0.26 0.27 0.28 0.28 0.30 0.31 0.33 0.35 0.37 0.41 0.45 0.51 0.73 1.31 1.58 1.66 1.77 3.77 4.51 10.74 0.00 0.00 
0.00 1.73 1.37 0.90 0.70 0.61 0.55 0.51 0.39 0.23 0.45 0.45 0.45 0.45 0.45 0.45 0.46 0.46 0.46 0.47 0.47 0.47 0.47 0.48 0.48 0.48 0.48 0.48 0.49 0.49 0.49 0.49 0.49 0.49 0.49 0.50 0.50 0.50 0.50 0.50 0.50 0.50 0.50 0.50 0.50 0.50 0.50 0.50 0.50 0.50 0.50 0.50 0.50 0.50 0.50 0.50 0.51 0.51 0.51 0.52 0.53 0.54 0.55 0.56 0.58 0.60 0.63 0.66 0.70 0.75 0.81 0.87 0.50 0.58 1.06 1.56 1.41 2.59 3.53 5.44 8.65 5.03 0.00 
0.00 1.83 1.34 0.88 0.66 0.60 0.55 0.51 0.35 0.23 0.45 0.45 0.45 0.45 0.45 0.45 0.46 0.46 0.46 0.46 0.47 0.47 0.47 0.47 0.48 0.48 0.48 0.48 0.48 0.49 0.49 0.49 0.49 0.49 0.49 0.49 0.49 0.50 0.50 0.50 0.50 0.50 0.50 0.50 0.50 0.50 0.50 0.50 0.50 0.50 0.50 0.50 0.50 0.50 0.50 0.50 0.50 0.51 0.51 0.52 0.53 0.53 0.55 0.56 0.58 0.60 0.63 0.66 0.70 0.75 0.81 0.87 0.50 0.58 0.96 1.54 1.32 2.53 3.28 5.13 7.98 4.88 0.00 
0.00 1.73 1.37 0.89 0.70 0.61 0.55 0.51 0.39 0.23 0.22 0.22 0.22 0.22 0.22 0.22 0.22 0.23 0.23 0.23 0.23 0.23 0.23 0.23 0.23 0.23 0.24 0.24 0.24 0.24 0.24 0.24 0.24 0.24 0.24 0.24 0.24 0.24 0.24 0.24 0.24 0.24 0.24 0.24 0.24 0.24 0.24 0.24 0.24 0.24 0.24 0.24 0.24 0.24 0.24 0.24 0.25 0.25 0.25 0.25 0.26 0.26 0.27 0.27 0.28 0.29 0.31 0.32 0.34 0.37 0.40 0.45 0.50 0.58 1.05 1.54 1.36 1.48 3.38 3.66 8.13 0.00 0.00 
0.00 1.39 1.53 0.94 0.74 0.63 0.46 0.51 0.48 0.30 0.23 0.23 0.22 0.22 0.23 0.23 0.23 0.23 0.23 0.23 0.23 0.23 0.23 0.24 0.24 0.24 0.24 0.24 0.24 0.24 0.24 0.24 0.24 0.24 0.24 0.24 0.24 0.25 0.25 0.25 0.25 0.25 0.25 0.25 0.25 0.25 0.25 0.25 0.25 0.25 0.25 0.25 0.25 0.25 0.25 0.25 0.25 0.25 0.25 0.26 0.26 0.26 0.27 0.28 0.29 0.30 0.31 0.33 0.35 0.38 0.41 0.45 0.51 0.73 1.28 0.85 1.62 1.71 2.41 4.13 6.77 0.00 0.00 
0.00 0.42 2.17 1.02 0.77 0.64 0.57 0.54 0.50 0.47 0.38 0.34 0.34 0.34 0.34 0.34 0.34 0.34 0.34 0.35 0.35 0.35 0.35 0.35 0.36 0.36 0.36 0.36 0.36 0.36 0.37 0.37 0.37 0.37 0.37 0.37 0.37 0.37 0.37 0.37 0.37 0.37 0.37 0.37 0.37 0.37 0.37 0.37 0.37 0.37 0.37 0.37 0.37 0.37 0.37 0.38 0.38 0.38 0.38 0.39 0.39 0.40 0.41 0.42 0.43 0.45 0.47 0.49 0.52 0.56 0.61 0.67 0.83 1.15 1.35 1.06 1.97 2.18 2.99 5.12 11.93 0.00 0.00 
0.00 0.00 2.06 1.21 0.83 0.70 0.62 0.53 0.33 0.50 0.49 0.49 0.49 0.50 0.50 0.50 0.50 0.51 0.51 0.51 0.52 0.52 0.52 0.53 0.53 0.53 0.53 0.54 0.54 0.54 0.54 0.54 0.54 0.55 0.55 0.55 0.55 0.55 0.55 0.55 0.55 0.55 0.55 0.55 0.55 0.55 0.55 0.55 0.55 0.55 0.55 0.55 0.55 0.55 0.56 0.56 0.56 0.56 0.57 0.58 0.58 0.59 0.61 0.62 0.64 0.67 0.70 0.73 0.78 0.83 0.90 0.98 1.07 0.63 0.92 1.61 1.43 1.73 2.59 5.39 7.42 0.00 0.00 
0.00 0.00 0.85 1.87 0.99 0.77 0.65 0.61 0.55 0.44 0.36 0.33 0.33 0.33 0.33 0.33 0.33 0.34 0.34 0.34 0.34 0.34 0.35 0.35 0.35 0.35 0.35 0.36 0.36 0.36 0.36 0.36 0.36 0.36 0.36 0.36 0.36 0.36 0.36 0.36 0.36 0.37 0.37 0.37 0.36 0.36 0.36 0.36 0.36 0.36 0.36 0.37 0.37 0.37 0.37 0.37 0.37 0.37 0.38 0.38 0.39 0.39 0.40 0.41 0.42 0.44 0.46 0.49 0.52 0.55 0.60 0.66 0.80 1.09 1.49 1.25 2.25 2.78 4.19 8.21 0.00 0.00 0.00 
0.00 0.00 0.00 1.73 1.39 0.92 0.68 0.67 0.50 0.37 0.57 0.56 0.56 0.56 0.57 0.57 0.57 0.58 0.58 0.58 0.59 0.59 0.59 0.60 0.60 0.60 0.61 0.61 0.61 0.61 0.61 0.62 0.62 0.62 0.62 0.62 0.62 0.62 0.62 0.63 0.63 0.63 0.63 0.63 0.63 0.63 0.63 0.63 0.63 0.63 0.63 0.63 0.63 0.63 0.63 0.63 0.64 0.64 0.65 0.66 0.66 0.68 0.69 0.71 0.73 0.76 0.79 0.84 0.89 0.95 1.03 1.11 0.64 0.90 1.35 1.23 2.34 3.12 4.08 3.33 0.00 0.00 0.00 
0.00 0.00 0.00 0.04 1.92 1.34 0.86 0.77 0.55 0.67 0.62 0.59 0.58 0.59 0.59 0.59 0.60 0.60 0.60 0.61 0.61 0.61 0.62 0.62 0.62 0.63 0.63 0.63 0.64 0.64 0.64 0.64 0.64 0.65 0.65 0.65 0.65 0.65 0.65 0.65 0.65 0.65 0.65 0.65 0.65 0.65 0.65 0.65 0.65 0.65 0.65 0.65 0.65 0.66 0.66 0.66 0.66 0.67 0.67 0.68 0.69 0.70 0.72 0.74 0.76 0.79 0.83 0.87 0.93 0.99 1.07 1.17 1.36 1.00 1.48 1.48 2.88 3.37 5.58 0.00 0.00 0.00 0.00 
0.00 0.00 0.00 0.00 0.00 1.59 1.67 1.07 0.78 0.58 0.76 0.73 0.73 0.73 0.73 0.74 0.74 0.75 0.75 0.76 0.76 0.77 0.77 0.78 0.78 0.78 0.79 0.79 0.79 0.80 0.80 0.80 0.80 0.81 0.81 0.81 0.81 0.81 0.81 0.81 0.81 0.81 0.81 0.81 0.81 0.81 0.81 0.81 0.81 0.81 0.81 0.82 0.82 0.82 0.82 0.82 0.83 0.83 0.84 0.85 0.86 0.88 0.90 0.92 0.95 0.99 1.03 1.09 1.16 1.24 1.33 1.44 1.05 1.43 2.10 2.56 4.71 2.26 0.00 0.00 0.00 0.00 0.00 
0.00 0.00 0.00 0.00 0.00 0.00 0.63 1.70 1.58 1.17 0.95 0.89 0.89 0.90 0.90 0.91 0.91 0.92 0.93 0.93 0.94 0.94 0.95 0.95 0.96 0.96 0.97 0.97 0.98 0.98 0.98 0.99 0.99 0.99 1.00 1.00 1.00 1.00 1.00 1.00 1.00 1.00 1.00 1.00 1.00 1.00 1.00 1.00 1.00 1.00 1.00 1.00 1.01 1.01 1.01 1.02 1.02 1.03 1.04 1.05 1.06 1.08 1.11 1.13 1.17 1.21 1.27 1.33 1.41 1.51 1.63 1.78 2.06 2.00 4.13 2.92 0.00 0.00 0.00 0.00 0.00 0.00 0.00 
0.00 0.00 0.00 0.00 0.00 0.00 0.00 0.00 0.00 0.00 0.46 0.45 0.45 0.46 0.46 0.46 0.46 0.47 0.47 0.47 0.48 0.48 0.48 0.49 0.49 0.49 0.49 0.50 0.50 0.50 0.50 0.50 0.50 0.51 0.51 0.51 0.51 0.51 0.51 0.51 0.51 0.51 0.51 0.51 0.51 0.51 0.51 0.51 0.51 0.51 0.51 0.51 0.51 0.51 0.52 0.52 0.52 0.52 0.53 0.53 0.54 0.55 0.56 0.58 0.60 0.62 0.65 0.68 0.72 0.77 0.82 0.86 0.00 0.00 0.00 0.00 0.00 0.00 0.00 0.00 0.00 0.00 0.00 
0.00 0.00 0.00 0.00 0.00 0.00 0.00 0.00 0.00 0.00 0.00 0.00 0.00 0.00 0.00 0.00 0.00 0.00 0.00 0.00 0.00 0.00 0.00 0.00 0.00 0.00 0.00 0.00 0.00 0.00 0.00 0.00 0.00 0.00 0.00 0.00 0.00 0.00 0.00 0.00 0.00 0.00 0.00 0.00 0.00 0.00 0.00 0.00 0.00 0.00 0.00 0.00 0.00 0.00 0.00 0.00 0.00 0.00 0.00 0.00 0.00 0.00 0.00 0.00 0.00 0.00 0.00 0.00 0.00 0.00 0.00 0.00 0.00 0.00 0.00 0.00 0.00 0.00 0.00 0.00 0.00 0.00 0.00 
