0.00 0.00 0.00 0.00 0.00 0.00 0.00 0.00 0.00 0.00 0.00 0.00 0.00 0.00 0.00 0.00 0.00 0.00 0.00 0.00 0.00 0.00 0.00 0.00 0.00 0.00 0.00 0.00 0.00 0.00 0.00 0.00 0.00 0.00 0.00 0.00 0.00 0.00 0.00 0.00 0.00 0.00 0.00 0.00 0.00 0.00 0.00 0.00 0.00 0.00 0.00 0.00 0.00 0.00 0.00 0.00 0.00 0.00 0.00 0.00 0.00 0.00 0.00 0.00 0.00 0.00 0.00 0.00 0.00 0.00 0.00 0.00 0.00 0.00 0.00 0.00 0.00 0.00 0.00 0.00 0.00 0.00 0.00 
0.00 0.00 0.00 0.00 0.00 0.00 0.00 0.00 0.33 1.06 1.30 1.38 1.39 1.39 1.39 1.39 1.40 1.40 1.41 1.42 1.43 1.43 1.44 1.45 1.45 1.46 1.46 1.47 1.47 1.48 1.48 1.48 1.49 1.49 1.49 1.49 1.49 1.49 1.49 1.49 1.49 1.49 1.49 1.49 1.49 1.49 1.49 1.49 1.48 1.48 1.48 1.49 1.49 1.49 1.49 1.50 1.51 1.52 1.54 1.55 1.58 1.61 1.65 1.69 1.75 1.82 1.91 2.03 2.17 2.34 2.56 2.81 2.98 2.74 0.94 0.00 0.00 0.00 0.00 0.00 0.00 0.00 0.00 
0.00 0.00 0.00 0.00 0.00 0.00 0.73 1.73 1.78 1.24 1.10 1.07 1.07 1.07 1.07 1.07 1.08 1.08 1.09 1.09 1.10 1.10 1.11 1.11 1.12 1.12 1.13 1.13 1.13 1.14 1.14 1.14 1.15 1.15 1.15 1.15 1.15 1.15 1.15 1.15 1.15 1.15 1.15 1.15 1.15 1.15 1.15 1.15 1.14 1.14 1.14 1.15 1.15 1.15 1.15 1.16 1.16 1.17 1.18 1.20 1.22 1.24 1.27 1.30 1.35 1.40 1.47 1.56 1.67 1.80 1.96 2.17 2.49 3.17 5.13 5.73 2.80 0.00 0.00 0.00 0.00 0.00 0.00 
0.00 0.00 0.00 0.00 0.04 1.62 1.69 1.07 0.89 0.81 0.76 0.75 0.75 0.75 0.75 0.75 0.75 0.76 0.76 0.76 0.77 0.77 0.78 0.78 0.78 0.79 0.79 0.79 0.79 0.80 0.80 0.80 0.80 0.80 0.80 0.81 0.81 0.81 0.81 0.81 0.81 0.81 0.81 0.80 0.80 0.80 0.80 0.80 0.80 0.80 0.80 0.80 0.80 0.80 0.81 0.81 0.82 0.82 0.83 0.84 0.85 0.87 0.89 0.91 0.94 0.98 1.03 1.09 1.16 1.26 1.37 1.50 1.72 2.05 2.55 3.56 6.55 7.57 0.22 0.00 0.00 0.00 0.00 
0.00 0.00 0.00 0.04 1.95 1.35 0.94 0.79 0.70 0.67 0.63 0.61 0.61 0.61 0.61 0.61 0.61 0.62 0.62 0.62 0.63 0.63 0.63 0.63 0.64 0.64 0.64 0.65 0.65 0.65 0.65 0.65 0.65 0.65 0.66 0.66 0.66 0.66 0.66 0.66 0.66 0.66 0.66 0.66 0.66 0.65 0.65 0.65 0.65 0.65 0.65 0.65 0.65 0.66 0.66 0.66 0.66 0.67 0.68 0.68 0.69 0.71 0.72 0.74 0.77 0.80 0.84 0.89 0.95 1.02 1.11 1.22 1.39 1.70 2.00 2.59 3.61 6.22 10.97 0.23 0.00 0.00 0.00 
0.00 0.00 0.00 1.76 1.40 0.93 0.76 0.67 0.61 0.59 0.57 0.55 0.55 0.55 0.56 0.56 0.56 0.56 0.57 0.57 0.57 0.58 0.58 0.58 0.58 0.59 0.59 0.59 0.59 0.59 0.60 0.60 0.60 0.60 0.60 0.60 0.60 0.60 0.60 0.60 0.60 0.60 0.60 0.60 0.60 0.60 0.60 0.60 0.60 0.60 0.60 0.60 0.60 0.60 0.60 0.60 0.61 0.61 0.62 0.63 0.64 0.65 0.66 0.68 0.71 0.73 0.77 0.81 0.87 0.94 1.02 1.12 1.28 1.50 1.73 2.23 2.89 4.23 7.91 12.50 0.00 0.00 0.00 
0.00 0.00 0.87 1.89 1.00 0.77 0.66 0.61 0.55 0.53 0.52 0.52 0.52 0.52 0.53 0.53 0.53 0.53 0.54 0.54 0.54 0.54 0.55 0.55 0.55 0.55 0.56 0.56 0.56 0.56 0.56 0.56 0.57 0.57 0.57 0.57 0.57 0.57 0.57 0.57 0.57 0.57 0.57 0.57 0.57 0.57 0.57 0.57 0.57 0.57 0.57 0.57 0.57 0.57 0.57 0.57 0.58 0.58 0.59 0.59 0.60 0.61 0.63 0.65 0.67 0.70 0.73 0.77 0.82 0.89 0.97 1.06 1.17 1.12 1.58 1.96 2.44 3.11 5.07 13.06 6.81 0.00 0.00 
0.00 0.00 2.11 1.22 0.85 0.70 0.62 0.55 0.53 0.50 0.49 0.49 0.49 0.49 0.49 0.49 0.49 0.50 0.50 0.50 0.50 0.51 0.51 0.51 0.51 0.52 0.52 0.52 0.52 0.52 0.53 0.53 0.53 0.53 0.53 0.53 0.53 0.53 0.53 0.53 0.53 0.53 0.53 0.53 0.53 0.53 0.53 0.53 0.53 0.53 0.53 0.53 0.53 0.53 0.53 0.53 0.54 0.54 0.55 0.55 0.56 0.57 0.59 0.60 0.62 0.65 0.68 0.72 0.77 0.83 0.90 0.99 1.10 1.26 1.49 1.72 2.29 3.09 4.54 8.21 17.65 0.00 0.00 
0.00 0.43 2.21 1.02 0.77 0.64 0.57 0.54 0.50 0.47 0.38 0.34 0.33 0.33 0.33 0.34 0.34 0.34 0.34 0.34 0.34 0.35 0.35 0.35 0.35 0.35 0.35 0.35 0.36 0.36 0.36 0.36 0.36 0.36 0.36 0.36 0.36 0.36 0.36 0.36 0.36 0.36 0.36 0.36 0.36 0.36 0.36 0.36 0.36 0.36 0.36 0.36 0.36 0.36 0.36 0.36 0.37 0.37 0.37 0.38 0.38 0.39 0.40 0.41 0.42 0.44 0.46 0.49 0.52 0.56 0.61 0.68 0.85 1.18 1.40 1.09 2.10 2.33 3.23 5.93 15.29 0.00 0.00 
0.00 1.46 1.56 0.94 0.74 0.63 0.55 0.51 0.47 0.29 0.23 0.23 0.22 0.22 0.23 0.23 0.23 0.23 0.23 0.23 0.23 0.23 0.23 0.23 0.24 0.24 0.24 0.24 0.24 0.24 0.24 0.24 0.24 0.24 0.24 0.24 0.24 0.24 0.24 0.24 0.24 0.24 0.24 0.24 0.24 0.24 0.24 0.24 0.24 0.24 0.24 0.24 0.24 0.24 0.24 0.24 0.24 0.25 0.25 0.25 0.26 0.26 0.27 0.27 0.28 0.30 0.31 0.33 0.35 0.38 0.41 0.46 0.52 0.75 1.33 1.61 1.69 1.80 3.82 4.56 11.03 0.00 0.00 
0.00 1.82 1.39 0.89 0.69 0.61 0.55 0.50 0.38 0.23 0.45 0.45 0.45 0.45 0.45 0.45 0.46 0.46 0.46 0.46 0.47 0.47 0.47 0.47 0.47 0.48 0.48 0.48 0.48 0.48 0.49 0.49 0.49 0.49 0.49 0.49 0.49 0.49 0.49 0.49 0.49 0.49 0.49 0.49 0.49 0.49 0.49 0.49 0.49 0.49 0.49 0.49 0.49 0.49 0.49 0.49 0.50 0.50 0.51 0.51 0.52 0.53 0.54 0.56 0.58 0.60 0.63 0.67 0.71 0.76 0.82 0.88 0.51 0.59 1.08 1.59 1.43 2.64 3.59 5.53 8.89 5.27 0.00 
0.00 1.93 1.36 0.87 0.65 0.59 0.55 0.50 0.35 0.23 0.45 0.45 0.45 0.45 0.45 0.45 0.45 0.46 0.46 0.46 0.46 0.47 0.47 0.47 0.47 0.48 0.48 0.48 0.48 0.48 0.48 0.48 0.49 0.49 0.49 0.49 0.49 0.49 0.49 0.49 0.49 0.49 0.49 0.49 0.49 0.49 0.49 0.49 0.49 0.49 0.49 0.49 0.49 0.49 0.49 0.49 0.50 0.50 0.50 0.51 0.52 0.53 0.54 0.56 0.58 0.60 0.63 0.66 0.71 0.76 0.82 0.88 0.51 0.59 0.98 1.58 1.34 2.57 3.34 5.22 8.21 5.10 0.00 
0.00 1.82 1.39 0.89 0.69 0.60 0.55 0.50 0.38 0.23 0.22 0.22 0.22 0.22 0.22 0.22 0.22 0.22 0.23 0.23 0.23 0.23 0.23 0.23 0.23 0.23 0.23 0.23 0.24 0.24 0.24 0.24 0.24 0.24 0.24 0.24 0.24 0.24 0.24 0.24 0.24 0.24 0.24 0.24 0.24 0.24 0.24 0.24 0.24 0.24 0.24 0.24 0.24 0.24 0.24 0.24 0.24 0.24 0.25 0.25 0.25 0.26 0.26 0.27 0.28 0.29 0.31 0.32 0.35 0.37 0.41 0.45 0.51 0.59 1.07 1.58 1.39 1.49 3.44 3.71 8.39 0.00 0.00 
0.00 1.46 1.55 0.93 0.74 0.62 0.46 0.51 0.47 0.29 0.23 0.22 0.22 0.22 0.22 0.23 0.23 0.23 0.23 0.23 0.23 0.23 0.23 0.23 0.23 0.24 0.24 0.24 0.24 0.24 0.24 0.24 0.24 0.24 0.24 0.24 0.24 0.24 0.24 0.24 0.24 0.24 0.24 0.24 0.24 0.24 0.24 0.24 0.24 0.24 0.24 0.24 0.24 0.24 0.24 0.24 0.24 0.25 0.25 0.25 0.26 0.26 0.27 0.27 0.28 0.30 0.31 0.33 0.35 0.38 0.42 0.46 0.52 0.74 1.31 0.87 1.65 1.74 2.44 4.20 6.99 0.00 0.00 
0.00 0.43 2.20 1.02 0.76 0.64 0.56 0.53 0.50 0.47 0.38 0.34 0.33 0.33 0.34 0.34 0.34 0.34 0.34 0.34 0.35 0.35 0.35 0.35 0.35 0.36 0.36 0.36 0.36 0.36 0.36 0.36 0.36 0.36 0.36 0.36 0.37 0.37 0.37 0.37 0.37 0.37 0.37 0.36 0.36 0.36 0.36 0.36 0.36 0.36 0.36 0.36 0.36 0.37 0.37 0.37 0.37 0.37 0.38 0.38 0.39 0.39 0.40 0.42 0.43 0.45 0.47 0.49 0.53 0.57 0.62 0.69 0.85 1.17 1.38 1.09 2.02 2.23 3.04 5.23 12.35 0.00 0.00 
0.00 0.00 2.08 1.20 0.82 0.69 0.61 0.53 0.33 0.50 0.49 0.49 0.49 0.49 0.50 0.50 0.50 0.50 0.51 0.51 0.51 0.52 0.52 0.52 0.52 0.53 0.53 0.53 0.53 0.53 0.54 0.54 0.54 0.54 0.54 0.54 0.54 0.54 0.54 0.54 0.54 0.54 0.54 0.54 0.54 0.54 0.54 0.54 0.54 0.54 0.54 0.54 0.54 0.54 0.54 0.55 0.55 0.56 0.56 0.57 0.58 0.59 0.60 0.62 0.64 0.67 0.70 0.74 0.78 0.84 0.91 1.00 1.09 0.64 0.94 1.65 1.46 1.76 2.64 5.51 7.69 0.00 0.00 
0.00 0.00 0.85 1.86 0.98 0.76 0.64 0.60 0.55 0.44 0.36 0.33 0.33 0.33 0.33 0.33 0.33 0.34 0.34 0.34 0.34 0.34 0.34 0.35 0.35 0.35 0.35 0.35 0.35 0.35 0.36 0.36 0.36 0.36 0.36 0.36 0.36 0.36 0.36 0.36 0.36 0.36 0.36 0.36 0.36 0.36 0.36 0.36 0.36 0.36 0.36 0.36 0.36 0.36 0.36 0.36 0.36 0.37 0.37 0.38 0.38 0.39 0.40 0.41 0.42 0.44 0.46 0.49 0.52 0.56 0.61 0.67 0.81 1.11 1.52 1.28 2.30 2.84 4.28 8.44 0.00 0.00 0.00 
0.00 0.00 0.00 1.72 1.37 0.91 0.67 0.66 0.50 0.36 0.57 0.56 0.56 0.56 0.56 0.57 0.57 0.57 0.58 0.58 0.58 0.59 0.59 0.59 0.60 0.60 0.60 0.60 0.61 0.61 0.61 0.61 0.61 0.61 0.61 0.61 0.61 0.62 0.62 0.62 0.62 0.62 0.62 0.62 0.61 0.61 0.61 0.61 0.61 0.61 0.61 0.61 0.62 0.62 0.62 0.62 0.63 0.63 0.64 0.65 0.66 0.67 0.68 0.70 0.73 0.76 0.80 0.84 0.90 0.96 1.04 1.12 0.65 0.92 1.38 1.26 2.40 3.19 4.18 3.43 0.00 0.00 0.00 
0.00 0.00 0.00 0.04 1.90 1.32 0.85 0.76 0.54 0.67 0.62 0.58 0.58 0.58 0.59 0.59 0.59 0.60 0.60 0.60 0.61 0.61 0.61 0.62 0.62 0.62 0.63 0.63 0.63 0.63 0.63 0.64 0.64 0.64 0.64 0.64 0.64 0.64 0.64 0.64 0.64 0.64 0.64 0.64 0.64 0.64 0.64 0.64 0.64 0.64 0.64 0.64 0.64 0.64 0.65 0.65 0.65 0.66 0.66 0.67 0.68 0.70 0.71 0.73 0.76 0.79 0.83 0.88 0.93 1.00 1.09 1.18 1.38 1.03 1.51 1.51 2.95 3.46 5.73 0.00 0.00 0.00 0.00 
0.00 0.00 0.00 0.00 0.00 1.57 1.65 1.06 0.78 0.58 0.76 0.72 0.72 0.73 0.73 0.73 0.74 0.74 0.75 0.75 0.76 0.76 0.77 0.77 0.77 0.78 0.78 0.78 0.79 0.79 0.79 0.79 0.79 0.80 0.80 0.80 0.80 0.80 0.80 0.80 0.80 0.80 0.80 0.80 0.80 0.80 0.80 0.80 0.80 0.80 0.80 0.80 0.80 0.80 0.81 0.81 0.81 0.82 0.83 0.84 0.85 0.87 0.89 0.92 0.95 0.99 1.03 1.09 1.16 1.25 1.35 1.46 1.07 1.46 2.15 2.62 4.83 2.32 0.00 0.00 0.00 0.00 0.00 
0.00 0.00 0.00 0.00 0.00 0.00 0.62 1.68 1.56 1.16 0.95 0.89 0.89 0.89 0.90 0.90 0.91 0.91 0.92 0.93 0.93 0.94 0.94 0.95 0.95 0.96 0.96 0.96 0.97 0.97 0.97 0.98 0.98 0.98 0.98 0.98 0.98 0.99 0.99 0.99 0.99 0.99 0.99 0.99 0.99 0.98 0.98 0.98 0.98 0.98 0.98 0.99 0.99 0.99 0.99 1.00 1.00 1.01 1.02 1.03 1.05 1.07 1.10 1.13 1.16 1.21 1.27 1.34 1.42 1.53 1.65 1.81 2.10 2.05 4.23 2.99 0.00 0.00 0.00 0.00 0.00 0.00 0.00 
0.00 0.00 0.00 0.00 0.00 0.00 0.00 0.00 0.00 0.00 0.45 0.45 0.45 0.45 0.46 0.46 0.46 0.47 0.47 0.47 0.47 0.48 0.48 0.48 0.48 0.49 0.49 0.49 0.49 0.49 0.50 0.50 0.50 0.50 0.50 0.50 0.50 0.50 0.50 0.50 0.50 0.50 0.50 0.50 0.50 0.50 0.50 0.50 0.50 0.50 0.50 0.50 0.50 0.50 0.51 0.51 0.51 0.52 0.52 0.53 0.54 0.55 0.56 0.57 0.59 0.62 0.65 0.68 0.73 0.78 0.83 0.88 0.00 0.00 0.00 0.00 0.00 0.00 0.00 0.00 0.00 0.00 0.00 
0.00 0.00 0.00 0.00 0.00 0.00 0.00 0.00 0.00 0.00 0.00 0.00 0.00 0.00 0.00 0.00 0.00 0.00 0.00 0.00 0.00 0.00 0.00 0.00 0.00 0.00 0.00 0.00 0.00 0.00 0.00 0.00 0.00 0.00 0.00 0.00 0.00 0.00 0.00 0.00 0.00 0.00 0.00 0.00 0.00 0.00 0.00 0.00 0.00 0.00 0.00 0.00 0.00 0.00 0.00 0.00 0.00 0.00 0.00 0.00 0.00 0.00 0.00 0.00 0.00 0.00 0.00 0.00 0.00 0.00 0.00 0.00 0.00 0.00 0.00 0.00 0.00 0.00 0.00 0.00 0.00 0.00 0.00 
