0.00 0.00 0.00 0.00 0.00 0.00 0.00 0.00 0.00 0.00 0.00 0.00 0.00 0.00 0.00 0.00 0.00 0.00 0.00 0.00 0.00 0.00 0.00 0.00 0.00 0.00 0.00 0.00 0.00 0.00 0.00 0.00 0.00 0.00 0.00 0.00 0.00 0.00 0.00 0.00 0.00 0.00 0.00 0.00 0.00 0.00 0.00 0.00 0.00 0.00 0.00 0.00 0.00 0.00 0.00 0.00 0.00 0.00 0.00 0.00 0.00 0.00 0.00 0.00 0.00 0.00 0.00 0.00 0.00 0.00 0.00 0.00 0.00 0.00 0.00 0.00 0.00 0.00 0.00 0.00 0.00 0.00 0.00 
0.00 0.00 0.00 0.00 0.00 0.00 0.00 0.00 0.35 1.11 1.33 1.38 1.37 1.34 1.33 1.31 1.30 1.29 1.29 1.28 1.28 1.28 1.28 1.28 1.28 1.28 1.28 1.28 1.28 1.29 1.29 1.30 1.30 1.31 1.32 1.33 1.35 1.36 1.38 1.40 1.42 1.45 1.48 1.51 1.55 1.59 1.63 1.69 1.75 1.81 1.89 1.97 2.07 2.18 2.30 2.44 2.59 2.76 2.94 3.13 3.33 3.52 3.69 3.82 3.90 3.91 3.84 3.72 3.55 3.36 3.15 2.93 2.57 1.96 0.57 0.00 0.00 0.00 0.00 0.00 0.00 0.00 0.00 
0.00 0.00 0.00 0.00 0.00 0.00 0.80 1.86 1.89 1.30 1.13 1.08 1.05 1.04 1.02 1.01 1.00 1.00 0.99 0.99 0.99 0.99 0.99 0.99 0.99 0.99 0.99 0.99 0.99 0.99 1.00 1.00 1.00 1.01 1.02 1.03 1.04 1.05 1.06 1.08 1.10 1.12 1.14 1.16 1.19 1.22 1.26 1.30 1.34 1.39 1.45 1.52 1.59 1.67 1.77 1.87 1.98 2.11 2.25 2.40 2.55 2.69 2.82 2.92 2.99 3.00 2.96 2.88 2.76 2.61 2.45 2.31 2.22 2.33 3.13 2.83 1.12 0.00 0.00 0.00 0.00 0.00 0.00 
0.00 0.00 0.00 0.00 0.05 1.80 1.86 1.16 0.95 0.84 0.78 0.75 0.74 0.73 0.72 0.71 0.70 0.70 0.70 0.69 0.69 0.69 0.69 0.69 0.69 0.69 0.69 0.69 0.69 0.70 0.70 0.70 0.70 0.71 0.71 0.72 0.73 0.74 0.75 0.76 0.77 0.78 0.80 0.81 0.83 0.86 0.88 0.91 0.94 0.98 1.02 1.06 1.11 1.17 1.23 1.31 1.39 1.48 1.57 1.67 1.78 1.88 1.97 2.04 2.09 2.10 2.08 2.02 1.94 1.84 1.73 1.63 1.55 1.52 1.58 1.77 2.64 2.34 0.06 0.00 0.00 0.00 0.00 
0.00 0.00 0.00 0.05 2.19 1.51 1.04 0.85 0.75 0.70 0.64 0.61 0.60 0.59 0.58 0.58 0.57 0.57 0.57 0.57 0.56 0.56 0.56 0.56 0.56 0.56 0.56 0.57 0.57 0.57 0.57 0.57 0.57 0.58 0.58 0.59 0.59 0.60 0.61 0.62 0.63 0.64 0.65 0.66 0.68 0.70 0.72 0.74 0.77 0.79 0.83 0.86 0.91 0.95 1.00 1.06 1.13 1.20 1.28 1.36 1.45 1.53 1.60 1.66 1.70 1.71 1.69 1.65 1.58 1.50 1.41 1.33 1.26 1.27 1.25 1.29 1.47 1.98 2.64 0.05 0.00 0.00 0.00 
0.00 0.00 0.00 1.97 1.57 1.04 0.83 0.73 0.65 0.62 0.58 0.56 0.55 0.54 0.53 0.53 0.52 0.52 0.52 0.52 0.52 0.52 0.52 0.52 0.52 0.52 0.52 0.52 0.52 0.52 0.52 0.52 0.53 0.53 0.53 0.54 0.54 0.55 0.56 0.56 0.57 0.58 0.59 0.61 0.62 0.64 0.66 0.68 0.70 0.73 0.76 0.79 0.83 0.87 0.92 0.97 1.03 1.10 1.17 1.25 1.33 1.40 1.47 1.52 1.56 1.57 1.55 1.51 1.45 1.37 1.29 1.21 1.15 1.13 1.09 1.12 1.19 1.37 1.93 2.23 0.00 0.00 0.00 
0.00 0.00 0.95 2.12 1.12 0.86 0.73 0.66 0.59 0.55 0.54 0.53 0.52 0.51 0.50 0.50 0.50 0.49 0.49 0.49 0.49 0.49 0.49 0.49 0.49 0.49 0.49 0.49 0.49 0.49 0.49 0.49 0.50 0.50 0.50 0.51 0.51 0.52 0.53 0.53 0.54 0.55 0.56 0.57 0.59 0.60 0.62 0.64 0.66 0.69 0.72 0.75 0.78 0.82 0.87 0.92 0.98 1.04 1.11 1.18 1.25 1.32 1.39 1.44 1.47 1.48 1.47 1.43 1.37 1.30 1.22 1.15 1.09 0.85 0.99 1.03 1.04 1.04 1.27 2.42 0.89 0.00 0.00 
0.00 0.00 2.31 1.37 0.96 0.78 0.68 0.60 0.57 0.52 0.50 0.49 0.48 0.48 0.47 0.47 0.46 0.46 0.46 0.46 0.46 0.46 0.46 0.46 0.46 0.46 0.46 0.46 0.46 0.46 0.46 0.46 0.46 0.47 0.47 0.47 0.48 0.48 0.49 0.50 0.51 0.51 0.52 0.54 0.55 0.56 0.58 0.60 0.62 0.64 0.67 0.70 0.73 0.77 0.81 0.86 0.91 0.97 1.03 1.09 1.16 1.23 1.29 1.34 1.37 1.38 1.37 1.33 1.28 1.22 1.15 1.08 1.02 0.97 0.97 0.91 1.00 1.06 1.18 1.59 2.47 0.00 0.00 
0.00 0.46 2.43 1.15 0.87 0.72 0.63 0.58 0.53 0.49 0.39 0.34 0.33 0.33 0.32 0.32 0.32 0.31 0.31 0.31 0.31 0.31 0.31 0.31 0.31 0.31 0.31 0.31 0.31 0.31 0.31 0.31 0.32 0.32 0.32 0.32 0.33 0.33 0.33 0.34 0.34 0.35 0.36 0.36 0.37 0.38 0.39 0.41 0.42 0.44 0.45 0.47 0.50 0.52 0.55 0.58 0.62 0.66 0.70 0.74 0.79 0.83 0.87 0.91 0.93 0.93 0.93 0.91 0.87 0.83 0.78 0.75 0.79 0.93 0.92 0.56 0.93 0.81 0.85 1.19 2.36 0.00 0.00 
0.00 1.53 1.72 1.06 0.84 0.70 0.60 0.55 0.51 0.31 0.23 0.23 0.22 0.22 0.22 0.21 0.21 0.21 0.21 0.21 0.21 0.21 0.21 0.21 0.21 0.21 0.21 0.21 0.21 0.21 0.21 0.21 0.21 0.21 0.21 0.22 0.22 0.22 0.22 0.23 0.23 0.23 0.24 0.24 0.25 0.26 0.26 0.27 0.28 0.29 0.31 0.32 0.33 0.35 0.37 0.39 0.42 0.45 0.48 0.51 0.54 0.57 0.60 0.62 0.63 0.63 0.62 0.60 0.58 0.54 0.51 0.48 0.45 0.56 0.89 0.90 0.76 0.58 1.07 0.89 1.78 0.00 0.00 
0.00 1.90 1.53 1.01 0.78 0.68 0.60 0.55 0.41 0.24 0.46 0.45 0.44 0.44 0.43 0.43 0.43 0.42 0.42 0.42 0.42 0.42 0.42 0.42 0.42 0.42 0.42 0.42 0.42 0.42 0.42 0.43 0.43 0.43 0.43 0.44 0.44 0.45 0.45 0.46 0.47 0.47 0.48 0.49 0.51 0.52 0.53 0.55 0.57 0.59 0.62 0.64 0.67 0.71 0.75 0.79 0.84 0.89 0.95 1.01 1.07 1.13 1.19 1.23 1.26 1.27 1.26 1.23 1.19 1.13 1.07 1.03 0.44 0.42 0.72 0.90 0.61 0.95 1.00 1.20 1.46 0.69 0.00 
0.00 2.01 1.50 0.99 0.74 0.67 0.60 0.55 0.37 0.24 0.46 0.45 0.44 0.44 0.43 0.43 0.43 0.42 0.42 0.42 0.42 0.42 0.42 0.42 0.42 0.42 0.42 0.42 0.42 0.42 0.42 0.42 0.43 0.43 0.43 0.44 0.44 0.45 0.45 0.46 0.46 0.47 0.48 0.49 0.50 0.52 0.53 0.55 0.57 0.59 0.61 0.64 0.67 0.70 0.74 0.79 0.83 0.89 0.94 1.00 1.07 1.13 1.18 1.23 1.26 1.27 1.26 1.23 1.18 1.13 1.07 1.02 0.44 0.42 0.65 0.90 0.57 0.93 0.95 1.15 1.39 0.69 0.00 
0.00 1.90 1.54 1.01 0.78 0.68 0.60 0.55 0.41 0.24 0.23 0.22 0.22 0.21 0.21 0.21 0.21 0.21 0.21 0.20 0.20 0.20 0.20 0.20 0.20 0.20 0.20 0.20 0.20 0.21 0.21 0.21 0.21 0.21 0.21 0.21 0.22 0.22 0.22 0.22 0.23 0.23 0.24 0.24 0.25 0.25 0.26 0.27 0.28 0.29 0.30 0.32 0.33 0.35 0.37 0.39 0.41 0.44 0.47 0.50 0.53 0.56 0.59 0.61 0.62 0.62 0.61 0.59 0.57 0.53 0.50 0.47 0.44 0.42 0.73 0.91 0.62 0.45 1.02 0.74 1.49 0.00 0.00 
0.00 1.53 1.72 1.06 0.84 0.70 0.51 0.55 0.51 0.31 0.23 0.23 0.22 0.22 0.21 0.21 0.21 0.21 0.21 0.21 0.21 0.21 0.21 0.21 0.21 0.21 0.21 0.21 0.21 0.21 0.21 0.21 0.21 0.21 0.21 0.22 0.22 0.22 0.22 0.23 0.23 0.23 0.24 0.24 0.25 0.26 0.26 0.27 0.28 0.29 0.31 0.32 0.34 0.35 0.37 0.40 0.42 0.45 0.48 0.51 0.54 0.57 0.60 0.62 0.63 0.63 0.62 0.60 0.57 0.54 0.51 0.47 0.45 0.57 0.92 0.42 0.79 0.60 0.64 0.92 1.31 0.00 0.00 
0.00 0.46 2.43 1.15 0.86 0.72 0.63 0.58 0.53 0.49 0.39 0.34 0.33 0.33 0.32 0.32 0.32 0.32 0.32 0.32 0.31 0.31 0.31 0.31 0.31 0.31 0.31 0.31 0.31 0.32 0.32 0.32 0.32 0.32 0.32 0.33 0.33 0.33 0.34 0.34 0.35 0.35 0.36 0.37 0.38 0.39 0.40 0.41 0.42 0.44 0.46 0.48 0.50 0.53 0.55 0.59 0.62 0.66 0.70 0.75 0.79 0.84 0.88 0.91 0.93 0.94 0.93 0.91 0.88 0.84 0.80 0.76 0.82 0.97 0.97 0.57 0.98 0.85 0.90 1.26 2.51 0.00 0.00 
0.00 0.00 2.32 1.37 0.94 0.78 0.68 0.57 0.35 0.52 0.51 0.50 0.49 0.48 0.48 0.47 0.47 0.47 0.47 0.47 0.47 0.47 0.47 0.47 0.47 0.47 0.47 0.47 0.47 0.47 0.47 0.47 0.47 0.48 0.48 0.48 0.49 0.49 0.50 0.51 0.52 0.52 0.53 0.55 0.56 0.57 0.59 0.61 0.63 0.65 0.68 0.71 0.74 0.78 0.82 0.87 0.92 0.97 1.04 1.10 1.17 1.24 1.30 1.35 1.38 1.40 1.39 1.37 1.32 1.26 1.20 1.13 1.08 0.46 0.60 0.98 0.66 0.60 0.73 1.36 1.59 0.00 0.00 
0.00 0.00 0.95 2.13 1.12 0.86 0.72 0.65 0.59 0.46 0.37 0.33 0.33 0.32 0.32 0.31 0.31 0.31 0.31 0.31 0.31 0.31 0.31 0.31 0.31 0.31 0.31 0.31 0.31 0.31 0.31 0.31 0.31 0.32 0.32 0.32 0.32 0.33 0.33 0.34 0.34 0.35 0.35 0.36 0.37 0.38 0.39 0.40 0.42 0.43 0.45 0.47 0.49 0.52 0.55 0.58 0.62 0.65 0.70 0.74 0.79 0.83 0.87 0.91 0.93 0.93 0.92 0.90 0.86 0.82 0.78 0.74 0.76 0.90 1.08 0.68 1.13 1.13 1.40 2.31 0.00 0.00 0.00 
0.00 0.00 0.00 1.96 1.57 1.03 0.75 0.72 0.53 0.38 0.58 0.56 0.55 0.55 0.54 0.54 0.53 0.53 0.53 0.53 0.53 0.53 0.53 0.53 0.53 0.53 0.53 0.53 0.53 0.53 0.53 0.54 0.54 0.54 0.55 0.55 0.56 0.56 0.57 0.58 0.59 0.60 0.61 0.62 0.64 0.65 0.67 0.69 0.72 0.74 0.77 0.81 0.84 0.89 0.94 0.99 1.05 1.12 1.19 1.27 1.34 1.42 1.49 1.55 1.59 1.60 1.59 1.56 1.50 1.43 1.36 1.29 0.59 0.72 0.98 0.65 1.18 1.31 1.42 0.92 0.00 0.00 0.00 
0.00 0.00 0.00 0.05 2.17 1.50 0.95 0.83 0.58 0.70 0.64 0.59 0.58 0.57 0.56 0.56 0.56 0.55 0.55 0.55 0.55 0.55 0.55 0.55 0.55 0.55 0.55 0.55 0.55 0.55 0.56 0.56 0.56 0.56 0.57 0.57 0.58 0.59 0.59 0.60 0.61 0.62 0.63 0.65 0.66 0.68 0.70 0.72 0.75 0.77 0.80 0.84 0.88 0.92 0.97 1.03 1.09 1.16 1.24 1.32 1.40 1.48 1.55 1.62 1.66 1.67 1.66 1.62 1.56 1.49 1.41 1.35 1.37 0.80 1.07 0.82 1.51 1.47 1.97 0.00 0.00 0.00 0.00 
0.00 0.00 0.00 0.00 0.00 1.77 1.84 1.16 0.83 0.61 0.78 0.73 0.72 0.71 0.70 0.70 0.70 0.69 0.69 0.69 0.69 0.69 0.69 0.69 0.69 0.69 0.69 0.69 0.69 0.69 0.69 0.70 0.70 0.70 0.71 0.72 0.72 0.73 0.74 0.75 0.76 0.78 0.79 0.81 0.83 0.85 0.87 0.90 0.93 0.96 1.00 1.05 1.09 1.15 1.21 1.28 1.36 1.44 1.54 1.64 1.74 1.84 1.93 2.01 2.06 2.08 2.07 2.02 1.95 1.87 1.77 1.70 1.01 1.19 1.55 1.59 2.59 0.99 0.00 0.00 0.00 0.00 0.00 
0.00 0.00 0.00 0.00 0.00 0.00 0.69 1.84 1.68 1.22 0.98 0.90 0.89 0.88 0.87 0.86 0.86 0.85 0.85 0.85 0.85 0.85 0.85 0.85 0.85 0.85 0.85 0.85 0.85 0.85 0.85 0.86 0.86 0.87 0.87 0.88 0.89 0.90 0.91 0.92 0.94 0.95 0.97 0.99 1.02 1.04 1.07 1.10 1.14 1.18 1.23 1.28 1.34 1.41 1.48 1.57 1.66 1.76 1.87 1.99 2.11 2.23 2.34 2.44 2.50 2.54 2.53 2.49 2.41 2.31 2.20 2.09 2.13 1.75 3.20 1.94 0.00 0.00 0.00 0.00 0.00 0.00 0.00 
0.00 0.00 0.00 0.00 0.00 0.00 0.00 0.00 0.00 0.00 0.46 0.46 0.45 0.45 0.44 0.44 0.44 0.43 0.43 0.43 0.43 0.43 0.43 0.43 0.43 0.43 0.43 0.43 0.43 0.43 0.43 0.44 0.44 0.44 0.44 0.45 0.45 0.46 0.46 0.47 0.48 0.49 0.50 0.51 0.52 0.53 0.55 0.56 0.58 0.60 0.63 0.65 0.68 0.72 0.76 0.80 0.85 0.90 0.96 1.02 1.08 1.14 1.20 1.25 1.28 1.30 1.29 1.27 1.23 1.18 1.13 1.10 0.00 0.00 0.00 0.00 0.00 0.00 0.00 0.00 0.00 0.00 0.00 
0.00 0.00 0.00 0.00 0.00 0.00 0.00 0.00 0.00 0.00 0.00 0.00 0.00 0.00 0.00 0.00 0.00 0.00 0.00 0.00 0.00 0.00 0.00 0.00 0.00 0.00 0.00 0.00 0.00 0.00 0.00 0.00 0.00 0.00 0.00 0.00 0.00 0.00 0.00 0.00 0.00 0.00 0.00 0.00 0.00 0.00 0.00 0.00 0.00 0.00 0.00 0.00 0.00 0.00 0.00 0.00 0.00 0.00 0.00 0.00 0.00 0.00 0.00 0.00 0.00 0.00 0.00 0.00 0.00 0.00 0.00 0.00 0.00 0.00 0.00 0.00 0.00 0.00 0.00 0.00 0.00 0.00 0.00 
