0.00 0.00 0.00 0.00 0.00 0.00 0.00 0.00 0.00 0.00 0.00 0.00 0.00 0.00 0.00 0.00 0.00 0.00 0.00 0.00 0.00 0.00 0.00 0.00 0.00 0.00 0.00 0.00 0.00 0.00 0.00 0.00 0.00 0.00 0.00 0.00 0.00 0.00 0.00 0.00 0.00 0.00 0.00 0.00 0.00 0.00 0.00 0.00 0.00 0.00 0.00 0.00 0.00 0.00 0.00 0.00 0.00 0.00 0.00 0.00 0.00 0.00 0.00 0.00 0.00 0.00 0.00 0.00 0.00 0.00 0.00 0.00 0.00 0.00 0.00 0.00 0.00 0.00 0.00 0.00 0.00 0.00 0.00 
0.00 0.00 0.00 0.00 0.00 0.00 0.00 0.00 0.59 2.04 2.67 3.01 3.22 3.41 3.59 3.75 3.85 3.90 3.88 3.81 3.69 3.54 3.37 3.19 3.01 2.84 2.68 2.53 2.40 2.28 2.17 2.07 1.98 1.89 1.82 1.75 1.69 1.64 1.59 1.55 1.51 1.47 1.44 1.40 1.38 1.35 1.33 1.30 1.28 1.26 1.25 1.23 1.22 1.20 1.19 1.18 1.16 1.15 1.14 1.14 1.13 1.12 1.12 1.12 1.12 1.12 1.13 1.14 1.15 1.17 1.20 1.23 1.21 1.03 0.33 0.00 0.00 0.00 0.00 0.00 0.00 0.00 0.00 
0.00 0.00 0.00 0.00 0.00 0.00 1.21 3.00 3.27 2.43 2.29 2.36 2.50 2.65 2.78 2.89 2.96 2.99 2.97 2.92 2.82 2.71 2.58 2.44 2.31 2.18 2.06 1.94 1.84 1.75 1.66 1.59 1.52 1.46 1.40 1.35 1.30 1.26 1.23 1.19 1.16 1.13 1.11 1.08 1.06 1.04 1.02 1.00 0.99 0.97 0.96 0.95 0.94 0.93 0.91 0.91 0.90 0.89 0.88 0.88 0.87 0.87 0.86 0.86 0.86 0.86 0.87 0.87 0.89 0.90 0.92 0.95 1.02 1.20 1.80 1.85 0.84 0.00 0.00 0.00 0.00 0.00 0.00 
0.00 0.00 0.00 0.00 0.06 2.54 2.81 1.88 1.64 1.58 1.60 1.66 1.76 1.86 1.95 2.02 2.07 2.09 2.08 2.04 1.97 1.89 1.80 1.70 1.61 1.52 1.44 1.36 1.29 1.22 1.16 1.11 1.06 1.02 0.98 0.94 0.91 0.88 0.86 0.83 0.81 0.79 0.77 0.76 0.74 0.73 0.72 0.70 0.69 0.68 0.67 0.66 0.66 0.65 0.64 0.63 0.63 0.62 0.62 0.61 0.61 0.61 0.60 0.60 0.60 0.60 0.61 0.61 0.62 0.63 0.65 0.67 0.71 0.78 0.90 1.15 1.95 2.06 0.06 0.00 0.00 0.00 0.00 
0.00 0.00 0.00 0.06 2.91 2.14 1.56 1.38 1.30 1.32 1.31 1.35 1.43 1.51 1.59 1.65 1.69 1.70 1.69 1.66 1.60 1.54 1.46 1.39 1.31 1.24 1.17 1.11 1.05 1.00 0.95 0.90 0.87 0.83 0.80 0.77 0.74 0.72 0.70 0.68 0.66 0.65 0.63 0.62 0.60 0.59 0.58 0.57 0.56 0.56 0.55 0.54 0.53 0.53 0.52 0.52 0.51 0.51 0.50 0.50 0.50 0.49 0.49 0.49 0.49 0.49 0.49 0.50 0.51 0.51 0.53 0.54 0.57 0.65 0.71 0.84 1.08 1.70 2.74 0.05 0.00 0.00 0.00 
0.00 0.00 0.00 2.48 2.10 1.47 1.26 1.18 1.13 1.16 1.19 1.23 1.31 1.38 1.45 1.51 1.54 1.56 1.55 1.52 1.47 1.41 1.34 1.27 1.20 1.13 1.07 1.01 0.96 0.91 0.87 0.83 0.79 0.76 0.73 0.70 0.68 0.66 0.64 0.62 0.61 0.59 0.58 0.56 0.55 0.54 0.53 0.52 0.52 0.51 0.50 0.50 0.49 0.48 0.48 0.47 0.47 0.46 0.46 0.46 0.45 0.45 0.45 0.45 0.45 0.45 0.45 0.46 0.46 0.47 0.48 0.50 0.53 0.57 0.62 0.73 0.87 1.17 1.98 2.84 0.00 0.00 0.00 
0.00 0.00 1.15 2.68 1.50 1.23 1.11 1.06 1.02 1.04 1.10 1.16 1.24 1.31 1.37 1.43 1.46 1.47 1.46 1.43 1.38 1.33 1.26 1.20 1.13 1.07 1.01 0.96 0.91 0.86 0.82 0.78 0.75 0.72 0.69 0.67 0.64 0.62 0.61 0.59 0.57 0.56 0.55 0.53 0.52 0.51 0.50 0.50 0.49 0.48 0.47 0.47 0.46 0.46 0.45 0.45 0.44 0.44 0.44 0.43 0.43 0.43 0.43 0.43 0.43 0.43 0.43 0.43 0.44 0.45 0.46 0.47 0.49 0.43 0.56 0.65 0.74 0.87 1.28 2.99 1.40 0.00 0.00 
0.00 0.00 2.79 1.73 1.28 1.11 1.03 0.97 0.99 0.98 1.03 1.09 1.15 1.22 1.28 1.33 1.36 1.37 1.36 1.33 1.29 1.23 1.17 1.11 1.05 0.99 0.94 0.89 0.84 0.80 0.76 0.73 0.70 0.67 0.64 0.62 0.60 0.58 0.56 0.55 0.53 0.52 0.51 0.50 0.49 0.48 0.47 0.46 0.46 0.45 0.44 0.44 0.43 0.43 0.42 0.42 0.41 0.41 0.41 0.40 0.40 0.40 0.40 0.40 0.40 0.40 0.40 0.40 0.41 0.42 0.43 0.44 0.46 0.49 0.54 0.57 0.70 0.87 1.16 1.90 3.70 0.00 0.00 
0.00 0.54 2.93 1.45 1.15 1.02 0.95 0.95 0.93 0.93 0.80 0.75 0.79 0.83 0.87 0.90 0.92 0.93 0.92 0.90 0.87 0.84 0.80 0.76 0.72 0.68 0.64 0.61 0.57 0.55 0.52 0.50 0.48 0.46 0.44 0.42 0.41 0.40 0.38 0.37 0.36 0.36 0.35 0.34 0.33 0.33 0.32 0.32 0.31 0.31 0.30 0.30 0.29 0.29 0.29 0.28 0.28 0.28 0.28 0.27 0.27 0.27 0.27 0.27 0.27 0.27 0.27 0.27 0.28 0.28 0.29 0.30 0.35 0.46 0.51 0.36 0.65 0.66 0.83 1.39 3.29 0.00 0.00 
0.00 1.78 2.07 1.33 1.11 1.00 0.92 0.90 0.89 0.58 0.47 0.49 0.52 0.55 0.58 0.61 0.62 0.63 0.63 0.62 0.60 0.57 0.55 0.52 0.49 0.46 0.43 0.41 0.39 0.37 0.35 0.33 0.32 0.31 0.29 0.28 0.27 0.27 0.26 0.25 0.24 0.24 0.23 0.23 0.22 0.22 0.21 0.21 0.21 0.20 0.20 0.20 0.20 0.19 0.19 0.19 0.19 0.19 0.19 0.18 0.18 0.18 0.18 0.18 0.18 0.18 0.18 0.18 0.19 0.19 0.19 0.20 0.21 0.28 0.48 0.55 0.52 0.49 1.00 1.06 2.40 0.00 0.00 
0.00 2.20 1.84 1.27 1.03 0.96 0.92 0.89 0.72 0.44 0.97 1.01 1.07 1.13 1.18 1.22 1.25 1.26 1.25 1.22 1.18 1.14 1.08 1.02 0.97 0.92 0.87 0.82 0.78 0.74 0.70 0.67 0.64 0.62 0.59 0.57 0.55 0.54 0.52 0.51 0.49 0.48 0.47 0.46 0.45 0.44 0.43 0.43 0.42 0.41 0.41 0.40 0.40 0.39 0.39 0.39 0.38 0.38 0.38 0.37 0.37 0.37 0.37 0.37 0.37 0.37 0.37 0.37 0.38 0.39 0.39 0.40 0.21 0.22 0.39 0.54 0.44 0.75 0.94 1.32 1.94 1.07 0.00 
0.00 2.32 1.80 1.24 0.97 0.94 0.92 0.89 0.65 0.44 0.97 1.01 1.06 1.12 1.17 1.22 1.24 1.25 1.24 1.22 1.18 1.13 1.08 1.02 0.97 0.91 0.86 0.82 0.77 0.74 0.70 0.67 0.64 0.62 0.59 0.57 0.55 0.53 0.52 0.50 0.49 0.48 0.47 0.46 0.45 0.44 0.43 0.43 0.42 0.41 0.41 0.40 0.40 0.39 0.39 0.38 0.38 0.38 0.37 0.37 0.37 0.37 0.37 0.37 0.37 0.37 0.37 0.37 0.38 0.38 0.39 0.40 0.21 0.22 0.35 0.54 0.41 0.74 0.88 1.26 1.81 1.05 0.00 
0.00 2.19 1.84 1.26 1.03 0.96 0.92 0.89 0.72 0.44 0.45 0.48 0.51 0.54 0.57 0.60 0.61 0.62 0.62 0.61 0.59 0.57 0.54 0.51 0.48 0.45 0.43 0.40 0.38 0.36 0.35 0.33 0.32 0.30 0.29 0.28 0.27 0.26 0.25 0.25 0.24 0.23 0.23 0.22 0.22 0.22 0.21 0.21 0.20 0.20 0.20 0.20 0.19 0.19 0.19 0.19 0.19 0.18 0.18 0.18 0.18 0.18 0.18 0.18 0.18 0.18 0.18 0.18 0.18 0.19 0.19 0.20 0.21 0.22 0.39 0.54 0.43 0.40 0.92 0.86 1.87 0.00 0.00 
0.00 1.77 2.06 1.32 1.11 1.00 0.77 0.91 0.89 0.58 0.46 0.49 0.52 0.55 0.58 0.60 0.62 0.63 0.63 0.62 0.60 0.57 0.55 0.52 0.49 0.46 0.44 0.41 0.39 0.37 0.35 0.33 0.32 0.31 0.29 0.28 0.27 0.27 0.26 0.25 0.24 0.24 0.23 0.23 0.22 0.22 0.21 0.21 0.21 0.20 0.20 0.20 0.20 0.19 0.19 0.19 0.19 0.19 0.19 0.18 0.18 0.18 0.18 0.18 0.18 0.18 0.18 0.18 0.19 0.19 0.20 0.20 0.21 0.29 0.48 0.28 0.52 0.49 0.62 1.01 1.58 0.00 0.00 
0.00 0.54 2.91 1.44 1.14 1.02 0.95 0.95 0.94 0.94 0.81 0.76 0.79 0.84 0.88 0.91 0.93 0.93 0.92 0.91 0.88 0.84 0.80 0.76 0.72 0.68 0.64 0.61 0.58 0.55 0.52 0.50 0.48 0.46 0.44 0.43 0.41 0.40 0.39 0.38 0.37 0.36 0.35 0.34 0.34 0.33 0.32 0.32 0.31 0.31 0.30 0.30 0.30 0.29 0.29 0.29 0.28 0.28 0.28 0.28 0.28 0.27 0.27 0.27 0.27 0.27 0.28 0.28 0.28 0.29 0.29 0.31 0.36 0.46 0.51 0.36 0.64 0.65 0.80 1.29 2.87 0.00 0.00 
0.00 0.00 2.76 1.71 1.24 1.10 1.03 0.93 0.61 1.01 1.05 1.11 1.18 1.24 1.30 1.34 1.37 1.38 1.37 1.34 1.29 1.24 1.18 1.12 1.06 1.00 0.95 0.90 0.85 0.81 0.77 0.74 0.71 0.68 0.66 0.63 0.61 0.59 0.57 0.56 0.54 0.53 0.52 0.51 0.50 0.49 0.48 0.47 0.47 0.46 0.45 0.45 0.44 0.44 0.43 0.43 0.42 0.42 0.41 0.41 0.41 0.41 0.41 0.41 0.41 0.41 0.41 0.41 0.42 0.43 0.44 0.45 0.47 0.24 0.34 0.57 0.45 0.49 0.69 1.37 1.80 0.00 0.00 
0.00 0.00 1.14 2.65 1.48 1.22 1.08 1.07 1.03 0.88 0.76 0.74 0.78 0.82 0.86 0.89 0.91 0.92 0.92 0.90 0.87 0.83 0.79 0.75 0.71 0.67 0.64 0.60 0.57 0.54 0.52 0.49 0.47 0.45 0.44 0.42 0.41 0.39 0.38 0.37 0.36 0.35 0.34 0.34 0.33 0.32 0.32 0.31 0.31 0.30 0.30 0.30 0.29 0.29 0.29 0.28 0.28 0.28 0.28 0.27 0.27 0.27 0.27 0.27 0.27 0.27 0.27 0.27 0.28 0.28 0.29 0.30 0.34 0.44 0.57 0.42 0.74 0.84 1.18 2.17 0.00 0.00 0.00 
0.00 0.00 0.00 2.44 2.07 1.46 1.12 1.19 0.94 0.72 1.22 1.26 1.33 1.41 1.48 1.53 1.56 1.58 1.56 1.53 1.48 1.42 1.35 1.28 1.21 1.15 1.08 1.03 0.97 0.93 0.88 0.84 0.81 0.78 0.75 0.72 0.70 0.67 0.65 0.64 0.62 0.60 0.59 0.58 0.57 0.56 0.55 0.54 0.53 0.52 0.51 0.51 0.50 0.49 0.49 0.48 0.48 0.48 0.47 0.47 0.47 0.46 0.46 0.46 0.46 0.46 0.47 0.47 0.48 0.49 0.50 0.51 0.27 0.36 0.51 0.41 0.77 0.96 1.16 0.88 0.00 0.00 0.00 
0.00 0.00 0.00 0.06 2.84 2.12 1.42 1.37 1.02 1.35 1.32 1.31 1.39 1.47 1.54 1.59 1.63 1.64 1.63 1.59 1.54 1.48 1.41 1.33 1.26 1.19 1.13 1.07 1.01 0.96 0.92 0.88 0.84 0.81 0.78 0.75 0.72 0.70 0.68 0.66 0.65 0.63 0.62 0.60 0.59 0.58 0.57 0.56 0.55 0.54 0.54 0.53 0.52 0.52 0.51 0.50 0.50 0.50 0.49 0.49 0.49 0.48 0.48 0.48 0.48 0.48 0.49 0.49 0.50 0.51 0.52 0.54 0.59 0.40 0.56 0.51 0.96 1.05 1.61 0.00 0.00 0.00 0.00 
0.00 0.00 0.00 0.00 0.00 2.52 2.79 1.89 1.47 1.16 1.63 1.64 1.73 1.83 1.92 1.98 2.03 2.04 2.02 1.98 1.91 1.83 1.75 1.66 1.57 1.48 1.40 1.33 1.26 1.20 1.15 1.09 1.05 1.01 0.97 0.93 0.90 0.88 0.85 0.83 0.80 0.79 0.77 0.75 0.74 0.72 0.71 0.70 0.69 0.68 0.67 0.66 0.65 0.64 0.64 0.63 0.62 0.62 0.61 0.61 0.61 0.60 0.60 0.60 0.60 0.60 0.61 0.61 0.62 0.63 0.65 0.67 0.45 0.58 0.80 0.91 1.60 0.71 0.00 0.00 0.00 0.00 0.00 
0.00 0.00 0.00 0.00 0.00 0.00 1.06 3.03 2.99 2.37 2.04 2.03 2.14 2.26 2.36 2.44 2.48 2.49 2.46 2.41 2.33 2.23 2.13 2.02 1.91 1.81 1.72 1.63 1.55 1.47 1.40 1.34 1.29 1.24 1.19 1.15 1.11 1.08 1.04 1.02 0.99 0.97 0.94 0.92 0.91 0.89 0.87 0.86 0.85 0.83 0.82 0.81 0.80 0.79 0.78 0.77 0.77 0.76 0.75 0.75 0.75 0.74 0.74 0.74 0.74 0.74 0.75 0.75 0.76 0.78 0.79 0.82 0.90 0.82 1.61 1.07 0.00 0.00 0.00 0.00 0.00 0.00 0.00 
0.00 0.00 0.00 0.00 0.00 0.00 0.00 0.00 0.00 0.00 1.01 1.04 1.10 1.15 1.20 1.24 1.27 1.27 1.26 1.23 1.19 1.14 1.09 1.03 0.98 0.92 0.87 0.83 0.79 0.75 0.72 0.68 0.66 0.63 0.61 0.58 0.57 0.55 0.53 0.52 0.50 0.49 0.48 0.47 0.46 0.45 0.44 0.44 0.43 0.42 0.42 0.41 0.41 0.40 0.40 0.39 0.39 0.39 0.38 0.38 0.38 0.38 0.38 0.38 0.38 0.38 0.38 0.38 0.39 0.40 0.40 0.41 0.00 0.00 0.00 0.00 0.00 0.00 0.00 0.00 0.00 0.00 0.00 
0.00 0.00 0.00 0.00 0.00 0.00 0.00 0.00 0.00 0.00 0.00 0.00 0.00 0.00 0.00 0.00 0.00 0.00 0.00 0.00 0.00 0.00 0.00 0.00 0.00 0.00 0.00 0.00 0.00 0.00 0.00 0.00 0.00 0.00 0.00 0.00 0.00 0.00 0.00 0.00 0.00 0.00 0.00 0.00 0.00 0.00 0.00 0.00 0.00 0.00 0.00 0.00 0.00 0.00 0.00 0.00 0.00 0.00 0.00 0.00 0.00 0.00 0.00 0.00 0.00 0.00 0.00 0.00 0.00 0.00 0.00 0.00 0.00 0.00 0.00 0.00 0.00 0.00 0.00 0.00 0.00 0.00 0.00 
