0.00 0.00 0.00 0.00 0.00 0.00 0.00 0.00 0.00 0.00 8.42 8.45 8.50 8.58 8.67 8.79 8.93 9.10 9.29 9.52 9.79 10.11 10.47 10.89 11.38 11.93 12.57 13.30 14.13 15.08 16.15 17.36 18.72 20.23 21.92 23.78 25.83 28.06 30.47 33.06 35.82 38.74 41.80 44.98 48.27 51.64 55.09 58.58 62.12 65.68 69.25 72.82 76.39 79.94 83.48 86.99 90.49 93.95 97.39 100.80 104.18 107.53 110.85 114.13 117.37 120.56 123.70 126.76 129.70 132.46 134.89 136.60 0.00 0.00 0.00 0.00 0.00 0.00 0.00 0.00 0.00 0.00 0.00 
0.00 0.00 0.00 0.00 0.00 0.00 16.65 33.33 33.35 41.78 41.92 42.13 42.42 42.80 43.26 43.83 44.52 45.34 46.31 47.44 48.77 50.31 52.11 54.18 56.57 59.31 62.46 66.07 70.18 74.86 80.17 86.17 92.92 100.47 108.89 118.19 128.43 139.59 151.69 164.69 178.54 193.19 208.55 224.54 241.06 258.02 275.32 292.87 310.60 328.44 346.33 364.22 382.07 399.85 417.55 435.14 452.60 469.94 487.13 504.19 521.09 537.84 554.42 570.83 587.06 603.09 618.88 634.41 649.62 664.42 678.72 692.43 705.78 576.00 583.49 295.92 0.00 0.00 0.00 0.00 0.00 0.00 0.00 
0.00 0.00 0.00 0.00 0.00 33.32 41.63 49.97 50.06 50.25 58.92 59.26 59.72 60.28 60.99 61.84 62.85 64.06 65.48 67.15 69.09 71.35 73.96 76.97 80.43 84.40 88.94 94.13 100.03 106.72 114.29 122.82 132.38 143.05 154.89 167.96 182.29 197.89 214.75 232.83 252.07 272.40 293.70 315.86 338.75 362.25 386.24 410.60 435.21 460.00 484.87 509.77 534.63 559.42 584.09 608.63 633.01 657.21 681.22 705.04 728.64 752.03 775.18 798.09 820.74 843.10 865.12 886.77 907.95 928.57 948.43 967.26 847.33 863.88 878.64 745.78 606.02 154.09 0.00 0.00 0.00 0.00 0.00 
0.00 0.00 0.00 16.71 33.38 50.00 50.02 58.47 58.65 67.29 67.66 68.13 68.71 69.42 70.29 71.33 72.58 74.04 75.77 77.78 80.12 82.82 85.94 89.53 93.64 98.35 103.72 109.82 116.75 124.58 133.40 143.30 154.37 166.67 180.29 195.26 211.63 229.40 248.56 269.07 290.86 313.85 337.92 362.96 388.82 415.37 442.48 470.03 497.90 525.98 554.18 582.44 610.68 638.85 666.92 694.84 722.59 750.16 777.52 804.65 831.55 858.20 884.58 910.68 936.47 961.93 987.00 1011.65 1035.80 1059.38 1082.30 1104.58 1126.60 1006.78 1025.22 896.76 912.12 621.11 314.99 0.00 0.00 0.00 0.00 
0.00 0.00 0.00 33.45 50.10 58.45 58.54 67.05 67.30 67.64 76.50 77.07 77.78 78.65 79.69 80.94 82.43 84.17 86.21 88.58 91.33 94.51 98.16 102.34 107.13 112.60 118.81 125.86 133.83 142.81 152.90 164.19 176.77 190.72 206.11 222.99 241.39 261.32 282.77 305.69 330.01 355.64 382.46 410.34 439.13 468.71 498.91 529.62 560.70 592.04 623.55 655.13 686.71 718.24 749.67 780.96 812.07 842.97 873.65 904.09 934.26 964.15 993.74 1023.01 1051.93 1080.47 1108.59 1136.23 1163.33 1189.79 1215.49 1240.15 1126.28 1149.16 1170.87 1046.12 1065.27 931.68 634.86 161.16 0.00 0.00 0.00 
0.00 0.00 33.56 50.23 58.56 66.96 67.10 75.66 75.98 76.39 76.92 77.57 78.35 79.29 80.42 81.76 83.34 85.19 87.35 89.85 92.74 96.06 99.87 104.23 109.21 114.86 121.27 128.52 136.69 145.86 156.14 167.59 180.31 194.37 209.83 226.73 245.11 264.97 286.30 309.04 333.14 358.51 385.04 412.60 441.07 470.31 500.18 530.57 561.35 592.41 623.66 655.01 686.39 717.73 749.00 780.14 811.11 841.90 872.47 902.80 932.87 962.67 992.16 1021.33 1050.15 1078.60 1106.64 1134.23 1161.34 1187.92 1213.98 1239.64 1265.60 1291.10 1315.62 1194.09 1216.37 1086.93 952.01 649.35 0.00 0.00 0.00 
0.00 16.84 42.00 50.33 58.72 67.16 75.67 75.94 76.30 85.16 85.77 86.52 87.43 88.53 89.84 91.39 93.21 95.33 97.80 100.66 103.96 107.75 112.09 117.04 122.68 129.08 136.32 144.50 153.70 164.01 175.54 188.36 202.58 218.27 235.48 254.28 274.70 296.72 320.35 345.52 372.17 400.21 429.51 459.95 491.38 523.67 556.66 590.23 624.24 658.57 693.11 727.79 762.51 797.20 831.82 866.30 900.62 934.73 968.60 1002.22 1035.54 1068.56 1101.24 1133.56 1165.49 1197.01 1228.09 1258.68 1288.76 1318.29 1347.26 1375.61 1403.22 1289.50 1314.89 1340.15 1215.74 1086.75 952.61 811.99 332.80 0.00 0.00 
0.00 33.72 50.48 58.83 67.23 75.69 75.90 84.55 84.97 85.51 86.18 86.99 87.96 89.13 90.51 92.14 94.05 96.27 98.85 101.83 105.25 109.17 113.66 118.76 124.56 131.13 138.55 146.90 156.27 166.75 178.43 191.40 205.73 221.51 238.78 257.60 277.99 299.96 323.47 348.50 374.96 402.77 431.82 461.98 493.13 525.13 557.84 591.13 624.87 658.95 693.27 727.73 762.25 796.77 831.23 865.58 899.76 933.75 967.51 1001.02 1034.24 1067.15 1099.73 1131.94 1163.78 1195.19 1226.17 1256.68 1286.71 1316.25 1345.29 1373.87 1402.07 1430.21 1457.36 1338.87 1364.29 1238.66 1107.96 971.07 663.58 0.00 0.00 
0.00 33.77 50.56 58.95 67.37 75.86 76.10 84.78 85.24 85.82 86.54 87.41 88.45 89.67 91.12 92.83 94.82 97.13 99.80 102.88 106.41 110.46 115.07 120.32 126.26 132.98 140.55 149.06 158.58 169.21 181.03 194.12 208.56 224.41 241.74 260.57 280.94 302.85 326.27 351.16 377.45 405.06 433.89 463.81 494.71 526.45 558.90 591.94 625.44 659.30 693.41 727.68 762.03 796.40 830.71 864.92 898.99 932.86 966.52 999.92 1033.04 1065.85 1098.33 1130.44 1162.16 1193.46 1224.33 1254.73 1284.66 1314.12 1343.13 1371.76 1400.11 1428.11 1455.29 1336.59 1361.99 1235.97 1104.45 966.97 659.09 0.00 0.00 
0.00 42.28 50.65 67.43 67.50 76.00 84.61 84.97 85.46 86.09 86.85 87.75 88.83 90.10 91.61 93.37 95.42 97.80 100.54 103.70 107.33 111.47 116.18 121.53 127.59 134.42 142.11 150.73 160.37 171.11 183.04 196.22 210.74 226.65 244.01 262.86 283.22 305.08 328.43 353.21 379.38 406.84 435.50 465.24 495.95 527.49 559.75 592.60 625.92 659.60 693.55 727.67 761.88 796.11 830.31 864.41 898.37 932.15 965.72 999.03 1032.06 1064.78 1097.16 1129.17 1160.79 1191.98 1222.73 1253.00 1282.79 1312.09 1340.94 1369.46 1397.83 1425.84 1453.38 1480.37 1359.27 1233.14 1255.97 962.49 816.34 0.00 0.00 
0.00 42.34 54.93 67.51 67.59 76.10 84.72 85.11 85.62 86.27 95.51 96.47 97.63 99.01 100.65 102.57 104.81 107.41 110.41 113.86 117.82 122.34 127.50 133.35 139.97 147.45 155.87 165.31 175.87 187.65 200.72 215.19 231.13 248.62 267.71 288.44 310.85 334.92 360.65 387.97 416.81 447.10 478.70 511.50 545.35 580.13 615.68 651.87 688.57 725.66 763.03 800.58 838.23 875.89 913.50 951.00 988.34 1025.48 1062.37 1098.98 1135.27 1171.22 1206.78 1241.94 1276.64 1310.86 1344.55 1377.66 1410.13 1441.86 1472.73 1502.53 1395.53 1423.45 1450.89 1477.61 1356.73 1381.84 1252.34 1116.68 812.40 167.80 0.00 
0.00 42.37 54.97 67.55 67.63 76.16 84.78 85.18 85.71 86.37 95.62 96.60 97.77 99.18 100.83 102.78 105.04 107.66 110.69 114.18 118.17 122.72 127.91 133.80 140.47 147.99 156.45 165.94 176.54 188.35 201.47 215.97 231.94 249.45 268.56 289.30 311.71 335.77 361.47 388.76 417.57 447.81 479.35 512.09 545.88 580.58 616.07 652.19 688.82 725.84 763.14 800.62 838.20 875.80 913.35 950.79 988.08 1025.16 1061.99 1098.54 1134.77 1170.65 1206.15 1241.22 1275.84 1309.96 1343.54 1376.53 1408.86 1440.44 1471.12 1500.70 1393.47 1421.10 1448.19 1474.56 1353.39 1378.08 1248.10 1112.23 808.16 167.46 0.00 
0.00 42.38 50.77 67.56 67.64 76.16 84.79 85.19 85.72 86.39 87.19 88.13 89.26 90.59 92.15 93.98 96.10 98.55 101.38 104.63 108.35 112.60 117.42 122.88 129.06 136.02 143.83 152.59 162.35 173.22 185.25 198.54 213.15 229.13 246.54 265.42 285.77 307.60 330.88 355.58 381.63 408.95 437.44 467.00 497.52 528.85 560.90 593.53 626.64 660.12 693.86 727.78 761.80 795.86 829.87 863.80 897.60 931.21 964.60 997.74 1030.59 1063.11 1095.28 1127.06 1158.42 1189.33 1219.76 1249.67 1279.04 1307.87 1336.18 1364.06 1391.69 1418.83 1445.40 1471.35 1349.26 1222.30 1243.39 949.66 803.31 0.00 0.00 
0.00 33.91 50.74 59.14 67.60 76.12 76.39 85.14 85.65 86.31 87.10 88.05 89.16 90.48 92.03 93.84 95.95 98.39 101.20 104.43 108.12 112.34 117.13 122.57 128.72 135.65 143.43 152.16 161.89 172.73 184.74 198.01 212.60 228.58 245.99 264.87 285.23 307.09 330.40 355.14 381.24 408.61 437.16 466.77 497.34 528.73 560.83 593.50 626.65 660.16 693.92 727.87 761.90 795.96 829.98 863.90 897.69 931.29 964.66 997.77 1030.59 1063.08 1095.21 1126.94 1158.24 1189.08 1219.42 1249.23 1278.48 1307.16 1335.28 1362.88 1390.02 1416.66 1442.33 1322.63 1345.74 1218.28 1085.21 946.06 639.75 0.00 0.00 
0.00 33.87 50.69 59.09 67.53 76.04 76.29 85.02 85.51 86.14 86.91 87.83 88.92 90.21 91.72 93.50 95.56 97.96 100.72 103.89 107.53 111.69 116.42 121.78 127.86 134.71 142.42 151.06 160.73 171.49 183.44 196.65 211.20 227.15 244.55 263.43 283.83 305.73 329.11 353.94 380.13 407.62 436.29 466.04 496.74 528.26 560.48 593.27 626.53 660.13 693.98 727.99 762.08 796.19 830.25 864.20 898.00 931.61 964.99 998.10 1030.91 1063.39 1095.49 1127.19 1158.45 1189.23 1219.50 1249.20 1278.31 1306.79 1334.64 1361.85 1388.50 1414.88 1439.94 1320.02 1342.67 1215.13 1082.59 944.33 641.16 0.00 0.00 
0.00 16.93 42.22 50.61 59.05 67.55 76.15 76.49 76.94 85.93 86.65 87.53 88.58 89.82 91.29 93.01 95.02 97.34 100.04 103.14 106.69 110.76 115.39 120.66 126.63 133.37 140.97 149.50 159.06 169.72 181.57 194.70 209.19 225.09 242.46 261.35 281.78 303.74 327.22 352.16 378.50 406.15 435.00 464.93 495.82 527.53 559.93 592.89 626.30 660.05 694.02 728.14 762.33 796.52 830.64 864.64 898.49 932.13 965.53 998.66 1031.47 1063.95 1096.05 1127.74 1158.97 1189.71 1219.90 1249.51 1278.46 1306.72 1334.22 1360.91 1386.59 1271.78 1294.74 1317.22 1191.23 1060.66 925.15 784.07 320.23 0.00 0.00 
0.00 0.00 33.74 50.51 58.93 67.40 67.61 76.28 76.70 77.24 77.89 78.67 79.60 80.70 82.01 83.54 85.32 87.40 89.79 92.56 95.73 99.36 103.50 108.21 113.54 119.58 126.38 134.02 142.59 152.15 162.79 174.58 187.60 201.90 217.54 234.55 252.95 272.74 293.90 316.39 340.15 365.08 391.11 418.11 445.97 474.57 503.79 533.51 563.63 594.04 624.66 655.40 686.19 716.98 747.70 778.31 808.77 839.04 869.10 898.90 928.42 957.62 986.48 1014.96 1043.02 1070.62 1097.70 1124.22 1150.11 1175.31 1199.78 1223.60 1247.39 1270.54 1292.54 1169.69 1188.87 1058.00 922.20 625.11 0.00 0.00 0.00 
0.00 0.00 8.43 33.64 50.42 58.87 59.05 67.68 68.05 68.52 77.54 78.26 79.13 80.17 81.41 82.87 84.57 86.56 88.86 91.52 94.58 98.09 102.10 106.66 111.85 117.73 124.38 131.87 140.28 149.69 160.20 171.87 184.79 199.02 214.61 231.62 250.06 269.93 291.22 313.87 337.82 362.98 389.25 416.52 444.64 473.51 502.98 532.95 563.29 593.91 624.70 655.60 686.53 717.43 748.25 778.95 809.48 839.81 869.91 899.76 929.31 958.54 987.42 1015.92 1043.99 1071.58 1098.63 1125.08 1150.84 1175.78 1199.75 1222.45 1107.56 1128.02 1147.26 1021.77 1038.13 904.05 612.41 156.33 0.00 0.00 0.00 
0.00 0.00 0.00 16.81 33.57 50.34 50.47 59.06 59.38 68.20 68.72 69.34 70.09 70.99 72.06 73.31 74.79 76.51 78.51 80.82 83.48 86.54 90.03 94.02 98.56 103.71 109.54 116.12 123.52 131.82 141.09 151.40 162.84 175.46 189.31 204.43 220.84 238.55 257.54 277.76 299.15 321.64 345.12 369.49 394.62 420.41 446.74 473.49 500.57 527.88 555.35 582.89 610.44 637.96 665.40 692.72 719.88 746.87 773.64 800.18 826.45 852.44 878.11 903.43 928.37 952.87 976.88 1000.34 1023.15 1045.21 1066.44 1086.79 1106.61 986.19 1002.52 874.10 887.33 601.42 306.42 0.00 0.00 0.00 0.00 
0.00 0.00 0.00 0.00 0.00 33.49 41.93 50.46 50.72 51.07 59.93 60.45 61.08 61.84 62.74 63.80 65.05 66.51 68.21 70.18 72.45 75.06 78.05 81.47 85.36 89.79 94.81 100.48 106.88 114.06 122.10 131.07 141.03 152.03 164.13 177.37 191.76 207.30 223.98 241.77 260.60 280.39 301.07 322.53 344.67 367.37 390.54 414.07 437.88 461.88 485.99 510.17 534.34 558.48 582.53 606.47 630.27 653.90 677.35 700.58 723.59 746.33 768.80 790.97 812.79 834.22 855.22 875.72 895.61 914.80 933.08 950.19 830.04 844.93 858.35 726.73 590.04 150.35 0.00 0.00 0.00 0.00 0.00 
0.00 0.00 0.00 0.00 0.00 0.00 16.75 33.55 33.71 42.42 42.73 43.10 43.55 44.08 44.72 45.47 46.35 47.38 48.57 49.96 51.57 53.41 55.53 57.95 60.71 63.85 67.41 71.44 75.98 81.09 86.82 93.21 100.31 108.17 116.81 126.28 136.57 147.69 159.64 172.38 185.86 200.04 214.86 230.23 246.08 262.34 278.92 295.76 312.79 329.96 347.20 364.48 381.76 399.01 416.19 433.29 450.29 467.17 483.92 500.51 516.93 533.18 549.22 565.04 580.61 595.91 610.89 625.51 639.70 653.38 666.45 678.88 690.90 562.85 571.14 289.57 0.00 0.00 0.00 0.00 0.00 0.00 0.00 
0.00 0.00 0.00 0.00 0.00 0.00 0.00 0.00 0.00 0.00 8.51 8.55 8.62 8.71 8.83 8.96 9.12 9.31 9.53 9.78 10.08 10.43 10.82 11.28 11.80 12.39 13.07 13.84 14.71 15.70 16.82 18.07 19.46 21.02 22.73 24.62 26.69 28.93 31.35 33.94 36.68 39.57 42.59 45.72 48.95 52.26 55.64 59.06 62.51 65.99 69.47 72.96 76.44 79.91 83.37 86.81 90.22 93.61 96.96 100.29 103.58 106.84 110.06 113.23 116.35 119.41 122.40 125.30 128.07 130.64 132.87 134.42 0.00 0.00 0.00 0.00 0.00 0.00 0.00 0.00 0.00 0.00 0.00 
0.00 0.00 0.00 0.00 0.00 0.00 0.00 0.00 0.00 0.00 0.00 0.00 0.00 0.00 0.00 0.00 0.00 0.00 0.00 0.00 0.00 0.00 0.00 0.00 0.00 0.00 0.00 0.00 0.00 0.00 0.00 0.00 0.00 0.00 0.00 0.00 0.00 0.00 0.00 0.00 0.00 0.00 0.00 0.00 0.00 0.00 0.00 0.00 0.00 0.00 0.00 0.00 0.00 0.00 0.00 0.00 0.00 0.00 0.00 0.00 0.00 0.00 0.00 0.00 0.00 0.00 0.00 0.00 0.00 0.00 0.00 0.00 0.00 0.00 0.00 0.00 0.00 0.00 0.00 0.00 0.00 0.00 0.00 
