0.00 0.00 0.00 0.00 0.00 0.00 0.00 0.00 0.00 0.00 34.00 35.28 36.89 38.50 39.99 41.32 42.50 43.54 44.45 45.26 45.96 46.59 47.15 47.64 48.08 48.47 48.82 49.13 49.41 49.65 49.87 50.07 50.24 50.40 50.54 50.66 50.77 50.87 50.96 51.03 51.11 51.17 51.23 51.29 51.34 51.39 51.44 51.49 51.53 51.58 51.63 51.68 51.73 51.78 51.84 51.90 51.96 52.03 52.09 52.17 52.25 52.33 52.41 52.51 52.60 52.70 52.80 52.90 53.01 53.11 53.20 53.27 0.00 0.00 0.00 0.00 0.00 0.00 0.00 0.00 0.00 0.00 0.00 
0.00 0.00 0.00 0.00 0.00 0.00 46.09 100.62 108.66 149.92 162.32 173.58 183.67 192.57 200.34 207.10 212.99 218.13 222.64 226.60 230.09 233.19 235.93 238.37 240.54 242.47 244.20 245.73 247.10 248.32 249.41 250.38 251.24 252.01 252.69 253.30 253.85 254.33 254.77 255.16 255.52 255.84 256.14 256.42 256.68 256.92 257.16 257.40 257.63 257.86 258.10 258.34 258.59 258.86 259.14 259.43 259.74 260.07 260.42 260.78 261.17 261.58 262.01 262.47 262.94 263.43 263.94 264.47 265.01 265.57 266.12 266.68 267.24 214.30 214.68 107.55 0.00 0.00 0.00 0.00 0.00 0.00 0.00 
0.00 0.00 0.00 0.00 0.00 78.98 108.71 145.93 160.70 176.85 225.46 240.45 254.28 266.68 277.65 287.27 295.72 303.13 309.65 315.41 320.49 325.00 329.00 332.56 335.73 338.55 341.07 343.31 345.32 347.10 348.70 350.12 351.39 352.52 353.52 354.42 355.23 355.95 356.59 357.18 357.70 358.19 358.63 359.04 359.42 359.79 360.14 360.48 360.82 361.16 361.51 361.86 362.23 362.61 363.00 363.42 363.86 364.33 364.82 365.34 365.88 366.46 367.06 367.69 368.35 369.04 369.75 370.48 371.23 371.99 372.75 373.49 320.89 321.59 322.22 269.14 215.80 54.09 0.00 0.00 0.00 0.00 0.00 
0.00 0.00 0.00 29.10 64.29 111.22 124.73 166.68 184.84 234.36 253.50 270.92 286.76 300.98 313.64 324.85 334.74 343.48 351.20 358.03 364.08 369.46 374.24 378.50 382.29 385.68 388.70 391.39 393.80 395.95 397.87 399.58 401.11 402.47 403.69 404.78 405.76 406.63 407.42 408.13 408.77 409.36 409.90 410.40 410.86 411.31 411.73 412.15 412.56 412.97 413.38 413.80 414.23 414.68 415.14 415.63 416.14 416.68 417.25 417.84 418.47 419.13 419.82 420.54 421.29 422.07 422.87 423.70 424.55 425.41 426.28 427.14 428.02 375.42 376.19 323.26 323.94 216.61 108.57 0.00 0.00 0.00 0.00 
0.00 0.00 0.00 54.82 92.27 125.29 142.82 187.76 208.61 229.61 282.30 301.24 318.85 334.84 349.19 361.97 373.32 383.39 392.33 400.26 407.31 413.58 419.17 424.16 428.60 432.57 436.12 439.29 442.12 444.65 446.91 448.93 450.73 452.35 453.79 455.08 456.24 457.27 458.21 459.05 459.82 460.52 461.16 461.76 462.31 462.84 463.35 463.84 464.32 464.80 465.28 465.77 466.27 466.79 467.32 467.88 468.47 469.08 469.73 470.40 471.11 471.85 472.62 473.43 474.27 475.15 476.05 476.97 477.91 478.87 479.83 480.78 428.38 429.30 430.20 377.41 378.23 325.07 217.40 54.50 0.00 0.00 0.00 
0.00 0.00 45.51 77.05 105.06 141.65 161.84 209.19 232.28 255.31 277.11 296.67 314.47 330.59 345.09 358.08 369.68 380.01 389.22 397.42 404.73 411.26 417.08 422.28 426.93 431.08 434.79 438.12 441.09 443.74 446.12 448.24 450.15 451.85 453.37 454.73 455.96 457.06 458.05 458.95 459.76 460.51 461.19 461.82 462.42 462.98 463.51 464.03 464.54 465.04 465.54 466.05 466.57 467.10 467.65 468.22 468.82 469.44 470.09 470.77 471.48 472.22 473.00 473.80 474.64 475.51 476.40 477.32 478.26 479.21 480.17 481.15 482.17 483.19 484.19 431.52 432.47 379.48 326.25 218.25 0.00 0.00 0.00 
0.00 19.24 53.82 73.17 102.64 139.36 182.19 205.77 229.12 282.47 305.34 326.85 346.63 364.60 380.80 395.33 408.34 419.96 430.35 439.62 447.91 455.31 461.93 467.85 473.15 477.89 482.13 485.93 489.33 492.37 495.09 497.53 499.71 501.67 503.42 504.99 506.40 507.67 508.81 509.85 510.78 511.64 512.43 513.16 513.85 514.49 515.11 515.71 516.29 516.86 517.43 518.01 518.60 519.20 519.82 520.47 521.13 521.83 522.56 523.32 524.11 524.94 525.80 526.69 527.62 528.58 529.56 530.58 531.61 532.67 533.73 534.81 535.88 483.49 484.51 485.55 432.74 379.73 326.49 272.95 109.62 0.00 0.00 
0.00 37.64 61.69 85.26 117.41 156.94 179.74 228.85 253.63 278.44 301.59 323.12 342.90 360.92 377.21 391.90 405.09 416.92 427.53 437.03 445.54 453.16 459.99 466.10 471.58 476.48 480.88 484.81 488.34 491.50 494.34 496.87 499.14 501.18 503.01 504.65 506.12 507.45 508.65 509.73 510.72 511.62 512.45 513.21 513.93 514.61 515.25 515.87 516.48 517.07 517.66 518.26 518.86 519.48 520.11 520.77 521.45 522.15 522.88 523.65 524.44 525.27 526.13 527.02 527.95 528.90 529.88 530.89 531.92 532.96 534.02 535.10 536.19 537.29 538.38 485.80 486.86 433.99 380.90 327.52 219.19 0.00 0.00 
0.00 35.68 59.63 84.30 116.24 155.50 178.19 226.70 251.24 275.52 298.54 319.96 339.68 357.70 374.06 388.85 402.20 414.21 425.00 434.70 443.40 451.21 458.22 464.50 470.14 475.19 479.73 483.79 487.44 490.70 493.63 496.26 498.62 500.73 502.63 504.33 505.86 507.24 508.49 509.62 510.65 511.59 512.45 513.25 514.00 514.70 515.37 516.02 516.65 517.26 517.87 518.48 519.10 519.73 520.38 521.04 521.73 522.44 523.18 523.94 524.74 525.57 526.43 527.32 528.24 529.19 530.16 531.16 532.18 533.22 534.27 535.34 536.42 537.50 538.58 485.97 487.01 434.09 380.92 327.48 219.05 0.00 0.00 
0.00 42.82 58.84 97.64 115.12 154.44 199.70 224.52 249.25 273.39 296.39 317.71 337.33 355.29 371.66 386.51 399.95 412.08 423.01 432.85 441.70 449.65 456.80 463.21 468.98 474.15 478.79 482.95 486.69 490.05 493.06 495.76 498.18 500.35 502.31 504.06 505.64 507.07 508.36 509.52 510.59 511.56 512.45 513.28 514.05 514.78 515.47 516.13 516.77 517.41 518.03 518.66 519.29 519.93 520.58 521.25 521.94 522.66 523.40 524.18 524.97 525.80 526.66 527.55 528.47 529.41 530.38 531.37 532.38 533.41 534.45 535.51 536.59 537.66 538.73 539.81 487.09 434.15 435.11 327.40 273.53 0.00 0.00 
0.00 41.46 63.75 97.12 114.60 153.75 198.90 223.32 247.98 272.11 329.09 351.42 372.40 391.82 409.60 425.78 440.43 453.67 465.60 476.35 486.02 494.72 502.54 509.57 515.88 521.55 526.64 531.22 535.32 539.01 542.31 545.28 547.95 550.34 552.49 554.42 556.16 557.73 559.15 560.43 561.60 562.67 563.65 564.56 565.41 566.21 566.97 567.70 568.41 569.10 569.79 570.48 571.17 571.87 572.59 573.33 574.09 574.88 575.69 576.54 577.42 578.33 579.27 580.25 581.25 582.29 583.35 584.43 585.53 586.65 587.76 588.87 536.67 537.74 538.80 539.85 487.12 488.16 435.06 381.69 273.41 54.96 0.00 
0.00 40.96 63.51 96.82 114.36 153.37 198.39 222.75 247.33 271.37 328.26 350.54 371.48 390.87 408.64 424.83 439.50 452.77 464.74 475.53 485.25 494.00 501.87 508.95 515.32 521.04 526.18 530.79 534.94 538.66 542.01 545.01 547.71 550.13 552.31 554.27 556.03 557.62 559.06 560.36 561.55 562.63 563.63 564.56 565.42 566.23 567.00 567.74 568.45 569.15 569.85 570.54 571.24 571.95 572.67 573.41 574.18 574.97 575.79 576.63 577.51 578.42 579.36 580.34 581.34 582.37 583.43 584.50 585.60 586.70 587.81 588.90 536.69 537.75 538.78 539.81 487.06 488.07 434.93 381.53 273.25 54.95 0.00 
0.00 41.21 58.12 96.72 114.24 153.20 198.19 222.82 247.31 271.16 293.96 315.10 334.58 352.47 368.81 383.68 397.18 409.41 420.46 430.43 439.42 447.53 454.82 461.39 467.31 472.62 477.40 481.70 485.57 489.04 492.16 494.96 497.48 499.74 501.78 503.61 505.26 506.75 508.10 509.32 510.44 511.46 512.39 513.26 514.07 514.83 515.55 516.24 516.91 517.56 518.21 518.85 519.50 520.15 520.82 521.50 522.21 522.93 523.68 524.45 525.25 526.08 526.93 527.82 528.72 529.66 530.61 531.58 532.57 533.58 534.59 535.62 536.65 537.68 538.69 539.70 486.90 433.88 434.74 326.95 273.02 0.00 0.00 
0.00 32.94 58.34 82.93 114.49 153.28 175.94 223.84 248.02 271.83 294.45 315.56 335.05 352.93 369.25 384.09 397.54 409.71 420.71 430.63 439.59 447.65 454.92 461.46 467.35 472.65 477.42 481.71 485.56 489.03 492.14 494.94 497.46 499.72 501.75 503.58 505.24 506.72 508.07 509.29 510.41 511.42 512.36 513.23 514.03 514.79 515.51 516.21 516.87 517.53 518.17 518.82 519.46 520.12 520.78 521.46 522.16 522.89 523.63 524.41 525.21 526.03 526.89 527.77 528.67 529.60 530.55 531.52 532.51 533.51 534.51 535.52 536.54 537.54 538.52 485.80 486.71 433.66 380.35 326.75 218.28 0.00 0.00 
0.00 34.68 58.48 82.79 114.66 153.65 176.35 224.79 249.15 273.43 296.03 317.08 336.53 354.35 370.59 385.33 398.68 410.74 421.63 431.45 440.30 448.28 455.47 461.94 467.76 473.01 477.73 481.97 485.78 489.22 492.30 495.07 497.56 499.80 501.82 503.63 505.27 506.74 508.08 509.29 510.39 511.39 512.32 513.18 513.98 514.73 515.44 516.13 516.79 517.44 518.08 518.71 519.36 520.01 520.67 521.35 522.04 522.76 523.51 524.28 525.08 525.90 526.75 527.63 528.54 529.46 530.41 531.38 532.36 533.36 534.35 535.35 536.35 537.35 538.32 485.59 486.48 433.43 380.15 326.59 218.28 0.00 0.00 
0.00 17.65 48.69 70.16 99.42 135.49 177.57 200.92 223.78 276.19 298.45 319.41 338.79 356.51 372.63 387.23 400.42 412.33 423.06 432.73 441.44 449.29 456.36 462.72 468.45 473.61 478.25 482.42 486.18 489.55 492.59 495.31 497.77 499.97 501.95 503.74 505.34 506.79 508.11 509.30 510.38 511.37 512.28 513.12 513.90 514.64 515.34 516.02 516.67 517.31 517.94 518.57 519.20 519.84 520.50 521.17 521.86 522.58 523.32 524.09 524.88 525.71 526.56 527.43 528.34 529.27 530.21 531.18 532.16 533.15 534.14 535.13 536.09 483.56 484.44 485.32 432.32 379.12 325.68 271.99 109.11 0.00 0.00 
0.00 0.00 40.27 70.80 99.87 136.17 156.64 203.13 225.75 248.16 269.37 288.36 305.73 321.60 336.02 349.09 360.89 371.54 381.14 389.79 397.58 404.60 410.93 416.62 421.75 426.36 430.52 434.26 437.62 440.65 443.37 445.81 448.01 449.99 451.76 453.36 454.81 456.11 457.28 458.35 459.32 460.21 461.02 461.78 462.48 463.14 463.77 464.38 464.96 465.53 466.10 466.66 467.23 467.81 468.40 469.00 469.62 470.27 470.93 471.62 472.34 473.07 473.84 474.63 475.44 476.27 477.12 477.99 478.87 479.75 480.63 481.51 482.42 483.31 484.15 431.29 432.03 378.83 325.41 217.43 0.00 0.00 0.00 
0.00 0.00 10.52 46.90 85.33 118.87 137.12 181.16 201.54 221.91 273.64 291.96 309.06 324.74 338.97 351.83 363.42 373.84 383.22 391.66 399.26 406.09 412.25 417.79 422.78 427.27 431.32 434.96 438.23 441.18 443.82 446.20 448.34 450.26 451.99 453.55 454.94 456.21 457.35 458.38 459.32 460.18 460.97 461.70 462.39 463.03 463.64 464.22 464.79 465.35 465.90 466.45 467.01 467.58 468.16 468.75 469.37 470.01 470.67 471.35 472.06 472.80 473.56 474.35 475.16 476.00 476.85 477.72 478.59 479.47 480.34 481.19 428.67 429.46 430.19 377.21 377.83 324.50 216.79 54.34 0.00 0.00 0.00 
0.00 0.00 0.00 24.78 55.80 102.95 118.40 159.60 177.43 225.84 244.31 261.01 276.28 290.16 302.72 314.04 324.22 333.37 341.60 348.99 355.65 361.64 367.03 371.89 376.26 380.20 383.74 386.93 389.80 392.38 394.70 396.79 398.66 400.35 401.86 403.22 404.45 405.55 406.55 407.46 408.28 409.03 409.72 410.36 410.96 411.52 412.05 412.57 413.07 413.55 414.04 414.52 415.01 415.51 416.02 416.55 417.09 417.66 418.24 418.85 419.48 420.13 420.81 421.51 422.23 422.97 423.73 424.50 425.28 426.06 426.83 427.59 428.36 375.61 376.22 323.12 323.62 216.22 108.34 0.00 0.00 0.00 0.00 
0.00 0.00 0.00 0.00 0.00 70.34 100.50 138.32 153.25 168.80 216.11 230.25 243.42 255.46 266.34 276.12 284.91 292.80 299.88 306.24 311.97 317.12 321.76 325.94 329.70 333.09 336.14 338.88 341.35 343.57 345.57 347.36 348.98 350.42 351.73 352.90 353.95 354.90 355.76 356.53 357.24 357.89 358.48 359.03 359.54 360.02 360.48 360.92 361.35 361.77 362.19 362.60 363.03 363.46 363.90 364.36 364.83 365.32 365.83 366.36 366.91 367.48 368.07 368.68 369.32 369.96 370.63 371.30 371.98 372.66 373.33 373.97 321.24 321.80 322.27 269.05 215.60 54.02 0.00 0.00 0.00 0.00 0.00 
0.00 0.00 0.00 0.00 0.00 0.00 42.11 94.01 102.76 142.85 154.50 164.84 174.28 182.85 190.57 197.51 203.75 209.34 214.37 218.89 222.95 226.61 229.91 232.88 235.56 237.97 240.14 242.09 243.85 245.43 246.86 248.13 249.28 250.31 251.24 252.07 252.82 253.50 254.11 254.66 255.16 255.62 256.04 256.43 256.80 257.14 257.46 257.78 258.08 258.38 258.68 258.98 259.28 259.59 259.90 260.23 260.56 260.91 261.27 261.65 262.04 262.45 262.87 263.31 263.76 264.22 264.70 265.18 265.66 266.15 266.62 267.09 267.56 214.46 214.70 107.51 0.00 0.00 0.00 0.00 0.00 0.00 0.00 
0.00 0.00 0.00 0.00 0.00 0.00 0.00 0.00 0.00 0.00 33.15 34.35 35.86 37.38 38.80 40.11 41.28 42.34 43.29 44.15 44.92 45.61 46.24 46.80 47.31 47.77 48.18 48.55 48.89 49.19 49.46 49.70 49.92 50.12 50.29 50.45 50.59 50.72 50.83 50.94 51.03 51.12 51.20 51.27 51.34 51.40 51.47 51.52 51.58 51.64 51.70 51.75 51.81 51.87 51.93 51.99 52.06 52.13 52.20 52.27 52.35 52.43 52.52 52.61 52.70 52.79 52.88 52.98 53.08 53.17 53.25 53.31 0.00 0.00 0.00 0.00 0.00 0.00 0.00 0.00 0.00 0.00 0.00 
0.00 0.00 0.00 0.00 0.00 0.00 0.00 0.00 0.00 0.00 0.00 0.00 0.00 0.00 0.00 0.00 0.00 0.00 0.00 0.00 0.00 0.00 0.00 0.00 0.00 0.00 0.00 0.00 0.00 0.00 0.00 0.00 0.00 0.00 0.00 0.00 0.00 0.00 0.00 0.00 0.00 0.00 0.00 0.00 0.00 0.00 0.00 0.00 0.00 0.00 0.00 0.00 0.00 0.00 0.00 0.00 0.00 0.00 0.00 0.00 0.00 0.00 0.00 0.00 0.00 0.00 0.00 0.00 0.00 0.00 0.00 0.00 0.00 0.00 0.00 0.00 0.00 0.00 0.00 0.00 0.00 0.00 0.00 
