0.00 0.00 0.00 0.00 0.00 0.00 0.00 0.00 0.00 0.00 16.81 16.81 16.81 16.82 16.83 16.86 16.89 16.93 16.98 17.05 17.12 17.21 17.31 17.42 17.55 17.69 17.85 18.02 18.21 18.41 18.64 18.88 19.14 19.42 19.72 20.04 20.39 20.76 21.15 21.56 22.00 22.46 22.95 23.47 24.01 24.58 25.18 25.81 26.46 27.14 27.85 28.59 29.36 30.15 30.97 31.82 32.69 33.59 34.51 35.45 36.42 37.40 38.40 39.41 40.43 41.46 42.48 43.50 44.48 45.40 46.21 46.78 0.00 0.00 0.00 0.00 0.00 0.00 0.00 0.00 0.00 0.00 0.00 
0.00 0.00 0.00 0.00 0.00 0.00 33.78 67.47 67.39 84.12 84.05 84.01 84.01 84.04 84.12 84.23 84.39 84.60 84.86 85.18 85.55 85.98 86.48 87.04 87.67 88.38 89.16 90.01 90.95 91.98 93.09 94.30 95.60 97.00 98.51 100.11 101.83 103.67 105.62 107.69 109.88 112.20 114.64 117.22 119.94 122.79 125.78 128.91 132.17 135.58 139.14 142.83 146.66 150.63 154.74 158.97 163.34 167.84 172.45 177.17 182.00 186.93 191.94 197.02 202.16 207.34 212.53 217.69 222.80 227.78 232.56 237.06 241.26 196.21 197.72 99.50 0.00 0.00 0.00 0.00 0.00 0.00 0.00 
0.00 0.00 0.00 0.00 0.00 67.71 84.50 101.24 101.13 101.04 117.80 117.78 117.79 117.85 117.96 118.14 118.37 118.68 119.05 119.50 120.03 120.65 121.36 122.15 123.05 124.04 125.15 126.36 127.68 129.13 130.70 132.40 134.23 136.20 138.32 140.58 142.99 145.57 148.30 151.21 154.28 157.53 160.96 164.58 168.38 172.37 176.55 180.93 185.49 190.26 195.22 200.37 205.72 211.26 216.98 222.89 228.97 235.22 241.63 248.20 254.90 261.73 268.67 275.70 282.79 289.92 297.05 304.13 311.10 317.87 324.33 330.31 288.53 293.27 297.08 250.01 200.34 49.59 0.00 0.00 0.00 0.00 0.00 
0.00 0.00 0.00 34.03 67.94 101.65 101.51 118.25 118.15 134.90 134.84 134.83 134.86 134.95 135.09 135.31 135.59 135.95 136.40 136.93 137.55 138.27 139.09 140.01 141.05 142.20 143.47 144.87 146.40 148.07 149.87 151.83 153.94 156.20 158.63 161.23 164.00 166.95 170.09 173.42 176.94 180.66 184.59 188.72 193.07 197.62 202.40 207.39 212.60 218.04 223.69 229.56 235.64 241.94 248.45 255.16 262.06 269.15 276.42 283.85 291.43 299.14 306.97 314.88 322.85 330.84 338.80 346.69 354.42 361.91 369.07 375.83 382.21 339.59 343.86 297.39 299.06 197.87 96.44 0.00 0.00 0.00 0.00 
0.00 0.00 0.00 68.13 101.97 118.74 118.58 135.32 135.21 135.13 151.91 151.92 151.97 152.08 152.27 152.52 152.86 153.28 153.79 154.40 155.12 155.94 156.88 157.93 159.11 160.42 161.87 163.46 165.19 167.08 169.13 171.34 173.72 176.29 179.03 181.97 185.10 188.43 191.97 195.72 199.69 203.88 208.30 212.95 217.84 222.97 228.33 233.94 239.80 245.89 252.23 258.81 265.63 272.69 279.97 287.48 295.19 303.11 311.22 319.51 327.95 336.53 345.22 354.00 362.82 371.64 380.42 389.08 397.54 405.70 413.42 420.53 379.70 385.27 389.66 343.06 344.32 293.02 190.31 44.88 0.00 0.00 0.00 
0.00 0.00 68.39 102.32 119.11 135.86 135.68 152.41 152.29 152.21 152.18 152.19 152.26 152.40 152.59 152.87 153.22 153.66 154.19 154.82 155.55 156.39 157.34 158.41 159.61 160.94 162.40 164.00 165.75 167.66 169.72 171.95 174.35 176.93 179.69 182.64 185.78 189.12 192.67 196.43 200.41 204.61 209.04 213.69 218.58 223.70 229.06 234.66 240.50 246.58 252.90 259.46 266.25 273.26 280.50 287.96 295.62 303.47 311.51 319.71 328.05 336.52 345.08 353.71 362.36 370.99 379.55 387.96 396.16 404.04 411.51 418.49 425.08 430.77 435.14 388.24 388.76 336.02 280.05 174.80 0.00 0.00 0.00 
0.00 34.32 85.58 102.48 119.28 136.04 152.77 152.62 152.51 169.28 169.26 169.29 169.37 169.53 169.76 170.08 170.48 170.98 171.58 172.29 173.11 174.06 175.13 176.33 177.67 179.15 180.79 182.58 184.54 186.67 188.97 191.46 194.13 197.00 200.08 203.36 206.86 210.59 214.54 218.72 223.15 227.81 232.73 237.90 243.33 249.02 254.97 261.19 267.67 274.41 281.41 288.68 296.20 303.97 311.98 320.23 328.70 337.38 346.25 355.30 364.51 373.84 383.27 392.75 402.26 411.73 421.11 430.32 439.28 447.88 456.00 463.49 470.11 427.32 431.26 433.57 383.09 329.37 272.55 213.37 73.04 0.00 0.00 
0.00 68.70 102.83 119.67 136.43 153.15 152.96 169.69 169.57 169.51 169.49 169.54 169.64 169.81 170.06 170.39 170.81 171.33 171.94 172.67 173.51 174.46 175.55 176.77 178.12 179.62 181.27 183.08 185.05 187.19 189.51 192.01 194.70 197.58 200.67 203.97 207.48 211.21 215.17 219.37 223.80 228.47 233.39 238.56 243.99 249.68 255.62 261.83 268.29 275.02 282.00 289.24 296.74 304.47 312.44 320.64 329.06 337.68 346.48 355.45 364.56 373.79 383.10 392.46 401.81 411.11 420.30 429.30 438.02 446.37 454.21 461.43 467.84 473.31 477.21 429.51 428.92 374.45 316.06 254.42 148.46 0.00 0.00 
0.00 68.80 102.96 119.80 136.57 153.30 153.12 169.85 169.75 169.70 169.70 169.76 169.88 170.07 170.33 170.68 171.11 171.64 172.27 173.01 173.86 174.83 175.93 177.16 178.53 180.04 181.70 183.53 185.51 187.66 189.99 192.51 195.21 198.11 201.21 204.51 208.03 211.78 215.74 219.94 224.38 229.06 233.98 239.16 244.58 250.26 256.20 262.40 268.85 275.56 282.53 289.75 297.21 304.91 312.85 321.01 329.38 337.94 346.68 355.58 364.61 373.74 382.95 392.18 401.41 410.56 419.58 428.39 436.91 445.02 452.63 459.60 465.78 470.93 474.52 426.41 425.61 371.09 313.36 253.41 151.66 0.00 0.00 
0.00 86.10 103.07 136.94 136.70 153.42 170.14 169.99 169.90 169.86 169.87 169.94 170.07 170.27 170.54 170.90 171.34 171.88 172.52 173.27 174.14 175.12 176.23 177.47 178.85 180.37 182.04 183.88 185.87 188.03 190.37 192.90 195.61 198.51 201.62 204.94 208.47 212.22 216.19 220.39 224.83 229.52 234.44 239.61 245.04 250.72 256.65 262.84 269.28 275.98 282.93 290.13 297.57 305.25 313.15 321.28 329.61 338.12 346.81 355.66 364.62 373.69 382.81 391.96 401.08 410.13 419.02 427.70 436.06 444.00 451.43 458.21 464.25 469.26 472.92 474.68 423.83 369.73 362.87 254.08 197.56 0.00 0.00 
0.00 86.19 111.72 137.03 136.78 153.51 170.23 170.08 170.00 169.97 186.81 186.88 187.02 187.24 187.54 187.93 188.42 189.01 189.71 190.53 191.48 192.56 193.78 195.14 196.65 198.32 200.16 202.18 204.37 206.74 209.32 212.09 215.07 218.26 221.68 225.32 229.20 233.32 237.69 242.31 247.19 252.34 257.75 263.44 269.40 275.64 282.17 288.97 296.06 303.42 311.07 318.98 327.17 335.61 344.31 353.25 362.41 371.79 381.35 391.08 400.96 410.94 421.00 431.10 441.17 451.16 460.99 470.59 479.84 488.60 496.70 503.92 463.43 468.45 472.21 474.17 423.73 420.90 364.07 304.55 200.20 32.10 0.00 
0.00 86.24 111.76 137.07 136.82 153.55 170.27 170.13 170.05 170.02 186.87 186.94 187.09 187.31 187.62 188.01 188.50 189.10 189.81 190.64 191.59 192.67 193.89 195.26 196.78 198.45 200.30 202.31 204.51 206.89 209.46 212.24 215.22 218.42 221.84 225.48 229.36 233.49 237.86 242.48 247.36 252.51 257.92 263.61 269.57 275.81 282.33 289.13 296.21 303.57 311.20 319.11 327.28 335.72 344.40 353.32 362.47 371.82 381.36 391.08 400.93 410.89 420.92 430.98 441.03 450.99 460.81 470.38 479.62 488.38 496.50 503.76 463.36 468.52 472.48 474.81 424.91 422.80 366.93 308.55 204.94 32.59 0.00 
0.00 86.24 103.19 137.07 136.82 153.54 170.27 170.13 170.05 170.03 170.05 170.13 170.27 170.49 170.78 171.15 171.61 172.16 172.82 173.58 174.45 175.45 176.57 177.82 179.21 180.75 182.44 184.28 186.29 188.46 190.81 193.34 196.07 198.98 202.10 205.42 208.96 212.71 216.69 220.90 225.34 230.02 234.95 240.12 245.53 251.20 257.13 263.30 269.73 276.40 283.33 290.50 297.91 305.55 313.41 321.49 329.77 338.23 346.86 355.63 364.53 373.52 382.56 391.63 400.67 409.64 418.47 427.08 435.41 443.35 450.82 457.73 463.99 469.38 473.68 476.48 427.17 375.28 371.38 265.93 212.40 0.00 0.00 
0.00 68.99 103.15 119.99 136.76 153.50 153.32 170.08 170.00 169.97 170.00 170.08 170.23 170.44 170.73 171.09 171.55 172.10 172.76 173.52 174.39 175.38 176.50 177.75 179.14 180.68 182.36 184.20 186.20 188.38 190.73 193.26 195.97 198.89 202.00 205.32 208.86 212.61 216.59 220.79 225.23 229.91 234.83 240.00 245.41 251.08 257.00 263.18 269.60 276.28 283.20 290.37 297.78 305.42 313.29 321.37 329.65 338.12 346.76 355.54 364.45 373.46 382.53 391.63 400.72 409.74 418.63 427.34 435.78 443.87 451.53 458.67 465.18 470.93 475.56 429.22 430.64 379.61 326.63 272.79 175.20 0.00 0.00 
0.00 68.91 103.08 119.92 136.68 153.41 153.23 169.98 169.90 169.86 169.89 169.96 170.10 170.31 170.59 170.96 171.41 171.96 172.60 173.36 174.22 175.21 176.32 177.57 178.95 180.48 182.16 183.99 185.99 188.15 190.50 193.02 195.73 198.64 201.75 205.06 208.59 212.34 216.31 220.51 224.95 229.62 234.54 239.70 245.12 250.78 256.70 262.88 269.30 275.98 282.91 290.09 297.50 305.15 313.03 321.13 329.42 337.91 346.57 355.39 364.34 373.39 382.52 391.68 400.84 409.96 418.97 427.81 436.41 444.70 452.59 459.99 466.83 473.07 478.22 432.63 434.97 384.84 332.68 279.40 179.29 0.00 0.00 
0.00 34.44 85.85 102.75 119.56 136.34 153.10 152.97 152.90 169.72 169.73 169.80 169.93 170.13 170.41 170.76 171.20 171.74 172.38 173.12 173.98 174.96 176.06 177.30 178.67 180.19 181.86 183.68 185.67 187.83 190.16 192.68 195.38 198.28 201.38 204.69 208.21 211.95 215.91 220.10 224.53 229.20 234.12 239.28 244.69 250.36 256.28 262.45 268.88 275.57 282.50 289.69 297.12 304.78 312.68 320.79 329.12 337.64 346.34 355.20 364.20 373.31 382.51 391.76 401.03 410.27 419.42 428.43 437.23 445.74 453.88 461.53 468.56 426.81 432.05 436.47 389.32 340.19 289.57 238.14 92.28 0.00 0.00 
0.00 0.00 68.62 102.62 119.43 136.20 136.04 152.80 152.73 152.69 152.70 152.76 152.88 153.06 153.30 153.62 154.01 154.49 155.07 155.73 156.50 157.38 158.37 159.48 160.71 162.08 163.58 165.21 167.00 168.94 171.04 173.30 175.73 178.33 181.12 184.09 187.26 190.62 194.19 197.96 201.94 206.14 210.56 215.21 220.08 225.17 230.50 236.06 241.84 247.86 254.10 260.57 267.26 274.16 281.27 288.58 296.08 303.76 311.60 319.59 327.71 335.94 344.24 352.61 360.99 369.36 377.66 385.84 393.84 401.60 409.04 416.13 423.01 429.47 435.22 390.54 394.37 346.07 296.10 195.43 0.00 0.00 0.00 
0.00 0.00 17.14 68.37 102.27 119.07 118.94 135.73 135.66 135.63 152.48 152.53 152.64 152.81 153.04 153.34 153.73 154.20 154.75 155.41 156.17 157.03 158.01 159.10 160.33 161.68 163.16 164.79 166.56 168.49 170.57 172.82 175.24 177.83 180.61 183.57 186.72 190.07 193.63 197.39 201.37 205.56 209.98 214.62 219.49 224.58 229.91 235.47 241.27 247.29 253.55 260.03 266.74 273.66 280.80 288.14 295.68 303.40 311.29 319.34 327.53 335.84 344.24 352.72 361.23 369.75 378.23 386.61 394.83 402.82 410.46 417.60 377.12 383.26 388.84 344.19 348.28 300.29 200.45 50.54 0.00 0.00 0.00 
0.00 0.00 0.00 34.15 68.14 101.94 101.82 118.64 118.59 135.42 135.42 135.47 135.56 135.70 135.90 136.17 136.50 136.91 137.40 137.98 138.65 139.41 140.27 141.24 142.32 143.51 144.83 146.26 147.83 149.54 151.39 153.38 155.52 157.82 160.28 162.91 165.71 168.68 171.84 175.18 178.71 182.43 186.36 190.48 194.80 199.33 204.07 209.01 214.17 219.53 225.09 230.86 236.83 242.99 249.35 255.89 262.61 269.49 276.53 283.71 291.02 298.45 305.97 313.55 321.19 328.84 336.46 344.02 351.46 358.72 365.72 372.43 378.93 336.94 342.23 297.29 301.24 202.34 103.00 0.00 0.00 0.00 0.00 
0.00 0.00 0.00 0.00 0.00 67.87 84.72 101.56 101.53 101.52 118.37 118.41 118.49 118.61 118.78 119.01 119.29 119.64 120.07 120.56 121.14 121.80 122.55 123.39 124.33 125.37 126.51 127.76 129.13 130.62 132.22 133.96 135.83 137.84 139.98 142.28 144.72 147.32 150.07 152.99 156.08 159.33 162.76 166.37 170.15 174.11 178.26 182.59 187.10 191.79 196.66 201.72 206.95 212.35 217.93 223.66 229.56 235.60 241.78 248.09 254.52 261.06 267.68 274.37 281.11 287.88 294.64 301.35 307.97 314.44 320.67 326.54 284.99 290.24 295.13 249.48 202.26 51.64 0.00 0.00 0.00 0.00 0.00 
0.00 0.00 0.00 0.00 0.00 0.00 33.85 67.62 67.61 84.50 84.51 84.54 84.60 84.68 84.80 84.96 85.17 85.42 85.72 86.07 86.48 86.95 87.48 88.08 88.75 89.49 90.31 91.20 92.17 93.23 94.38 95.62 96.95 98.38 99.91 101.55 103.29 105.15 107.12 109.20 111.40 113.73 116.17 118.75 121.45 124.28 127.24 130.33 133.55 136.91 140.39 144.00 147.74 151.60 155.58 159.68 163.89 168.21 172.63 177.14 181.74 186.41 191.15 195.94 200.77 205.61 210.46 215.28 220.04 224.71 229.25 233.63 237.93 193.98 197.54 100.28 0.00 0.00 0.00 0.00 0.00 0.00 0.00 
0.00 0.00 0.00 0.00 0.00 0.00 0.00 0.00 0.00 0.00 16.86 16.86 16.87 16.89 16.91 16.94 16.97 17.02 17.08 17.15 17.23 17.32 17.42 17.54 17.67 17.82 17.98 18.15 18.34 18.55 18.78 19.03 19.29 19.57 19.88 20.20 20.55 20.92 21.31 21.72 22.16 22.63 23.11 23.63 24.17 24.73 25.33 25.94 26.59 27.26 27.96 28.69 29.44 30.21 31.01 31.84 32.69 33.56 34.45 35.37 36.30 37.25 38.21 39.18 40.17 41.16 42.15 43.13 44.09 44.99 45.78 46.33 0.00 0.00 0.00 0.00 0.00 0.00 0.00 0.00 0.00 0.00 0.00 
0.00 0.00 0.00 0.00 0.00 0.00 0.00 0.00 0.00 0.00 0.00 0.00 0.00 0.00 0.00 0.00 0.00 0.00 0.00 0.00 0.00 0.00 0.00 0.00 0.00 0.00 0.00 0.00 0.00 0.00 0.00 0.00 0.00 0.00 0.00 0.00 0.00 0.00 0.00 0.00 0.00 0.00 0.00 0.00 0.00 0.00 0.00 0.00 0.00 0.00 0.00 0.00 0.00 0.00 0.00 0.00 0.00 0.00 0.00 0.00 0.00 0.00 0.00 0.00 0.00 0.00 0.00 0.00 0.00 0.00 0.00 0.00 0.00 0.00 0.00 0.00 0.00 0.00 0.00 0.00 0.00 0.00 0.00 
