0.00 0.00 0.00 0.00 0.00 0.00 0.00 0.00 0.00 0.00 25.38 25.37 25.37 25.36 25.37 25.38 25.39 25.42 25.46 25.50 25.56 25.62 25.70 25.78 25.88 25.99 26.11 26.24 26.39 26.54 26.71 26.89 27.09 27.29 27.51 27.74 27.99 28.25 28.52 28.80 29.10 29.41 29.73 30.06 30.40 30.76 31.13 31.50 31.89 32.28 32.69 33.10 33.51 33.93 34.36 34.78 35.21 35.64 36.06 36.47 36.88 37.27 37.65 38.01 38.34 38.63 38.89 39.10 39.24 39.32 39.33 39.29 0.00 0.00 0.00 0.00 0.00 0.00 0.00 0.00 0.00 0.00 0.00 
0.00 0.00 0.00 0.00 0.00 0.00 51.03 101.93 101.82 127.09 126.96 126.86 126.80 126.77 126.78 126.82 126.91 127.04 127.21 127.44 127.71 128.04 128.41 128.85 129.33 129.88 130.48 131.14 131.86 132.64 133.48 134.39 135.36 136.39 137.48 138.65 139.87 141.16 142.52 143.93 145.41 146.96 148.56 150.23 151.95 153.73 155.56 157.45 159.38 161.36 163.38 165.43 167.52 169.63 171.76 173.90 176.04 178.18 180.30 182.39 184.43 186.42 188.33 190.14 191.82 193.34 194.67 195.75 196.52 196.90 196.79 196.05 194.48 153.14 150.00 72.85 0.00 0.00 0.00 0.00 0.00 0.00 0.00 
0.00 0.00 0.00 0.00 0.00 102.27 127.66 152.95 152.78 152.63 177.90 177.79 177.72 177.69 177.71 177.79 177.92 178.11 178.36 178.68 179.07 179.53 180.06 180.67 181.36 182.12 182.97 183.89 184.90 186.00 187.18 188.45 189.81 191.25 192.78 194.41 196.12 197.92 199.81 201.79 203.86 206.01 208.25 210.57 212.97 215.45 218.00 220.62 223.30 226.05 228.85 231.70 234.58 237.50 240.44 243.40 246.35 249.28 252.19 255.04 257.83 260.52 263.09 265.51 267.73 269.70 271.38 272.69 273.53 273.81 273.40 272.14 230.68 227.32 222.90 179.14 136.22 31.35 0.00 0.00 0.00 0.00 0.00 
0.00 0.00 0.00 51.37 102.57 153.53 153.32 178.62 178.44 203.70 203.56 203.46 203.39 203.38 203.41 203.51 203.67 203.90 204.20 204.57 205.02 205.56 206.17 206.87 207.66 208.54 209.51 210.57 211.73 212.98 214.34 215.79 217.34 218.99 220.74 222.59 224.54 226.60 228.75 231.01 233.36 235.81 238.35 240.99 243.71 246.53 249.42 252.39 255.43 258.54 261.70 264.92 268.18 271.46 274.77 278.08 281.39 284.67 287.90 291.06 294.14 297.09 299.88 302.47 304.82 306.86 308.53 309.74 310.38 310.33 309.43 307.52 304.38 260.85 254.85 209.14 199.39 120.24 54.17 0.00 0.00 0.00 0.00 
0.00 0.00 0.00 102.82 153.94 179.29 179.07 204.35 204.16 203.99 229.26 229.16 229.10 229.10 229.16 229.28 229.47 229.74 230.08 230.51 231.03 231.64 232.34 233.13 234.03 235.02 236.12 237.31 238.62 240.03 241.55 243.19 244.93 246.79 248.75 250.83 253.03 255.33 257.75 260.28 262.91 265.66 268.50 271.45 274.50 277.64 280.88 284.19 287.58 291.05 294.57 298.15 301.76 305.41 309.07 312.74 316.38 319.99 323.54 326.99 330.34 333.52 336.52 339.27 341.72 343.80 345.43 346.51 346.91 346.51 345.12 342.57 299.34 293.76 286.16 238.22 225.86 176.49 101.51 21.89 0.00 0.00 0.00 
0.00 0.00 103.15 154.39 179.78 205.09 204.84 230.10 229.89 229.71 229.57 229.48 229.44 229.45 229.52 229.65 229.86 230.14 230.50 230.94 231.47 232.08 232.79 233.59 234.49 235.49 236.59 237.79 239.10 240.52 242.04 243.67 245.42 247.27 249.24 251.31 253.50 255.80 258.21 260.72 263.35 266.08 268.91 271.84 274.87 277.99 281.19 284.48 287.84 291.26 294.75 298.27 301.84 305.43 309.02 312.61 316.17 319.69 323.13 326.47 329.67 332.70 335.52 338.07 340.30 342.12 343.45 344.19 344.21 343.36 341.46 338.29 333.54 326.85 317.88 268.10 253.59 200.87 149.47 80.64 0.00 0.00 0.00 
0.00 51.74 129.06 154.59 179.99 205.32 230.60 230.36 230.16 255.42 255.28 255.19 255.15 255.17 255.26 255.42 255.66 255.98 256.38 256.88 257.47 258.16 258.95 259.85 260.85 261.97 263.19 264.53 265.99 267.56 269.25 271.07 273.00 275.06 277.24 279.55 281.97 284.52 287.19 289.98 292.89 295.91 299.05 302.29 305.64 309.09 312.63 316.26 319.97 323.74 327.58 331.47 335.39 339.34 343.29 347.23 351.13 354.97 358.72 362.35 365.83 369.10 372.13 374.84 377.18 379.06 380.38 381.04 380.88 379.75 377.45 373.75 368.38 321.86 312.32 299.85 247.89 195.50 144.80 99.34 30.25 0.00 0.00 
0.00 103.54 155.03 180.49 205.83 231.11 230.83 256.08 255.86 255.69 255.56 255.48 255.45 255.49 255.59 255.76 256.01 256.34 256.76 257.26 257.86 258.56 259.36 260.27 261.27 262.39 263.62 264.97 266.42 268.00 269.70 271.51 273.44 275.50 277.68 279.98 282.40 284.94 287.61 290.39 293.28 296.29 299.41 302.64 305.97 309.39 312.91 316.51 320.19 323.93 327.73 331.57 335.44 339.33 343.22 347.09 350.91 354.67 358.33 361.85 365.21 368.35 371.22 373.76 375.91 377.57 378.65 379.03 378.57 377.10 374.44 370.35 364.55 356.68 346.51 295.19 279.16 224.37 170.73 121.88 62.50 0.00 0.00 
0.00 103.65 155.19 180.65 206.01 231.30 231.02 256.28 256.08 255.91 255.80 255.74 255.72 255.77 255.88 256.07 256.33 256.67 257.09 257.61 258.22 258.93 259.73 260.64 261.65 262.78 264.01 265.36 266.82 268.40 270.09 271.91 273.84 275.90 278.07 280.37 282.78 285.32 287.97 290.75 293.63 296.63 299.74 302.95 306.26 309.66 313.16 316.73 320.38 324.09 327.85 331.65 335.48 339.32 343.16 346.96 350.72 354.40 357.97 361.40 364.65 367.68 370.42 372.82 374.80 376.28 377.16 377.32 376.62 374.90 371.96 367.59 361.58 353.64 343.41 292.26 276.66 223.02 171.59 124.82 67.10 0.00 0.00 
0.00 129.69 155.32 206.48 206.16 231.44 256.69 256.45 256.25 256.10 255.99 255.94 255.93 255.99 256.11 256.31 256.58 256.93 257.36 257.88 258.50 259.21 260.02 260.93 261.95 263.08 264.32 265.66 267.13 268.71 270.40 272.22 274.15 276.20 278.38 280.67 283.08 285.61 288.26 291.03 293.90 296.89 299.98 303.18 306.48 309.87 313.34 316.89 320.52 324.20 327.94 331.71 335.50 339.30 343.09 346.85 350.56 354.18 357.69 361.05 364.22 367.16 369.81 372.11 373.98 375.34 376.09 376.11 375.27 373.39 370.31 365.79 359.62 351.63 341.51 328.60 275.67 222.94 203.41 128.42 91.77 0.00 0.00 
0.00 129.80 168.33 206.59 206.26 231.54 256.79 256.56 256.37 256.22 281.53 281.47 281.47 281.53 281.67 281.88 282.17 282.56 283.03 283.61 284.28 285.07 285.96 286.96 288.08 289.32 290.68 292.16 293.77 295.51 297.37 299.37 301.49 303.75 306.14 308.66 311.31 314.10 317.01 320.05 323.21 326.50 329.90 333.42 337.04 340.77 344.59 348.50 352.49 356.54 360.65 364.80 368.98 373.16 377.34 381.48 385.57 389.57 393.45 397.17 400.70 403.97 406.94 409.54 411.69 413.31 414.28 414.49 413.79 412.01 408.97 404.45 358.90 350.97 341.07 328.65 276.00 258.23 205.93 157.82 96.03 14.30 0.00 
0.00 129.85 168.38 206.64 206.30 231.59 256.84 256.61 256.43 256.29 281.59 281.54 281.55 281.61 281.75 281.97 282.27 282.66 283.14 283.72 284.39 285.18 286.07 287.08 288.20 289.44 290.80 292.28 293.89 295.63 297.49 299.49 301.61 303.87 306.26 308.78 311.43 314.21 317.12 320.15 323.31 326.59 329.99 333.50 337.12 340.84 344.65 348.55 352.52 356.57 360.66 364.80 368.96 373.13 377.29 381.42 385.48 389.46 393.32 397.03 400.53 403.79 406.74 409.33 411.47 413.09 414.07 414.30 413.65 411.94 409.00 404.63 359.28 351.63 342.09 330.20 278.18 261.20 209.81 162.37 100.61 14.65 0.00 
0.00 129.84 155.46 206.63 206.30 231.58 256.84 256.60 256.42 256.29 256.20 256.16 256.17 256.24 256.38 256.58 256.87 257.23 257.67 258.20 258.83 259.55 260.36 261.28 262.31 263.44 264.68 266.03 267.49 269.07 270.77 272.58 274.51 276.56 278.73 281.02 283.42 285.95 288.59 291.34 294.20 297.17 300.25 303.43 306.70 310.07 313.51 317.04 320.63 324.28 327.97 331.70 335.45 339.20 342.94 346.65 350.29 353.86 357.31 360.61 363.72 366.61 369.21 371.47 373.32 374.68 375.46 375.55 374.83 373.16 370.37 366.29 360.71 353.51 344.52 333.17 282.12 231.58 214.96 141.66 105.86 0.00 0.00 
0.00 103.88 155.40 180.86 206.23 231.52 231.25 256.54 256.36 256.23 256.14 256.10 256.11 256.19 256.32 256.53 256.81 257.17 257.62 258.15 258.77 259.49 260.31 261.22 262.25 263.38 264.62 265.97 267.43 269.01 270.70 272.52 274.45 276.50 278.67 280.95 283.36 285.88 288.52 291.27 294.13 297.11 300.18 303.36 306.63 310.00 313.45 316.97 320.57 324.22 327.91 331.65 335.40 339.16 342.91 346.62 350.28 353.87 357.34 360.67 363.82 366.75 369.41 371.74 373.68 375.15 376.06 376.32 375.81 374.39 371.92 368.23 363.16 356.55 348.24 299.56 287.09 237.02 189.58 146.74 88.08 0.00 0.00 
0.00 103.78 155.32 180.77 206.12 231.41 231.14 256.42 256.24 256.09 256.01 255.97 255.98 256.05 256.18 256.39 256.66 257.02 257.46 257.99 258.61 259.33 260.14 261.06 262.08 263.20 264.44 265.79 267.25 268.83 270.52 272.34 274.27 276.32 278.48 280.77 283.18 285.70 288.34 291.09 293.96 296.93 300.02 303.20 306.48 309.85 313.30 316.84 320.44 324.10 327.81 331.56 335.33 339.11 342.88 346.62 350.31 353.93 357.45 360.84 364.05 367.06 369.82 372.27 374.34 375.98 377.10 377.61 377.38 376.31 374.25 371.05 366.54 360.50 352.84 304.73 293.05 243.08 194.88 150.77 87.73 0.00 0.00 
0.00 51.87 129.38 154.90 180.32 205.67 230.98 230.76 230.60 255.92 255.83 255.78 255.79 255.85 255.98 256.18 256.45 256.80 257.24 257.76 258.38 259.09 259.90 260.81 261.83 262.95 264.19 265.53 266.99 268.57 270.26 272.07 274.00 276.05 278.22 280.51 282.92 285.44 288.08 290.84 293.71 296.69 299.78 302.97 306.26 309.64 313.10 316.65 320.26 323.94 327.67 331.44 335.24 339.05 342.85 346.63 350.37 354.05 357.63 361.09 364.39 367.51 370.38 372.98 375.24 377.09 378.45 379.25 379.38 378.71 377.12 374.46 370.57 326.16 319.54 311.06 263.76 216.69 171.56 130.13 44.55 0.00 0.00 
0.00 0.00 103.42 154.74 180.14 205.48 205.25 230.55 230.39 230.26 230.17 230.13 230.14 230.20 230.32 230.49 230.74 231.05 231.44 231.91 232.46 233.10 233.83 234.65 235.57 236.58 237.69 238.90 240.21 241.63 243.15 244.78 246.52 248.36 250.31 252.37 254.54 256.81 259.19 261.67 264.26 266.94 269.72 272.59 275.55 278.59 281.72 284.91 288.17 291.48 294.85 298.24 301.67 305.11 308.54 311.96 315.34 318.67 321.92 325.06 328.08 330.93 333.58 335.99 338.11 339.88 341.25 342.13 342.44 342.07 340.90 338.79 335.53 331.18 325.59 279.77 271.24 224.43 179.00 108.66 0.00 0.00 0.00 
0.00 0.00 25.83 103.10 154.29 179.67 179.48 204.81 204.68 204.57 229.91 229.87 229.87 229.93 230.03 230.20 230.44 230.74 231.13 231.59 232.14 232.77 233.49 234.30 235.21 236.22 237.33 238.53 239.85 241.26 242.78 244.41 246.15 247.99 249.94 252.00 254.17 256.45 258.83 261.32 263.91 266.60 269.39 272.27 275.25 278.31 281.44 284.66 287.94 291.28 294.67 298.10 301.56 305.03 308.52 311.99 315.43 318.83 322.16 325.40 328.52 331.50 334.30 336.89 339.22 341.24 342.90 344.12 344.83 344.93 344.30 342.83 300.83 297.47 293.21 249.07 242.56 198.19 123.56 27.95 0.00 0.00 0.00 
0.00 0.00 0.00 51.51 102.81 153.85 153.68 179.06 178.95 204.31 204.23 204.20 204.20 204.24 204.33 204.48 204.68 204.95 205.29 205.70 206.18 206.74 207.38 208.10 208.91 209.80 210.78 211.85 213.02 214.27 215.62 217.07 218.61 220.25 221.99 223.82 225.75 227.77 229.89 232.11 234.41 236.81 239.29 241.86 244.51 247.23 250.03 252.90 255.82 258.80 261.83 264.89 267.98 271.09 274.21 277.32 280.41 283.46 286.46 289.39 292.22 294.93 297.50 299.90 302.08 304.01 305.65 306.93 307.80 308.17 307.96 307.07 305.38 263.61 260.81 218.27 213.66 135.40 64.22 0.00 0.00 0.00 0.00 
0.00 0.00 0.00 0.00 0.00 102.44 127.90 153.31 153.24 153.18 178.56 178.53 178.53 178.57 178.65 178.77 178.95 179.18 179.47 179.82 180.24 180.73 181.28 181.91 182.61 183.39 184.25 185.19 186.20 187.30 188.48 189.75 191.10 192.53 194.05 195.65 197.34 199.12 200.97 202.91 204.94 207.04 209.21 211.46 213.79 216.18 218.64 221.15 223.72 226.34 229.00 231.69 234.42 237.16 239.90 242.65 245.38 248.08 250.75 253.35 255.88 258.31 260.63 262.81 264.82 266.63 268.20 269.50 270.47 271.05 271.19 270.81 230.26 229.05 227.74 186.45 145.99 35.27 0.00 0.00 0.00 0.00 0.00 
0.00 0.00 0.00 0.00 0.00 0.00 51.11 102.10 102.07 127.53 127.49 127.48 127.48 127.51 127.56 127.65 127.78 127.94 128.15 128.40 128.70 129.05 129.44 129.89 130.39 130.95 131.56 132.23 132.95 133.74 134.58 135.48 136.45 137.47 138.56 139.70 140.91 142.18 143.50 144.89 146.33 147.83 149.39 151.00 152.66 154.37 156.12 157.92 159.76 161.63 163.53 165.46 167.41 169.37 171.33 173.30 175.25 177.19 179.10 180.97 182.78 184.53 186.20 187.78 189.24 190.56 191.73 192.71 193.47 193.98 194.21 194.13 193.67 154.07 154.54 76.69 0.00 0.00 0.00 0.00 0.00 0.00 0.00 
0.00 0.00 0.00 0.00 0.00 0.00 0.00 0.00 0.00 0.00 25.45 25.44 25.44 25.45 25.46 25.47 25.49 25.53 25.56 25.61 25.67 25.74 25.82 25.91 26.01 26.12 26.24 26.37 26.52 26.67 26.84 27.02 27.21 27.42 27.63 27.86 28.11 28.36 28.63 28.90 29.20 29.50 29.81 30.13 30.47 30.81 31.17 31.53 31.90 32.28 32.67 33.06 33.45 33.85 34.25 34.66 35.06 35.46 35.85 36.24 36.62 36.99 37.35 37.69 38.02 38.32 38.60 38.84 39.04 39.20 39.28 39.30 0.00 0.00 0.00 0.00 0.00 0.00 0.00 0.00 0.00 0.00 0.00 
0.00 0.00 0.00 0.00 0.00 0.00 0.00 0.00 0.00 0.00 0.00 0.00 0.00 0.00 0.00 0.00 0.00 0.00 0.00 0.00 0.00 0.00 0.00 0.00 0.00 0.00 0.00 0.00 0.00 0.00 0.00 0.00 0.00 0.00 0.00 0.00 0.00 0.00 0.00 0.00 0.00 0.00 0.00 0.00 0.00 0.00 0.00 0.00 0.00 0.00 0.00 0.00 0.00 0.00 0.00 0.00 0.00 0.00 0.00 0.00 0.00 0.00 0.00 0.00 0.00 0.00 0.00 0.00 0.00 0.00 0.00 0.00 0.00 0.00 0.00 0.00 0.00 0.00 0.00 0.00 0.00 0.00 0.00 
