0.00 0.00 0.00 0.00 0.00 0.00 0.00 0.00 0.00 0.00 88.67 88.49 88.23 87.94 87.62 87.28 86.94 86.59 86.23 85.87 85.50 85.12 84.74 84.35 83.96 83.55 83.14 82.73 82.30 81.86 81.41 80.95 80.48 79.99 79.49 78.97 78.44 77.88 77.31 76.71 76.08 75.43 74.75 74.04 73.29 72.50 71.67 70.79 69.87 68.88 67.84 66.73 65.54 64.27 62.90 61.43 59.83 58.10 56.22 54.15 51.89 49.40 46.67 43.68 40.44 36.97 33.34 29.65 26.05 22.74 19.95 18.08 0.00 0.00 0.00 0.00 0.00 0.00 0.00 0.00 0.00 0.00 0.00 
0.00 0.00 0.00 0.00 0.00 0.00 179.63 358.47 357.70 445.70 444.32 442.88 441.36 439.77 438.12 436.43 434.70 432.94 431.15 429.32 427.47 425.59 423.68 421.74 419.77 417.76 415.71 413.62 411.49 409.31 407.07 404.78 402.42 399.99 397.49 394.91 392.24 389.47 386.59 383.61 380.49 377.24 373.85 370.29 366.56 362.63 358.50 354.14 349.53 344.64 339.45 333.93 328.03 321.71 314.93 307.63 299.73 291.16 281.83 271.63 260.43 248.10 234.51 219.58 203.25 185.63 167.00 147.86 128.90 110.93 94.68 80.63 68.69 46.32 42.08 18.92 0.00 0.00 0.00 0.00 0.00 0.00 0.00 
0.00 0.00 0.00 0.00 0.00 360.52 449.67 538.15 536.73 535.06 622.05 620.07 617.95 615.73 613.43 611.07 608.65 606.18 603.67 601.12 598.52 595.88 593.20 590.47 587.70 584.87 581.99 579.04 576.04 572.96 569.81 566.57 563.24 559.82 556.29 552.63 548.86 544.94 540.87 536.64 532.23 527.63 522.82 517.77 512.48 506.91 501.04 494.85 488.30 481.35 473.97 466.12 457.73 448.75 439.11 428.73 417.52 405.37 392.17 377.77 362.03 344.78 325.90 305.29 282.94 259.01 233.87 208.15 182.70 158.50 136.48 117.43 84.47 71.61 61.78 44.39 31.91 7.27 0.00 0.00 0.00 0.00 0.00 
0.00 0.00 0.00 181.40 362.06 541.47 540.14 628.17 626.37 713.40 711.12 708.77 706.33 703.78 701.15 698.45 695.69 692.87 689.99 687.07 684.09 681.07 677.99 674.86 671.67 668.42 665.11 661.72 658.26 654.71 651.08 647.35 643.51 639.55 635.47 631.25 626.88 622.35 617.65 612.75 607.64 602.31 596.73 590.88 584.73 578.27 571.45 564.26 556.64 548.56 539.98 530.84 521.08 510.64 499.43 487.38 474.38 460.31 445.06 428.49 410.45 390.81 369.44 346.28 321.37 294.91 267.29 239.15 211.32 184.71 160.15 138.13 118.50 87.92 75.51 55.21 47.97 27.82 13.08 0.00 0.00 0.00 0.00 
0.00 0.00 0.00 363.23 543.53 632.27 630.53 718.19 716.04 713.72 800.08 797.47 794.72 791.85 788.89 785.85 782.74 779.56 776.33 773.03 769.67 766.26 762.78 759.25 755.64 751.97 748.22 744.38 740.46 736.44 732.32 728.09 723.73 719.24 714.60 709.81 704.84 699.69 694.33 688.76 682.94 676.86 670.50 663.82 656.82 649.44 641.66 633.44 624.74 615.51 605.71 595.27 584.12 572.20 559.41 545.67 530.88 514.90 497.63 478.91 458.62 436.63 412.84 387.22 359.82 330.89 300.84 270.32 240.13 211.21 184.43 160.58 122.78 105.01 90.37 67.84 58.52 43.46 25.29 6.00 0.00 0.00 0.00 
0.00 0.00 364.67 545.58 634.64 722.96 720.88 808.21 805.75 803.13 800.41 797.68 794.87 791.98 789.01 785.96 782.84 779.66 776.42 773.11 769.75 766.32 762.83 759.28 755.65 751.95 748.18 744.32 740.36 736.31 732.15 727.88 723.48 718.94 714.25 709.40 704.38 699.16 693.73 688.08 682.18 676.02 669.56 662.78 655.66 648.17 640.26 631.90 623.05 613.67 603.69 593.07 581.73 569.61 556.63 542.70 527.72 511.59 494.20 475.42 455.16 433.31 409.82 384.68 357.97 329.93 300.94 271.56 242.50 214.52 188.28 164.17 141.83 122.22 105.67 81.18 70.13 53.18 39.57 23.33 0.00 0.00 0.00 
0.00 183.02 456.39 546.30 635.19 723.42 811.11 808.60 806.02 892.40 889.49 886.45 883.31 880.08 876.76 873.37 869.90 866.36 862.75 859.07 855.32 851.50 847.62 843.65 839.61 835.49 831.27 826.96 822.55 818.03 813.38 808.60 803.68 798.60 793.36 787.93 782.30 776.46 770.38 764.05 757.44 750.53 743.29 735.69 727.70 719.29 710.42 701.05 691.12 680.59 669.40 657.49 644.79 631.21 616.69 601.11 584.39 566.42 547.07 526.24 503.81 479.70 453.85 426.27 397.05 366.43 334.82 302.80 271.09 240.49 211.72 185.34 161.80 127.17 109.94 95.01 73.74 56.12 41.63 30.09 10.90 0.00 0.00 
0.00 366.29 548.29 637.66 726.16 814.02 811.50 898.48 895.67 892.71 889.70 886.61 883.44 880.19 876.87 873.47 869.99 866.44 862.83 859.14 855.38 851.56 847.65 843.68 839.62 835.47 831.23 826.90 822.45 817.90 813.22 808.40 803.44 798.32 793.02 787.55 781.86 775.96 769.82 763.42 756.73 749.74 742.41 734.72 726.63 718.11 709.12 699.62 689.56 678.89 667.56 655.49 642.63 628.90 614.21 598.49 581.63 563.55 544.13 523.28 500.92 476.98 451.42 424.28 395.66 365.80 335.08 304.02 273.26 243.50 215.35 189.30 165.57 144.05 125.50 98.87 85.70 66.56 50.73 37.91 22.29 0.00 0.00 
0.00 366.79 548.87 638.09 726.57 814.38 811.80 898.75 895.90 892.92 889.86 886.74 883.56 880.30 876.96 873.56 870.07 866.52 862.90 859.20 855.44 851.60 847.69 843.69 839.62 835.45 831.19 826.83 822.36 817.78 813.06 808.21 803.21 798.05 792.72 787.19 781.46 775.50 769.30 762.83 756.08 749.01 741.61 733.83 725.65 717.04 707.95 698.34 688.16 677.37 665.90 653.70 640.70 626.83 612.01 596.16 579.19 561.02 541.55 520.71 498.41 474.62 449.33 422.57 394.48 365.29 335.36 305.16 275.28 246.31 218.80 193.12 169.48 148.03 129.31 102.57 89.02 69.55 53.39 40.12 23.70 0.00 0.00 
0.00 458.99 549.30 729.24 726.94 814.66 901.87 899.01 896.08 893.06 889.97 886.83 883.64 880.37 877.03 873.62 870.14 866.58 862.95 859.25 855.48 851.63 847.71 843.70 839.61 835.43 831.16 826.78 822.29 817.68 812.94 808.06 803.03 797.84 792.47 786.90 781.13 775.13 768.88 762.36 755.56 748.43 740.96 733.12 724.87 716.18 707.01 697.31 687.05 676.16 664.60 652.30 639.20 625.23 610.32 594.39 577.35 559.12 539.63 518.81 496.59 472.94 447.86 421.42 393.73 365.05 335.70 306.15 276.94 248.62 221.67 196.41 172.93 151.48 132.25 115.59 91.84 71.95 62.57 42.13 31.51 0.00 0.00 
0.00 459.45 595.26 729.53 727.17 814.86 902.03 899.17 896.20 893.14 978.69 975.38 971.93 968.38 964.72 960.97 957.14 953.23 949.24 945.17 941.02 936.78 932.47 928.06 923.56 918.96 914.26 909.44 904.51 899.44 894.23 888.86 883.33 877.62 871.72 865.60 859.25 852.65 845.78 838.62 831.14 823.31 815.10 806.48 797.42 787.88 777.80 767.16 755.90 743.95 731.28 717.80 703.45 688.15 671.83 654.39 635.75 615.82 594.50 571.72 547.39 521.48 493.96 464.87 434.36 402.66 370.16 337.41 305.07 273.89 244.63 217.98 175.49 154.09 134.75 117.91 93.79 81.58 64.20 50.03 32.73 5.64 0.00 
0.00 459.67 595.43 729.67 727.28 814.96 902.12 899.24 896.26 893.20 978.74 975.42 971.97 968.41 964.75 961.00 957.17 953.26 949.26 945.19 941.03 936.80 932.47 928.06 923.56 918.95 914.24 909.41 904.47 899.39 894.16 888.79 883.24 877.52 871.59 865.46 859.09 852.47 845.58 838.40 830.89 823.03 814.80 806.16 797.07 787.49 777.39 766.71 755.42 743.44 730.74 717.23 702.85 687.54 671.20 653.75 635.12 615.20 593.92 571.18 546.92 521.10 493.69 464.75 434.41 402.90 370.61 338.07 305.95 274.99 245.92 219.43 177.03 155.73 136.45 119.57 95.32 83.01 65.53 51.18 33.65 5.70 0.00 
0.00 459.63 549.77 729.67 727.28 814.97 902.14 899.23 896.27 893.22 890.10 886.95 883.75 880.48 877.13 873.72 870.22 866.66 863.02 859.31 855.53 851.67 847.73 843.71 839.60 835.39 831.09 826.69 822.17 817.52 812.75 807.83 802.76 797.53 792.11 786.49 780.66 774.60 768.29 761.71 754.83 747.63 740.08 732.15 723.82 715.04 705.77 695.98 685.62 674.65 662.99 650.61 637.44 623.41 608.45 592.49 575.46 557.28 537.88 517.19 495.17 471.79 447.06 421.04 393.86 365.75 337.03 308.13 279.57 251.87 225.49 200.70 177.60 156.44 137.29 120.48 96.46 76.06 66.50 45.36 34.29 0.00 0.00 
0.00 367.71 549.61 638.74 727.15 814.88 812.20 899.12 896.20 893.17 890.09 886.95 883.74 880.47 877.13 873.71 870.22 866.65 863.02 859.31 855.52 851.66 847.72 843.70 839.59 835.39 831.09 826.68 822.17 817.53 812.75 807.84 802.77 797.54 792.12 786.51 780.68 774.62 768.32 761.74 754.87 747.67 740.14 732.22 723.90 715.13 705.89 696.12 685.78 674.83 663.22 650.87 637.75 623.77 608.87 592.97 576.01 557.89 538.56 517.94 495.97 472.63 447.91 421.87 394.63 366.41 337.55 308.48 279.73 251.84 225.28 200.39 177.35 156.24 137.49 110.07 96.50 76.30 59.31 45.26 27.63 0.00 0.00 
0.00 367.26 549.38 638.56 726.95 814.71 812.07 898.98 896.09 893.06 890.01 886.89 883.70 880.43 877.09 873.68 870.19 866.63 862.99 859.28 855.50 851.64 847.71 843.69 839.59 835.39 831.10 826.70 822.19 817.56 812.80 807.89 802.84 797.62 792.21 786.62 780.81 774.77 768.48 761.93 755.08 747.92 740.41 732.53 724.24 715.52 706.32 696.60 686.32 675.44 663.89 651.63 638.59 624.71 609.91 594.12 577.27 559.26 540.03 519.49 497.58 474.26 449.50 423.35 395.93 367.44 338.23 308.75 279.57 251.28 224.40 199.35 176.29 155.07 136.56 109.15 95.64 75.53 58.47 44.21 26.07 0.00 0.00 
0.00 183.55 457.67 547.29 636.07 724.22 811.81 809.18 806.50 892.84 889.87 886.79 883.62 880.37 877.04 873.63 870.14 866.58 862.95 859.25 855.47 851.62 847.69 843.68 839.58 835.40 831.11 826.73 822.23 817.62 812.87 807.99 802.95 797.75 792.37 786.80 781.01 775.01 768.75 762.23 755.42 748.30 740.84 733.00 724.77 716.11 706.98 697.34 687.15 676.35 664.91 652.76 639.83 626.08 611.42 595.77 579.06 561.19 542.09 521.65 499.80 476.48 451.64 425.32 397.60 368.70 338.96 308.88 279.08 250.23 222.96 197.78 175.13 140.05 122.91 107.70 85.12 66.07 49.98 36.73 12.71 0.00 0.00 
0.00 0.00 365.79 546.89 635.73 723.91 721.64 808.89 806.31 803.60 800.82 798.05 795.21 792.30 789.31 786.25 783.11 779.91 776.64 773.31 769.91 766.45 762.91 759.30 755.62 751.86 748.00 744.06 740.02 735.87 731.60 727.21 722.68 718.00 713.17 708.16 702.96 697.56 691.94 686.08 679.96 673.56 666.86 659.83 652.44 644.66 636.46 627.81 618.67 608.99 598.73 587.83 576.25 563.92 550.79 536.77 521.79 505.78 488.64 470.30 450.67 429.70 407.34 383.60 358.57 332.43 305.51 278.28 251.32 225.27 200.71 177.99 156.80 137.60 120.79 94.95 82.90 64.22 48.67 28.86 0.00 0.00 0.00 
0.00 0.00 91.36 364.47 544.70 633.26 631.30 718.89 716.61 714.20 800.54 797.89 795.10 792.21 789.23 786.18 783.05 779.85 776.58 773.26 769.86 766.41 762.88 759.29 755.61 751.86 748.03 744.10 740.08 735.95 731.71 727.34 722.84 718.20 713.40 708.43 703.27 697.91 692.34 686.53 680.47 674.13 667.49 660.53 653.22 645.53 637.42 628.88 619.84 610.29 600.16 589.41 577.99 565.83 552.87 539.04 524.25 508.42 491.45 473.24 453.70 432.72 410.25 386.26 360.79 334.04 306.33 278.19 250.30 223.44 198.43 176.02 138.70 121.48 106.45 82.05 71.50 54.42 32.42 6.78 0.00 0.00 0.00 
0.00 0.00 0.00 182.03 363.12 542.48 540.89 628.85 626.92 713.92 711.57 709.19 706.71 704.15 701.50 698.79 696.01 693.17 690.27 687.31 684.30 681.23 678.10 674.91 671.65 668.33 664.93 661.45 657.88 654.22 650.46 646.59 642.60 638.49 634.24 629.83 625.27 620.53 615.59 610.45 605.09 599.48 593.61 587.46 581.00 574.20 567.04 559.50 551.52 543.09 534.15 524.67 514.60 503.88 492.46 480.26 467.22 453.25 438.27 422.17 404.86 386.25 366.24 344.82 322.00 297.93 272.92 247.45 222.17 197.82 175.11 154.49 135.90 104.67 91.44 68.83 60.15 35.73 14.99 0.00 0.00 0.00 0.00 
0.00 0.00 0.00 0.00 0.00 361.33 450.44 538.81 537.25 535.49 622.47 620.46 618.32 616.09 613.78 611.41 608.97 606.49 603.96 601.37 598.74 596.06 593.32 590.54 587.69 584.79 581.82 578.79 575.67 572.48 569.20 565.83 562.36 558.77 555.07 551.23 547.26 543.13 538.83 534.36 529.69 524.82 519.71 514.36 508.74 502.84 496.62 490.07 483.14 475.82 468.07 459.85 451.11 441.82 431.92 421.34 410.04 397.92 384.92 370.93 355.86 339.61 322.10 303.27 283.12 261.77 239.49 216.70 194.05 172.26 152.10 134.28 101.06 87.67 76.16 55.81 39.33 8.28 0.00 0.00 0.00 0.00 0.00 
0.00 0.00 0.00 0.00 0.00 0.00 179.96 359.01 358.12 446.09 444.65 443.18 441.65 440.05 438.41 436.71 434.97 433.20 431.39 429.55 427.67 425.75 423.80 421.81 419.78 417.71 415.59 413.42 411.20 408.92 406.59 404.18 401.70 399.14 396.50 393.76 390.93 387.98 384.92 381.73 378.40 374.92 371.28 367.46 363.46 359.25 354.82 350.14 345.21 340.00 334.47 328.62 322.40 315.79 308.74 301.22 293.18 284.57 275.32 265.38 254.67 243.12 230.66 217.24 202.86 187.58 171.59 155.19 138.84 123.06 108.39 95.18 83.37 57.75 49.61 21.79 0.00 0.00 0.00 0.00 0.00 0.00 0.00 
0.00 0.00 0.00 0.00 0.00 0.00 0.00 0.00 0.00 0.00 88.73 88.55 88.28 87.98 87.66 87.33 86.98 86.63 86.27 85.90 85.52 85.14 84.75 84.36 83.95 83.54 83.12 82.69 82.25 81.80 81.34 80.86 80.37 79.87 79.35 78.81 78.25 77.67 77.06 76.43 75.78 75.10 74.38 73.63 72.84 72.02 71.15 70.24 69.27 68.25 67.17 66.03 64.82 63.53 62.16 60.70 59.13 57.46 55.66 53.72 51.61 49.33 46.85 44.14 41.19 38.01 34.63 31.14 27.67 24.44 21.70 19.90 0.00 0.00 0.00 0.00 0.00 0.00 0.00 0.00 0.00 0.00 0.00 
0.00 0.00 0.00 0.00 0.00 0.00 0.00 0.00 0.00 0.00 0.00 0.00 0.00 0.00 0.00 0.00 0.00 0.00 0.00 0.00 0.00 0.00 0.00 0.00 0.00 0.00 0.00 0.00 0.00 0.00 0.00 0.00 0.00 0.00 0.00 0.00 0.00 0.00 0.00 0.00 0.00 0.00 0.00 0.00 0.00 0.00 0.00 0.00 0.00 0.00 0.00 0.00 0.00 0.00 0.00 0.00 0.00 0.00 0.00 0.00 0.00 0.00 0.00 0.00 0.00 0.00 0.00 0.00 0.00 0.00 0.00 0.00 0.00 0.00 0.00 0.00 0.00 0.00 0.00 0.00 0.00 0.00 0.00 
