0.00 0.00 0.00 0.00 0.00 0.00 0.00 0.00 0.00 0.00 37.16 37.69 38.31 38.89 39.39 39.81 40.15 40.41 40.61 40.76 40.87 40.94 40.97 40.98 40.96 40.91 40.85 40.78 40.69 40.59 40.47 40.36 40.23 40.10 39.97 39.83 39.69 39.55 39.41 39.28 39.14 39.01 38.88 38.76 38.64 38.52 38.41 38.31 38.21 38.12 38.03 37.96 37.88 37.82 37.77 37.72 37.68 37.64 37.62 37.60 37.59 37.59 37.60 37.61 37.63 37.66 37.69 37.73 37.78 37.82 37.87 37.90 0.00 0.00 0.00 0.00 0.00 0.00 0.00 0.00 0.00 0.00 0.00 
0.00 0.00 0.00 0.00 0.00 0.00 61.14 128.44 133.93 175.80 182.11 187.16 191.22 194.50 197.13 199.23 200.90 202.20 203.19 203.92 204.43 204.75 204.91 204.92 204.81 204.59 204.28 203.89 203.43 202.92 202.36 201.76 201.13 200.47 199.80 199.11 198.42 197.72 197.03 196.35 195.67 195.01 194.36 193.74 193.13 192.55 192.00 191.48 190.99 190.53 190.10 189.71 189.36 189.04 188.76 188.52 188.32 188.16 188.03 187.95 187.90 187.89 187.92 187.99 188.10 188.24 188.41 188.61 188.85 189.11 189.39 189.69 190.01 152.31 152.56 76.42 0.00 0.00 0.00 0.00 0.00 0.00 0.00 
0.00 0.00 0.00 0.00 0.00 110.39 147.36 189.23 198.95 207.89 252.19 259.05 264.87 269.71 273.66 276.87 279.45 281.50 283.08 284.29 285.16 285.74 286.08 286.20 286.15 285.93 285.57 285.10 284.52 283.86 283.12 282.33 281.49 280.61 279.70 278.77 277.83 276.88 275.93 274.99 274.07 273.16 272.27 271.41 270.58 269.78 269.02 268.30 267.62 266.98 266.39 265.85 265.36 264.92 264.53 264.20 263.92 263.69 263.52 263.40 263.33 263.32 263.36 263.45 263.59 263.78 264.02 264.30 264.62 264.97 265.35 265.74 228.20 228.60 228.98 191.22 153.30 38.42 0.00 0.00 0.00 0.00 0.00 
0.00 0.00 0.00 43.12 94.12 158.20 170.74 215.34 227.24 273.40 283.40 291.80 298.88 304.79 309.68 313.69 316.96 319.59 321.67 323.27 324.47 325.33 325.88 326.17 326.23 326.10 325.80 325.35 324.77 324.09 323.32 322.48 321.57 320.62 319.62 318.60 317.57 316.52 315.47 314.42 313.39 312.37 311.38 310.42 309.49 308.59 307.74 306.93 306.16 305.45 304.78 304.17 303.62 303.12 302.69 302.31 301.99 301.73 301.53 301.39 301.32 301.30 301.34 301.44 301.60 301.81 302.07 302.38 302.73 303.12 303.55 303.99 304.47 266.94 267.39 229.71 230.14 153.86 77.12 0.00 0.00 0.00 0.00 
0.00 0.00 0.00 81.49 135.82 177.43 193.17 240.35 254.50 267.22 314.44 324.03 332.30 339.31 345.17 350.04 354.03 357.28 359.89 361.94 363.51 364.66 365.46 365.94 366.15 366.12 365.90 365.49 364.94 364.25 363.46 362.57 361.62 360.60 359.53 358.43 357.30 356.16 355.01 353.86 352.73 351.61 350.52 349.46 348.43 347.44 346.49 345.60 344.75 343.96 343.22 342.54 341.93 341.38 340.89 340.47 340.11 339.82 339.60 339.45 339.36 339.34 339.38 339.49 339.66 339.89 340.17 340.51 340.89 341.32 341.78 342.26 304.82 305.33 305.85 268.24 268.76 230.94 154.43 38.72 0.00 0.00 0.00 
0.00 0.00 67.01 114.18 152.46 197.50 215.82 265.25 281.45 295.96 308.49 318.91 327.75 335.24 341.53 346.79 351.15 354.74 357.64 359.96 361.78 363.15 364.14 364.80 365.17 365.29 365.18 364.89 364.44 363.85 363.14 362.33 361.44 360.48 359.47 358.42 357.34 356.24 355.13 354.02 352.92 351.84 350.77 349.73 348.72 347.75 346.83 345.94 345.11 344.33 343.61 342.94 342.34 341.79 341.31 340.89 340.54 340.25 340.03 339.88 339.79 339.76 339.80 339.91 340.07 340.29 340.56 340.89 341.26 341.68 342.14 342.63 343.16 343.73 344.31 306.76 307.35 269.64 231.78 155.06 0.00 0.00 0.00 
0.00 27.43 78.46 106.85 146.18 191.28 239.69 258.74 275.60 325.54 339.11 350.92 361.03 369.63 376.89 382.99 388.07 392.27 395.71 398.48 400.66 402.35 403.59 404.45 404.97 405.21 405.19 404.95 404.53 403.94 403.21 402.37 401.43 400.42 399.34 398.21 397.04 395.85 394.65 393.44 392.24 391.06 389.89 388.76 387.65 386.59 385.57 384.61 383.69 382.84 382.04 381.31 380.64 380.04 379.51 379.05 378.66 378.34 378.10 377.92 377.82 377.79 377.84 377.94 378.12 378.36 378.66 379.01 379.42 379.88 380.37 380.91 381.47 344.04 344.62 345.23 307.61 269.87 232.00 193.94 77.90 0.00 0.00 
0.00 53.07 88.67 122.05 164.47 212.66 233.85 285.34 303.56 320.03 334.19 346.43 356.94 365.92 373.54 379.98 385.38 389.88 393.58 396.60 399.01 400.89 402.32 403.34 404.02 404.38 404.49 404.36 404.03 403.53 402.89 402.12 401.25 400.29 399.26 398.18 397.06 395.91 394.75 393.57 392.40 391.25 390.11 388.99 387.91 386.87 385.87 384.92 384.02 383.17 382.39 381.66 381.00 380.41 379.88 379.43 379.04 378.73 378.49 378.31 378.21 378.18 378.22 378.32 378.49 378.72 379.01 379.35 379.75 380.20 380.69 381.21 381.77 382.38 382.99 345.48 346.12 308.48 270.70 232.74 155.76 0.00 0.00 
0.00 49.37 84.05 118.31 160.16 208.11 229.37 280.72 299.07 315.54 329.95 342.48 353.31 362.60 370.53 377.26 382.94 387.70 391.64 394.87 397.48 399.55 401.14 402.32 403.12 403.61 403.83 403.80 403.56 403.14 402.57 401.87 401.06 400.16 399.18 398.15 397.07 395.96 394.83 393.69 392.54 391.41 390.30 389.20 388.14 387.12 386.13 385.20 384.31 383.47 382.70 381.98 381.33 380.75 380.23 379.77 379.39 379.08 378.83 378.66 378.56 378.52 378.56 378.66 378.82 379.04 379.32 379.66 380.05 380.48 380.96 381.47 382.02 382.60 383.20 345.66 346.29 308.60 270.76 232.74 155.67 0.00 0.00 
0.00 58.33 81.24 135.84 156.43 204.59 255.81 276.67 295.36 311.96 326.67 339.44 350.49 359.99 368.14 375.09 380.97 385.92 390.05 393.46 396.23 398.44 400.16 401.46 402.37 402.96 403.27 403.32 403.16 402.81 402.30 401.65 400.89 400.04 399.10 398.10 397.06 395.98 394.88 393.76 392.65 391.53 390.44 389.36 388.32 387.31 386.34 385.41 384.53 383.71 382.94 382.23 381.59 381.01 380.49 380.04 379.66 379.35 379.11 378.94 378.83 378.79 378.82 378.92 379.07 379.29 379.56 379.89 380.27 380.69 381.16 381.67 382.21 382.78 383.36 383.98 346.39 308.68 309.29 232.71 194.41 0.00 0.00 
0.00 55.58 87.01 133.62 154.15 202.17 253.41 274.04 292.77 309.55 360.95 374.36 386.12 396.34 405.15 412.68 419.08 424.47 428.97 432.69 435.72 438.15 440.04 441.46 442.48 443.13 443.47 443.53 443.36 442.98 442.42 441.72 440.89 439.95 438.93 437.83 436.69 435.50 434.29 433.07 431.84 430.62 429.42 428.24 427.09 425.98 424.91 423.89 422.93 422.02 421.18 420.40 419.69 419.05 418.48 417.99 417.57 417.23 416.96 416.77 416.65 416.61 416.64 416.75 416.92 417.15 417.45 417.81 418.22 418.68 419.17 419.70 382.32 382.88 383.45 384.05 346.45 347.08 309.28 271.30 194.34 39.07 0.00 
0.00 54.42 86.02 132.44 153.00 200.85 252.00 272.62 291.34 308.16 359.58 373.05 384.88 395.16 404.04 411.65 418.12 423.59 428.17 431.96 435.06 437.55 439.51 440.99 442.05 442.76 443.14 443.25 443.11 442.77 442.25 441.57 440.77 439.85 438.85 437.78 436.65 435.48 434.29 433.08 431.86 430.66 429.46 428.29 427.15 426.05 424.98 423.97 423.01 422.11 421.27 420.50 419.79 419.15 418.59 418.10 417.68 417.34 417.07 416.88 416.76 416.72 416.75 416.85 417.02 417.25 417.54 417.90 418.30 418.75 419.24 419.76 382.37 382.92 383.47 384.05 346.43 347.03 309.20 271.20 194.23 39.06 0.00 
0.00 54.70 78.40 132.25 152.85 200.57 251.61 272.42 291.09 307.77 322.62 335.56 346.79 356.49 364.86 372.03 378.14 383.32 387.67 391.29 394.27 396.67 398.58 400.05 401.12 401.86 402.30 402.48 402.43 402.18 401.77 401.21 400.53 399.75 398.88 397.94 396.95 395.92 394.86 393.79 392.71 391.63 390.57 389.52 388.50 387.51 386.56 385.65 384.79 383.98 383.23 382.53 381.89 381.32 380.81 380.36 379.99 379.68 379.44 379.26 379.15 379.11 379.14 379.22 379.37 379.58 379.84 380.15 380.51 380.91 381.35 381.83 382.35 382.88 383.42 383.98 346.33 308.54 309.07 232.43 194.07 0.00 0.00 
0.00 43.59 79.24 112.82 153.94 201.33 222.71 273.68 292.07 308.58 323.19 335.98 347.11 356.74 365.03 372.14 378.21 383.34 387.66 391.26 394.22 396.61 398.51 399.97 401.05 401.78 402.22 402.40 402.35 402.11 401.70 401.14 400.46 399.68 398.82 397.88 396.89 395.86 394.81 393.74 392.66 391.58 390.51 389.47 388.45 387.46 386.51 385.60 384.74 383.93 383.18 382.48 381.84 381.27 380.76 380.31 379.94 379.63 379.38 379.21 379.10 379.06 379.08 379.17 379.31 379.52 379.78 380.09 380.45 380.85 381.28 381.76 382.25 382.77 383.29 345.66 346.18 308.38 270.42 232.27 155.16 0.00 0.00 
0.00 46.48 80.38 113.86 155.54 203.11 224.50 275.64 293.96 310.57 324.94 337.49 348.40 357.84 365.97 372.94 378.87 383.90 388.13 391.64 394.53 396.87 398.72 400.13 401.17 401.88 402.29 402.45 402.38 402.12 401.69 401.12 400.43 399.64 398.76 397.82 396.82 395.78 394.72 393.64 392.56 391.47 390.40 389.35 388.33 387.33 386.38 385.47 384.60 383.79 383.03 382.33 381.69 381.12 380.61 380.16 379.78 379.47 379.23 379.05 378.95 378.91 378.93 379.02 379.16 379.37 379.63 379.94 380.30 380.69 381.13 381.60 382.09 382.60 383.11 345.48 346.00 308.20 270.25 232.14 155.14 0.00 0.00 
0.00 23.69 67.43 97.27 135.68 179.91 227.73 247.07 264.14 313.71 327.62 339.83 350.45 359.62 367.50 374.25 380.00 384.87 388.95 392.34 395.12 397.36 399.13 400.48 401.46 402.11 402.47 402.59 402.49 402.19 401.74 401.14 400.43 399.61 398.71 397.75 396.74 395.69 394.61 393.52 392.42 391.33 390.25 389.19 388.16 387.16 386.19 385.28 384.41 383.59 382.83 382.12 381.48 380.90 380.39 379.94 379.56 379.25 379.00 378.83 378.72 378.68 378.70 378.79 378.94 379.15 379.41 379.72 380.08 380.48 380.92 381.38 381.86 344.31 344.77 345.26 307.47 269.57 231.53 193.32 77.54 0.00 0.00 
0.00 0.00 56.31 100.19 138.77 183.34 202.36 251.32 267.81 282.63 295.65 306.60 316.03 324.16 331.15 337.13 342.24 346.56 350.18 353.20 355.67 357.67 359.24 360.44 361.31 361.88 362.21 362.30 362.21 361.94 361.53 360.99 360.34 359.61 358.80 357.93 357.02 356.07 355.10 354.11 353.12 352.14 351.17 350.21 349.28 348.38 347.51 346.68 345.90 345.16 344.48 343.84 343.26 342.74 342.28 341.88 341.53 341.25 341.03 340.88 340.78 340.74 340.76 340.84 340.98 341.16 341.40 341.68 342.00 342.35 342.74 343.16 343.61 344.07 344.51 306.81 307.22 269.33 231.30 154.53 0.00 0.00 0.00 
0.00 0.00 14.80 67.18 120.58 162.22 178.93 225.50 239.92 253.03 300.00 310.16 319.06 326.78 333.43 339.11 343.95 348.04 351.46 354.30 356.62 358.48 359.93 361.02 361.80 362.29 362.54 362.58 362.42 362.10 361.64 361.06 360.37 359.60 358.76 357.87 356.93 355.96 354.96 353.96 352.95 351.95 350.96 349.99 349.04 348.13 347.25 346.42 345.62 344.88 344.19 343.55 342.96 342.43 341.97 341.56 341.22 340.93 340.71 340.56 340.46 340.42 340.45 340.53 340.67 340.86 341.10 341.38 341.71 342.07 342.45 342.85 305.30 305.71 306.09 268.31 268.66 230.68 154.09 38.61 0.00 0.00 0.00 
0.00 0.00 0.00 35.51 80.23 142.74 156.65 200.39 212.45 257.91 268.41 277.32 285.02 291.68 297.40 302.30 306.47 309.99 312.94 315.38 317.37 318.97 320.21 321.13 321.78 322.19 322.38 322.38 322.22 321.92 321.49 320.95 320.33 319.63 318.87 318.06 317.21 316.34 315.45 314.54 313.64 312.74 311.86 310.99 310.14 309.33 308.54 307.79 307.09 306.42 305.80 305.23 304.71 304.24 303.82 303.46 303.15 302.90 302.70 302.56 302.47 302.44 302.47 302.54 302.66 302.83 303.05 303.30 303.59 303.91 304.26 304.62 305.01 267.35 267.66 229.81 230.09 153.70 76.98 0.00 0.00 0.00 0.00 
0.00 0.00 0.00 0.00 0.00 98.88 134.89 175.45 184.89 193.84 237.25 244.46 250.86 256.44 261.27 265.40 268.92 271.89 274.38 276.43 278.11 279.44 280.47 281.24 281.77 282.09 282.22 282.19 282.03 281.74 281.34 280.85 280.29 279.66 278.98 278.26 277.51 276.73 275.94 275.14 274.34 273.55 272.77 272.00 271.26 270.54 269.84 269.18 268.56 267.97 267.43 266.92 266.46 266.05 265.68 265.37 265.10 264.87 264.70 264.58 264.50 264.48 264.50 264.56 264.67 264.82 265.01 265.24 265.49 265.78 266.07 266.38 228.72 229.01 229.24 191.32 153.27 38.39 0.00 0.00 0.00 0.00 0.00 
0.00 0.00 0.00 0.00 0.00 0.00 56.33 119.94 124.91 163.99 169.93 175.00 179.46 183.37 186.76 189.67 192.16 194.26 196.02 197.48 198.66 199.61 200.34 200.89 201.26 201.48 201.58 201.56 201.44 201.23 200.94 200.59 200.19 199.74 199.25 198.74 198.20 197.64 197.07 196.50 195.93 195.36 194.80 194.25 193.72 193.21 192.71 192.24 191.79 191.37 190.98 190.62 190.29 190.00 189.73 189.51 189.31 189.16 189.03 188.94 188.89 188.87 188.89 188.93 189.01 189.12 189.26 189.42 189.60 189.80 190.01 190.23 190.47 152.61 152.70 76.44 0.00 0.00 0.00 0.00 0.00 0.00 0.00 
0.00 0.00 0.00 0.00 0.00 0.00 0.00 0.00 0.00 0.00 35.30 35.87 36.55 37.21 37.80 38.31 38.75 39.13 39.44 39.70 39.91 40.07 40.20 40.29 40.35 40.38 40.38 40.36 40.33 40.28 40.21 40.13 40.04 39.95 39.84 39.73 39.62 39.51 39.39 39.27 39.15 39.03 38.92 38.81 38.70 38.59 38.49 38.39 38.30 38.22 38.14 38.06 38.00 37.94 37.88 37.84 37.80 37.77 37.74 37.72 37.71 37.71 37.71 37.72 37.74 37.76 37.79 37.82 37.86 37.90 37.94 37.97 0.00 0.00 0.00 0.00 0.00 0.00 0.00 0.00 0.00 0.00 0.00 
0.00 0.00 0.00 0.00 0.00 0.00 0.00 0.00 0.00 0.00 0.00 0.00 0.00 0.00 0.00 0.00 0.00 0.00 0.00 0.00 0.00 0.00 0.00 0.00 0.00 0.00 0.00 0.00 0.00 0.00 0.00 0.00 0.00 0.00 0.00 0.00 0.00 0.00 0.00 0.00 0.00 0.00 0.00 0.00 0.00 0.00 0.00 0.00 0.00 0.00 0.00 0.00 0.00 0.00 0.00 0.00 0.00 0.00 0.00 0.00 0.00 0.00 0.00 0.00 0.00 0.00 0.00 0.00 0.00 0.00 0.00 0.00 0.00 0.00 0.00 0.00 0.00 0.00 0.00 0.00 0.00 0.00 0.00 
