0.00 0.00 0.00 0.00 0.00 0.00 0.00 0.00 0.00 0.00 10.25 11.08 12.41 14.17 16.31 18.85 21.76 25.00 28.52 32.23 36.04 39.85 43.59 47.19 50.62 53.85 56.88 59.71 62.36 64.84 67.17 69.36 71.41 73.36 75.20 76.94 78.61 80.19 81.70 83.15 84.54 85.87 87.15 88.39 89.58 90.73 91.85 92.93 93.98 95.00 95.99 96.96 97.90 98.82 99.72 100.60 101.46 102.30 103.12 103.93 104.73 105.51 106.27 107.02 107.76 108.48 109.18 109.86 110.51 111.12 111.65 112.03 0.00 0.00 0.00 0.00 0.00 0.00 0.00 0.00 0.00 0.00 0.00 
0.00 0.00 0.00 0.00 0.00 0.00 14.04 29.66 31.27 42.70 47.13 52.82 60.10 69.09 79.95 92.75 107.48 123.99 141.95 160.91 180.35 199.75 218.68 236.83 254.03 270.18 285.29 299.40 312.57 324.90 336.46 347.32 357.55 367.22 376.38 385.07 393.34 401.23 408.76 415.98 422.89 429.54 435.94 442.10 448.05 453.80 459.37 464.76 470.00 475.09 480.04 484.86 489.57 494.16 498.64 503.03 507.32 511.52 515.64 519.69 523.65 527.55 531.37 535.12 538.81 542.42 545.96 549.41 552.77 556.03 559.16 562.14 565.03 454.48 456.12 228.96 0.00 0.00 0.00 0.00 0.00 0.00 0.00 
0.00 0.00 0.00 0.00 0.00 26.19 34.09 43.50 46.97 52.26 68.87 77.35 87.92 100.77 116.06 133.88 154.20 176.78 201.20 226.91 253.24 279.58 305.38 330.24 353.91 376.26 397.27 416.96 435.42 452.73 468.99 484.29 498.73 512.38 525.31 537.59 549.27 560.41 571.06 581.25 591.02 600.41 609.43 618.13 626.53 634.64 642.49 650.10 657.48 664.65 671.62 678.41 685.03 691.48 697.79 703.96 709.99 715.90 721.68 727.36 732.92 738.39 743.74 749.00 754.16 759.21 764.15 768.98 773.67 778.21 782.56 786.65 678.22 681.77 684.92 573.66 460.93 115.78 0.00 0.00 0.00 0.00 0.00 
0.00 0.00 0.00 11.92 24.48 38.44 40.78 52.17 57.41 73.32 82.22 92.74 105.32 120.29 137.82 158.01 180.78 205.89 232.91 261.26 290.31 319.43 348.05 375.77 402.30 427.50 451.29 473.70 494.78 514.61 533.28 550.89 567.52 583.25 598.18 612.35 625.85 638.71 651.01 662.77 674.05 684.89 695.31 705.34 715.02 724.37 733.42 742.18 750.68 758.94 766.96 774.77 782.38 789.81 797.05 804.14 811.06 817.84 824.48 830.99 837.36 843.62 849.75 855.76 861.66 867.43 873.07 878.58 883.94 889.14 894.16 899.01 903.76 795.31 799.23 688.87 692.10 464.13 233.01 0.00 0.00 0.00 0.00 
0.00 0.00 0.00 23.50 36.35 45.34 49.19 61.89 68.53 76.79 96.71 108.80 123.27 140.29 160.03 182.54 207.72 235.32 264.89 295.86 327.57 359.40 390.79 421.30 450.63 478.60 505.12 530.20 553.86 576.18 597.25 617.15 635.98 653.81 670.73 686.81 702.13 716.74 730.69 744.05 756.86 769.15 780.98 792.36 803.34 813.95 824.20 834.13 843.76 853.11 862.20 871.04 879.65 888.05 896.24 904.25 912.07 919.73 927.22 934.56 941.75 948.80 955.71 962.48 969.11 975.60 981.94 988.14 994.16 1000.01 1005.64 1011.01 903.87 908.77 913.38 803.79 807.80 696.28 467.03 117.27 0.00 0.00 0.00 
0.00 0.00 22.58 34.77 43.00 53.20 58.13 71.99 79.85 89.38 100.67 113.53 128.45 145.69 165.41 187.66 212.35 239.23 267.91 297.89 328.59 359.45 389.97 419.75 448.50 476.04 502.28 527.19 550.78 573.10 594.23 614.22 633.17 651.14 668.21 684.44 699.91 714.66 728.77 742.26 755.20 767.61 779.55 791.05 802.13 812.83 823.18 833.19 842.90 852.32 861.47 870.37 879.04 887.49 895.73 903.77 911.64 919.32 926.85 934.21 941.42 948.48 955.40 962.18 968.82 975.31 981.66 987.85 993.90 999.78 1005.50 1011.09 1016.69 1022.16 1027.37 918.45 923.10 812.42 700.55 470.03 0.00 0.00 0.00 
0.00 10.95 27.94 34.83 43.91 54.71 67.33 74.52 83.09 102.27 114.63 129.10 145.87 165.13 187.03 211.62 238.79 268.28 299.69 332.46 366.01 399.74 433.13 465.77 497.33 527.63 556.56 584.07 610.19 634.94 658.41 680.65 701.74 721.77 740.81 758.93 776.20 792.68 808.44 823.52 837.97 851.85 865.19 878.04 890.42 902.37 913.93 925.11 935.95 946.46 956.68 966.61 976.28 985.70 994.89 1003.85 1012.62 1021.18 1029.56 1037.75 1045.78 1053.63 1061.33 1068.86 1076.23 1083.44 1090.49 1097.38 1104.09 1110.64 1117.00 1123.19 1129.15 1021.99 1027.39 1032.70 923.10 812.49 700.75 587.62 236.63 0.00 0.00 
0.00 21.87 33.35 41.34 51.20 62.85 69.25 84.67 94.14 105.45 118.42 133.33 150.39 169.78 191.65 216.00 242.75 271.65 302.32 334.28 366.98 399.91 432.57 464.58 495.64 525.55 554.20 581.54 607.57 632.30 655.78 678.08 699.27 719.40 738.56 756.80 774.19 790.80 806.68 821.88 836.45 850.43 863.88 876.82 889.30 901.34 912.97 924.23 935.14 945.72 956.00 965.98 975.70 985.17 994.40 1003.41 1012.20 1020.80 1029.20 1037.41 1045.46 1053.32 1061.03 1068.56 1075.94 1083.15 1090.20 1097.08 1103.80 1110.35 1116.74 1122.98 1129.08 1135.12 1140.89 1032.59 1037.88 927.96 816.91 704.53 472.88 0.00 0.00 
0.00 21.70 33.42 41.98 52.20 64.20 71.01 86.76 96.69 108.39 121.86 137.15 154.45 173.94 195.74 219.88 246.25 274.62 304.65 335.89 367.86 400.08 432.10 463.56 494.18 523.75 552.16 579.34 605.27 629.97 653.47 675.81 697.07 717.29 736.54 754.89 772.39 789.11 805.09 820.40 835.07 849.15 862.69 875.72 888.28 900.40 912.11 923.43 934.41 945.05 955.37 965.41 975.18 984.69 993.96 1003.00 1011.82 1020.44 1028.86 1037.10 1045.16 1053.04 1060.74 1068.28 1075.66 1082.86 1089.90 1096.78 1103.49 1110.04 1116.43 1122.69 1128.82 1134.83 1140.60 1032.25 1037.53 927.51 816.28 703.76 472.02 0.00 0.00 
0.00 26.94 33.75 48.56 53.00 65.30 79.58 88.38 98.75 110.92 124.71 140.18 157.59 177.12 198.86 222.83 248.91 276.89 306.44 337.16 368.60 400.30 431.84 462.89 493.16 522.47 550.68 577.72 603.57 628.22 651.72 674.09 695.38 715.66 734.98 753.40 770.99 787.78 803.85 819.23 833.98 848.14 861.75 874.84 887.47 899.65 911.41 922.79 933.81 944.50 954.87 964.95 974.75 984.30 993.59 1002.66 1011.51 1020.15 1028.59 1036.84 1044.91 1052.79 1060.50 1068.04 1075.41 1082.61 1089.64 1096.50 1103.19 1109.72 1116.08 1122.32 1128.47 1134.48 1140.33 1146.01 1037.08 927.04 931.68 702.92 588.59 0.00 0.00 
0.00 26.85 36.86 48.98 53.60 66.08 80.56 89.55 100.25 112.66 137.24 153.60 172.42 193.77 217.68 244.14 273.01 304.04 336.85 370.96 405.84 440.96 475.86 510.14 543.51 575.75 606.76 636.44 664.80 691.84 717.59 742.11 765.46 787.69 808.88 829.09 848.38 866.82 884.45 901.34 917.54 933.09 948.04 962.43 976.30 989.68 1002.62 1015.13 1027.24 1038.99 1050.40 1061.48 1072.25 1082.74 1092.97 1102.94 1112.66 1122.16 1131.44 1140.51 1149.38 1158.04 1166.52 1174.80 1182.89 1190.80 1198.50 1206.01 1213.31 1220.39 1227.21 1233.74 1128.08 1134.08 1139.91 1145.54 1036.66 1041.84 931.02 818.87 587.83 118.56 0.00 
0.00 26.86 36.98 49.19 53.90 66.47 81.05 90.17 101.02 113.54 138.22 154.66 173.55 194.93 218.84 245.26 274.06 304.99 337.66 371.61 406.32 441.28 476.01 510.13 543.36 575.49 606.39 636.00 664.30 691.29 717.01 741.51 764.85 787.09 808.29 828.51 847.82 866.27 883.93 900.85 917.07 932.65 947.62 962.04 975.94 989.35 1002.30 1014.84 1026.97 1038.74 1050.16 1061.26 1072.05 1082.56 1092.79 1102.77 1112.51 1122.02 1131.30 1140.38 1149.24 1157.91 1166.38 1174.66 1182.74 1190.63 1198.33 1205.82 1213.09 1220.14 1226.93 1233.42 1127.72 1133.66 1139.43 1144.98 1036.04 1041.13 930.22 818.02 587.02 118.49 0.00 
0.00 26.93 34.11 49.17 53.86 66.44 81.03 90.19 101.01 113.56 127.62 143.34 160.94 180.57 202.32 226.18 252.04 279.70 308.85 339.10 370.03 401.22 432.27 462.86 492.72 521.67 549.59 576.40 602.06 626.58 649.99 672.30 693.58 713.86 733.21 751.68 769.32 786.18 802.31 817.77 832.60 846.83 860.52 873.70 886.39 898.65 910.48 921.93 933.01 943.76 954.19 964.31 974.16 983.75 993.08 1002.18 1011.06 1019.72 1028.18 1036.44 1044.51 1052.40 1060.10 1067.62 1074.97 1082.14 1089.12 1095.93 1102.55 1108.99 1115.26 1121.38 1127.39 1133.23 1138.89 1144.36 1035.23 925.00 929.31 700.48 586.11 0.00 0.00 
0.00 21.57 33.99 42.91 53.52 65.99 73.34 89.71 100.27 112.70 126.75 142.49 160.12 179.80 201.63 225.60 251.60 279.41 308.74 339.17 370.27 401.61 432.78 463.46 493.38 522.36 550.28 577.06 602.70 627.18 650.53 672.80 694.03 714.26 733.57 751.99 769.59 786.42 802.52 817.96 832.76 846.98 860.65 873.81 886.49 898.73 910.56 922.00 933.07 943.81 954.23 964.35 974.20 983.78 993.11 1002.20 1011.07 1019.73 1028.18 1036.44 1044.50 1052.38 1060.08 1067.59 1074.93 1082.08 1089.05 1095.83 1102.43 1108.85 1115.08 1121.14 1127.05 1132.79 1138.26 1029.69 1034.52 924.20 812.65 699.79 468.35 0.00 0.00 
0.00 21.85 33.73 42.43 52.89 65.18 72.30 88.55 98.91 111.07 124.90 140.53 158.12 177.84 199.78 223.95 250.23 278.39 308.11 338.94 370.44 402.13 433.60 464.51 494.60 523.68 551.65 578.45 604.06 628.49 651.78 673.97 695.12 715.27 734.50 752.85 770.37 787.13 803.18 818.55 833.30 847.47 861.10 874.22 886.87 899.07 910.87 922.28 933.33 944.05 954.45 964.55 974.37 983.94 993.25 1002.33 1011.19 1019.84 1028.28 1036.52 1044.57 1052.44 1060.13 1067.63 1074.95 1082.09 1089.04 1095.80 1102.37 1108.74 1114.92 1120.90 1126.71 1132.40 1137.75 1029.14 1033.89 923.55 812.12 699.44 468.63 0.00 0.00 
0.00 10.99 27.96 35.96 45.80 57.42 70.95 79.15 88.79 109.16 122.47 137.81 155.26 174.97 197.03 221.45 248.10 276.75 307.01 338.42 370.49 402.69 434.61 465.87 496.21 525.46 553.53 580.35 605.94 630.32 653.54 675.64 696.68 716.73 735.85 754.10 771.53 788.19 804.15 819.45 834.12 848.23 861.79 874.85 887.45 899.60 911.36 922.73 933.74 944.42 954.79 964.86 974.66 984.19 993.49 1002.55 1011.38 1020.01 1028.43 1036.66 1044.70 1052.56 1060.23 1067.72 1075.03 1082.15 1089.08 1095.82 1102.35 1108.68 1114.78 1120.65 1126.25 1018.85 1023.76 1028.53 918.57 807.60 695.55 582.30 234.25 0.00 0.00 
0.00 0.00 22.52 35.40 44.81 56.05 62.09 77.18 86.33 97.13 109.43 123.23 138.90 156.64 176.54 198.61 222.73 248.67 276.09 304.55 333.59 362.74 391.61 419.85 447.24 473.62 498.89 523.04 546.05 567.96 588.81 608.66 627.55 645.55 662.71 679.09 694.74 709.70 724.03 737.77 750.95 763.62 775.80 787.54 798.86 809.79 820.35 830.57 840.47 850.07 859.39 868.45 877.26 885.84 894.19 902.34 910.29 918.05 925.62 933.02 940.25 947.31 954.21 960.94 967.51 973.90 980.12 986.16 992.01 997.65 1003.09 1008.33 1013.53 1018.53 1023.24 914.01 918.04 807.01 694.92 465.41 0.00 0.00 0.00 
0.00 0.00 5.70 23.36 37.64 47.99 53.16 67.29 75.44 85.05 106.25 119.44 134.84 152.51 172.54 194.92 219.55 246.16 274.36 303.66 333.52 363.42 392.93 421.67 449.43 476.04 501.45 525.64 548.63 570.48 591.23 610.95 629.71 647.57 664.60 680.84 696.36 711.20 725.42 739.04 752.13 764.70 776.80 788.46 799.70 810.56 821.06 831.22 841.07 850.62 859.89 868.91 877.68 886.22 894.54 902.66 910.58 918.31 925.87 933.25 940.46 947.51 954.39 961.11 967.66 974.05 980.25 986.27 992.08 997.66 1002.99 1007.99 900.63 905.06 909.18 799.39 802.82 691.13 462.79 116.36 0.00 0.00 0.00 
0.00 0.00 0.00 11.89 24.53 40.15 44.23 57.28 64.31 81.96 92.23 104.08 117.77 133.51 151.42 171.51 193.68 217.70 243.17 269.64 296.60 323.55 350.08 375.87 400.70 424.46 447.09 468.59 489.00 508.37 526.75 544.21 560.81 576.61 591.67 606.04 619.77 632.90 645.47 657.53 669.11 680.24 690.96 701.28 711.24 720.86 730.16 739.16 747.89 756.36 764.58 772.58 780.35 787.93 795.31 802.51 809.54 816.40 823.10 829.65 836.06 842.31 848.42 854.39 860.20 865.87 871.37 876.71 881.85 886.79 891.51 896.00 900.33 791.72 795.22 684.79 687.58 460.48 231.42 0.00 0.00 0.00 0.00 
0.00 0.00 0.00 0.00 0.00 26.39 35.66 47.43 53.20 60.40 78.92 88.99 100.87 114.65 130.42 148.20 167.91 189.31 212.04 235.67 259.70 283.67 307.19 330.00 351.88 372.76 392.60 411.41 429.23 446.12 462.13 477.34 491.78 505.54 518.64 531.14 543.09 554.51 565.46 575.96 586.04 595.74 605.07 614.06 622.74 631.12 639.23 647.08 654.69 662.08 669.25 676.22 683.01 689.62 696.07 702.35 708.49 714.48 720.33 726.06 731.65 737.11 742.45 747.67 752.75 757.70 762.51 767.17 771.66 775.95 780.01 783.79 675.27 678.49 681.36 570.26 458.04 115.11 0.00 0.00 0.00 0.00 0.00 
0.00 0.00 0.00 0.00 0.00 0.00 14.32 30.80 34.28 48.96 55.41 62.82 71.38 81.29 92.63 105.44 119.65 135.09 151.49 168.51 185.80 203.01 219.88 236.20 251.84 266.74 280.89 294.29 306.98 319.01 330.42 341.25 351.54 361.33 370.67 379.58 388.09 396.24 404.05 411.53 418.72 425.64 432.29 438.71 444.90 450.88 456.67 462.27 467.70 472.97 478.09 483.06 487.91 492.63 497.22 501.71 506.09 510.37 514.55 518.63 522.62 526.52 530.34 534.06 537.68 541.22 544.65 547.97 551.17 554.23 557.14 559.88 562.52 452.22 453.97 227.84 0.00 0.00 0.00 0.00 0.00 0.00 0.00 
0.00 0.00 0.00 0.00 0.00 0.00 0.00 0.00 0.00 0.00 11.05 11.99 13.46 15.34 17.60 20.22 23.19 26.45 29.93 33.55 37.22 40.85 44.36 47.73 50.92 53.93 56.77 59.44 61.96 64.34 66.59 68.72 70.75 72.67 74.51 76.26 77.94 79.54 81.08 82.56 83.98 85.34 86.66 87.92 89.15 90.33 91.47 92.58 93.66 94.70 95.72 96.70 97.67 98.60 99.52 100.41 101.28 102.13 102.96 103.77 104.57 105.35 106.11 106.85 107.57 108.28 108.96 109.62 110.24 110.82 111.32 111.66 0.00 0.00 0.00 0.00 0.00 0.00 0.00 0.00 0.00 0.00 0.00 
0.00 0.00 0.00 0.00 0.00 0.00 0.00 0.00 0.00 0.00 0.00 0.00 0.00 0.00 0.00 0.00 0.00 0.00 0.00 0.00 0.00 0.00 0.00 0.00 0.00 0.00 0.00 0.00 0.00 0.00 0.00 0.00 0.00 0.00 0.00 0.00 0.00 0.00 0.00 0.00 0.00 0.00 0.00 0.00 0.00 0.00 0.00 0.00 0.00 0.00 0.00 0.00 0.00 0.00 0.00 0.00 0.00 0.00 0.00 0.00 0.00 0.00 0.00 0.00 0.00 0.00 0.00 0.00 0.00 0.00 0.00 0.00 0.00 0.00 0.00 0.00 0.00 0.00 0.00 0.00 0.00 0.00 0.00 
