0.00 0.00 0.00 0.00 0.00 0.00 0.00 0.00 0.00 0.00 8.87 8.90 8.94 9.00 9.07 9.16 9.28 9.41 9.57 9.75 9.97 10.22 10.52 10.85 11.24 11.68 12.19 12.76 13.42 14.16 15.00 15.95 17.01 18.20 19.53 21.00 22.63 24.43 26.39 28.52 30.81 33.28 35.91 38.68 41.61 44.66 47.82 51.09 54.45 57.87 61.35 64.88 68.45 72.03 75.63 79.24 82.85 86.46 90.05 93.64 97.21 100.76 104.29 107.79 111.26 114.70 118.08 121.38 124.57 127.57 130.21 132.08 0.00 0.00 0.00 0.00 0.00 0.00 0.00 0.00 0.00 0.00 0.00 
0.00 0.00 0.00 0.00 0.00 0.00 17.64 35.29 35.29 44.16 44.25 44.40 44.62 44.91 45.28 45.73 46.28 46.93 47.71 48.63 49.70 50.94 52.38 54.04 55.94 58.13 60.62 63.47 66.71 70.38 74.54 79.23 84.51 90.43 97.04 104.38 112.52 121.47 131.26 141.91 153.43 165.78 178.96 192.91 207.57 222.89 238.79 255.20 272.03 289.22 306.69 324.38 342.23 360.20 378.23 396.29 414.36 432.40 450.39 468.33 486.18 503.94 521.60 539.13 556.52 573.75 590.78 607.56 624.04 640.13 655.71 670.68 685.31 560.73 568.99 289.11 0.00 0.00 0.00 0.00 0.00 0.00 0.00 
0.00 0.00 0.00 0.00 0.00 35.33 44.12 52.93 52.97 53.10 62.15 62.40 62.74 63.18 63.73 64.41 65.22 66.19 67.33 68.67 70.24 72.05 74.14 76.55 79.31 82.47 86.07 90.17 94.82 100.08 106.03 112.72 120.22 128.62 137.97 148.34 159.79 172.36 186.09 200.98 217.05 234.27 252.60 271.99 292.36 313.62 335.69 358.46 381.82 405.69 429.95 454.54 479.36 504.35 529.46 554.61 579.78 604.93 630.02 655.03 679.94 704.71 729.34 753.79 778.04 802.04 825.77 849.15 872.10 894.49 916.12 936.67 822.85 841.01 857.25 729.37 593.90 151.34 0.00 0.00 0.00 0.00 0.00 
0.00 0.00 0.00 17.74 35.42 53.03 53.01 61.90 62.01 71.04 71.31 71.66 72.10 72.65 73.33 74.16 75.15 76.33 77.71 79.32 81.20 83.37 85.87 88.74 92.02 95.77 100.03 104.86 110.33 116.51 123.46 131.26 140.00 149.73 160.55 172.50 185.66 200.07 215.76 232.75 251.05 270.61 291.41 313.39 336.45 360.52 385.48 411.24 437.68 464.69 492.17 520.03 548.18 576.53 605.03 633.60 662.21 690.80 719.33 747.79 776.12 804.32 832.34 860.16 887.74 915.05 942.04 968.65 994.79 1020.37 1045.31 1069.62 1093.71 980.06 1000.34 877.31 894.30 610.68 310.29 0.00 0.00 0.00 0.00 
0.00 0.00 0.00 35.51 53.16 61.98 62.02 70.94 71.11 71.35 80.55 80.98 81.52 82.19 83.01 84.00 85.19 86.58 88.21 90.12 92.33 94.87 97.79 101.14 104.96 109.31 114.25 119.83 126.14 133.25 141.23 150.17 160.14 171.23 183.51 197.06 211.93 228.18 245.84 264.92 285.43 307.33 330.58 355.12 380.86 407.70 435.54 464.26 493.74 523.87 554.54 585.64 617.07 648.75 680.61 712.57 744.58 776.59 808.54 840.41 872.15 903.73 935.12 966.29 997.19 1027.78 1058.01 1087.83 1117.14 1145.84 1173.78 1200.67 1093.47 1118.55 1142.42 1023.48 1044.66 916.07 626.03 159.25 0.00 0.00 0.00 
0.00 0.00 35.64 53.33 62.14 70.99 71.05 80.02 80.23 80.52 80.91 81.40 82.00 82.73 83.62 84.68 85.94 87.42 89.15 91.15 93.46 96.13 99.18 102.66 106.63 111.14 116.24 122.00 128.48 135.77 143.93 153.03 163.17 174.40 186.81 200.46 215.41 231.69 249.35 268.39 288.81 310.58 333.66 358.00 383.50 410.09 437.65 466.08 495.27 525.11 555.50 586.33 617.50 648.95 680.58 712.33 744.14 775.97 807.75 839.46 871.05 902.48 933.72 964.75 995.51 1025.97 1056.09 1085.83 1115.12 1143.94 1172.26 1200.22 1228.61 1256.56 1283.52 1168.12 1192.75 1068.77 938.77 642.26 0.00 0.00 0.00 
0.00 17.89 44.61 53.44 62.28 71.16 80.10 80.26 80.51 89.71 90.16 90.73 91.43 92.28 93.31 94.54 95.98 97.68 99.66 101.95 104.60 107.63 111.10 115.06 119.56 124.67 130.44 136.95 144.26 152.47 161.64 171.86 183.22 195.79 209.66 224.89 241.54 259.65 279.27 300.40 323.04 347.16 372.71 399.63 427.83 457.21 487.67 519.09 551.34 584.31 617.89 651.97 686.44 721.21 756.20 791.34 826.54 861.77 896.95 932.05 967.03 1001.83 1036.42 1070.77 1104.83 1138.56 1171.92 1204.87 1237.36 1269.35 1300.82 1331.71 1361.87 1254.89 1282.79 1310.63 1192.12 1068.63 939.48 803.19 330.26 0.00 0.00 
0.00 35.82 53.61 62.45 71.30 80.18 80.30 89.33 89.62 90.01 90.50 91.12 91.87 92.78 93.87 95.16 96.68 98.45 100.52 102.90 105.64 108.78 112.37 116.45 121.09 126.33 132.25 138.91 146.38 154.74 164.06 174.43 185.93 198.63 212.60 227.92 244.63 262.77 282.39 303.48 326.04 350.05 375.46 402.20 430.20 459.35 489.57 520.74 552.73 585.45 618.78 652.62 686.85 721.41 756.19 791.12 826.15 861.20 896.22 931.16 965.98 1000.63 1035.08 1069.28 1103.19 1136.78 1170.02 1202.85 1235.26 1267.24 1298.77 1329.90 1360.70 1391.52 1421.33 1309.28 1337.36 1217.58 1092.26 960.12 658.26 0.00 0.00 
0.00 35.88 53.70 62.56 71.43 80.34 80.48 89.53 89.85 90.28 90.82 91.48 92.28 93.24 94.38 95.73 97.31 99.15 101.29 103.75 106.58 109.82 113.51 117.71 122.46 127.83 133.88 140.67 148.28 156.77 166.24 176.74 188.36 201.17 215.24 230.63 247.39 265.56 285.17 306.23 328.73 352.63 377.91 404.49 432.31 461.27 491.27 522.22 553.99 586.48 619.58 653.20 687.23 721.58 756.17 790.93 825.79 860.67 895.54 930.34 965.01 999.52 1033.82 1067.88 1101.64 1135.09 1168.17 1200.87 1233.15 1265.02 1296.51 1327.67 1358.61 1389.26 1419.10 1306.79 1334.85 1214.63 1088.37 955.55 653.22 0.00 0.00 
0.00 44.92 53.79 71.54 71.55 80.47 89.46 89.70 90.05 90.51 91.07 91.76 92.60 93.59 94.78 96.17 97.80 99.70 101.90 104.43 107.33 110.64 114.41 118.69 123.54 129.00 135.15 142.04 149.76 158.36 167.93 178.53 190.25 203.14 217.28 232.73 249.53 267.72 287.33 308.35 330.80 354.63 379.81 406.27 433.95 462.76 492.60 523.37 554.97 587.28 620.22 653.66 687.53 721.72 756.16 790.77 825.49 860.25 894.99 929.65 964.20 998.59 1032.76 1066.68 1100.32 1133.62 1166.55 1199.09 1231.20 1262.88 1294.18 1325.20 1356.16 1386.80 1417.02 1446.72 1331.85 1211.49 1236.84 950.55 808.08 0.00 0.00 
0.00 44.98 58.33 71.62 71.63 80.56 89.56 89.82 90.18 90.66 100.15 100.89 101.79 102.87 104.16 105.68 107.46 109.53 111.93 114.70 117.87 121.49 125.61 130.30 135.60 141.58 148.30 155.86 164.30 173.73 184.22 195.85 208.70 222.85 238.38 255.35 273.82 293.83 315.40 338.55 363.27 389.52 417.27 446.43 476.94 508.69 541.58 575.49 610.30 645.90 682.17 719.00 756.28 793.92 831.81 869.89 908.08 946.30 984.49 1022.60 1060.57 1098.35 1135.89 1173.14 1210.06 1246.58 1282.67 1318.25 1353.25 1387.56 1421.02 1453.43 1353.65 1384.19 1414.28 1443.68 1329.02 1356.81 1232.78 1101.97 803.67 166.71 0.00 
0.00 45.02 58.37 71.66 71.67 80.61 89.62 89.88 90.26 90.75 100.25 101.00 101.91 103.01 104.31 105.85 107.65 109.74 112.16 114.95 118.15 121.80 125.95 130.67 136.00 142.02 148.78 156.37 164.86 174.32 184.85 196.51 209.40 223.58 239.14 256.14 274.62 294.64 316.21 339.35 364.06 390.29 418.00 447.13 477.59 509.29 542.12 575.97 610.71 646.25 682.45 719.21 756.42 793.98 831.81 869.82 907.93 946.08 984.20 1022.24 1060.13 1097.83 1135.28 1172.44 1209.25 1245.66 1281.62 1317.05 1351.89 1386.01 1419.27 1451.43 1351.39 1381.59 1411.29 1440.28 1325.30 1352.61 1228.03 1096.96 798.89 166.33 0.00 
0.00 45.02 53.90 71.67 71.68 80.61 89.63 89.89 90.27 90.76 91.36 92.09 92.96 94.00 95.23 96.68 98.36 100.32 102.59 105.19 108.16 111.56 115.42 119.79 124.74 130.31 136.56 143.57 151.40 160.12 169.80 180.51 192.33 205.32 219.54 235.05 251.90 270.12 289.73 310.74 333.14 356.90 381.99 408.33 435.88 464.53 494.20 524.78 556.19 588.30 621.03 654.27 687.92 721.91 756.14 790.55 825.06 859.61 894.13 928.58 962.90 997.04 1030.95 1064.60 1097.92 1130.88 1163.44 1195.55 1227.18 1258.32 1288.99 1319.29 1349.40 1379.06 1408.17 1436.70 1320.68 1199.36 1222.74 936.14 793.42 0.00 0.00 
0.00 36.02 53.88 62.75 71.64 80.58 80.74 89.84 90.21 90.69 91.29 92.01 92.88 93.91 95.13 96.57 98.24 100.19 102.43 105.02 107.98 111.35 115.19 119.54 124.46 130.01 136.24 143.22 151.02 159.71 169.36 180.05 191.85 204.82 219.03 234.53 251.37 269.59 289.21 310.24 332.66 356.45 381.57 407.96 435.55 464.24 493.95 524.59 556.03 588.18 620.94 654.21 687.89 721.90 756.14 790.56 825.07 859.61 894.12 928.55 962.84 996.95 1030.82 1064.42 1097.68 1130.56 1163.02 1195.02 1226.52 1257.49 1287.95 1317.94 1347.51 1376.61 1404.73 1291.26 1316.72 1194.85 1066.81 932.07 631.45 0.00 0.00 
0.00 35.98 53.83 62.69 71.57 80.50 80.65 89.74 90.09 90.55 91.13 91.83 92.67 93.68 94.88 96.28 97.93 99.84 102.04 104.59 107.50 110.83 114.61 118.91 123.77 129.25 135.41 142.33 150.06 158.68 168.27 178.89 190.63 203.55 217.72 233.19 250.02 268.24 287.87 308.93 331.40 355.25 380.45 406.93 434.61 463.41 493.24 523.98 555.53 587.79 620.65 654.01 687.77 721.85 756.16 790.62 825.18 859.75 894.29 928.73 963.04 997.14 1031.01 1064.57 1097.80 1130.63 1163.02 1194.90 1226.25 1257.01 1287.17 1316.73 1345.75 1374.57 1402.01 1288.30 1313.24 1191.28 1063.82 930.07 632.98 0.00 0.00 
0.00 17.99 44.83 53.70 62.59 71.52 80.52 80.74 81.07 90.36 90.90 91.57 92.39 93.36 94.51 95.88 97.48 99.34 101.49 103.97 106.82 110.08 113.79 118.00 122.78 128.17 134.24 141.05 148.69 157.21 166.70 177.23 188.88 201.73 215.83 231.26 248.06 266.27 285.92 307.02 329.55 353.50 378.80 405.41 433.23 462.18 492.17 523.07 554.78 587.19 620.20 653.70 687.58 721.77 756.18 790.74 825.37 860.01 894.60 929.09 963.42 997.55 1031.43 1065.00 1098.21 1131.01 1163.33 1195.12 1226.30 1256.82 1286.61 1315.59 1343.56 1235.30 1260.44 1285.12 1164.78 1039.45 908.70 771.81 316.07 0.00 0.00 
0.00 0.00 35.83 53.61 62.48 71.39 71.51 80.56 80.86 81.25 81.73 82.33 83.05 83.91 84.94 86.15 87.57 89.23 91.15 93.36 95.90 98.81 102.12 105.89 110.16 114.98 120.41 126.51 133.35 140.99 149.50 158.95 169.41 180.95 193.62 207.50 222.61 239.00 256.70 275.70 296.01 317.59 340.40 364.39 389.48 415.58 442.62 470.48 499.08 528.30 558.05 588.23 618.77 649.57 680.56 711.68 742.86 774.04 805.17 836.21 867.10 897.80 928.26 958.43 988.27 1017.72 1046.71 1075.18 1103.06 1130.28 1156.78 1182.65 1208.57 1233.84 1257.91 1140.98 1162.07 1036.41 905.35 615.01 0.00 0.00 0.00 
0.00 0.00 8.95 35.71 53.47 62.37 62.47 71.50 71.76 72.10 81.43 81.98 82.65 83.47 84.44 85.60 86.95 88.54 90.39 92.52 94.97 97.78 100.99 104.65 108.80 113.49 118.79 124.76 131.45 138.95 147.33 156.65 166.99 178.41 191.00 204.80 219.87 236.25 253.96 273.02 293.41 315.11 338.07 362.23 387.52 413.84 441.10 469.19 498.01 527.45 557.41 587.79 618.51 649.48 680.62 711.87 743.17 774.46 805.68 836.80 867.76 898.52 929.04 959.25 989.12 1018.58 1047.55 1075.97 1103.71 1130.66 1156.62 1181.27 1072.86 1095.20 1116.25 996.40 1014.39 885.19 600.87 153.79 0.00 0.00 0.00 
0.00 0.00 0.00 17.84 35.61 53.35 53.42 62.42 62.65 71.83 72.21 72.68 73.26 73.96 74.80 75.80 76.98 78.35 79.95 81.81 83.94 86.39 89.19 92.39 96.01 100.12 104.77 110.00 115.89 122.48 129.86 138.08 147.21 157.31 168.46 180.69 194.07 208.63 224.38 241.35 259.52 278.88 299.36 320.93 343.51 367.02 391.36 416.44 442.17 468.45 495.18 522.29 549.68 577.28 605.03 632.87 660.74 688.60 716.39 744.08 771.63 798.99 826.12 852.99 879.53 905.70 931.42 956.62 981.20 1005.03 1028.02 1050.13 1071.71 957.32 975.19 852.12 866.66 588.67 300.63 0.00 0.00 0.00 0.00 
0.00 0.00 0.00 0.00 0.00 35.50 44.39 53.36 53.55 53.80 63.01 63.41 63.90 64.49 65.19 66.04 67.04 68.20 69.57 71.14 72.97 75.06 77.46 80.19 83.30 86.83 90.83 95.34 100.42 106.12 112.50 119.62 127.55 136.33 146.04 156.71 168.40 181.13 194.93 209.81 225.76 242.76 260.77 279.74 299.60 320.28 341.70 363.76 386.39 409.50 433.00 456.81 480.87 505.11 529.46 553.88 578.33 602.75 627.11 651.37 675.50 699.47 723.23 746.76 769.99 792.90 815.40 837.42 858.87 879.59 899.40 917.98 803.84 820.09 834.75 708.18 576.06 147.14 0.00 0.00 0.00 0.00 0.00 
0.00 0.00 0.00 0.00 0.00 0.00 17.73 35.49 35.61 44.71 44.94 45.23 45.57 45.99 46.49 47.08 47.78 48.61 49.57 50.68 51.97 53.45 55.15 57.08 59.29 61.79 64.62 67.82 71.43 75.48 80.02 85.09 90.74 97.00 103.92 111.54 119.88 128.98 138.85 149.49 160.91 173.07 185.97 199.55 213.77 228.58 243.91 259.71 275.91 292.44 309.25 326.28 343.49 360.81 378.22 395.68 413.14 430.59 447.99 465.33 482.56 499.68 516.65 533.44 550.03 566.37 582.43 598.14 613.42 628.20 642.37 655.86 668.96 546.22 555.26 282.01 0.00 0.00 0.00 0.00 0.00 0.00 0.00 
0.00 0.00 0.00 0.00 0.00 0.00 0.00 0.00 0.00 0.00 8.95 8.99 9.04 9.11 9.20 9.31 9.43 9.58 9.76 9.97 10.21 10.48 10.80 11.17 11.58 12.06 12.59 13.20 13.90 14.67 15.55 16.54 17.64 18.86 20.23 21.73 23.39 25.21 27.18 29.32 31.63 34.09 36.70 39.46 42.35 45.36 48.47 51.68 54.97 58.33 61.74 65.18 68.66 72.16 75.68 79.19 82.71 86.22 89.72 93.20 96.67 100.10 103.51 106.88 110.21 113.49 116.69 119.81 122.80 125.58 127.99 129.67 0.00 0.00 0.00 0.00 0.00 0.00 0.00 0.00 0.00 0.00 0.00 
0.00 0.00 0.00 0.00 0.00 0.00 0.00 0.00 0.00 0.00 0.00 0.00 0.00 0.00 0.00 0.00 0.00 0.00 0.00 0.00 0.00 0.00 0.00 0.00 0.00 0.00 0.00 0.00 0.00 0.00 0.00 0.00 0.00 0.00 0.00 0.00 0.00 0.00 0.00 0.00 0.00 0.00 0.00 0.00 0.00 0.00 0.00 0.00 0.00 0.00 0.00 0.00 0.00 0.00 0.00 0.00 0.00 0.00 0.00 0.00 0.00 0.00 0.00 0.00 0.00 0.00 0.00 0.00 0.00 0.00 0.00 0.00 0.00 0.00 0.00 0.00 0.00 0.00 0.00 0.00 0.00 0.00 0.00 
