0.00 0.00 0.00 0.00 0.00 0.00 0.00 0.00 0.00 0.00 34.36 34.34 34.32 34.30 34.28 34.26 34.26 34.26 34.27 34.28 34.31 34.34 34.38 34.43 34.49 34.56 34.64 34.73 34.82 34.93 35.04 35.16 35.29 35.43 35.58 35.73 35.89 36.06 36.24 36.43 36.62 36.81 37.01 37.22 37.43 37.64 37.85 38.07 38.28 38.50 38.71 38.91 39.12 39.31 39.50 39.67 39.83 39.97 40.09 40.19 40.26 40.30 40.29 40.24 40.14 39.96 39.72 39.38 38.95 38.43 37.85 37.35 0.00 0.00 0.00 0.00 0.00 0.00 0.00 0.00 0.00 0.00 0.00 
0.00 0.00 0.00 0.00 0.00 0.00 69.13 138.08 137.92 172.13 171.91 171.72 171.56 171.43 171.33 171.26 171.23 171.23 171.27 171.35 171.48 171.64 171.85 172.10 172.40 172.74 173.13 173.56 174.04 174.56 175.12 175.73 176.39 177.08 177.82 178.59 179.41 180.26 181.15 182.07 183.02 184.01 185.01 186.04 187.09 188.15 189.22 190.30 191.38 192.46 193.52 194.56 195.58 196.56 197.50 198.37 199.18 199.91 200.54 201.05 201.42 201.63 201.64 201.43 200.94 200.13 198.94 197.28 195.05 192.15 188.42 183.68 177.61 135.32 128.96 60.57 0.00 0.00 0.00 0.00 0.00 0.00 0.00 
0.00 0.00 0.00 0.00 0.00 138.54 172.94 207.20 206.94 206.69 240.84 240.61 240.41 240.24 240.10 240.01 239.97 239.98 240.05 240.17 240.34 240.58 240.87 241.23 241.64 242.12 242.66 243.26 243.93 244.66 245.45 246.29 247.20 248.17 249.19 250.27 251.41 252.59 253.82 255.10 256.42 257.78 259.17 260.59 262.04 263.50 264.98 266.46 267.95 269.42 270.87 272.29 273.67 274.99 276.25 277.42 278.49 279.43 280.23 280.85 281.26 281.43 281.32 280.87 280.02 278.70 276.82 274.27 270.92 266.61 261.21 254.58 209.66 200.17 189.67 145.58 105.80 23.20 0.00 0.00 0.00 0.00 0.00 
0.00 0.00 0.00 69.58 138.94 207.97 207.69 241.93 241.65 275.80 275.52 275.27 275.05 274.87 274.73 274.64 274.60 274.62 274.70 274.84 275.05 275.32 275.66 276.07 276.54 277.09 277.71 278.39 279.15 279.98 280.87 281.84 282.87 283.97 285.13 286.35 287.63 288.97 290.37 291.81 293.30 294.83 296.40 298.00 299.62 301.27 302.92 304.58 306.23 307.87 309.48 311.05 312.57 314.01 315.37 316.63 317.76 318.73 319.53 320.11 320.44 320.48 320.17 319.45 318.25 316.49 314.05 310.83 306.66 301.38 294.79 286.65 276.61 229.15 216.14 168.87 153.28 86.41 37.71 0.00 0.00 0.00 0.00 
0.00 0.00 0.00 139.26 208.52 242.86 242.54 276.74 276.42 276.12 310.23 309.97 309.74 309.55 309.40 309.31 309.28 309.31 309.41 309.57 309.81 310.12 310.51 310.97 311.50 312.12 312.81 313.58 314.43 315.36 316.36 317.44 318.59 319.82 321.11 322.48 323.91 325.40 326.95 328.55 330.21 331.91 333.65 335.42 337.22 339.04 340.87 342.69 344.51 346.30 348.06 349.77 351.41 352.97 354.43 355.76 356.93 357.92 358.70 359.22 359.45 359.33 358.80 357.79 356.22 353.98 350.98 347.06 342.08 335.84 328.18 318.94 270.92 257.82 242.62 192.54 173.95 128.07 69.23 14.80 0.00 0.00 0.00 
0.00 0.00 139.69 209.10 243.49 277.77 277.41 311.57 311.22 310.88 310.58 310.32 310.10 309.92 309.79 309.71 309.69 309.73 309.83 310.00 310.25 310.56 310.95 311.41 311.95 312.56 313.25 314.02 314.87 315.79 316.79 317.86 319.00 320.22 321.50 322.85 324.27 325.74 327.28 328.86 330.49 332.17 333.88 335.62 337.39 339.17 340.96 342.74 344.51 346.25 347.95 349.59 351.16 352.64 354.00 355.23 356.30 357.17 357.81 358.18 358.23 357.92 357.18 355.93 354.10 351.58 348.26 343.99 338.63 331.98 323.82 313.87 301.60 286.93 269.95 217.67 196.84 147.60 104.01 54.21 0.00 0.00 0.00 
0.00 70.06 174.77 209.35 243.75 278.04 312.25 311.87 311.52 345.62 345.31 345.03 344.79 344.60 344.46 344.38 344.36 344.41 344.53 344.73 345.00 345.36 345.79 346.30 346.90 347.58 348.35 349.20 350.14 351.16 352.26 353.45 354.71 356.06 357.48 358.97 360.53 362.16 363.85 365.59 367.39 369.24 371.12 373.03 374.97 376.92 378.88 380.83 382.76 384.65 386.50 388.28 389.97 391.56 393.02 394.31 395.43 396.31 396.94 397.26 397.22 396.76 395.81 394.30 392.12 389.18 385.34 380.46 374.35 366.84 357.69 346.67 333.62 282.44 265.24 245.25 193.86 145.62 102.85 68.04 21.04 0.00 0.00 
0.00 140.19 209.92 244.40 278.72 312.94 312.52 346.65 346.28 345.92 345.61 345.34 345.11 344.93 344.80 344.73 344.73 344.78 344.91 345.12 345.40 345.75 346.19 346.71 347.30 347.99 348.75 349.60 350.54 351.55 352.65 353.83 355.08 356.42 357.83 359.31 360.85 362.47 364.14 365.86 367.64 369.46 371.32 373.20 375.11 377.03 378.95 380.85 382.74 384.58 386.37 388.09 389.72 391.23 392.61 393.82 394.83 395.61 396.11 396.30 396.11 395.49 394.37 392.66 390.27 387.10 383.01 377.87 371.50 363.72 354.30 343.02 329.64 313.76 295.78 242.18 220.07 168.87 123.02 85.05 43.58 0.00 0.00 
0.00 140.34 210.12 244.59 278.93 313.16 312.74 346.88 346.51 346.18 345.88 345.62 345.40 345.23 345.11 345.05 345.05 345.12 345.26 345.47 345.75 346.11 346.55 347.07 347.67 348.35 349.11 349.96 350.89 351.90 353.00 354.17 355.42 356.74 358.14 359.61 361.14 362.74 364.40 366.11 367.86 369.66 371.50 373.36 375.23 377.12 379.00 380.87 382.71 384.51 386.25 387.92 389.48 390.93 392.24 393.37 394.29 394.97 395.37 395.44 395.13 394.37 393.10 391.23 388.67 385.31 381.03 375.69 369.13 361.16 351.58 340.17 326.77 311.24 293.60 240.75 219.46 169.67 125.73 88.88 47.49 0.00 0.00 
0.00 175.58 210.29 279.57 279.11 313.33 347.48 347.07 346.71 346.38 346.09 345.83 345.62 345.46 345.35 345.30 345.31 345.38 345.53 345.74 346.03 346.39 346.83 347.35 347.95 348.63 349.40 350.24 351.17 352.18 353.27 354.43 355.68 356.99 358.38 359.84 361.37 362.95 364.60 366.29 368.03 369.82 371.63 373.47 375.32 377.18 379.04 380.88 382.68 384.45 386.15 387.77 389.29 390.69 391.93 393.00 393.86 394.47 394.80 394.78 394.38 393.52 392.14 390.16 387.49 384.02 379.63 374.19 367.54 359.50 349.88 338.46 325.02 309.64 292.21 272.39 219.75 170.78 149.65 92.85 65.37 0.00 0.00 
0.00 175.72 227.89 279.69 279.23 313.44 347.60 347.20 346.84 346.52 380.61 380.34 380.12 379.94 379.83 379.77 379.78 379.86 380.02 380.25 380.57 380.97 381.45 382.03 382.69 383.44 384.28 385.21 386.23 387.34 388.53 389.82 391.18 392.63 394.16 395.77 397.44 399.19 401.00 402.86 404.78 406.74 408.73 410.75 412.80 414.84 416.88 418.91 420.90 422.84 424.72 426.51 428.19 429.73 431.12 432.31 433.27 433.97 434.36 434.39 433.99 433.12 431.69 429.62 426.81 423.16 418.53 412.81 405.82 397.41 387.42 375.72 324.58 309.33 292.24 273.06 220.53 198.29 152.41 113.66 68.93 10.34 0.00 
0.00 175.79 227.95 279.75 279.28 313.50 347.65 347.26 346.90 346.59 380.68 380.42 380.20 380.03 379.92 379.87 379.88 379.97 380.13 380.36 380.68 381.08 381.57 382.14 382.80 383.55 384.39 385.32 386.34 387.45 388.64 389.92 391.29 392.73 394.26 395.86 397.53 399.27 401.07 402.93 404.84 406.79 408.77 410.79 412.82 414.85 416.88 418.89 420.87 422.79 424.65 426.42 428.08 429.61 430.97 432.14 433.09 433.76 434.13 434.13 433.73 432.84 431.40 429.32 426.52 422.88 418.30 412.62 405.71 397.42 387.58 376.08 325.21 310.29 293.61 274.96 222.94 201.30 156.03 117.44 72.37 10.58 0.00 
0.00 175.78 210.46 279.74 279.27 313.48 347.65 347.25 346.90 346.59 346.31 346.07 345.87 345.73 345.63 345.59 345.61 345.69 345.85 346.07 346.36 346.73 347.17 347.69 348.30 348.98 349.74 350.58 351.51 352.51 353.59 354.75 355.98 357.29 358.67 360.11 361.62 363.19 364.82 366.49 368.21 369.97 371.75 373.56 375.38 377.21 379.02 380.82 382.59 384.30 385.95 387.52 388.98 390.32 391.50 392.51 393.30 393.85 394.11 394.04 393.58 392.68 391.27 389.28 386.62 383.20 378.91 373.62 367.20 359.49 350.32 339.50 326.84 312.42 296.27 278.02 227.00 179.48 160.38 103.68 75.85 0.00 0.00 
0.00 140.62 210.38 244.85 279.18 313.41 313.00 347.16 346.82 346.51 346.24 346.01 345.82 345.67 345.58 345.54 345.56 345.64 345.79 346.01 346.31 346.67 347.12 347.64 348.24 348.92 349.69 350.53 351.45 352.46 353.54 354.70 355.93 357.24 358.62 360.06 361.57 363.14 364.77 366.44 368.16 369.92 371.70 373.51 375.34 377.16 378.98 380.78 382.55 384.27 385.93 387.50 388.97 390.32 391.52 392.54 393.36 393.93 394.22 394.19 393.78 392.95 391.62 389.72 387.18 383.89 379.76 374.66 368.47 361.02 352.15 341.72 329.57 315.71 300.27 249.69 231.42 184.02 142.19 106.73 62.70 0.00 0.00 
0.00 140.49 210.27 244.73 279.05 313.28 312.86 347.03 346.68 346.37 346.10 345.87 345.67 345.53 345.43 345.39 345.41 345.49 345.64 345.86 346.15 346.52 346.96 347.48 348.09 348.77 349.53 350.37 351.30 352.30 353.38 354.55 355.78 357.09 358.47 359.92 361.43 363.01 364.64 366.32 368.04 369.81 371.60 373.42 375.25 377.09 378.92 380.73 382.51 384.25 385.92 387.52 389.02 390.39 391.63 392.69 393.55 394.18 394.53 394.58 394.26 393.53 392.32 390.58 388.21 385.13 381.23 376.41 370.52 363.43 354.97 345.01 333.38 319.82 304.78 254.29 236.35 188.46 145.33 108.29 60.78 0.00 0.00 
0.00 70.22 175.15 209.71 244.12 278.43 312.67 312.31 312.00 346.16 345.90 345.66 345.47 345.32 345.22 345.18 345.19 345.27 345.42 345.63 345.92 346.29 346.73 347.25 347.85 348.54 349.30 350.14 351.07 352.07 353.16 354.32 355.56 356.88 358.26 359.72 361.24 362.82 364.45 366.14 367.88 369.65 371.46 373.29 375.14 376.99 378.84 380.67 382.48 384.24 385.94 387.57 389.10 390.52 391.80 392.92 393.84 394.55 394.99 395.13 394.93 394.34 393.29 391.73 389.58 386.75 383.15 378.66 373.15 366.49 358.51 349.07 338.10 289.40 275.69 260.05 212.50 167.78 127.53 92.85 30.23 0.00 0.00 
0.00 0.00 140.00 209.51 243.91 278.21 277.85 312.07 311.76 311.48 311.23 311.02 310.85 310.72 310.63 310.59 310.60 310.68 310.81 311.00 311.26 311.59 311.99 312.46 313.00 313.61 314.30 315.06 315.89 316.80 317.77 318.82 319.94 321.12 322.37 323.68 325.05 326.47 327.95 329.47 331.03 332.63 334.26 335.91 337.58 339.25 340.92 342.57 344.20 345.79 347.33 348.81 350.20 351.49 352.66 353.69 354.55 355.21 355.64 355.81 355.69 355.22 354.36 353.05 351.22 348.82 345.74 341.89 337.16 331.42 324.52 316.24 306.15 294.63 281.80 233.46 218.43 173.18 132.04 76.56 0.00 0.00 0.00 
0.00 0.00 34.97 139.60 208.92 243.28 242.98 277.25 276.99 276.75 310.94 310.74 310.56 310.43 310.34 310.29 310.30 310.37 310.49 310.68 310.94 311.26 311.66 312.13 312.67 313.28 313.97 314.73 315.57 316.47 317.45 318.51 319.63 320.82 322.07 323.39 324.77 326.21 327.69 329.23 330.80 332.42 334.07 335.74 337.42 339.12 340.81 342.50 344.16 345.79 347.37 348.89 350.33 351.68 352.92 354.02 354.96 355.71 356.26 356.56 356.57 356.27 355.61 354.52 352.96 350.85 348.12 344.66 340.39 335.17 328.88 321.44 275.10 265.12 254.21 208.06 195.37 152.89 90.82 18.91 0.00 0.00 0.00 
0.00 0.00 0.00 69.75 139.21 208.33 208.09 242.41 242.21 276.46 276.24 276.07 275.91 275.79 275.71 275.67 275.67 275.73 275.84 276.01 276.23 276.52 276.87 277.29 277.77 278.31 278.92 279.60 280.34 281.15 282.03 282.96 283.96 285.02 286.14 287.32 288.55 289.83 291.15 292.52 293.93 295.38 296.85 298.34 299.85 301.37 302.89 304.40 305.89 307.35 308.78 310.15 311.46 312.68 313.81 314.82 315.70 316.42 316.96 317.29 317.38 317.20 316.71 315.86 314.61 312.91 310.68 307.84 304.30 299.97 294.71 288.38 280.71 235.57 226.87 183.05 172.85 104.21 45.87 0.00 0.00 0.00 0.00 
0.00 0.00 0.00 0.00 0.00 138.74 173.21 207.59 207.44 207.29 241.55 241.41 241.28 241.17 241.10 241.06 241.06 241.11 241.20 241.34 241.54 241.79 242.10 242.46 242.88 243.36 243.89 244.49 245.14 245.85 246.61 247.43 248.31 249.24 250.23 251.26 252.34 253.46 254.63 255.83 257.07 258.34 259.64 260.96 262.29 263.63 264.97 266.30 267.62 268.92 270.19 271.41 272.58 273.68 274.69 275.61 276.42 277.09 277.61 277.96 278.11 278.03 277.69 277.06 276.10 274.75 272.97 270.70 267.85 264.36 260.15 255.18 211.66 205.40 199.13 157.57 118.80 26.84 0.00 0.00 0.00 0.00 0.00 
0.00 0.00 0.00 0.00 0.00 0.00 69.21 138.27 138.20 172.60 172.49 172.39 172.30 172.22 172.17 172.14 172.14 172.18 172.25 172.35 172.49 172.67 172.89 173.14 173.44 173.78 174.17 174.59 175.06 175.56 176.11 176.70 177.33 177.99 178.69 179.43 180.20 181.01 181.84 182.70 183.59 184.50 185.43 186.37 187.32 188.28 189.24 190.20 191.14 192.07 192.98 193.86 194.69 195.48 196.21 196.88 197.46 197.95 198.33 198.59 198.71 198.67 198.45 198.03 197.38 196.46 195.24 193.69 191.75 189.37 186.50 183.08 178.90 138.63 136.25 65.76 0.00 0.00 0.00 0.00 0.00 0.00 0.00 
0.00 0.00 0.00 0.00 0.00 0.00 0.00 0.00 0.00 0.00 34.43 34.42 34.40 34.39 34.37 34.37 34.37 34.37 34.38 34.40 34.43 34.47 34.51 34.56 34.62 34.69 34.77 34.85 34.94 35.05 35.16 35.27 35.40 35.54 35.68 35.83 35.98 36.15 36.32 36.49 36.67 36.86 37.04 37.24 37.43 37.63 37.82 38.02 38.22 38.41 38.60 38.78 38.96 39.13 39.29 39.43 39.56 39.68 39.77 39.84 39.89 39.91 39.90 39.85 39.77 39.64 39.46 39.22 38.92 38.56 38.15 37.78 0.00 0.00 0.00 0.00 0.00 0.00 0.00 0.00 0.00 0.00 0.00 
0.00 0.00 0.00 0.00 0.00 0.00 0.00 0.00 0.00 0.00 0.00 0.00 0.00 0.00 0.00 0.00 0.00 0.00 0.00 0.00 0.00 0.00 0.00 0.00 0.00 0.00 0.00 0.00 0.00 0.00 0.00 0.00 0.00 0.00 0.00 0.00 0.00 0.00 0.00 0.00 0.00 0.00 0.00 0.00 0.00 0.00 0.00 0.00 0.00 0.00 0.00 0.00 0.00 0.00 0.00 0.00 0.00 0.00 0.00 0.00 0.00 0.00 0.00 0.00 0.00 0.00 0.00 0.00 0.00 0.00 0.00 0.00 0.00 0.00 0.00 0.00 0.00 0.00 0.00 0.00 0.00 0.00 0.00 
