0.00 0.00 0.00 0.00 0.00 0.00 0.00 0.00 0.00 0.00 14.11 14.11 14.12 14.13 14.15 14.18 14.21 14.26 14.32 14.39 14.48 14.57 14.68 14.81 14.95 15.11 15.29 15.48 15.70 15.93 16.19 16.47 16.78 17.11 17.47 17.86 18.27 18.72 19.20 19.72 20.27 20.86 21.48 22.15 22.86 23.61 24.40 25.24 26.12 27.05 28.03 29.06 30.13 31.25 32.42 33.64 34.91 36.23 37.59 39.00 40.46 41.96 43.50 45.08 46.70 48.34 50.01 51.69 53.34 54.93 56.36 57.39 0.00 0.00 0.00 0.00 0.00 0.00 0.00 0.00 0.00 0.00 0.00 
0.00 0.00 0.00 0.00 0.00 0.00 28.35 56.62 56.56 70.60 70.55 70.53 70.54 70.60 70.69 70.83 71.01 71.25 71.55 71.90 72.31 72.79 73.35 73.97 74.68 75.47 76.35 77.32 78.39 79.57 80.85 82.26 83.78 85.43 87.22 89.15 91.23 93.47 95.87 98.44 101.18 104.12 107.25 110.57 114.10 117.85 121.81 126.00 130.42 135.06 139.95 145.08 150.45 156.06 161.92 168.02 174.37 180.95 187.78 194.84 202.12 209.63 217.36 225.28 233.39 241.68 250.11 258.65 267.25 275.86 284.38 292.73 301.01 247.87 252.44 128.71 0.00 0.00 0.00 0.00 0.00 0.00 0.00 
0.00 0.00 0.00 0.00 0.00 56.83 70.92 84.96 84.87 84.81 98.89 98.89 98.93 99.02 99.16 99.37 99.64 99.99 100.41 100.92 101.51 102.20 102.99 103.88 104.89 106.01 107.26 108.63 110.15 111.81 113.63 115.61 117.77 120.10 122.62 125.34 128.27 131.42 134.80 138.42 142.28 146.40 150.80 155.47 160.42 165.67 171.23 177.10 183.28 189.79 196.63 203.79 211.30 219.14 227.32 235.84 244.69 253.87 263.38 273.22 283.36 293.81 304.54 315.55 326.81 338.29 349.97 361.78 373.66 385.53 397.24 408.56 361.33 371.59 380.82 325.65 265.85 67.70 0.00 0.00 0.00 0.00 0.00 
0.00 0.00 0.00 28.57 57.03 85.33 85.20 99.25 99.17 113.24 113.21 113.23 113.30 113.42 113.60 113.86 114.19 114.60 115.10 115.70 116.40 117.20 118.12 119.16 120.33 121.64 123.08 124.68 126.44 128.36 130.46 132.75 135.24 137.93 140.84 143.97 147.35 150.97 154.86 159.01 163.45 168.19 173.23 178.58 184.26 190.27 196.63 203.34 210.41 217.85 225.65 233.83 242.39 251.33 260.65 270.35 280.42 290.87 301.68 312.84 324.36 336.21 348.37 360.84 373.58 386.55 399.73 413.06 426.46 439.87 453.19 466.39 479.66 432.36 443.60 390.94 400.08 273.43 138.07 0.00 0.00 0.00 0.00 
0.00 0.00 0.00 57.20 85.61 99.68 99.54 113.59 113.51 113.46 127.57 127.61 127.70 127.86 128.08 128.39 128.78 129.26 129.84 130.54 131.34 132.27 133.32 134.51 135.85 137.34 138.99 140.81 142.81 145.00 147.39 149.99 152.81 155.86 159.16 162.72 166.54 170.64 175.04 179.74 184.75 190.10 195.79 201.83 208.23 215.01 222.17 229.72 237.68 246.04 254.81 264.00 273.61 283.64 294.09 304.96 316.24 327.94 340.04 352.53 365.40 378.63 392.21 406.11 420.30 434.75 449.41 464.23 479.12 494.01 508.75 523.12 479.05 492.65 505.53 454.65 465.55 408.53 277.95 69.46 0.00 0.00 0.00 
0.00 0.00 57.43 85.92 100.01 114.06 113.91 127.95 127.87 127.82 127.82 127.88 127.99 128.16 128.41 128.73 129.14 129.65 130.25 130.97 131.79 132.74 133.82 135.04 136.40 137.91 139.59 141.43 143.46 145.68 148.10 150.73 153.58 156.66 159.99 163.57 167.42 171.56 175.98 180.71 185.75 191.12 196.83 202.89 209.31 216.10 223.27 230.82 238.78 247.13 255.90 265.07 274.66 284.66 295.07 305.90 317.13 328.76 340.79 353.19 365.97 379.09 392.55 406.31 420.36 434.64 449.13 463.76 478.49 493.24 507.97 522.69 537.78 552.64 566.83 517.35 529.42 473.81 413.92 278.42 0.00 0.00 0.00 
0.00 28.84 71.89 86.06 100.16 114.22 128.27 128.15 128.08 142.17 142.19 142.26 142.39 142.60 142.88 143.26 143.73 144.31 144.99 145.80 146.73 147.80 149.01 150.38 151.91 153.61 155.49 157.56 159.83 162.31 165.01 167.95 171.14 174.59 178.30 182.30 186.60 191.21 196.14 201.41 207.03 213.01 219.36 226.11 233.25 240.80 248.77 257.17 266.00 275.28 285.01 295.18 305.82 316.91 328.45 340.44 352.88 365.76 379.06 392.79 406.91 421.41 436.28 451.47 466.96 482.72 498.69 514.83 531.07 547.35 563.59 579.70 595.48 550.84 565.14 579.02 526.53 470.34 409.95 344.56 134.39 0.00 0.00 
0.00 57.72 86.38 100.51 114.57 128.60 128.45 142.49 142.42 142.39 142.41 142.50 142.65 142.87 143.18 143.57 144.06 144.66 145.36 146.19 147.14 148.23 149.47 150.86 152.41 154.13 156.03 158.12 160.42 162.93 165.66 168.62 171.84 175.31 179.05 183.08 187.40 192.03 196.99 202.28 207.92 213.92 220.30 227.06 234.21 241.77 249.75 258.15 266.98 276.25 285.97 296.13 306.74 317.80 329.31 341.26 353.64 366.46 379.70 393.34 407.37 421.77 436.52 451.58 466.93 482.53 498.33 514.30 530.36 546.47 562.57 578.59 594.49 610.34 625.37 576.76 589.57 534.60 475.00 409.94 269.14 0.00 0.00 
0.00 57.81 86.50 100.63 114.70 128.74 128.59 142.65 142.58 142.57 142.61 142.72 142.88 143.12 143.45 143.86 144.36 144.98 145.70 146.54 147.52 148.62 149.88 151.28 152.85 154.60 156.52 158.64 160.95 163.48 166.24 169.23 172.46 175.96 179.72 183.77 188.12 192.78 197.76 203.07 208.73 214.75 221.14 227.91 235.07 242.64 250.62 259.03 267.86 277.12 286.83 296.97 307.56 318.59 330.07 341.98 354.31 367.08 380.25 393.81 407.76 422.06 436.70 451.65 466.87 482.32 497.96 513.75 529.63 545.56 561.48 577.35 593.13 608.66 623.46 574.41 586.91 531.44 471.34 406.48 267.91 0.00 0.00 
0.00 72.35 86.60 115.04 114.82 128.85 142.89 142.78 142.72 142.72 142.77 142.89 143.07 143.32 143.65 144.08 144.60 145.22 145.96 146.82 147.81 148.93 150.20 151.62 153.21 154.96 156.90 159.04 161.37 163.92 166.69 169.70 172.95 176.47 180.25 184.32 188.68 193.36 198.35 203.68 209.35 215.38 221.79 228.57 235.74 243.32 251.30 259.71 268.53 277.79 287.49 297.62 308.19 319.20 330.64 342.51 354.81 367.53 380.64 394.15 408.02 422.25 436.80 451.65 466.75 482.08 497.59 513.23 528.94 544.68 560.40 576.10 591.78 607.19 622.12 636.26 584.86 529.37 537.75 404.04 335.43 0.00 0.00 
0.00 72.44 93.87 115.12 114.90 128.93 142.97 142.87 142.82 142.82 157.01 157.13 157.32 157.60 157.96 158.43 159.00 159.68 160.49 161.43 162.51 163.74 165.14 166.70 168.44 170.37 172.50 174.84 177.40 180.20 183.24 186.54 190.12 193.98 198.13 202.60 207.40 212.53 218.02 223.87 230.11 236.74 243.77 251.23 259.11 267.44 276.22 285.46 295.16 305.34 316.00 327.14 338.76 350.86 363.45 376.50 390.03 404.00 418.43 433.28 448.53 464.17 480.17 496.49 513.10 529.94 546.97 564.12 581.30 598.39 615.26 631.70 590.62 605.98 620.85 634.91 583.80 595.32 536.62 472.72 333.97 61.78 0.00 
0.00 72.49 93.91 115.16 114.94 128.97 143.01 142.91 142.87 142.88 157.07 157.19 157.39 157.67 158.04 158.51 159.09 159.78 160.59 161.54 162.62 163.86 165.26 166.83 168.57 170.51 172.64 174.99 177.56 180.37 183.42 186.73 190.31 194.17 198.34 202.81 207.61 212.75 218.25 224.10 230.34 236.98 244.02 251.47 259.36 267.69 276.46 285.70 295.40 305.58 316.23 327.36 338.97 351.06 363.62 376.66 390.16 404.11 418.51 433.32 448.54 464.14 480.09 496.36 512.91 529.69 546.65 563.72 580.82 597.84 614.62 630.96 589.80 605.07 619.88 633.95 582.97 594.69 536.31 473.02 334.88 61.99 0.00 
0.00 72.48 86.72 115.16 114.93 128.97 143.01 142.91 142.87 142.88 142.95 143.07 143.27 143.54 143.89 144.33 144.86 145.51 146.26 147.13 148.14 149.28 150.56 152.00 153.61 155.38 157.34 159.49 161.85 164.42 167.21 170.23 173.51 177.04 180.85 184.93 189.32 194.01 199.02 204.36 210.05 216.09 222.51 229.30 236.47 244.05 252.03 260.43 269.25 278.49 288.16 298.27 308.80 319.77 331.16 342.98 355.21 367.85 380.88 394.29 408.06 422.16 436.57 451.26 466.20 481.34 496.65 512.06 527.54 543.02 558.48 573.90 589.31 604.47 619.20 633.35 582.26 527.56 536.82 405.04 338.34 0.00 0.00 
0.00 57.99 86.68 100.81 114.89 128.93 128.79 142.86 142.82 142.83 142.90 143.03 143.22 143.49 143.84 144.27 144.81 145.45 146.20 147.07 148.07 149.21 150.49 151.93 153.53 155.30 157.25 159.40 161.75 164.31 167.10 170.12 173.39 176.92 180.72 184.80 189.18 193.87 198.87 204.21 209.90 215.93 222.34 229.13 236.30 243.87 251.85 260.24 269.06 278.30 287.96 298.06 308.60 319.56 330.95 342.77 355.00 367.63 380.66 394.06 407.83 421.93 436.34 451.03 465.96 481.10 496.40 511.82 527.30 542.80 558.27 573.67 588.99 604.09 618.61 569.86 582.40 528.07 469.89 407.91 273.11 0.00 0.00 
0.00 57.91 86.62 100.75 114.82 128.86 128.71 142.78 142.73 142.73 142.79 142.91 143.10 143.36 143.70 144.13 144.66 145.29 146.03 146.90 147.89 149.02 150.29 151.72 153.31 155.07 157.02 159.15 161.49 164.05 166.82 169.83 173.09 176.61 180.39 184.47 188.83 193.51 198.50 203.83 209.50 215.53 221.92 228.70 235.87 243.43 251.40 259.79 268.60 277.84 287.50 297.60 308.14 319.10 330.50 342.32 354.56 367.21 380.25 393.67 407.45 421.56 436.00 450.71 465.68 480.85 496.18 511.63 527.14 542.66 558.13 573.51 588.77 604.05 618.59 570.19 583.05 529.34 472.18 411.37 277.33 0.00 0.00 
0.00 28.94 72.14 86.32 100.43 114.52 128.59 128.49 128.44 142.59 142.64 142.76 142.93 143.18 143.52 143.93 144.45 145.07 145.80 146.65 147.63 148.75 150.01 151.42 153.00 154.75 156.68 158.80 161.12 163.66 166.42 169.41 172.65 176.15 179.92 183.98 188.33 192.98 197.96 203.27 208.93 214.94 221.33 228.09 235.25 242.80 250.76 259.15 267.95 277.18 286.85 296.95 307.49 318.47 329.88 341.71 353.97 366.63 379.70 393.15 406.96 421.12 435.59 450.36 465.37 480.60 495.99 511.50 527.05 542.60 558.06 573.35 588.30 543.44 557.05 570.46 518.64 463.78 405.77 344.41 140.28 0.00 0.00 
0.00 0.00 57.65 86.21 100.31 114.39 114.25 128.34 128.29 128.28 128.32 128.42 128.58 128.80 129.10 129.47 129.93 130.49 131.14 131.90 132.78 133.78 134.91 136.18 137.59 139.16 140.89 142.80 144.88 147.16 149.64 152.33 155.24 158.39 161.77 165.42 169.32 173.51 177.98 182.76 187.84 193.25 198.99 205.07 211.51 218.30 225.47 233.01 240.93 249.24 257.93 267.03 276.51 286.39 296.65 307.30 318.34 329.74 341.50 353.60 366.04 378.78 391.81 405.10 418.62 432.33 446.17 460.11 474.08 488.02 501.87 515.66 529.75 543.68 557.09 507.74 519.62 465.12 407.41 276.89 0.00 0.00 0.00 
0.00 0.00 14.40 57.43 85.90 100.00 99.89 113.98 113.95 113.94 128.12 128.21 128.35 128.56 128.84 129.20 129.64 130.18 130.82 131.56 132.42 133.40 134.51 135.76 137.16 138.71 140.42 142.30 144.37 146.62 149.08 151.75 154.63 157.76 161.12 164.74 168.62 172.79 177.24 181.99 187.06 192.44 198.17 204.23 210.65 217.43 224.59 232.12 240.04 248.34 257.05 266.14 275.64 285.53 295.81 306.49 317.55 328.98 340.79 352.94 365.43 378.24 391.34 404.70 418.31 432.10 446.04 460.08 474.12 488.08 501.84 515.17 470.59 483.13 495.12 444.41 454.94 398.80 271.72 70.15 0.00 0.00 0.00 
0.00 0.00 0.00 28.69 57.23 85.60 85.51 99.62 99.60 113.74 113.77 113.85 113.97 114.15 114.39 114.70 115.09 115.56 116.12 116.77 117.53 118.39 119.37 120.47 121.70 123.07 124.58 126.24 128.07 130.06 132.23 134.59 137.15 139.91 142.89 146.09 149.54 153.22 157.17 161.38 165.87 170.65 175.73 181.11 186.81 192.84 199.19 205.88 212.91 220.30 228.03 236.12 244.56 253.36 262.51 272.01 281.85 292.03 302.54 313.36 324.48 335.89 347.57 359.48 371.61 383.91 396.34 408.85 421.37 433.82 446.12 458.24 470.35 422.78 433.19 380.82 389.62 266.11 137.27 0.00 0.00 0.00 0.00 
0.00 0.00 0.00 0.00 0.00 56.98 71.14 85.27 85.25 85.26 99.43 99.50 99.60 99.75 99.96 100.22 100.55 100.96 101.44 102.00 102.65 103.40 104.25 105.20 106.27 107.45 108.76 110.21 111.79 113.53 115.42 117.47 119.69 122.10 124.69 127.48 130.48 133.70 137.14 140.82 144.73 148.91 153.34 158.04 163.02 168.28 173.84 179.69 185.84 192.30 199.07 206.15 213.54 221.24 229.26 237.58 246.21 255.13 264.34 273.83 283.59 293.60 303.84 314.31 324.95 335.76 346.69 357.68 368.67 379.58 390.28 400.56 353.07 362.53 371.26 316.94 259.40 66.95 0.00 0.00 0.00 0.00 0.00 
0.00 0.00 0.00 0.00 0.00 0.00 28.42 56.77 56.77 70.96 70.98 71.03 71.11 71.21 71.36 71.55 71.78 72.06 72.41 72.81 73.27 73.80 74.40 75.08 75.84 76.68 77.62 78.65 79.78 81.01 82.36 83.82 85.41 87.12 88.97 90.96 93.10 95.39 97.85 100.47 103.27 106.24 109.41 112.76 116.32 120.07 124.04 128.22 132.61 137.22 142.06 147.11 152.39 157.90 163.62 169.57 175.73 182.10 188.69 195.47 202.44 209.59 216.91 224.38 231.99 239.72 247.52 255.38 263.24 271.04 278.73 286.26 293.77 241.55 247.04 126.24 0.00 0.00 0.00 0.00 0.00 0.00 0.00 
0.00 0.00 0.00 0.00 0.00 0.00 0.00 0.00 0.00 0.00 14.16 14.16 14.18 14.19 14.22 14.25 14.30 14.35 14.41 14.49 14.58 14.68 14.80 14.93 15.08 15.24 15.43 15.63 15.85 16.09 16.36 16.64 16.96 17.29 17.66 18.05 18.48 18.93 19.42 19.94 20.49 21.08 21.71 22.38 23.09 23.83 24.63 25.46 26.34 27.26 28.23 29.24 30.30 31.40 32.55 33.74 34.98 36.26 37.59 38.95 40.36 41.80 43.28 44.79 46.33 47.89 49.46 51.03 52.58 54.06 55.37 56.30 0.00 0.00 0.00 0.00 0.00 0.00 0.00 0.00 0.00 0.00 0.00 
0.00 0.00 0.00 0.00 0.00 0.00 0.00 0.00 0.00 0.00 0.00 0.00 0.00 0.00 0.00 0.00 0.00 0.00 0.00 0.00 0.00 0.00 0.00 0.00 0.00 0.00 0.00 0.00 0.00 0.00 0.00 0.00 0.00 0.00 0.00 0.00 0.00 0.00 0.00 0.00 0.00 0.00 0.00 0.00 0.00 0.00 0.00 0.00 0.00 0.00 0.00 0.00 0.00 0.00 0.00 0.00 0.00 0.00 0.00 0.00 0.00 0.00 0.00 0.00 0.00 0.00 0.00 0.00 0.00 0.00 0.00 0.00 0.00 0.00 0.00 0.00 0.00 0.00 0.00 0.00 0.00 0.00 0.00 
