0.00 0.00 0.00 0.00 0.00 0.00 0.00 0.00 0.00 0.00 7.07 7.21 7.42 7.71 8.06 8.49 9.00 9.60 10.32 11.17 12.17 13.34 14.71 16.29 18.11 20.18 22.51 25.10 27.94 31.00 34.26 37.67 41.19 44.78 48.39 51.99 55.55 59.04 62.46 65.79 69.03 72.18 75.23 78.20 81.08 83.89 86.61 89.27 91.86 94.39 96.86 99.27 101.63 103.95 106.21 108.44 110.62 112.76 114.86 116.93 118.96 120.95 122.91 124.83 126.72 128.56 130.36 132.11 133.78 135.33 136.69 137.65 0.00 0.00 0.00 0.00 0.00 0.00 0.00 0.00 0.00 0.00 0.00 
0.00 0.00 0.00 0.00 0.00 0.00 13.11 26.47 26.72 33.97 34.69 35.61 36.79 38.23 39.97 42.06 44.55 47.51 51.03 55.19 60.10 65.87 72.62 80.47 89.53 99.87 111.54 124.55 138.85 154.31 170.76 188.01 205.80 223.91 242.11 260.23 278.11 295.65 312.77 329.43 345.63 361.35 376.60 391.42 405.80 419.79 433.41 446.67 459.59 472.21 484.54 496.59 508.39 519.94 531.26 542.36 553.25 563.95 574.45 584.77 594.91 604.87 614.66 624.28 633.72 642.98 652.04 660.89 669.50 677.83 685.83 693.44 700.81 566.88 570.97 287.75 0.00 0.00 0.00 0.00 0.00 0.00 0.00 
0.00 0.00 0.00 0.00 0.00 25.93 32.61 39.54 40.13 41.06 49.23 50.68 52.47 54.63 57.23 60.33 64.01 68.37 73.51 79.57 86.67 94.98 104.63 115.79 128.58 143.09 159.39 177.46 197.23 218.55 241.18 264.86 289.30 314.18 339.24 364.21 388.92 413.21 436.98 460.16 482.73 504.67 525.99 546.72 566.87 586.47 605.56 624.16 642.30 660.01 677.31 694.22 710.77 726.98 742.87 758.44 773.72 788.72 803.44 817.91 832.11 846.07 859.77 873.23 886.43 899.37 912.03 924.39 936.41 948.03 959.15 969.62 841.17 850.25 858.29 722.57 583.10 147.15 0.00 0.00 0.00 0.00 0.00 
0.00 0.00 0.00 12.81 25.70 38.78 39.18 46.51 47.46 55.59 57.19 59.07 61.32 64.01 67.21 70.99 75.45 80.71 86.87 94.09 102.50 112.26 123.53 136.47 151.19 167.80 186.33 206.78 229.05 252.97 278.32 304.81 332.14 360.00 388.09 416.14 443.96 471.37 498.26 524.55 550.19 575.17 599.49 623.15 646.18 668.61 690.45 711.75 732.53 752.82 772.65 792.03 811.00 829.58 847.78 865.62 883.12 900.30 917.15 933.70 949.95 965.91 981.58 996.95 1012.03 1026.80 1041.24 1055.35 1069.07 1082.38 1095.22 1107.63 1119.80 991.34 1001.39 868.05 876.29 591.10 297.89 0.00 0.00 0.00 0.00 
0.00 0.00 0.00 25.59 38.51 45.43 46.13 53.74 54.98 56.53 65.44 67.71 70.43 73.66 77.48 81.98 87.26 93.45 100.67 109.07 118.80 130.04 142.94 157.65 174.30 192.98 213.73 236.52 261.26 287.76 315.79 345.05 375.23 406.01 437.08 468.17 499.05 529.54 559.51 588.86 617.55 645.54 672.82 699.40 725.29 750.53 775.13 799.13 822.55 845.42 867.78 889.64 911.03 931.97 952.49 972.61 992.33 1011.69 1030.68 1049.31 1067.61 1085.57 1103.19 1120.48 1137.43 1154.03 1170.26 1186.11 1201.53 1216.49 1230.92 1244.66 1119.58 1132.15 1143.98 1012.64 1022.91 886.65 598.33 150.86 0.00 0.00 0.00 
0.00 0.00 25.51 38.34 45.12 52.28 53.21 61.06 62.57 64.42 66.61 69.14 72.11 75.59 79.68 84.45 90.03 96.52 104.05 112.76 122.79 134.29 147.41 162.28 179.00 197.66 218.28 240.82 265.19 291.24 318.73 347.40 376.97 407.14 437.64 468.20 498.61 528.71 558.36 587.47 615.97 643.82 671.01 697.54 723.42 748.66 773.29 797.32 820.79 843.71 866.12 888.04 909.48 930.48 951.05 971.22 990.98 1010.37 1029.39 1048.06 1066.37 1084.34 1101.96 1119.25 1136.19 1152.78 1169.00 1184.85 1200.31 1215.37 1230.01 1244.33 1258.71 1272.72 1286.10 1156.51 1168.46 1034.40 897.34 605.87 0.00 0.00 0.00 
0.00 12.74 31.87 38.43 45.40 52.70 60.35 61.75 63.45 72.38 74.86 77.79 81.22 85.25 89.95 95.44 101.82 109.21 117.77 127.62 138.94 151.87 166.58 183.18 201.81 222.53 245.36 270.27 297.15 325.83 356.08 387.61 420.11 453.28 486.82 520.46 553.96 587.15 619.87 652.03 683.55 714.39 744.52 773.94 802.66 830.69 858.05 884.76 910.85 936.34 961.26 985.64 1009.50 1032.86 1055.75 1078.17 1100.16 1121.72 1142.87 1163.61 1183.96 1203.93 1223.51 1242.70 1261.51 1279.92 1297.93 1315.54 1332.72 1349.46 1365.76 1381.60 1396.91 1271.82 1285.68 1299.36 1168.10 1034.28 897.63 757.49 307.11 0.00 0.00 
0.00 25.49 38.26 45.03 52.16 59.63 60.88 69.10 71.01 73.32 76.00 79.13 82.78 87.02 91.96 97.69 104.33 111.99 120.81 130.93 142.49 155.65 170.53 187.26 205.93 226.62 249.33 274.03 300.61 328.90 358.69 389.72 421.71 454.37 487.41 520.59 553.70 586.54 618.97 650.90 682.24 712.94 742.98 772.34 801.03 829.05 856.42 883.15 909.27 934.80 959.77 984.19 1008.09 1031.50 1054.42 1076.89 1098.91 1120.50 1141.67 1162.43 1182.79 1202.76 1222.33 1241.52 1260.31 1278.71 1296.71 1314.30 1331.47 1348.24 1364.61 1380.60 1396.26 1411.76 1426.60 1298.67 1312.33 1180.31 1045.48 907.29 613.22 0.00 0.00 
0.00 25.49 38.34 45.23 52.45 60.01 61.36 69.69 71.73 74.18 77.04 80.36 84.19 88.63 93.77 99.72 106.58 114.48 123.54 133.89 145.68 159.02 174.06 190.89 209.61 230.27 252.87 277.38 303.68 331.63 361.02 391.62 423.15 455.35 487.96 520.75 553.49 586.02 618.20 649.92 681.09 711.68 741.63 770.94 799.59 827.60 854.97 881.71 907.86 933.42 958.42 982.88 1006.82 1030.26 1053.22 1075.72 1097.77 1119.38 1140.57 1161.34 1181.71 1201.68 1221.25 1240.42 1259.20 1277.57 1295.53 1313.09 1330.25 1347.00 1363.37 1379.41 1395.16 1410.60 1425.48 1297.45 1311.12 1178.90 1043.65 905.17 610.91 0.00 0.00 
0.00 31.87 38.46 51.84 52.68 60.32 68.35 70.15 72.32 74.91 77.91 81.34 85.31 89.89 95.19 101.31 108.35 116.43 125.67 136.19 148.14 161.63 176.78 193.69 212.44 233.07 255.59 279.95 306.04 333.74 362.83 393.10 424.30 456.16 488.45 520.93 553.40 585.70 617.67 649.22 680.27 710.75 740.63 769.88 798.50 826.49 853.86 880.61 906.77 932.35 957.37 981.86 1005.82 1029.29 1052.27 1074.79 1096.85 1118.48 1139.68 1160.46 1180.83 1200.80 1220.35 1239.51 1258.26 1276.60 1294.53 1312.04 1329.14 1345.82 1362.13 1378.12 1393.91 1409.38 1424.47 1439.14 1309.69 1177.44 1189.54 902.87 759.81 0.00 0.00 
0.00 31.90 41.76 51.98 52.86 60.54 68.63 70.50 72.76 75.43 85.67 89.31 93.58 98.56 104.33 111.00 118.68 127.50 137.59 149.10 162.17 176.94 193.56 212.13 232.74 255.46 280.29 307.17 336.00 366.62 398.79 432.26 466.74 501.95 537.60 573.43 609.23 644.81 680.01 714.73 748.87 782.37 815.21 847.36 878.80 909.55 939.62 969.01 997.75 1025.85 1053.35 1080.25 1106.59 1132.38 1157.64 1182.38 1206.64 1230.41 1253.70 1276.54 1298.93 1320.86 1342.35 1363.39 1383.98 1404.10 1423.76 1442.93 1461.58 1479.67 1497.13 1513.86 1392.67 1408.10 1423.16 1437.70 1308.39 1321.84 1187.69 1050.19 757.80 154.28 0.00 
0.00 31.92 41.81 52.05 52.96 60.66 68.78 70.68 72.99 75.70 85.99 89.68 94.00 99.04 104.87 111.59 119.34 128.22 138.38 149.95 163.07 177.90 194.56 213.16 233.79 256.51 281.32 308.16 336.94 367.47 399.56 432.92 467.30 502.39 537.93 573.66 609.36 644.84 679.96 714.60 748.67 782.13 814.92 847.03 878.44 909.17 939.22 968.60 997.34 1025.44 1052.93 1079.84 1106.18 1131.97 1157.23 1181.97 1206.23 1229.99 1253.29 1276.12 1298.49 1320.41 1341.88 1362.90 1383.46 1403.55 1423.16 1442.27 1460.86 1478.88 1496.25 1512.88 1391.58 1406.87 1421.75 1436.12 1306.67 1319.91 1185.52 1047.92 755.64 154.11 0.00 
0.00 31.94 38.61 52.06 52.96 60.67 68.80 70.70 73.00 75.73 78.85 82.42 86.54 91.30 96.77 103.07 110.30 118.57 128.00 138.72 150.84 164.48 179.76 196.77 215.57 236.20 258.66 282.90 308.83 336.30 365.12 395.09 425.96 457.49 489.44 521.60 553.76 585.78 617.50 648.83 679.69 710.01 739.75 768.90 797.44 825.36 852.68 879.41 905.54 931.11 956.13 980.62 1004.59 1028.06 1051.05 1073.57 1095.64 1117.26 1138.45 1159.21 1179.55 1199.47 1218.97 1238.06 1256.72 1274.96 1292.76 1310.11 1327.03 1343.50 1359.55 1375.23 1390.65 1405.69 1420.31 1434.46 1304.53 1171.87 1183.11 896.34 753.19 0.00 0.00 
0.00 25.57 38.58 45.56 52.88 60.57 62.06 70.57 72.81 75.50 78.60 82.15 86.25 90.96 96.40 102.66 109.84 118.07 127.45 138.12 150.21 163.82 179.08 196.08 214.89 235.55 258.06 282.37 308.39 335.95 364.89 394.96 425.94 457.57 489.61 521.84 554.07 586.13 617.88 649.23 680.09 710.40 740.14 769.27 797.79 825.69 852.99 879.69 905.80 931.35 956.35 980.81 1004.77 1028.22 1051.19 1073.69 1095.74 1117.34 1138.51 1159.26 1179.58 1199.48 1218.96 1238.02 1256.65 1274.85 1292.60 1309.91 1326.76 1343.15 1359.11 1374.65 1389.82 1404.59 1418.72 1290.21 1302.74 1169.82 1033.82 894.54 601.11 0.00 0.00 
0.00 25.60 38.50 45.44 52.72 60.36 61.80 70.27 72.44 75.03 78.04 81.51 85.52 90.14 95.47 101.62 108.68 116.79 126.06 136.62 148.60 162.13 177.33 194.30 213.12 233.84 256.45 280.90 307.09 334.87 364.04 394.37 425.59 457.46 489.72 522.14 554.53 586.71 618.56 649.98 680.88 711.22 740.96 770.08 798.58 826.46 853.73 880.39 906.47 931.99 956.95 981.38 1005.30 1028.72 1051.66 1074.13 1096.16 1117.73 1138.88 1159.60 1179.89 1199.77 1219.23 1238.26 1256.86 1275.02 1292.73 1309.97 1326.75 1343.03 1358.84 1374.17 1389.07 1403.71 1417.52 1288.90 1301.19 1168.24 1032.53 893.71 601.91 0.00 0.00 
0.00 12.81 32.05 38.86 46.03 53.54 61.45 63.12 65.13 74.46 77.30 80.63 84.50 88.97 94.15 100.14 107.04 114.97 124.07 134.47 146.30 159.70 174.81 191.73 210.55 231.32 254.05 278.69 305.14 333.22 362.72 393.40 424.98 457.19 489.76 522.46 555.08 587.46 619.46 650.98 681.95 712.33 742.09 771.22 799.70 827.55 854.78 881.41 907.45 932.91 957.83 982.22 1006.10 1029.48 1052.38 1074.82 1096.80 1118.35 1139.47 1160.16 1180.43 1200.28 1219.71 1238.71 1257.28 1275.41 1293.07 1310.25 1326.93 1343.09 1358.70 1373.74 1388.11 1262.52 1275.18 1287.48 1155.48 1020.91 883.62 743.31 300.81 0.00 0.00 
0.00 0.00 25.65 38.70 45.77 53.19 54.39 62.60 64.47 66.71 69.30 72.26 75.69 79.67 84.28 89.61 95.77 102.86 110.99 120.30 130.90 142.93 156.51 171.73 188.68 207.41 227.91 250.16 274.05 299.43 326.09 353.82 382.36 411.46 440.88 470.40 499.84 529.04 557.88 586.28 614.18 641.53 668.31 694.51 720.13 745.18 769.67 793.61 817.03 839.93 862.33 884.26 905.73 926.75 947.35 967.52 987.30 1006.67 1025.66 1044.27 1062.49 1080.34 1097.81 1114.89 1131.57 1147.84 1163.69 1179.09 1194.01 1208.42 1222.32 1235.76 1249.07 1261.94 1274.07 1143.87 1154.31 1019.58 882.14 593.58 0.00 0.00 0.00 
0.00 0.00 6.42 25.74 39.04 46.29 47.30 55.31 56.96 58.93 68.33 71.07 74.30 78.08 82.48 87.59 93.51 100.36 108.25 117.32 127.70 139.54 152.96 168.09 185.02 203.81 224.48 246.98 271.21 297.00 324.14 352.37 381.41 411.00 440.86 470.78 500.54 530.01 559.07 587.62 615.62 643.04 669.85 696.05 721.66 746.68 771.13 795.02 818.38 841.22 863.57 885.45 906.86 927.83 948.38 968.51 988.24 1007.58 1026.53 1045.11 1063.31 1081.13 1098.58 1115.64 1132.30 1148.55 1164.36 1179.70 1194.54 1208.80 1222.42 1235.22 1109.67 1121.05 1131.67 1000.03 1008.94 872.49 586.87 148.44 0.00 0.00 0.00 
0.00 0.00 0.00 12.90 25.90 39.42 40.21 47.99 49.40 58.06 60.12 62.52 65.32 68.58 72.39 76.82 81.96 87.93 94.82 102.76 111.89 122.32 134.18 147.60 162.65 179.40 197.86 218.00 239.72 262.87 287.23 312.58 338.66 365.20 391.96 418.75 445.37 471.69 497.61 523.06 547.99 572.38 596.22 619.51 642.25 664.47 686.17 707.38 728.12 748.39 768.23 787.64 806.65 825.26 843.50 861.37 878.88 896.05 912.88 929.37 945.53 961.36 976.85 992.00 1006.79 1021.21 1035.24 1048.84 1061.98 1074.60 1086.65 1098.14 1109.23 980.53 989.56 856.31 863.53 581.02 293.58 0.00 0.00 0.00 0.00 
0.00 0.00 0.00 0.00 0.00 26.17 33.20 40.72 41.86 43.29 52.07 54.06 56.42 59.17 62.40 66.16 70.54 75.63 81.53 88.36 96.22 105.25 115.56 127.25 140.42 155.13 171.38 189.15 208.35 228.83 250.41 272.86 295.95 319.42 343.07 366.71 390.16 413.32 436.09 458.42 480.28 501.64 522.50 542.87 562.76 582.18 601.14 619.67 637.78 655.49 672.82 689.77 706.37 722.63 738.57 754.18 769.49 784.49 799.20 813.61 827.74 841.57 855.12 868.36 881.29 893.90 906.16 918.04 929.50 940.46 950.85 960.51 832.01 840.30 847.74 712.73 574.91 145.27 0.00 0.00 0.00 0.00 0.00 
0.00 0.00 0.00 0.00 0.00 0.00 13.27 26.93 27.62 35.70 36.95 38.39 40.06 42.00 44.27 46.93 50.02 53.62 57.80 62.64 68.23 74.66 82.01 90.36 99.78 110.31 121.97 134.73 148.52 163.23 178.73 194.86 211.43 228.27 245.22 262.14 278.92 295.49 311.76 327.72 343.32 358.57 373.46 388.00 402.19 416.05 429.58 442.80 455.73 468.37 480.73 492.83 504.68 516.29 527.66 538.81 549.73 560.44 570.94 581.23 591.32 601.19 610.86 620.31 629.54 638.54 647.29 655.76 663.93 671.75 679.18 686.20 692.94 559.99 564.60 284.50 0.00 0.00 0.00 0.00 0.00 0.00 0.00 
0.00 0.00 0.00 0.00 0.00 0.00 0.00 0.00 0.00 0.00 7.32 7.49 7.76 8.09 8.50 8.98 9.54 10.20 10.98 11.90 12.96 14.19 15.62 17.27 19.14 21.26 23.62 26.23 29.07 32.12 35.33 38.68 42.12 45.60 49.09 52.56 55.98 59.35 62.64 65.86 68.99 72.05 75.03 77.93 80.76 83.52 86.22 88.85 91.42 93.94 96.40 98.81 101.17 103.48 105.74 107.96 110.14 112.27 114.37 116.42 118.43 120.41 122.34 124.22 126.07 127.87 129.61 131.29 132.88 134.35 135.62 136.50 0.00 0.00 0.00 0.00 0.00 0.00 0.00 0.00 0.00 0.00 0.00 
0.00 0.00 0.00 0.00 0.00 0.00 0.00 0.00 0.00 0.00 0.00 0.00 0.00 0.00 0.00 0.00 0.00 0.00 0.00 0.00 0.00 0.00 0.00 0.00 0.00 0.00 0.00 0.00 0.00 0.00 0.00 0.00 0.00 0.00 0.00 0.00 0.00 0.00 0.00 0.00 0.00 0.00 0.00 0.00 0.00 0.00 0.00 0.00 0.00 0.00 0.00 0.00 0.00 0.00 0.00 0.00 0.00 0.00 0.00 0.00 0.00 0.00 0.00 0.00 0.00 0.00 0.00 0.00 0.00 0.00 0.00 0.00 0.00 0.00 0.00 0.00 0.00 0.00 0.00 0.00 0.00 0.00 0.00 
