0.00 0.00 0.00 0.00 0.00 0.00 0.00 0.00 0.00 0.00 51.78 50.96 49.82 48.53 47.17 45.79 44.41 43.05 41.70 40.37 39.08 37.82 36.59 35.40 34.25 33.13 32.05 31.02 30.02 29.06 28.14 27.27 26.43 25.63 24.87 24.14 23.46 22.81 22.19 21.61 21.07 20.56 20.07 19.62 19.20 18.80 18.44 18.09 17.78 17.48 17.21 16.96 16.73 16.53 16.34 16.16 16.01 15.87 15.74 15.64 15.54 15.46 15.39 15.33 15.29 15.25 15.22 15.21 15.20 15.20 15.20 15.21 0.00 0.00 0.00 0.00 0.00 0.00 0.00 0.00 0.00 0.00 0.00 
0.00 0.00 0.00 0.00 0.00 0.00 113.51 223.68 220.49 269.47 263.31 256.83 250.04 243.07 236.04 229.01 222.03 215.15 208.38 201.75 195.27 188.95 182.81 176.85 171.07 165.49 160.10 154.91 149.92 145.13 140.54 136.15 131.96 127.97 124.16 120.55 117.12 113.88 110.81 107.92 105.19 102.63 100.23 97.97 95.86 93.89 92.06 90.35 88.77 87.31 85.96 84.71 83.58 82.53 81.59 80.73 79.95 79.26 78.64 78.10 77.63 77.22 76.88 76.59 76.36 76.19 76.06 75.99 75.95 75.96 75.99 76.07 76.17 61.05 61.16 30.64 0.00 0.00 0.00 0.00 0.00 0.00 0.00 
0.00 0.00 0.00 0.00 0.00 231.70 286.13 337.51 331.29 323.60 367.53 358.65 349.31 339.72 330.03 320.33 310.69 301.16 291.78 282.58 273.58 264.80 256.26 247.96 239.92 232.14 224.63 217.39 210.43 203.74 197.33 191.19 185.33 179.74 174.42 169.36 164.56 160.01 155.71 151.65 147.82 144.22 140.84 137.67 134.71 131.94 129.35 126.95 124.72 122.66 120.75 119.00 117.39 115.91 114.57 113.36 112.26 111.28 110.40 109.63 108.95 108.37 107.88 107.47 107.14 106.88 106.69 106.57 106.51 106.50 106.54 106.62 91.52 91.65 91.80 76.68 61.50 15.43 0.00 0.00 0.00 0.00 0.00 
0.00 0.00 0.00 118.94 236.34 349.93 344.81 393.56 385.43 429.59 419.35 408.98 398.36 387.55 376.65 365.73 354.86 344.12 333.52 323.12 312.94 302.99 293.31 283.89 274.76 265.92 257.38 249.14 241.21 233.59 226.28 219.29 212.60 206.21 200.13 194.35 188.86 183.65 178.73 174.08 169.69 165.56 161.68 158.04 154.63 151.45 148.48 145.71 143.14 140.76 138.57 136.54 134.68 132.98 131.43 130.02 128.75 127.61 126.59 125.69 124.90 124.22 123.64 123.15 122.76 122.45 122.22 122.06 121.97 121.95 121.98 122.05 122.17 107.09 107.25 92.16 92.35 61.79 30.99 0.00 0.00 0.00 0.00 
0.00 0.00 0.00 238.55 355.61 408.42 401.28 448.57 439.10 428.81 470.27 458.96 447.22 435.24 423.15 411.03 398.97 387.02 375.24 363.65 352.30 341.21 330.39 319.87 309.66 299.77 290.20 280.98 272.09 263.54 255.34 247.49 239.97 232.80 225.96 219.45 213.27 207.41 201.86 196.62 191.67 187.01 182.63 178.51 174.66 171.06 167.70 164.57 161.66 158.96 156.47 154.17 152.06 150.12 148.36 146.75 145.30 144.00 142.84 141.81 140.90 140.12 139.45 138.89 138.43 138.06 137.78 137.59 137.47 137.43 137.44 137.51 122.40 122.55 122.74 107.67 107.90 92.77 62.09 15.58 0.00 0.00 0.00 
0.00 0.00 238.68 358.28 413.66 464.97 456.75 502.98 492.49 481.25 469.59 458.03 446.32 434.47 422.54 410.60 398.71 386.92 375.28 363.83 352.59 341.60 330.88 320.44 310.30 300.47 290.96 281.77 272.92 264.41 256.23 248.39 240.89 233.72 226.89 220.38 214.20 208.33 202.77 197.51 192.55 187.87 183.47 179.34 175.46 171.84 168.46 165.30 162.37 159.65 157.13 154.81 152.68 150.72 148.93 147.31 145.84 144.51 143.33 142.28 141.36 140.55 139.86 139.28 138.80 138.42 138.12 137.91 137.77 137.70 137.70 137.76 137.87 138.03 138.22 123.17 123.43 108.35 93.21 62.43 0.00 0.00 0.00 
0.00 117.72 297.47 356.98 411.56 462.87 511.39 501.41 490.83 532.94 520.74 508.10 495.19 482.12 468.97 455.81 442.71 429.72 416.89 404.25 391.86 379.72 367.87 356.34 345.12 334.24 323.72 313.55 303.74 294.31 285.24 276.55 268.22 260.27 252.68 245.45 238.58 232.06 225.88 220.03 214.51 209.30 204.40 199.80 195.48 191.44 187.66 184.15 180.87 177.84 175.03 172.43 170.05 167.86 165.86 164.04 162.39 160.90 159.58 158.39 157.35 156.45 155.67 155.01 154.46 154.02 153.68 153.43 153.26 153.18 153.16 153.21 153.31 138.23 138.41 138.65 123.58 108.48 93.33 78.09 31.41 0.00 0.00 
0.00 233.65 354.69 413.04 467.32 518.08 509.31 554.96 543.87 531.85 519.57 507.01 494.24 481.33 468.34 455.35 442.41 429.56 416.86 404.35 392.07 380.03 368.27 356.81 345.66 334.84 324.36 314.24 304.47 295.06 286.02 277.35 269.04 261.09 253.51 246.28 239.41 232.88 226.69 220.83 215.30 210.08 205.16 200.54 196.20 192.14 188.35 184.81 181.52 178.46 175.63 173.02 170.61 168.40 166.38 164.54 162.87 161.37 160.02 158.82 157.76 156.84 156.04 155.36 154.80 154.34 153.98 153.71 153.53 153.43 153.39 153.43 153.52 153.66 153.85 138.80 139.07 124.01 108.90 93.72 62.80 0.00 0.00 
0.00 230.39 350.76 409.24 464.13 515.45 507.06 553.14 542.26 530.52 518.33 505.90 493.29 480.55 467.73 454.90 442.10 429.39 416.82 404.42 392.23 380.28 368.60 357.21 346.13 335.36 324.93 314.85 305.11 295.73 286.71 278.05 269.76 261.82 254.25 247.02 240.15 233.61 227.42 221.55 216.00 210.77 205.84 201.21 196.85 192.78 188.97 185.41 182.10 179.02 176.18 173.54 171.12 168.89 166.85 164.99 163.31 161.79 160.42 159.21 158.13 157.19 156.38 155.68 155.10 154.63 154.25 153.97 153.77 153.65 153.60 153.62 153.69 153.81 153.99 138.91 139.16 124.08 108.93 93.71 62.75 0.00 0.00 
0.00 283.19 345.74 464.46 461.11 512.99 561.51 551.68 540.84 529.20 517.12 504.86 492.43 479.85 467.18 454.48 441.80 429.21 416.73 404.42 392.32 380.44 368.83 357.49 346.46 335.74 325.35 315.30 305.59 296.24 287.24 278.59 270.31 262.38 254.81 247.59 240.71 234.18 227.98 222.11 216.55 211.31 206.37 201.72 197.36 193.27 189.45 185.88 182.55 179.46 176.60 173.95 171.51 169.27 167.22 165.35 163.65 162.11 160.74 159.51 158.42 157.46 156.64 155.93 155.34 154.85 154.46 154.16 153.95 153.81 153.75 153.76 153.82 153.93 154.09 154.30 139.22 124.12 124.40 93.69 78.33 0.00 0.00 
0.00 277.76 370.67 461.07 458.55 510.98 559.86 550.37 539.66 528.11 567.40 554.56 541.19 527.49 513.60 499.65 485.71 471.85 458.13 444.59 431.27 418.21 405.44 392.98 380.84 369.06 357.63 346.58 335.91 325.63 315.73 306.23 297.13 288.41 280.09 272.15 264.60 257.42 250.60 244.15 238.04 232.28 226.85 221.75 216.95 212.46 208.26 204.34 200.68 197.29 194.15 191.24 188.56 186.10 183.84 181.79 179.92 178.24 176.72 175.37 174.18 173.13 172.22 171.45 170.79 170.26 169.83 169.50 169.27 169.12 169.05 169.05 153.90 154.00 154.15 154.33 139.25 139.52 124.39 109.19 78.28 15.76 0.00 
0.00 274.26 367.91 458.95 456.92 509.69 558.81 549.48 538.87 527.43 566.80 554.02 540.72 527.08 513.26 499.36 485.47 471.65 457.98 444.48 431.20 418.18 405.44 393.01 380.90 369.14 357.74 346.70 336.05 325.78 315.90 306.41 297.31 288.61 280.29 272.35 264.80 257.62 250.81 244.35 238.25 232.48 227.05 221.94 217.14 212.65 208.44 204.51 200.86 197.46 194.31 191.39 188.71 186.24 183.98 181.92 180.05 178.36 176.84 175.49 174.29 173.23 172.32 171.54 170.88 170.34 169.90 169.57 169.33 169.18 169.10 169.09 153.93 154.02 154.15 154.33 139.24 139.49 124.34 109.12 78.22 15.76 0.00 
0.00 273.80 338.14 458.44 456.50 509.30 558.46 549.06 538.53 527.17 515.34 503.29 491.05 478.65 466.15 453.61 441.08 428.63 416.29 404.11 392.11 380.35 368.83 357.59 346.63 335.98 325.66 315.66 306.00 296.69 287.73 279.12 270.86 262.95 255.39 248.18 241.32 234.79 228.59 222.71 217.15 211.91 206.96 202.30 197.93 193.82 189.99 186.40 183.06 179.96 177.08 174.42 171.96 169.70 167.63 165.75 164.03 162.48 161.09 159.84 158.74 157.77 156.92 156.20 155.58 155.08 154.67 154.35 154.12 153.97 153.89 153.87 153.91 153.99 154.12 154.28 139.17 124.02 124.26 93.51 78.12 0.00 0.00 
0.00 219.00 339.72 400.49 457.20 509.80 502.32 548.99 538.59 527.22 515.40 503.31 491.01 478.56 466.02 453.45 440.91 428.44 416.09 403.90 391.90 380.14 368.62 357.37 346.42 335.78 325.45 315.46 305.81 296.50 287.54 278.93 270.68 262.78 255.22 248.02 241.15 234.63 228.43 222.56 217.01 211.77 206.82 202.17 197.80 193.70 189.87 186.29 182.95 179.85 176.98 174.32 171.87 169.61 167.55 165.66 163.95 162.40 161.01 159.76 158.66 157.69 156.85 156.13 155.52 155.01 154.61 154.29 154.06 153.91 153.82 153.80 153.84 153.91 154.03 138.90 139.08 123.93 108.71 93.41 62.43 0.00 0.00 
0.00 222.73 342.50 402.73 458.90 511.06 503.35 549.64 539.08 527.51 515.64 503.49 491.11 478.59 465.98 453.35 440.75 428.23 415.84 403.62 391.60 379.81 368.27 357.01 346.05 335.39 325.06 315.06 305.40 296.09 287.13 278.53 270.27 262.38 254.83 247.63 240.77 234.25 228.06 222.20 216.65 211.42 206.48 201.84 197.48 193.39 189.57 186.00 182.67 179.58 176.71 174.06 171.62 169.37 167.31 165.44 163.73 162.19 160.81 159.57 158.48 157.52 156.68 155.96 155.36 154.86 154.46 154.15 153.92 153.77 153.69 153.67 153.71 153.79 153.91 138.78 138.96 123.81 108.60 93.32 62.41 0.00 0.00 
0.00 111.92 287.55 346.99 402.87 455.34 504.70 495.41 485.36 527.72 515.98 503.79 491.34 478.72 466.02 453.30 440.62 428.03 415.58 403.30 391.23 379.40 367.83 356.54 345.55 334.88 324.53 314.52 304.85 295.54 286.57 277.96 269.71 261.81 254.27 247.07 240.22 233.71 227.53 221.68 216.14 210.92 206.00 201.37 197.02 192.94 189.13 185.57 182.26 179.18 176.33 173.69 171.26 169.03 166.98 165.12 163.43 161.90 160.52 159.30 158.21 157.26 156.44 155.73 155.13 154.64 154.25 153.95 153.73 153.59 153.52 153.51 153.55 138.38 138.49 138.63 123.46 108.26 93.01 77.69 31.18 0.00 0.00 
0.00 0.00 231.93 350.31 405.68 457.60 450.03 496.57 486.48 475.61 464.42 453.34 442.11 430.75 419.30 407.84 396.41 385.06 373.84 362.78 351.91 341.25 330.84 320.67 310.78 301.17 291.86 282.85 274.15 265.77 257.70 249.96 242.53 235.43 228.64 222.17 216.01 210.15 204.59 199.33 194.35 189.66 185.23 181.07 177.16 173.50 170.07 166.88 163.90 161.13 158.57 156.20 154.02 152.01 150.17 148.50 146.98 145.61 144.37 143.27 142.30 141.45 140.71 140.07 139.54 139.10 138.75 138.48 138.29 138.16 138.10 138.09 138.13 138.21 138.31 123.16 123.30 108.11 92.87 62.07 0.00 0.00 0.00 
0.00 0.00 58.24 235.13 349.91 402.23 395.13 442.37 433.07 423.07 464.60 453.75 442.49 431.02 419.45 407.86 396.32 384.87 373.55 362.41 351.47 340.75 330.28 320.07 310.14 300.50 291.16 282.13 273.42 265.02 256.94 249.19 241.77 234.66 227.88 221.41 215.25 209.41 203.86 198.61 193.65 188.97 184.56 180.41 176.52 172.88 169.47 166.29 163.33 160.58 158.04 155.69 153.52 151.53 149.71 148.06 146.55 145.20 143.98 142.89 141.94 141.10 140.37 139.75 139.23 138.81 138.47 138.21 138.03 137.92 137.86 137.86 122.69 122.76 122.84 107.67 107.78 92.56 61.85 15.50 0.00 0.00 0.00 
0.00 0.00 0.00 117.52 234.71 346.14 339.95 388.12 379.78 423.64 413.68 403.67 393.51 383.22 372.86 362.49 352.17 341.94 331.85 321.91 312.15 302.60 293.27 284.18 275.34 266.76 258.44 250.41 242.65 235.18 228.00 221.11 214.51 208.20 202.17 196.42 190.96 185.76 180.84 176.18 171.78 167.62 163.71 160.04 156.59 153.36 150.34 147.52 144.90 142.47 140.21 138.13 136.22 134.46 132.85 131.38 130.06 128.86 127.78 126.83 125.98 125.24 124.60 124.06 123.60 123.23 122.94 122.72 122.56 122.46 122.42 122.43 122.48 107.31 107.37 92.17 92.26 61.65 30.88 0.00 0.00 0.00 0.00 
0.00 0.00 0.00 0.00 0.00 231.13 284.08 333.58 326.43 318.48 362.04 353.42 344.50 335.42 326.28 317.14 308.06 299.06 290.18 281.45 272.88 264.49 256.31 248.33 240.58 233.05 225.77 218.73 211.94 205.40 199.11 193.08 187.30 181.77 176.50 171.48 166.70 162.16 157.86 153.79 149.94 146.32 142.90 139.69 136.68 133.87 131.23 128.78 126.50 124.38 122.42 120.60 118.94 117.41 116.01 114.73 113.58 112.54 111.61 110.78 110.05 109.41 108.85 108.39 107.99 107.68 107.42 107.24 107.11 107.03 107.00 107.00 91.82 91.87 91.90 76.69 61.43 15.39 0.00 0.00 0.00 0.00 0.00 
0.00 0.00 0.00 0.00 0.00 0.00 113.19 222.52 218.18 265.47 258.96 252.55 246.08 239.55 232.99 226.45 219.95 213.51 207.17 200.92 194.80 188.81 182.96 177.26 171.72 166.35 161.14 156.11 151.26 146.59 142.10 137.79 133.67 129.72 125.96 122.37 118.96 115.72 112.65 109.74 107.00 104.41 101.97 99.69 97.54 95.53 93.65 91.90 90.27 88.76 87.36 86.07 84.88 83.79 82.80 81.89 81.07 80.32 79.66 79.07 78.55 78.09 77.70 77.37 77.09 76.86 76.69 76.55 76.46 76.41 76.39 76.39 76.43 61.20 61.18 30.62 0.00 0.00 0.00 0.00 0.00 0.00 0.00 
0.00 0.00 0.00 0.00 0.00 0.00 0.00 0.00 0.00 0.00 51.02 50.22 49.12 47.88 46.58 45.26 43.95 42.65 41.36 40.10 38.86 37.65 36.47 35.33 34.21 33.13 32.08 31.07 30.10 29.16 28.26 27.40 26.57 25.79 25.03 24.32 23.64 22.99 22.38 21.80 21.25 20.74 20.26 19.80 19.38 18.98 18.61 18.26 17.94 17.64 17.36 17.11 16.88 16.66 16.47 16.29 16.13 15.98 15.85 15.74 15.64 15.55 15.47 15.41 15.36 15.31 15.28 15.26 15.24 15.23 15.23 15.23 0.00 0.00 0.00 0.00 0.00 0.00 0.00 0.00 0.00 0.00 0.00 
0.00 0.00 0.00 0.00 0.00 0.00 0.00 0.00 0.00 0.00 0.00 0.00 0.00 0.00 0.00 0.00 0.00 0.00 0.00 0.00 0.00 0.00 0.00 0.00 0.00 0.00 0.00 0.00 0.00 0.00 0.00 0.00 0.00 0.00 0.00 0.00 0.00 0.00 0.00 0.00 0.00 0.00 0.00 0.00 0.00 0.00 0.00 0.00 0.00 0.00 0.00 0.00 0.00 0.00 0.00 0.00 0.00 0.00 0.00 0.00 0.00 0.00 0.00 0.00 0.00 0.00 0.00 0.00 0.00 0.00 0.00 0.00 0.00 0.00 0.00 0.00 0.00 0.00 0.00 0.00 0.00 0.00 0.00 
