0.00 0.00 0.00 0.00 0.00 0.00 0.00 0.00 0.00 0.00 65.41 65.33 65.20 65.06 64.91 64.76 64.60 64.45 64.30 64.14 63.99 63.84 63.69 63.54 63.39 63.25 63.10 62.95 62.80 62.65 62.50 62.34 62.19 62.03 61.86 61.69 61.51 61.33 61.14 60.94 60.72 60.50 60.26 60.01 59.74 59.45 59.14 58.81 58.45 58.06 57.65 57.19 56.70 56.16 55.58 54.94 54.24 53.47 52.62 51.68 50.63 49.47 48.16 46.69 45.04 43.17 41.07 38.73 36.18 33.49 30.90 28.94 0.00 0.00 0.00 0.00 0.00 0.00 0.00 0.00 0.00 0.00 0.00 
0.00 0.00 0.00 0.00 0.00 0.00 132.05 263.65 263.22 328.26 327.54 326.81 326.07 325.30 324.53 323.75 322.97 322.20 321.43 320.66 319.90 319.15 318.40 317.66 316.92 316.18 315.45 314.71 313.97 313.22 312.46 311.69 310.91 310.11 309.29 308.44 307.56 306.64 305.69 304.68 303.63 302.51 301.33 300.07 298.73 297.29 295.75 294.10 292.32 290.41 288.33 286.08 283.64 280.98 278.09 274.92 271.45 267.64 263.44 258.80 253.65 247.91 241.48 234.26 226.10 216.86 206.36 194.46 181.09 166.28 150.35 133.81 117.06 79.63 71.22 31.29 0.00 0.00 0.00 0.00 0.00 0.00 0.00 
0.00 0.00 0.00 0.00 0.00 264.80 330.44 395.71 394.95 394.10 458.67 457.69 456.66 455.60 454.52 453.44 452.36 451.28 450.20 449.13 448.06 447.00 445.95 444.91 443.86 442.82 441.78 440.74 439.69 438.63 437.56 436.46 435.35 434.21 433.04 431.83 430.57 429.27 427.90 426.46 424.95 423.35 421.66 419.86 417.93 415.88 413.67 411.30 408.75 406.00 403.02 399.79 396.28 392.46 388.30 383.75 378.76 373.29 367.25 360.59 353.20 344.99 335.81 325.54 313.99 300.98 286.32 269.87 251.57 231.54 210.25 188.57 139.74 119.99 103.19 72.06 49.70 10.75 0.00 0.00 0.00 0.00 0.00 
0.00 0.00 0.00 133.07 265.69 397.58 396.85 461.93 461.01 525.60 524.47 523.32 522.13 520.93 519.71 518.47 517.24 516.00 514.77 513.55 512.33 511.12 509.91 508.70 507.50 506.30 505.10 503.89 502.68 501.45 500.20 498.94 497.64 496.31 494.95 493.53 492.07 490.54 488.94 487.26 485.49 483.61 481.62 479.51 477.25 474.84 472.25 469.46 466.46 463.22 459.71 455.91 451.78 447.28 442.38 437.02 431.15 424.71 417.62 409.79 401.13 391.52 380.82 368.89 355.55 340.62 323.95 305.41 284.96 262.76 239.15 214.64 189.51 141.91 121.92 86.86 73.28 39.93 17.95 0.00 0.00 0.00 0.00 
0.00 0.00 0.00 266.38 398.79 464.22 463.30 528.21 527.11 525.95 590.24 588.97 587.65 586.30 584.93 583.54 582.16 580.77 579.39 578.01 576.63 575.26 573.90 572.54 571.18 569.82 568.45 567.08 565.69 564.29 562.87 561.42 559.94 558.42 556.86 555.23 553.55 551.79 549.95 548.02 545.98 543.82 541.53 539.10 536.49 533.71 530.72 527.50 524.04 520.29 516.24 511.85 507.08 501.89 496.23 490.04 483.27 475.84 467.67 458.67 448.73 437.72 425.51 411.94 396.85 380.06 361.43 340.86 318.36 294.10 268.55 242.55 189.12 164.30 141.75 103.86 87.45 61.94 33.79 7.68 0.00 0.00 0.00 
0.00 0.00 267.24 400.00 465.60 530.84 529.75 594.50 593.25 591.94 590.61 589.29 587.95 586.59 585.22 583.84 582.46 581.07 579.69 578.31 576.93 575.56 574.18 572.81 571.44 570.07 568.69 567.30 565.89 564.47 563.03 561.55 560.05 558.50 556.90 555.24 553.52 551.72 549.84 547.85 545.76 543.55 541.20 538.69 536.02 533.15 530.08 526.77 523.20 519.35 515.18 510.66 505.75 500.40 494.57 488.21 481.24 473.61 465.23 456.01 445.84 434.63 422.23 408.51 393.34 376.57 358.08 337.80 315.75 292.06 267.02 240.95 213.66 186.93 162.26 121.94 103.31 75.04 52.91 29.23 0.00 0.00 0.00 
0.00 134.04 334.38 400.45 466.00 531.21 596.14 594.86 593.57 657.86 656.44 654.97 653.48 651.97 650.45 648.91 647.38 645.84 644.30 642.76 641.23 639.70 638.17 636.64 635.11 633.57 632.03 630.47 628.90 627.31 625.68 624.03 622.33 620.59 618.79 616.92 614.98 612.96 610.83 608.59 606.23 603.73 601.08 598.25 595.22 591.99 588.51 584.77 580.74 576.39 571.67 566.56 561.01 554.98 548.40 541.22 533.37 524.77 515.35 504.99 493.60 481.06 467.23 451.98 435.15 416.62 396.25 373.98 349.81 323.89 296.54 268.33 240.19 189.04 164.34 141.24 106.66 78.21 55.32 37.78 12.90 0.00 0.00 
0.00 268.23 401.63 467.42 532.77 597.78 596.48 661.06 659.66 658.19 656.73 655.25 653.75 652.24 650.72 649.18 647.65 646.11 644.57 643.03 641.50 639.96 638.43 636.89 635.35 633.80 632.24 630.67 629.08 627.46 625.82 624.14 622.42 620.65 618.82 616.92 614.94 612.88 610.71 608.43 606.02 603.47 600.75 597.86 594.77 591.46 587.91 584.08 579.96 575.50 570.68 565.45 559.78 553.61 546.88 539.55 531.54 522.77 513.17 502.65 491.09 478.40 464.45 449.11 432.27 413.80 393.62 371.65 347.93 322.59 295.89 268.28 240.33 212.34 186.34 144.21 123.44 92.61 67.64 48.08 26.60 0.00 0.00 
0.00 268.52 402.00 467.73 533.08 598.07 596.75 661.32 659.91 658.45 656.97 655.49 653.99 652.48 650.96 649.43 647.89 646.36 644.82 643.28 641.74 640.20 638.65 637.11 635.56 634.00 632.43 630.84 629.24 627.60 625.94 624.24 622.50 620.70 618.84 616.91 614.90 612.80 610.60 608.27 605.82 603.22 600.45 597.50 594.35 590.98 587.35 583.45 579.24 574.70 569.78 564.45 558.67 552.37 545.53 538.06 529.91 521.00 511.26 500.59 488.89 476.08 462.04 446.65 429.81 411.43 391.42 369.76 346.49 321.71 295.68 268.75 241.42 214.38 188.93 147.50 126.89 96.22 71.28 51.36 28.89 0.00 0.00 
0.00 335.96 402.28 534.57 533.35 598.30 662.99 661.56 660.11 658.64 657.16 655.67 654.17 652.66 651.14 649.62 648.08 646.55 645.01 643.47 641.93 640.38 638.83 637.28 635.72 634.16 632.58 630.98 629.36 627.71 626.03 624.32 622.55 620.74 618.85 616.90 614.87 612.74 610.50 608.14 605.65 603.01 600.21 597.21 594.01 590.58 586.90 582.94 578.67 574.06 569.06 563.65 557.78 551.40 544.46 536.90 528.64 519.64 509.79 499.03 487.25 474.37 460.28 444.88 428.09 409.81 389.99 368.61 345.74 321.48 296.06 269.74 242.84 216.32 190.85 167.09 130.00 99.14 84.18 54.41 39.23 0.00 0.00 
0.00 336.23 435.93 534.76 533.52 598.45 663.13 661.70 660.25 658.77 722.70 721.13 719.51 717.87 716.21 714.53 712.85 711.16 709.47 707.78 706.08 704.38 702.68 700.97 699.26 697.54 695.80 694.04 692.26 690.45 688.61 686.72 684.78 682.78 680.71 678.57 676.33 673.99 671.53 668.94 666.20 663.30 660.21 656.92 653.41 649.64 645.60 641.25 636.57 631.50 626.03 620.10 613.67 606.69 599.09 590.82 581.81 571.97 561.23 549.50 536.67 522.65 507.32 490.57 472.29 452.39 430.81 407.53 382.64 356.36 329.15 301.65 244.47 218.21 193.03 169.57 132.18 113.35 86.57 65.26 41.23 6.67 0.00 
0.00 336.36 436.03 534.86 533.59 598.53 663.21 661.77 660.31 658.83 722.77 721.19 719.58 717.94 716.28 714.61 712.93 711.24 709.55 707.85 706.16 704.46 702.75 701.04 699.33 697.60 695.86 694.10 692.31 690.49 688.64 686.74 684.80 682.79 680.71 678.55 676.30 673.94 671.47 668.87 666.11 663.19 660.09 656.78 653.24 649.45 645.39 641.01 636.30 631.21 625.71 619.75 613.29 606.28 598.66 590.36 581.33 571.48 560.73 548.99 536.17 522.17 506.87 490.18 471.99 452.20 430.76 407.65 382.97 356.94 330.00 302.79 245.90 219.96 195.09 171.83 134.43 115.61 88.79 67.23 42.84 6.78 0.00 
0.00 336.34 402.57 534.85 533.58 598.52 663.20 661.76 660.31 658.84 657.36 655.87 654.38 652.88 651.36 649.84 648.31 646.78 645.24 643.70 642.15 640.61 639.05 637.49 635.92 634.34 632.75 631.14 629.50 627.83 626.13 624.39 622.60 620.75 618.84 616.85 614.78 612.61 610.33 607.93 605.39 602.70 599.83 596.78 593.52 590.02 586.27 582.23 577.88 573.19 568.11 562.62 556.66 550.20 543.17 535.54 527.22 518.16 508.28 497.51 485.75 472.93 458.95 443.73 427.18 409.22 389.82 368.97 346.71 323.18 298.57 273.13 247.16 221.58 197.00 173.79 136.82 105.62 90.77 59.99 44.11 0.00 0.00 
0.00 269.07 402.45 468.15 533.46 598.43 597.07 661.65 660.23 658.77 657.31 655.83 654.34 652.84 651.33 649.81 648.28 646.75 645.21 643.67 642.12 640.57 639.02 637.46 635.89 634.32 632.72 631.11 629.47 627.81 626.11 624.37 622.58 620.73 618.82 616.84 614.77 612.60 610.32 607.92 605.39 602.70 599.84 596.79 593.53 590.04 586.30 582.27 577.93 573.25 568.19 562.72 556.79 550.36 543.37 535.78 527.51 518.51 508.70 498.01 486.34 473.62 459.75 444.64 428.20 410.35 391.04 370.25 348.02 324.48 299.83 274.41 248.64 223.18 199.07 157.72 138.11 106.97 81.23 60.34 35.81 0.00 0.00 
0.00 268.80 402.28 467.99 533.29 598.26 596.92 661.50 660.09 658.62 657.17 655.71 654.23 652.73 651.22 649.70 648.17 646.64 645.11 643.57 642.02 640.48 638.93 637.37 635.81 634.23 632.64 631.03 629.40 627.74 626.05 624.32 622.54 620.70 618.80 616.82 614.76 612.60 610.34 607.95 605.43 602.76 599.92 596.89 593.65 590.19 586.47 582.47 578.17 573.53 568.52 563.09 557.22 550.85 543.94 536.43 528.26 519.36 509.68 499.11 487.59 475.02 461.30 446.34 430.05 412.32 393.10 372.35 350.11 326.50 301.75 276.25 250.43 224.44 200.21 158.36 138.55 107.11 80.82 59.29 33.56 0.00 0.00 
0.00 134.35 335.12 401.07 466.58 531.77 596.68 595.37 594.07 658.39 656.98 655.53 654.06 652.57 651.06 649.55 648.02 646.49 644.95 643.41 641.87 640.33 638.78 637.23 635.67 634.10 632.52 630.92 629.30 627.65 625.97 624.24 622.48 620.65 618.76 616.80 614.76 612.62 610.38 608.01 605.51 602.87 600.05 597.05 593.85 590.42 586.75 582.80 578.55 573.96 569.01 563.66 557.87 551.59 544.78 537.38 529.34 520.59 511.05 500.66 489.32 476.94 463.41 448.64 432.51 414.92 395.78 375.06 352.76 329.02 304.12 278.50 252.94 202.98 180.41 158.93 123.84 94.27 69.62 49.65 16.32 0.00 0.00 
0.00 0.00 267.88 400.77 466.30 531.49 530.34 595.09 593.83 592.53 591.20 589.90 588.59 587.25 585.90 584.54 583.17 581.79 580.41 579.03 577.64 576.26 574.86 573.47 572.07 570.66 569.23 567.80 566.34 564.85 563.34 561.80 560.21 558.57 556.87 555.11 553.27 551.35 549.34 547.22 544.97 542.60 540.07 537.38 534.51 531.43 528.14 524.60 520.79 516.68 512.25 507.46 502.27 496.66 490.57 483.96 476.77 468.96 460.45 451.17 441.05 430.00 417.93 404.74 390.33 374.60 357.47 338.90 318.92 297.65 275.30 252.11 227.73 203.74 181.27 140.96 122.98 93.27 68.80 39.36 0.00 0.00 0.00 
0.00 0.00 66.92 267.08 399.49 464.88 463.90 528.81 527.71 526.56 590.89 589.64 588.35 587.03 585.68 584.32 582.95 581.57 580.19 578.81 577.43 576.05 574.66 573.27 571.88 570.48 569.06 567.64 566.19 564.72 563.23 561.69 560.12 558.50 556.83 555.09 553.28 551.39 549.40 547.31 545.10 542.76 540.28 537.63 534.81 531.79 528.55 525.08 521.34 517.31 512.96 508.27 503.19 497.70 491.74 485.28 478.26 470.62 462.31 453.25 443.36 432.55 420.72 407.76 393.55 377.98 360.94 342.37 322.27 300.80 278.33 255.55 203.82 181.94 161.70 123.46 107.52 80.16 46.26 9.18 0.00 0.00 0.00 
0.00 0.00 0.00 133.42 266.27 398.21 397.41 462.52 461.59 526.24 525.13 524.01 522.86 521.69 520.50 519.29 518.07 516.85 515.62 514.40 513.17 511.94 510.71 509.48 508.24 507.00 505.75 504.49 503.21 501.91 500.59 499.23 497.85 496.42 494.94 493.40 491.80 490.13 488.38 486.54 484.59 482.53 480.34 478.01 475.52 472.86 470.01 466.95 463.66 460.12 456.30 452.17 447.71 442.89 437.66 431.99 425.83 419.14 411.86 403.92 395.25 385.78 375.40 364.02 351.53 337.81 322.75 306.27 288.37 269.14 248.84 227.78 206.02 159.56 141.69 105.86 92.39 53.21 21.50 0.00 0.00 0.00 0.00 
0.00 0.00 0.00 0.00 0.00 265.24 330.91 396.23 395.49 394.67 459.31 458.38 457.39 456.37 455.32 454.27 453.20 452.13 451.06 449.99 448.92 447.84 446.77 445.70 444.62 443.54 442.45 441.35 440.23 439.10 437.95 436.78 435.57 434.33 433.05 431.72 430.33 428.88 427.36 425.76 424.08 422.29 420.39 418.37 416.22 413.92 411.45 408.80 405.96 402.90 399.60 396.03 392.18 388.02 383.51 378.62 373.31 367.55 361.27 354.43 346.97 338.81 329.87 320.06 309.27 297.38 284.29 269.90 254.20 237.29 219.48 201.38 154.01 136.81 121.39 88.44 61.70 12.56 0.00 0.00 0.00 0.00 0.00 
0.00 0.00 0.00 0.00 0.00 0.00 132.23 263.98 263.57 328.73 328.06 327.38 326.67 325.95 325.20 324.45 323.69 322.93 322.16 321.40 320.63 319.86 319.10 318.33 317.56 316.79 316.01 315.23 314.44 313.63 312.81 311.97 311.11 310.23 309.31 308.36 307.37 306.34 305.26 304.12 302.92 301.65 300.29 298.86 297.32 295.68 293.93 292.04 290.01 287.83 285.48 282.95 280.21 277.25 274.04 270.56 266.79 262.70 258.24 253.39 248.10 242.32 235.99 229.04 221.41 212.99 203.72 193.52 182.36 170.28 157.42 144.02 129.95 91.47 81.50 35.87 0.00 0.00 0.00 0.00 0.00 0.00 0.00 
0.00 0.00 0.00 0.00 0.00 0.00 0.00 0.00 0.00 0.00 65.49 65.40 65.28 65.14 64.99 64.84 64.69 64.54 64.39 64.23 64.08 63.93 63.78 63.63 63.47 63.32 63.17 63.01 62.86 62.70 62.54 62.37 62.20 62.03 61.85 61.67 61.48 61.27 61.06 60.84 60.61 60.36 60.10 59.82 59.52 59.20 58.86 58.50 58.11 57.69 57.23 56.74 56.22 55.65 55.03 54.36 53.64 52.85 52.00 51.08 50.07 48.96 47.76 46.43 44.97 43.36 41.57 39.60 37.46 35.21 33.04 31.40 0.00 0.00 0.00 0.00 0.00 0.00 0.00 0.00 0.00 0.00 0.00 
0.00 0.00 0.00 0.00 0.00 0.00 0.00 0.00 0.00 0.00 0.00 0.00 0.00 0.00 0.00 0.00 0.00 0.00 0.00 0.00 0.00 0.00 0.00 0.00 0.00 0.00 0.00 0.00 0.00 0.00 0.00 0.00 0.00 0.00 0.00 0.00 0.00 0.00 0.00 0.00 0.00 0.00 0.00 0.00 0.00 0.00 0.00 0.00 0.00 0.00 0.00 0.00 0.00 0.00 0.00 0.00 0.00 0.00 0.00 0.00 0.00 0.00 0.00 0.00 0.00 0.00 0.00 0.00 0.00 0.00 0.00 0.00 0.00 0.00 0.00 0.00 0.00 0.00 0.00 0.00 0.00 0.00 0.00 
