0.00 0.00 0.00 0.00 0.00 0.00 0.00 0.00 0.00 0.00 9.30 9.97 11.06 12.48 14.25 16.37 18.84 21.67 24.84 28.28 31.93 35.71 39.52 43.29 46.95 50.46 53.79 56.93 59.89 62.67 65.28 67.74 70.06 72.25 74.32 76.29 78.17 79.95 81.66 83.29 84.86 86.37 87.82 89.21 90.56 91.87 93.13 94.36 95.54 96.70 97.82 98.92 99.99 101.03 102.05 103.05 104.02 104.97 105.91 106.83 107.73 108.61 109.48 110.33 111.16 111.97 112.77 113.54 114.27 114.96 115.56 115.98 0.00 0.00 0.00 0.00 0.00 0.00 0.00 0.00 0.00 0.00 0.00 
0.00 0.00 0.00 0.00 0.00 0.00 13.42 28.12 29.41 39.66 43.22 47.79 53.64 60.91 69.76 80.35 92.79 107.09 123.14 140.68 159.31 178.56 197.95 217.04 235.51 253.14 269.83 285.53 300.27 314.11 327.10 339.33 350.85 361.75 372.07 381.86 391.19 400.09 408.59 416.73 424.54 432.05 439.28 446.25 452.98 459.49 465.79 471.90 477.84 483.60 489.22 494.68 500.02 505.22 510.31 515.28 520.15 524.92 529.59 534.18 538.67 543.09 547.42 551.66 555.83 559.92 563.91 567.81 571.61 575.28 578.80 582.15 585.40 471.07 472.89 237.45 0.00 0.00 0.00 0.00 0.00 0.00 0.00 
0.00 0.00 0.00 0.00 0.00 25.32 32.74 41.38 44.20 48.52 63.00 69.89 78.49 88.99 101.62 116.55 133.90 153.66 175.68 199.58 224.90 251.02 277.36 303.38 328.66 352.91 375.96 397.76 418.31 437.65 455.87 473.04 489.26 504.61 519.16 532.98 546.14 558.70 570.70 582.19 593.22 603.81 614.01 623.84 633.33 642.51 651.39 660.00 668.36 676.48 684.39 692.08 699.59 706.91 714.06 721.05 727.89 734.59 741.15 747.59 753.89 760.08 766.15 772.10 777.93 783.65 789.23 794.68 799.98 805.09 809.99 814.59 702.65 706.64 710.17 595.03 478.25 120.17 0.00 0.00 0.00 0.00 0.00 
0.00 0.00 0.00 11.71 23.94 37.30 39.22 49.53 53.85 67.83 75.13 83.77 94.14 106.54 121.21 138.34 158.02 180.23 204.77 231.29 259.27 288.13 317.26 346.14 374.31 401.46 427.41 452.06 475.40 497.45 518.28 537.97 556.60 574.25 591.01 606.94 622.11 636.59 650.44 663.69 676.41 688.63 700.39 711.73 722.67 733.24 743.47 753.39 763.01 772.36 781.45 790.30 798.93 807.34 815.56 823.59 831.44 839.13 846.65 854.02 861.25 868.33 875.28 882.08 888.75 895.28 901.65 907.88 913.93 919.79 925.44 930.89 936.24 824.27 828.67 714.55 718.15 481.80 241.95 0.00 0.00 0.00 0.00 
0.00 0.00 0.00 23.14 35.61 43.97 47.17 58.59 64.09 70.93 88.27 98.30 110.35 124.61 141.30 160.60 182.58 207.19 234.22 263.29 293.90 325.44 357.32 388.99 419.98 449.98 478.75 506.20 532.28 557.00 580.42 602.60 623.63 643.58 662.54 680.58 697.78 714.20 729.90 744.93 759.36 773.22 786.55 799.41 811.81 823.79 835.39 846.62 857.52 868.10 878.39 888.40 898.16 907.68 916.96 926.04 934.91 943.58 952.08 960.39 968.54 976.52 984.34 992.00 999.50 1006.84 1014.01 1021.01 1027.81 1034.40 1040.75 1046.79 936.31 941.81 946.99 833.73 838.21 722.78 485.02 121.82 0.00 0.00 0.00 
0.00 0.00 22.38 34.32 42.06 51.44 55.56 67.97 74.53 82.47 91.90 102.69 115.24 129.85 146.72 166.01 187.76 211.93 238.31 266.57 296.25 326.82 357.75 388.54 418.78 448.16 476.48 503.59 529.46 554.07 577.45 599.66 620.75 640.80 659.88 678.06 695.39 711.95 727.79 742.97 757.52 771.51 784.97 797.93 810.44 822.53 834.22 845.54 856.52 867.18 877.54 887.62 897.44 907.01 916.34 925.46 934.37 943.08 951.61 959.95 968.12 976.11 983.95 991.61 999.12 1006.46 1013.63 1020.63 1027.45 1034.08 1040.53 1046.82 1053.13 1059.27 1065.12 952.62 957.83 843.35 727.55 488.38 0.00 0.00 0.00 
0.00 10.91 27.75 34.38 42.86 52.77 64.18 70.22 77.40 94.28 104.66 116.86 131.05 147.46 166.31 187.73 211.79 238.41 267.38 298.34 330.81 364.24 398.06 431.76 464.91 497.16 528.29 558.17 586.73 613.95 639.86 664.51 687.95 710.26 731.51 751.77 771.10 789.58 807.26 824.20 840.46 856.08 871.11 885.58 899.55 913.05 926.10 938.74 950.99 962.89 974.45 985.69 996.64 1007.31 1017.72 1027.88 1037.81 1047.51 1057.00 1066.28 1075.37 1084.27 1092.97 1101.50 1109.84 1117.99 1125.96 1133.73 1141.31 1148.69 1155.87 1162.83 1169.55 1059.04 1065.10 1071.06 957.81 843.42 727.77 610.60 246.05 0.00 0.00 
0.00 21.80 33.15 40.72 49.86 60.49 65.88 79.66 87.63 97.17 108.15 120.80 135.36 152.02 170.99 192.38 216.24 242.48 270.91 301.19 332.90 365.52 398.55 431.52 464.02 495.74 526.46 556.03 584.37 611.47 637.32 661.96 685.44 707.82 729.16 749.52 768.96 787.56 805.35 822.41 838.78 854.51 869.65 884.23 898.29 911.88 925.02 937.74 950.07 962.03 973.66 984.96 995.96 1006.68 1017.14 1027.34 1037.30 1047.03 1056.55 1065.86 1074.96 1083.87 1092.59 1101.12 1109.46 1117.61 1125.57 1133.35 1140.93 1148.32 1155.53 1162.56 1169.42 1176.21 1182.70 1070.91 1076.85 963.24 848.39 732.05 491.69 0.00 0.00 
0.00 21.65 33.22 41.29 50.73 61.68 67.43 81.52 89.92 99.84 111.30 124.37 139.23 156.10 175.16 196.51 220.18 246.09 274.04 303.73 334.75 366.67 399.01 431.33 463.27 494.52 524.87 554.16 582.32 609.29 635.09 659.72 683.22 705.65 727.06 747.51 767.05 785.74 803.64 820.80 837.27 853.10 868.33 883.00 897.15 910.82 924.03 936.83 949.22 961.25 972.93 984.29 995.34 1006.11 1016.60 1026.84 1036.83 1046.59 1056.13 1065.46 1074.58 1083.50 1092.23 1100.76 1109.09 1117.24 1125.20 1132.96 1140.54 1147.92 1155.13 1162.18 1169.09 1175.85 1182.35 1070.51 1076.45 962.75 847.69 731.21 490.73 0.00 0.00 
0.00 26.92 33.51 47.68 51.44 62.65 75.52 82.97 91.77 102.13 113.91 127.19 142.23 159.23 178.35 199.66 223.18 248.83 276.42 305.67 336.20 367.60 399.43 431.28 462.80 493.69 523.75 552.83 580.82 607.69 633.42 658.03 681.54 704.00 725.46 745.96 765.57 784.33 802.31 819.54 836.09 851.99 867.29 882.03 896.25 909.98 923.25 936.10 948.55 960.62 972.35 983.75 994.84 1005.64 1016.17 1026.43 1036.45 1046.24 1055.79 1065.14 1074.27 1083.19 1091.92 1100.45 1108.79 1116.92 1124.87 1132.62 1140.17 1147.53 1154.71 1161.74 1168.67 1175.44 1182.03 1188.42 1075.94 962.21 967.45 730.29 611.80 0.00 0.00 
0.00 26.84 36.56 48.05 51.96 63.34 76.38 84.02 93.12 103.71 125.29 139.33 155.57 174.11 195.07 218.53 244.50 272.88 303.46 335.91 369.80 404.63 439.90 475.14 509.96 544.03 577.12 609.09 639.84 669.33 697.56 724.55 750.33 774.96 798.49 820.98 842.49 863.08 882.81 901.73 919.90 937.36 954.17 970.36 985.99 1001.07 1015.66 1029.78 1043.47 1056.74 1069.63 1082.17 1094.36 1106.23 1117.81 1129.09 1140.11 1150.87 1161.37 1171.64 1181.68 1191.49 1201.08 1210.45 1219.60 1228.54 1237.25 1245.73 1253.97 1261.95 1269.65 1277.01 1168.22 1174.98 1181.55 1187.88 1075.45 1081.29 966.71 850.66 610.97 123.38 0.00 
0.00 26.85 36.67 48.23 52.23 63.69 76.82 84.57 93.81 104.51 126.20 140.33 156.65 175.25 196.24 219.71 245.64 273.96 304.44 336.77 370.50 405.17 440.28 475.36 510.02 543.95 576.92 608.79 639.45 668.88 697.05 724.00 749.76 774.38 797.91 820.40 841.92 862.53 882.27 901.21 919.41 936.89 953.72 969.94 985.59 1000.70 1015.31 1029.45 1043.16 1056.46 1069.37 1081.92 1094.13 1106.02 1117.60 1128.90 1139.93 1150.69 1161.20 1171.48 1181.51 1191.33 1200.91 1210.28 1219.42 1228.34 1237.04 1245.50 1253.71 1261.67 1269.33 1276.64 1167.80 1174.50 1180.99 1187.25 1074.76 1080.50 965.82 849.71 610.07 123.31 0.00 
0.00 26.91 33.83 48.22 52.20 63.66 76.81 84.60 93.81 104.54 116.60 130.16 145.44 162.62 181.84 203.16 226.59 252.04 279.34 308.21 338.30 369.22 400.55 431.91 462.97 493.45 523.15 551.91 579.65 606.32 631.90 656.40 679.84 702.27 723.71 744.23 763.87 782.68 800.71 818.00 834.62 850.59 865.97 880.78 895.07 908.87 922.22 935.13 947.64 959.78 971.56 983.02 994.15 1005.00 1015.56 1025.86 1035.91 1045.72 1055.29 1064.65 1073.78 1082.71 1091.43 1099.94 1108.24 1116.35 1124.24 1131.93 1139.41 1146.68 1153.76 1160.66 1167.43 1174.01 1180.39 1186.56 1073.86 959.94 964.80 727.57 609.03 0.00 0.00 
0.00 21.56 33.73 42.11 51.92 63.28 69.51 84.16 93.15 103.76 115.80 129.35 144.63 161.83 181.08 202.46 225.99 251.56 279.01 308.04 338.30 369.39 400.87 432.36 463.52 494.06 523.79 552.57 580.30 606.95 632.49 656.95 680.35 702.73 724.13 744.60 764.20 782.97 800.96 818.23 834.82 850.77 866.12 880.92 895.19 908.98 922.31 935.21 947.72 959.85 971.62 983.07 994.20 1005.04 1015.60 1025.89 1035.93 1045.73 1055.30 1064.65 1073.78 1082.70 1091.41 1099.91 1108.20 1116.29 1124.17 1131.83 1139.29 1146.53 1153.56 1160.40 1167.06 1173.53 1179.70 1067.63 1073.08 959.05 843.64 726.79 486.61 0.00 0.00 
0.00 21.80 33.51 41.70 51.37 62.58 68.61 83.13 91.93 102.27 114.08 127.50 142.68 159.83 179.10 200.58 224.28 250.11 277.88 307.27 337.92 369.39 401.23 433.02 464.43 495.16 525.02 553.87 581.63 608.27 633.78 658.19 681.52 703.82 725.15 745.55 765.07 783.77 801.70 818.91 835.44 851.34 866.64 881.39 895.63 909.38 922.68 935.55 948.02 960.13 971.88 983.30 994.41 1005.23 1015.78 1026.05 1036.08 1045.87 1055.43 1064.76 1073.88 1082.78 1091.48 1099.97 1108.25 1116.32 1124.18 1131.82 1139.24 1146.43 1153.40 1160.15 1166.70 1173.11 1179.15 1067.04 1072.38 958.33 843.06 726.41 486.94 0.00 0.00 
0.00 10.95 27.81 35.40 44.55 55.18 67.42 74.35 82.52 100.51 111.84 124.93 139.91 156.95 176.21 197.79 221.71 247.88 276.08 305.99 337.20 369.21 401.57 433.82 465.59 496.61 526.66 555.63 583.45 610.10 635.58 659.92 683.18 705.39 726.62 746.92 766.35 784.95 802.79 819.92 836.37 852.19 867.43 882.12 896.29 909.99 923.24 936.07 948.50 960.56 972.28 983.67 994.75 1005.54 1016.06 1026.32 1036.32 1046.09 1055.63 1064.95 1074.05 1082.94 1091.62 1100.10 1108.36 1116.42 1124.25 1131.87 1139.25 1146.39 1153.28 1159.90 1166.22 1055.46 1061.00 1066.37 952.75 837.98 722.01 604.71 243.41 0.00 0.00 
0.00 0.00 22.37 34.92 43.70 54.00 59.08 72.61 80.33 89.46 99.89 111.65 125.07 140.38 157.73 177.20 198.81 222.48 248.01 275.10 303.37 332.36 361.65 390.82 419.54 447.54 474.65 500.76 525.80 549.77 572.68 594.56 615.45 635.40 654.46 672.68 690.13 706.84 722.86 738.23 753.01 767.23 780.91 794.11 806.85 819.16 831.07 842.60 853.78 864.62 875.16 885.40 895.36 905.07 914.53 923.75 932.75 941.53 950.11 958.49 966.67 974.67 982.47 990.09 997.52 1004.75 1011.78 1018.61 1025.21 1031.58 1037.71 1043.63 1049.49 1055.14 1060.45 947.63 952.17 837.35 721.32 483.29 0.00 0.00 0.00 
0.00 0.00 5.65 23.08 36.80 46.34 50.69 63.39 70.25 78.35 96.94 108.10 121.17 136.28 153.57 173.15 195.03 219.16 245.30 273.12 302.18 331.97 362.01 391.83 421.08 449.49 476.88 503.16 528.29 552.27 575.14 596.94 617.72 637.56 656.49 674.59 691.91 708.49 724.39 739.66 754.33 768.44 782.04 795.15 807.81 820.04 831.88 843.35 854.47 865.26 875.75 885.94 895.86 905.53 914.95 924.14 933.11 941.87 950.42 958.78 966.95 974.92 982.71 990.32 997.73 1004.95 1011.97 1018.77 1025.33 1031.64 1037.65 1043.29 932.58 937.58 942.22 828.78 832.65 717.07 480.34 120.84 0.00 0.00 0.00 
0.00 0.00 0.00 11.72 24.06 38.87 42.29 54.07 59.96 75.55 84.16 94.13 105.70 119.08 134.46 151.94 171.56 193.25 216.82 241.93 268.17 295.06 322.12 348.95 375.20 400.64 425.11 448.53 470.89 492.20 512.49 531.82 550.23 567.79 584.55 600.57 615.89 630.57 644.64 658.15 671.14 683.64 695.68 707.29 718.50 729.34 739.83 750.00 759.85 769.42 778.72 787.76 796.56 805.13 813.49 821.64 829.60 837.37 844.96 852.38 859.63 866.71 873.63 880.38 886.96 893.37 899.59 905.62 911.43 917.01 922.33 927.40 932.29 820.17 824.11 709.96 713.10 477.76 240.21 0.00 0.00 0.00 0.00 
0.00 0.00 0.00 0.00 0.00 25.59 34.19 44.89 49.71 55.73 71.99 80.42 90.39 102.03 115.48 130.85 148.20 167.45 188.42 210.81 234.21 258.17 282.24 306.05 329.27 351.71 373.24 393.79 413.37 431.99 449.71 466.56 482.60 497.90 512.50 526.44 539.78 552.56 564.81 576.58 587.89 598.78 609.26 619.38 629.16 638.61 647.75 656.61 665.21 673.55 681.66 689.55 697.23 704.71 712.01 719.12 726.07 732.86 739.49 745.97 752.31 758.49 764.54 770.44 776.19 781.79 787.23 792.49 797.56 802.41 807.00 811.26 699.25 702.88 706.12 591.20 475.03 119.43 0.00 0.00 0.00 0.00 0.00 
0.00 0.00 0.00 0.00 0.00 0.00 13.71 29.20 32.11 45.20 50.57 56.74 63.91 72.24 81.89 92.93 105.41 119.29 134.41 150.55 167.40 184.65 201.94 219.02 235.65 251.69 267.07 281.73 295.69 308.96 321.58 333.59 345.02 355.92 366.32 376.25 385.76 394.87 403.61 412.00 420.06 427.82 435.31 442.52 449.50 456.24 462.76 469.09 475.22 481.17 486.96 492.59 498.07 503.41 508.62 513.70 518.66 523.50 528.24 532.86 537.39 541.80 546.12 550.33 554.43 558.43 562.31 566.06 569.68 573.14 576.42 579.51 582.49 468.48 470.46 236.20 0.00 0.00 0.00 0.00 0.00 0.00 0.00 
0.00 0.00 0.00 0.00 0.00 0.00 0.00 0.00 0.00 0.00 10.03 10.79 12.00 13.55 15.43 17.64 20.19 23.08 26.26 29.68 33.26 36.91 40.55 44.12 47.56 50.84 53.96 56.91 59.70 62.34 64.84 67.22 69.48 71.62 73.67 75.63 77.51 79.30 81.03 82.68 84.27 85.81 87.28 88.71 90.09 91.42 92.71 93.97 95.18 96.36 97.51 98.63 99.71 100.78 101.81 102.82 103.81 104.77 105.71 106.63 107.53 108.41 109.28 110.12 110.94 111.73 112.51 113.25 113.95 114.60 115.17 115.55 0.00 0.00 0.00 0.00 0.00 0.00 0.00 0.00 0.00 0.00 0.00 
0.00 0.00 0.00 0.00 0.00 0.00 0.00 0.00 0.00 0.00 0.00 0.00 0.00 0.00 0.00 0.00 0.00 0.00 0.00 0.00 0.00 0.00 0.00 0.00 0.00 0.00 0.00 0.00 0.00 0.00 0.00 0.00 0.00 0.00 0.00 0.00 0.00 0.00 0.00 0.00 0.00 0.00 0.00 0.00 0.00 0.00 0.00 0.00 0.00 0.00 0.00 0.00 0.00 0.00 0.00 0.00 0.00 0.00 0.00 0.00 0.00 0.00 0.00 0.00 0.00 0.00 0.00 0.00 0.00 0.00 0.00 0.00 0.00 0.00 0.00 0.00 0.00 0.00 0.00 0.00 0.00 0.00 0.00 
