0.00 0.00 0.00 0.00 0.00 0.00 0.00 0.00 0.00 0.00 134.14 132.50 130.16 127.47 124.57 121.54 118.42 115.23 111.98 108.68 105.33 101.95 98.53 95.07 91.59 88.08 84.54 80.98 77.40 73.81 70.22 66.62 63.05 59.49 55.97 52.51 49.11 45.80 42.60 39.52 36.58 33.79 31.17 28.72 26.46 24.38 22.48 20.76 19.20 17.81 16.57 15.47 14.49 13.64 12.88 12.22 11.64 11.14 10.70 10.32 10.00 9.71 9.47 9.27 9.09 8.95 8.83 8.73 8.65 8.59 8.54 8.52 0.00 0.00 0.00 0.00 0.00 0.00 0.00 0.00 0.00 0.00 0.00 
0.00 0.00 0.00 0.00 0.00 0.00 288.53 570.12 563.48 691.97 679.75 666.83 653.08 638.65 623.68 608.29 592.54 576.50 560.19 543.66 526.92 509.98 492.87 475.59 458.16 440.58 422.88 405.07 387.16 369.19 351.19 333.19 315.24 297.41 279.75 262.36 245.30 228.67 212.57 197.09 182.32 168.32 155.17 142.92 131.58 121.17 111.68 103.09 95.36 88.44 82.28 76.81 71.98 67.73 64.00 60.73 57.88 55.40 53.24 51.38 49.77 48.38 47.20 46.19 45.34 44.62 44.03 43.54 43.15 42.85 42.62 42.46 42.36 33.84 33.85 16.93 0.00 0.00 0.00 0.00 0.00 0.00 0.00 
0.00 0.00 0.00 0.00 0.00 588.12 726.78 859.43 846.83 831.63 950.35 932.37 913.13 892.96 872.04 850.54 828.55 806.14 783.36 760.26 736.87 713.21 689.31 665.17 640.83 616.30 591.60 566.76 541.80 516.77 491.71 466.67 441.73 416.96 392.46 368.33 344.68 321.63 299.31 277.84 257.34 237.90 219.60 202.52 186.69 172.12 158.80 146.71 135.80 126.00 117.25 109.46 102.57 96.48 91.12 86.41 82.30 78.70 75.57 72.86 70.51 68.49 66.75 65.27 64.01 62.95 62.07 61.34 60.75 60.29 59.93 59.67 50.98 50.87 50.80 42.34 33.92 8.50 0.00 0.00 0.00 0.00 0.00 
0.00 0.00 0.00 303.97 601.61 888.48 876.67 1004.60 988.03 1106.98 1086.09 1064.63 1042.31 1019.13 995.22 970.67 945.58 920.02 894.05 867.72 841.05 814.08 786.83 759.33 731.60 703.66 675.54 647.28 618.91 590.47 562.03 533.63 505.37 477.32 449.60 422.31 395.58 369.54 344.32 320.05 296.86 274.84 254.09 234.67 216.64 200.00 184.75 170.87 158.29 146.96 136.80 127.73 119.68 112.53 106.23 100.68 95.81 91.54 87.82 84.57 81.76 79.33 77.24 75.44 73.92 72.62 71.54 70.64 69.91 69.32 68.86 68.50 68.24 59.57 59.46 50.96 50.96 34.05 17.07 0.00 0.00 0.00 0.00 
0.00 0.00 0.00 611.85 906.60 1040.93 1024.83 1149.21 1129.27 1107.74 1220.54 1196.59 1171.40 1145.25 1118.30 1090.68 1062.48 1033.77 1004.60 975.03 945.09 914.82 884.24 853.38 822.28 790.96 759.45 727.79 696.03 664.22 632.41 600.69 569.14 537.85 506.94 476.53 446.75 417.74 389.65 362.60 336.74 312.16 288.97 267.24 247.02 228.32 211.13 195.44 181.19 168.32 156.75 146.39 137.15 128.94 121.67 115.25 109.60 104.64 100.29 96.51 93.21 90.35 87.89 85.77 83.95 82.42 81.12 80.04 79.15 78.43 77.85 77.41 68.57 68.33 68.17 59.63 59.61 51.16 34.20 8.58 0.00 0.00 0.00 
0.00 0.00 624.47 924.51 1061.67 1191.86 1172.39 1293.63 1270.68 1246.37 1221.21 1196.08 1170.36 1143.95 1116.89 1089.23 1061.03 1032.35 1003.23 973.72 943.85 913.65 883.16 852.40 821.41 790.21 758.84 727.34 695.76 664.15 632.57 601.10 569.82 538.82 508.22 478.13 448.68 420.00 392.21 365.46 339.85 315.49 292.48 270.87 250.73 232.05 214.85 199.10 184.74 171.74 160.00 149.46 140.03 131.63 124.16 117.55 111.71 106.56 102.05 98.10 94.65 91.65 89.06 86.82 84.90 83.26 81.87 80.71 79.75 78.95 78.32 77.81 77.41 77.11 76.90 68.32 68.27 59.81 51.38 34.38 0.00 0.00 0.00 
0.00 318.30 785.67 930.65 1065.77 1194.86 1319.02 1295.44 1271.25 1383.91 1356.85 1328.81 1300.00 1270.47 1240.27 1209.47 1178.11 1146.23 1113.90 1081.14 1047.99 1014.49 980.67 946.56 912.19 877.61 842.86 807.97 773.00 738.01 703.07 668.26 633.68 599.43 565.62 532.38 499.85 468.17 437.48 407.92 379.61 352.68 327.21 303.27 280.93 260.19 241.07 223.52 207.51 192.98 179.85 168.03 157.43 147.97 139.55 132.08 125.47 119.65 114.52 110.03 106.10 102.68 99.71 97.15 94.94 93.06 91.46 90.11 88.99 88.07 87.31 86.71 86.24 77.42 77.16 77.00 68.46 59.96 51.49 43.03 17.30 0.00 0.00 
0.00 638.90 948.55 1088.14 1219.60 1345.08 1321.27 1438.93 1412.56 1384.82 1356.82 1328.26 1299.12 1269.40 1239.10 1208.25 1176.88 1145.02 1112.72 1080.01 1046.92 1013.48 979.74 945.72 911.46 876.99 842.37 807.62 772.82 738.01 703.28 668.69 634.35 600.36 566.82 533.86 501.62 470.21 439.79 410.47 382.39 355.64 330.32 306.50 284.22 263.51 244.37 226.77 210.67 196.03 182.76 170.79 160.03 150.40 141.81 134.16 127.39 121.40 116.12 111.48 107.41 103.87 100.78 98.11 95.81 93.83 92.15 90.73 89.54 88.55 87.74 87.09 86.57 86.16 85.87 77.21 77.10 68.59 60.12 51.66 34.59 0.00 0.00 
0.00 643.58 953.79 1091.62 1222.59 1347.45 1322.83 1440.16 1413.17 1385.15 1356.60 1327.66 1298.30 1268.44 1238.07 1207.18 1175.80 1143.96 1111.69 1079.02 1045.98 1012.61 978.93 944.99 910.82 876.46 841.95 807.34 772.68 738.04 703.48 669.10 634.97 601.21 567.91 535.20 503.20 472.05 441.86 412.76 384.87 358.29 333.10 309.38 287.16 266.47 247.32 229.67 213.50 198.76 185.37 173.26 162.36 152.58 143.83 136.04 129.11 122.97 117.56 112.79 108.60 104.94 101.75 98.98 96.59 94.53 92.78 91.29 90.03 88.99 88.13 87.43 86.86 86.41 86.08 77.39 77.24 68.70 60.19 51.70 34.58 0.00 0.00 
0.00 809.45 957.54 1247.52 1225.39 1349.41 1468.83 1441.61 1413.79 1385.22 1356.23 1327.10 1297.63 1267.71 1237.30 1206.39 1175.01 1143.18 1110.93 1078.29 1045.29 1011.96 978.34 944.46 910.36 876.08 841.66 807.15 772.61 738.10 703.68 669.45 635.49 601.90 568.79 536.27 504.46 473.49 443.47 414.54 386.80 360.34 335.26 311.60 289.43 268.76 249.60 231.92 215.69 200.87 187.39 175.18 164.17 154.27 145.41 137.49 130.45 124.20 118.68 113.81 109.53 105.78 102.51 99.66 97.20 95.08 93.27 91.72 90.42 89.33 88.43 87.69 87.10 86.61 86.24 85.98 77.35 68.78 68.76 51.72 43.19 0.00 0.00 
0.00 813.86 1039.18 1249.96 1227.24 1350.86 1469.88 1442.48 1414.21 1385.25 1490.04 1459.27 1427.47 1394.82 1361.47 1327.50 1292.97 1257.93 1222.43 1186.50 1150.18 1113.51 1076.51 1039.24 1001.72 964.00 926.12 888.15 850.13 812.14 774.26 736.56 699.16 662.15 625.66 589.81 554.74 520.59 487.50 455.59 425.00 395.83 368.18 342.12 317.70 294.94 273.85 254.41 236.58 220.30 205.50 192.11 180.04 169.19 159.48 150.81 143.11 136.27 130.23 124.90 120.22 116.12 112.54 109.43 106.74 104.43 102.45 100.76 99.34 98.16 97.19 96.40 87.25 86.75 86.35 86.06 77.41 77.30 68.77 60.27 43.18 8.68 0.00 
0.00 816.05 1040.84 1251.41 1228.33 1351.81 1470.67 1443.06 1414.59 1385.49 1490.17 1459.31 1427.43 1394.73 1361.33 1327.33 1292.79 1257.74 1222.23 1186.31 1150.00 1113.34 1076.36 1039.11 1001.62 963.93 926.10 888.16 850.20 812.26 774.43 736.79 699.45 662.51 626.08 590.30 555.30 521.21 488.17 456.31 425.77 396.63 369.01 342.97 318.56 295.80 274.70 255.25 237.39 221.08 206.25 192.82 180.71 169.82 160.06 151.36 143.60 136.73 130.64 125.28 120.56 116.43 112.82 109.68 106.97 104.63 102.62 100.92 99.48 98.28 97.29 96.49 87.32 86.81 86.40 86.09 77.43 77.31 68.76 60.25 43.14 8.68 0.00 
0.00 815.88 962.22 1251.84 1228.74 1352.30 1471.18 1443.34 1414.92 1385.91 1356.59 1327.19 1297.51 1267.42 1236.89 1205.90 1174.46 1142.60 1110.34 1077.71 1044.73 1011.45 977.89 944.09 910.07 875.89 841.58 807.20 772.80 738.44 704.19 670.14 636.36 602.96 570.04 537.71 506.09 475.30 445.46 416.68 389.08 362.73 337.73 314.14 291.99 271.32 252.13 234.40 218.11 203.20 189.62 177.29 166.16 156.13 147.14 139.10 131.93 125.56 119.92 114.93 110.55 106.70 103.33 100.40 97.86 95.67 93.79 92.19 90.83 89.69 88.74 87.96 87.32 86.80 86.38 86.07 77.40 68.79 68.72 51.65 43.09 0.00 0.00 
0.00 652.88 961.19 1098.12 1228.25 1352.29 1326.39 1443.03 1415.11 1386.28 1357.14 1327.76 1298.04 1267.91 1237.34 1206.31 1174.85 1142.96 1110.68 1078.03 1045.04 1011.74 978.17 944.35 910.32 876.12 841.80 807.40 772.98 738.59 704.32 670.23 636.41 602.97 570.00 537.62 505.94 475.10 445.20 416.36 388.70 362.31 337.26 313.64 291.47 270.78 251.58 233.85 217.56 202.66 189.10 176.80 165.69 155.69 146.73 138.71 131.57 125.23 119.62 114.66 110.30 106.47 103.13 100.21 97.69 95.51 93.65 92.05 90.71 89.58 88.63 87.86 87.22 86.70 86.29 77.53 77.32 68.71 60.13 51.57 34.43 0.00 0.00 
0.00 648.70 959.69 1097.27 1227.45 1351.77 1326.29 1442.95 1415.28 1386.51 1357.64 1328.42 1298.79 1268.69 1238.12 1207.08 1175.59 1143.67 1111.35 1078.67 1045.65 1012.31 978.71 944.85 910.79 876.55 842.18 807.73 773.24 738.79 704.43 670.25 636.33 602.78 569.69 537.18 505.37 474.39 444.36 415.40 387.62 361.12 335.99 312.29 290.07 269.35 250.14 232.42 216.16 201.30 187.78 175.55 164.50 154.58 145.69 137.75 130.69 124.42 118.87 113.98 109.68 105.91 102.62 99.75 97.27 95.14 93.31 91.75 90.43 89.32 88.41 87.65 87.04 86.54 86.15 77.40 77.20 68.60 60.03 51.48 34.37 0.00 0.00 
0.00 323.69 798.83 940.76 1074.60 1202.51 1325.45 1300.04 1274.28 1386.03 1357.96 1329.11 1299.66 1269.66 1239.12 1208.08 1176.57 1144.62 1112.26 1079.53 1046.47 1013.09 979.43 945.53 911.41 877.11 842.67 808.14 773.56 739.00 704.53 670.21 636.15 602.43 569.17 536.48 504.49 473.32 443.10 413.96 386.02 359.37 334.12 310.33 288.04 267.28 248.06 230.36 214.14 199.34 185.90 173.75 162.81 152.99 144.21 136.38 129.43 123.26 117.81 113.02 108.80 105.11 101.90 99.10 96.69 94.61 92.83 91.32 90.04 88.98 88.10 87.38 86.81 77.86 77.50 77.23 68.57 59.97 51.39 42.84 17.16 0.00 0.00 
0.00 0.00 636.17 938.08 1072.79 1201.29 1179.30 1299.22 1274.42 1248.57 1222.31 1196.32 1169.93 1143.01 1115.57 1087.65 1059.29 1030.53 1001.40 971.93 942.15 912.09 881.78 851.25 820.53 789.64 758.62 727.51 696.37 665.23 634.16 603.24 572.53 542.13 512.14 482.66 453.80 425.68 398.42 372.13 346.92 322.89 300.12 278.67 258.59 239.89 222.58 206.65 192.05 178.75 166.68 155.77 145.96 137.15 129.28 122.27 116.05 110.53 105.66 101.37 97.61 94.32 91.45 88.96 86.80 84.95 83.37 82.02 80.89 79.95 79.17 78.54 78.03 77.62 77.28 68.57 68.39 59.81 51.26 34.20 0.00 0.00 0.00 
0.00 0.00 158.23 624.78 918.71 1050.88 1031.88 1154.94 1132.95 1109.84 1221.90 1196.97 1171.00 1144.26 1116.89 1088.97 1060.58 1031.78 1002.59 973.07 943.23 913.12 882.74 852.14 821.34 790.36 759.25 728.03 696.76 665.48 634.24 603.13 572.22 541.60 511.36 481.62 452.50 424.12 396.60 370.06 344.63 320.40 297.46 275.89 255.72 236.97 219.66 203.76 189.23 176.02 164.07 153.29 143.62 134.97 127.25 120.39 114.32 108.95 104.21 100.06 96.42 93.24 90.47 88.07 86.01 84.23 82.72 81.45 80.37 79.49 78.76 78.19 69.23 68.87 68.58 59.89 59.73 51.17 34.12 8.53 0.00 0.00 0.00 
0.00 0.00 0.00 310.56 612.97 899.19 883.80 1010.38 991.58 1109.46 1087.23 1064.71 1041.58 1017.82 993.49 968.67 943.41 917.78 891.81 865.54 838.99 812.19 785.16 757.93 730.51 702.94 675.23 647.43 619.57 591.70 563.86 536.12 508.54 481.20 454.21 427.64 401.62 376.26 351.66 327.95 305.23 283.59 263.11 243.86 225.88 209.19 193.80 179.67 166.79 155.09 144.51 135.00 126.47 118.86 112.07 106.06 100.73 96.03 91.89 88.26 85.09 82.32 79.91 77.83 76.04 74.50 73.20 72.09 71.17 70.41 69.79 69.30 68.91 60.11 59.85 51.20 51.07 34.05 17.00 0.00 0.00 0.00 0.00 
0.00 0.00 0.00 0.00 0.00 597.31 735.05 865.64 850.34 833.24 951.13 932.06 912.03 891.30 870.02 848.28 826.16 803.70 780.95 757.93 734.67 711.19 687.51 663.65 639.62 615.46 591.17 566.80 542.36 517.90 493.46 469.10 444.86 420.83 397.09 373.71 350.81 328.47 306.82 285.93 265.93 246.88 228.87 211.96 196.18 181.54 168.07 155.72 144.47 134.28 125.09 116.83 109.45 102.86 97.01 91.82 87.24 83.20 79.65 76.55 73.83 71.47 69.42 67.64 66.12 64.82 63.71 62.78 62.00 61.36 60.85 60.45 51.62 51.36 51.14 42.53 33.97 8.48 0.00 0.00 0.00 0.00 0.00 
0.00 0.00 0.00 0.00 0.00 0.00 292.33 576.15 567.28 693.96 680.10 666.12 651.72 636.87 621.65 606.11 590.30 574.25 557.99 541.54 524.92 508.15 491.23 474.18 457.01 439.75 422.39 404.97 387.51 370.02 352.55 335.12 317.79 300.60 283.61 266.88 250.48 234.48 218.97 204.01 189.68 176.03 163.14 151.02 139.73 129.26 119.62 110.80 102.77 95.50 88.95 83.07 77.81 73.13 68.97 65.29 62.04 59.18 56.66 54.46 52.54 50.87 49.42 48.17 47.10 46.18 45.40 44.74 44.20 43.75 43.39 43.10 42.89 34.18 33.99 16.95 0.00 0.00 0.00 0.00 0.00 0.00 0.00 
0.00 0.00 0.00 0.00 0.00 0.00 0.00 0.00 0.00 0.00 134.49 132.76 130.31 127.53 124.55 121.47 118.31 115.10 111.84 108.54 105.20 101.84 98.44 95.02 91.57 88.10 84.62 81.11 77.60 74.07 70.54 67.02 63.51 60.03 56.58 53.17 49.84 46.58 43.41 40.37 37.45 34.67 32.06 29.61 27.33 25.22 23.30 21.54 19.95 18.52 17.24 16.09 15.07 14.17 13.37 12.67 12.05 11.51 11.04 10.63 10.27 9.96 9.69 9.46 9.26 9.09 8.95 8.83 8.74 8.66 8.60 8.57 0.00 0.00 0.00 0.00 0.00 0.00 0.00 0.00 0.00 0.00 0.00 
0.00 0.00 0.00 0.00 0.00 0.00 0.00 0.00 0.00 0.00 0.00 0.00 0.00 0.00 0.00 0.00 0.00 0.00 0.00 0.00 0.00 0.00 0.00 0.00 0.00 0.00 0.00 0.00 0.00 0.00 0.00 0.00 0.00 0.00 0.00 0.00 0.00 0.00 0.00 0.00 0.00 0.00 0.00 0.00 0.00 0.00 0.00 0.00 0.00 0.00 0.00 0.00 0.00 0.00 0.00 0.00 0.00 0.00 0.00 0.00 0.00 0.00 0.00 0.00 0.00 0.00 0.00 0.00 0.00 0.00 0.00 0.00 0.00 0.00 0.00 0.00 0.00 0.00 0.00 0.00 0.00 0.00 0.00 
