0.00 0.00 0.00 0.00 0.00 0.00 0.00 0.00 0.00 0.00 63.10 61.89 60.22 58.35 56.38 54.40 52.41 50.45 48.53 46.65 44.81 43.03 41.30 39.63 38.02 36.46 34.97 33.54 32.17 30.87 29.62 28.44 27.32 26.25 25.25 24.30 23.41 22.57 21.78 21.04 20.36 19.71 19.11 18.56 18.04 17.56 17.12 16.71 16.34 15.99 15.67 15.39 15.12 14.88 14.66 14.47 14.29 14.13 13.99 13.87 13.77 13.67 13.59 13.53 13.48 13.43 13.40 13.38 13.37 13.36 13.36 13.37 0.00 0.00 0.00 0.00 0.00 0.00 0.00 0.00 0.00 0.00 0.00 
0.00 0.00 0.00 0.00 0.00 0.00 142.01 278.40 273.09 331.61 322.22 312.56 302.59 292.45 282.25 272.11 262.08 252.21 242.53 233.09 223.89 214.95 206.30 197.93 189.85 182.08 174.62 167.46 160.62 154.09 147.87 141.95 136.34 131.03 126.01 121.27 116.81 112.62 108.70 105.02 101.58 98.38 95.39 92.61 90.04 87.66 85.45 83.42 81.54 79.82 78.25 76.80 75.49 74.30 73.21 72.24 71.36 70.58 69.89 69.28 68.75 68.29 67.90 67.58 67.32 67.11 66.96 66.86 66.80 66.78 66.80 66.85 66.94 53.65 53.75 26.93 0.00 0.00 0.00 0.00 0.00 0.00 0.00 
0.00 0.00 0.00 0.00 0.00 293.10 359.50 421.04 410.96 399.11 450.45 437.16 423.33 409.25 395.10 381.01 367.07 353.35 339.90 326.76 313.95 301.51 289.45 277.78 266.52 255.68 245.26 235.27 225.71 216.58 207.87 199.60 191.74 184.30 177.26 170.62 164.37 158.48 152.97 147.80 142.96 138.45 134.24 130.33 126.70 123.34 120.23 117.35 114.71 112.27 110.04 108.00 106.13 104.44 102.90 101.52 100.27 99.16 98.17 97.30 96.54 95.89 95.33 94.86 94.48 94.18 93.95 93.79 93.69 93.66 93.67 93.72 80.44 80.55 80.68 67.39 54.06 13.56 0.00 0.00 0.00 0.00 0.00 
0.00 0.00 0.00 154.62 304.15 444.84 435.15 492.88 479.77 531.04 515.30 499.57 483.65 467.61 451.54 435.57 419.76 404.21 388.95 374.03 359.49 345.36 331.65 318.38 305.57 293.23 281.36 269.98 259.08 248.66 238.73 229.28 220.30 211.79 203.74 196.14 188.97 182.23 175.90 169.96 164.40 159.22 154.38 149.87 145.69 141.81 138.22 134.90 131.84 129.02 126.44 124.07 121.91 119.95 118.16 116.55 115.10 113.81 112.65 111.63 110.74 109.97 109.31 108.76 108.30 107.93 107.65 107.45 107.32 107.26 107.26 107.30 107.39 94.13 94.27 81.00 81.18 54.32 27.25 0.00 0.00 0.00 0.00 
0.00 0.00 0.00 312.33 459.64 522.39 509.24 564.23 548.58 532.10 579.23 561.82 544.00 526.02 508.03 490.17 472.50 455.12 438.06 421.38 405.12 389.30 373.96 359.10 344.75 330.92 317.61 304.84 292.61 280.91 269.75 259.13 249.03 239.45 230.39 221.82 213.74 206.13 198.98 192.28 186.00 180.13 174.65 169.55 164.81 160.41 156.33 152.56 149.08 145.88 142.94 140.25 137.79 135.54 133.51 131.67 130.01 128.52 127.20 126.03 125.01 124.11 123.35 122.70 122.17 121.74 121.40 121.16 120.99 120.90 120.88 120.91 107.61 107.73 107.89 94.64 94.85 81.56 54.60 13.70 0.00 0.00 0.00 
0.00 0.00 321.72 473.64 538.96 598.40 582.68 635.30 617.47 598.99 580.33 562.20 544.14 526.11 508.18 490.40 472.85 455.58 438.64 422.07 405.91 390.19 374.93 360.15 345.87 332.10 318.84 306.11 293.91 282.24 271.10 260.48 250.39 240.81 231.73 223.15 215.05 207.42 200.24 193.51 187.19 181.29 175.78 170.64 165.85 161.41 157.30 153.49 149.97 146.73 143.75 141.02 138.52 136.24 134.17 132.30 130.61 129.10 127.74 126.55 125.49 124.58 123.79 123.11 122.56 122.10 121.74 121.47 121.29 121.18 121.13 121.15 121.22 121.34 121.51 108.28 108.51 95.26 81.96 54.91 0.00 0.00 0.00 
0.00 164.84 405.68 477.88 541.55 600.29 655.19 636.67 618.06 664.94 645.03 624.91 604.77 584.70 564.77 545.05 525.59 506.47 487.71 469.38 451.49 434.08 417.18 400.81 384.99 369.73 355.03 340.92 327.38 314.43 302.07 290.28 279.07 268.42 258.33 248.79 239.78 231.29 223.30 215.79 208.76 202.18 196.03 190.29 184.96 180.00 175.40 171.14 167.21 163.58 160.25 157.19 154.39 151.83 149.51 147.41 145.51 143.81 142.29 140.94 139.75 138.71 137.82 137.06 136.42 135.90 135.48 135.17 134.95 134.81 134.75 134.75 134.81 121.54 121.69 121.89 108.65 95.38 82.07 68.69 27.64 0.00 0.00 
0.00 330.74 490.35 558.24 619.24 675.32 656.57 706.75 686.64 665.91 645.45 625.10 604.88 584.80 564.91 545.27 525.91 506.88 488.23 469.98 452.19 434.87 418.05 401.74 385.98 370.77 356.12 342.05 328.54 315.62 303.27 291.49 280.28 269.64 259.54 249.98 240.96 232.44 224.43 216.90 209.84 203.22 197.04 191.27 185.90 180.90 176.27 171.98 168.01 164.35 160.98 157.89 155.05 152.47 150.12 147.98 146.06 144.33 142.78 141.40 140.19 139.13 138.21 137.43 136.77 136.23 135.79 135.46 135.21 135.06 134.97 134.96 135.01 135.11 135.26 122.03 122.26 109.03 95.76 82.42 55.25 0.00 0.00 
0.00 333.10 492.91 559.62 620.55 676.44 657.33 707.48 687.09 666.34 645.64 625.17 604.90 584.85 565.03 545.46 526.18 507.24 488.68 470.52 452.81 435.56 418.81 402.57 386.87 371.70 357.10 343.05 329.58 316.67 304.34 292.57 281.37 270.72 260.62 251.05 242.01 233.48 225.45 217.89 210.80 204.16 197.95 192.15 186.75 181.72 177.05 172.73 168.73 165.04 161.64 158.51 155.65 153.04 150.66 148.50 146.55 144.79 143.22 141.82 140.59 139.50 138.57 137.76 137.08 136.52 136.07 135.71 135.45 135.27 135.18 135.14 135.17 135.26 135.39 122.14 122.35 109.10 95.79 82.42 55.20 0.00 0.00 
0.00 418.26 493.86 638.31 621.67 677.21 729.04 708.33 687.49 666.48 645.59 625.08 604.85 584.86 565.09 545.59 526.39 507.52 489.02 470.93 453.28 436.09 419.39 403.20 387.54 372.41 357.84 343.82 330.37 317.48 305.16 293.41 282.20 271.56 261.45 251.88 242.83 234.28 226.23 218.66 211.55 204.89 198.66 192.84 187.41 182.36 177.66 173.31 169.29 165.57 162.15 159.00 156.12 153.49 151.08 148.90 146.93 145.16 143.57 142.15 140.90 139.80 138.84 138.02 137.32 136.75 136.28 135.91 135.63 135.44 135.33 135.28 135.30 135.37 135.49 135.66 122.41 109.13 109.39 82.40 68.89 0.00 0.00 
0.00 419.35 534.78 638.87 622.16 677.66 729.37 708.71 687.66 666.47 708.35 686.74 664.94 643.13 621.46 600.02 578.88 558.10 537.73 517.81 498.38 479.45 461.07 443.25 426.02 409.38 393.34 377.92 363.12 348.95 335.40 322.47 310.15 298.44 287.33 276.81 266.86 257.47 248.62 240.30 232.49 225.17 218.32 211.93 205.96 200.42 195.26 190.49 186.07 181.99 178.23 174.77 171.61 168.71 166.08 163.68 161.52 159.57 157.83 156.27 154.90 153.69 152.64 151.74 150.98 150.34 149.83 149.43 149.12 148.91 148.78 148.73 135.38 135.44 135.54 135.69 122.43 122.67 109.37 96.02 68.85 13.87 0.00 
0.00 419.40 534.81 639.06 622.32 677.87 729.58 708.86 687.75 666.52 708.38 686.75 664.95 643.15 621.48 600.06 578.94 558.18 537.83 517.93 498.52 479.62 461.26 443.46 426.24 409.61 393.59 378.19 363.40 349.23 335.69 322.76 310.45 298.75 287.64 277.11 267.16 257.77 248.91 240.59 232.77 225.44 218.59 212.18 206.21 200.66 195.49 190.71 186.28 182.19 178.42 174.96 171.78 168.88 166.24 163.84 161.66 159.71 157.96 156.39 155.01 153.80 152.74 151.83 151.06 150.42 149.90 149.49 149.18 148.96 148.83 148.77 135.40 135.46 135.55 135.69 122.42 122.63 109.32 95.96 68.79 13.86 0.00 
0.00 418.90 494.08 639.01 622.31 677.94 729.69 708.80 687.76 666.63 645.68 625.13 604.88 584.89 565.16 545.70 526.55 507.74 489.31 471.28 453.70 436.58 419.94 403.81 388.20 373.12 358.59 344.61 331.19 318.33 306.03 294.29 283.10 272.46 262.35 252.78 243.72 235.16 227.10 219.51 212.39 205.70 199.45 193.60 188.15 183.07 178.35 173.97 169.92 166.18 162.73 159.56 156.65 153.99 151.56 149.36 147.36 145.56 143.95 142.51 141.24 140.11 139.14 138.30 137.58 136.98 136.49 136.10 135.80 135.59 135.46 135.39 135.38 135.43 135.51 135.64 122.36 109.04 109.25 82.22 68.70 0.00 0.00 
0.00 335.15 493.72 560.83 621.96 677.85 658.32 708.31 687.62 666.60 645.76 625.21 604.93 584.90 565.12 545.63 526.45 507.62 489.16 471.12 453.52 436.38 419.73 403.59 387.97 372.89 358.36 344.38 330.96 318.10 305.80 294.06 282.87 272.23 262.13 252.56 243.50 234.96 226.90 219.32 212.20 205.52 199.27 193.43 187.98 182.91 178.20 173.83 169.79 166.05 162.60 159.44 156.53 153.88 151.46 149.26 147.27 145.47 143.86 142.43 141.15 140.04 139.06 138.22 137.51 136.91 136.42 136.04 135.74 135.53 135.39 135.32 135.31 135.35 135.42 122.11 122.27 108.95 95.57 82.13 54.90 0.00 0.00 
0.00 333.40 493.45 560.76 621.67 677.56 658.20 708.07 687.45 666.35 645.65 625.16 604.89 584.83 565.01 545.47 526.24 507.36 488.86 470.77 453.13 435.96 419.28 403.11 387.47 372.37 357.82 343.83 330.40 317.54 305.23 293.49 282.31 271.67 261.58 252.01 242.97 234.43 226.39 218.82 211.71 205.05 198.82 192.99 187.56 182.51 177.81 173.46 169.43 165.71 162.28 159.13 156.24 153.60 151.19 149.00 147.02 145.24 143.64 142.21 140.95 139.84 138.88 138.05 137.34 136.75 136.27 135.89 135.60 135.39 135.26 135.19 135.18 135.23 135.31 122.00 122.15 108.83 95.47 82.05 54.87 0.00 0.00 
0.00 166.40 411.25 481.31 544.66 603.10 657.59 638.26 618.99 665.53 645.30 624.99 604.77 584.71 564.85 545.25 525.96 507.00 488.44 470.29 452.59 435.37 418.65 402.44 386.77 371.64 357.07 343.06 329.62 316.74 304.43 292.69 281.51 270.88 260.79 251.24 242.21 233.69 225.66 218.11 211.02 204.38 198.17 192.37 186.96 181.93 177.26 172.93 168.92 165.22 161.81 158.68 155.81 153.19 150.80 148.63 146.67 144.90 143.32 141.91 140.66 139.57 138.62 137.80 137.10 136.53 136.06 135.68 135.40 135.21 135.08 135.03 135.02 121.67 121.75 121.85 108.52 95.16 81.76 68.30 27.42 0.00 0.00 
0.00 0.00 327.50 480.26 543.94 602.51 585.47 637.46 618.76 599.63 580.60 562.26 544.12 526.10 508.25 490.60 473.22 456.15 439.42 423.07 407.12 391.61 376.54 361.95 347.83 334.21 321.09 308.48 296.38 284.79 273.71 263.14 253.08 243.52 234.44 225.85 217.73 210.06 202.84 196.06 189.69 183.72 178.13 172.92 168.06 163.54 159.34 155.45 151.86 148.53 145.47 142.66 140.09 137.73 135.59 133.64 131.88 130.30 128.88 127.61 126.50 125.51 124.66 123.93 123.31 122.79 122.37 122.04 121.79 121.61 121.50 121.46 121.46 121.51 121.58 108.25 108.37 95.02 81.63 54.56 0.00 0.00 0.00 
0.00 0.00 81.35 320.20 466.10 527.27 512.35 566.59 549.91 532.72 579.56 561.88 543.93 525.94 508.04 490.32 472.85 455.68 438.86 422.42 406.40 390.82 375.69 361.04 346.88 333.21 320.06 307.42 295.30 283.70 272.61 262.04 251.98 242.42 233.36 224.78 216.67 209.03 201.84 195.07 188.73 182.79 177.24 172.06 167.23 162.74 158.58 154.72 151.15 147.86 144.83 142.05 139.50 137.17 135.06 133.13 131.40 129.84 128.44 127.20 126.10 125.14 124.30 123.59 122.98 122.48 122.08 121.77 121.53 121.37 121.27 121.23 107.87 107.91 107.97 94.63 94.72 81.34 54.35 13.63 0.00 0.00 0.00 
0.00 0.00 0.00 158.72 311.43 450.92 438.67 495.49 481.13 531.83 515.55 499.51 483.46 467.43 451.48 435.68 420.10 404.79 389.80 375.14 360.86 346.98 333.50 320.45 307.84 295.68 283.97 272.72 261.94 251.62 241.76 232.37 223.42 214.93 206.88 199.26 192.07 185.28 178.90 172.90 167.28 162.01 157.09 152.50 148.23 144.26 140.57 137.16 134.00 131.09 128.41 125.95 123.70 121.65 119.78 118.09 116.55 115.18 113.95 112.85 111.89 111.04 110.31 109.68 109.15 108.72 108.37 108.09 107.89 107.75 107.67 107.65 107.67 94.32 94.36 81.00 81.07 54.17 27.14 0.00 0.00 0.00 0.00 
0.00 0.00 0.00 0.00 0.00 298.99 364.38 424.21 412.45 399.61 450.54 436.92 422.98 408.94 394.94 381.07 367.38 353.94 340.77 327.90 315.37 303.18 291.36 279.92 268.86 258.20 247.94 238.09 228.64 219.60 210.97 202.75 194.93 187.50 180.46 173.80 167.52 161.59 156.02 150.78 145.88 141.29 137.00 133.00 129.27 125.81 122.60 119.63 116.89 114.36 112.03 109.89 107.94 106.16 104.53 103.06 101.74 100.54 99.48 98.53 97.70 96.97 96.33 95.80 95.34 94.97 94.67 94.44 94.27 94.16 94.09 94.07 80.71 80.74 80.76 67.38 53.97 13.52 0.00 0.00 0.00 0.00 0.00 
0.00 0.00 0.00 0.00 0.00 0.00 144.36 281.92 275.09 332.39 322.18 312.17 302.13 292.07 282.04 272.12 262.33 252.71 243.30 234.10 225.14 216.42 207.97 199.79 191.89 184.27 176.94 169.90 163.15 156.70 150.53 144.66 139.07 133.77 128.74 123.99 119.50 115.27 111.29 107.56 104.06 100.78 97.72 94.87 92.21 89.75 87.46 85.34 83.39 81.58 79.93 78.40 77.01 75.74 74.59 73.54 72.60 71.75 70.99 70.32 69.72 69.20 68.75 68.37 68.05 67.79 67.57 67.41 67.29 67.21 67.17 67.15 67.17 53.78 53.75 26.90 0.00 0.00 0.00 0.00 0.00 0.00 0.00 
0.00 0.00 0.00 0.00 0.00 0.00 0.00 0.00 0.00 0.00 63.12 61.89 60.19 58.29 56.32 54.34 52.37 50.43 48.53 46.68 44.87 43.11 41.41 39.77 38.18 36.64 35.17 33.76 32.41 31.11 29.88 28.70 27.58 26.53 25.52 24.58 23.68 22.84 22.05 21.31 20.61 19.97 19.36 18.80 18.27 17.78 17.33 16.92 16.53 16.18 15.85 15.55 15.28 15.03 14.81 14.60 14.42 14.26 14.11 13.98 13.86 13.76 13.68 13.61 13.54 13.49 13.46 13.43 13.41 13.39 13.39 13.39 0.00 0.00 0.00 0.00 0.00 0.00 0.00 0.00 0.00 0.00 0.00 
0.00 0.00 0.00 0.00 0.00 0.00 0.00 0.00 0.00 0.00 0.00 0.00 0.00 0.00 0.00 0.00 0.00 0.00 0.00 0.00 0.00 0.00 0.00 0.00 0.00 0.00 0.00 0.00 0.00 0.00 0.00 0.00 0.00 0.00 0.00 0.00 0.00 0.00 0.00 0.00 0.00 0.00 0.00 0.00 0.00 0.00 0.00 0.00 0.00 0.00 0.00 0.00 0.00 0.00 0.00 0.00 0.00 0.00 0.00 0.00 0.00 0.00 0.00 0.00 0.00 0.00 0.00 0.00 0.00 0.00 0.00 0.00 0.00 0.00 0.00 0.00 0.00 0.00 0.00 0.00 0.00 0.00 0.00 
