0.00 0.00 0.00 0.00 0.00 0.00 0.00 0.00 0.00 0.00 31.53 33.17 35.29 37.46 39.51 41.37 43.04 44.53 45.85 47.02 48.07 49.01 49.85 50.61 51.30 51.93 52.50 53.01 53.49 53.92 54.32 54.68 55.02 55.32 55.61 55.87 56.12 56.34 56.55 56.75 56.94 57.11 57.28 57.43 57.58 57.72 57.86 58.00 58.12 58.25 58.38 58.50 58.62 58.74 58.87 58.99 59.11 59.24 59.37 59.49 59.63 59.76 59.90 60.03 60.17 60.32 60.46 60.60 60.75 60.88 61.01 61.09 0.00 0.00 0.00 0.00 0.00 0.00 0.00 0.00 0.00 0.00 0.00 
0.00 0.00 0.00 0.00 0.00 0.00 39.09 86.55 94.76 133.79 148.31 162.30 175.43 187.40 198.09 207.55 215.89 223.25 229.77 235.56 240.74 245.37 249.55 253.31 256.72 259.82 262.64 265.20 267.55 269.70 271.67 273.47 275.14 276.67 278.08 279.39 280.61 281.73 282.78 283.77 284.69 285.55 286.37 287.15 287.89 288.60 289.29 289.95 290.59 291.23 291.85 292.46 293.07 293.68 294.29 294.90 295.52 296.14 296.78 297.42 298.07 298.74 299.42 300.11 300.82 301.53 302.26 302.99 303.73 304.47 305.20 305.92 306.64 245.95 246.43 123.47 0.00 0.00 0.00 0.00 0.00 0.00 0.00 
0.00 0.00 0.00 0.00 0.00 66.14 91.61 124.70 139.99 158.08 206.99 225.53 243.30 259.71 274.53 287.78 299.57 310.03 319.35 327.66 335.09 341.77 347.78 353.22 358.14 362.61 366.67 370.38 373.76 376.86 379.70 382.31 384.70 386.91 388.95 390.83 392.58 394.20 395.72 397.13 398.45 399.70 400.88 401.99 403.06 404.07 405.05 406.00 406.92 407.82 408.71 409.58 410.45 411.31 412.17 413.04 413.91 414.80 415.69 416.60 417.52 418.45 419.40 420.37 421.35 422.35 423.36 424.38 425.41 426.43 427.44 428.41 368.18 369.07 369.87 309.01 247.79 62.12 0.00 0.00 0.00 0.00 0.00 
0.00 0.00 0.00 24.42 53.73 92.94 105.19 143.44 162.48 211.20 233.62 254.87 274.87 293.35 310.17 325.33 338.91 351.05 361.92 371.65 380.39 388.26 395.35 401.77 407.58 412.87 417.68 422.06 426.06 429.73 433.08 436.16 439.00 441.61 444.01 446.24 448.30 450.21 452.00 453.66 455.22 456.69 458.08 459.39 460.64 461.84 462.98 464.09 465.17 466.23 467.26 468.27 469.28 470.28 471.29 472.29 473.30 474.32 475.35 476.39 477.44 478.52 479.60 480.71 481.83 482.97 484.12 485.28 486.44 487.60 488.75 489.89 491.03 430.80 431.79 371.12 371.97 248.77 124.70 0.00 0.00 0.00 0.00 
0.00 0.00 0.00 46.19 77.28 105.49 121.82 163.11 184.93 208.11 261.43 284.27 306.21 326.69 345.46 362.49 377.85 391.67 404.09 415.25 425.31 434.38 442.58 450.00 456.74 462.86 468.43 473.52 478.16 482.41 486.30 489.88 493.16 496.18 498.97 501.55 503.94 506.16 508.23 510.15 511.96 513.66 515.26 516.77 518.22 519.59 520.92 522.20 523.44 524.64 525.83 526.99 528.14 529.29 530.43 531.57 532.72 533.87 535.04 536.22 537.41 538.62 539.85 541.09 542.35 543.62 544.91 546.21 547.51 548.80 550.08 551.34 491.39 492.58 493.72 433.24 434.28 373.31 249.71 62.60 0.00 0.00 0.00 
0.00 0.00 39.11 65.38 88.89 120.54 139.51 183.23 207.31 232.54 257.52 280.76 302.60 322.91 341.58 358.61 374.06 388.03 400.65 412.05 422.34 431.66 440.10 447.75 454.70 461.02 466.78 472.04 476.84 481.23 485.26 488.95 492.35 495.47 498.36 501.02 503.49 505.78 507.91 509.90 511.77 513.51 515.16 516.73 518.21 519.63 520.98 522.30 523.56 524.80 526.01 527.20 528.37 529.53 530.69 531.85 533.01 534.18 535.35 536.54 537.74 538.95 540.18 541.42 542.68 543.95 545.23 546.52 547.81 549.11 550.40 551.70 553.03 554.35 555.64 495.30 496.50 435.75 374.70 250.70 0.00 0.00 0.00 
0.00 16.97 46.63 62.80 87.93 119.94 158.35 181.72 206.01 258.51 284.55 309.95 334.04 356.49 377.17 396.06 413.25 428.83 442.94 455.72 467.29 477.77 487.29 495.93 503.79 510.94 517.47 523.42 528.86 533.84 538.41 542.60 546.45 550.00 553.27 556.29 559.09 561.69 564.11 566.36 568.47 570.45 572.32 574.09 575.77 577.37 578.90 580.38 581.81 583.21 584.57 585.90 587.22 588.53 589.83 591.12 592.42 593.72 595.04 596.36 597.69 599.04 600.41 601.79 603.18 604.59 606.01 607.44 608.87 610.31 611.74 613.17 614.57 554.62 555.94 557.27 496.76 435.99 374.93 313.50 125.90 0.00 0.00 
0.00 33.37 53.92 73.84 101.40 136.00 157.58 203.13 228.89 255.85 282.03 307.21 331.05 353.30 373.85 392.72 409.95 425.63 439.90 452.85 464.62 475.31 485.02 493.86 501.90 509.23 515.92 522.03 527.62 532.73 537.42 541.72 545.68 549.32 552.68 555.78 558.66 561.32 563.80 566.11 568.28 570.31 572.22 574.03 575.75 577.39 578.95 580.46 581.92 583.34 584.73 586.08 587.42 588.75 590.06 591.37 592.68 593.99 595.31 596.64 597.98 599.34 600.70 602.08 603.47 604.88 606.29 607.71 609.14 610.57 612.01 613.43 614.86 616.30 617.70 557.50 558.84 498.25 437.37 376.13 251.72 0.00 0.00 
0.00 31.97 52.65 73.74 101.33 135.83 157.40 202.36 227.86 254.19 280.10 304.97 328.51 350.53 370.96 389.77 407.03 422.80 437.19 450.29 462.23 473.09 482.98 491.99 500.20 507.68 514.52 520.77 526.48 531.71 536.51 540.92 544.97 548.70 552.13 555.31 558.25 560.98 563.52 565.88 568.10 570.17 572.13 573.97 575.73 577.40 579.00 580.53 582.02 583.46 584.87 586.24 587.60 588.94 590.27 591.59 592.91 594.24 595.56 596.90 598.24 599.60 600.96 602.34 603.73 605.13 606.54 607.96 609.38 610.80 612.22 613.65 615.07 616.49 617.87 557.63 558.95 498.31 437.35 376.04 251.54 0.00 0.00 
0.00 38.68 52.44 85.63 101.13 135.74 176.62 201.29 226.99 253.12 278.89 303.47 326.72 348.52 368.80 387.56 404.81 420.63 435.10 448.31 460.36 471.34 481.36 490.50 498.83 506.44 513.39 519.75 525.56 530.89 535.77 540.26 544.38 548.18 551.68 554.92 557.91 560.69 563.28 565.69 567.94 570.05 572.04 573.92 575.70 577.40 579.02 580.58 582.09 583.55 584.97 586.37 587.74 589.09 590.43 591.76 593.09 594.42 595.76 597.10 598.44 599.80 601.17 602.54 603.93 605.33 606.73 608.14 609.55 610.96 612.37 613.78 615.21 616.61 618.00 619.39 559.00 498.33 499.53 375.90 314.07 0.00 0.00 
0.00 37.74 57.06 85.61 101.20 135.72 176.53 200.86 226.52 252.61 310.18 335.99 360.94 384.60 406.71 427.19 446.04 463.32 479.12 493.56 506.73 518.74 529.70 539.70 548.82 557.16 564.78 571.75 578.13 583.97 589.34 594.27 598.80 602.97 606.82 610.38 613.67 616.73 619.57 622.22 624.70 627.02 629.21 631.28 633.24 635.10 636.89 638.61 640.26 641.87 643.43 644.97 646.47 647.96 649.43 650.90 652.36 653.82 655.29 656.76 658.24 659.73 661.23 662.74 664.26 665.79 667.33 668.87 670.41 671.94 673.45 674.93 615.26 616.67 618.04 619.40 559.01 560.31 499.44 438.21 313.90 63.08 0.00 
0.00 37.42 57.00 85.57 101.24 135.69 176.40 200.70 226.29 252.27 309.73 335.43 360.29 383.87 405.93 426.37 445.20 462.48 478.29 492.75 505.94 517.99 528.99 539.03 548.20 556.58 564.25 571.26 577.68 583.57 588.97 593.94 598.50 602.71 606.59 610.18 613.50 616.58 619.44 622.11 624.61 626.95 629.16 631.24 633.21 635.09 636.89 638.62 640.28 641.90 643.47 645.01 646.52 648.02 649.50 650.97 652.43 653.90 655.36 656.84 658.32 659.81 661.31 662.82 664.34 665.86 667.39 668.93 670.46 671.98 673.48 674.94 615.26 616.65 618.00 619.33 558.91 560.18 499.27 438.01 313.70 63.07 0.00 
0.00 37.62 52.27 85.46 101.11 135.54 176.25 200.82 226.32 252.12 277.55 301.83 324.80 346.37 366.48 385.13 402.32 418.13 432.62 445.90 458.03 469.13 479.27 488.53 497.00 504.74 511.82 518.30 524.24 529.69 534.69 539.28 543.51 547.40 551.00 554.31 557.39 560.24 562.89 565.36 567.67 569.84 571.88 573.80 575.62 577.36 579.02 580.61 582.15 583.64 585.09 586.50 587.89 589.26 590.62 591.96 593.31 594.64 595.99 597.33 598.68 600.03 601.40 602.77 604.15 605.53 606.92 608.30 609.69 611.07 612.45 613.83 615.20 616.56 617.88 619.19 558.71 497.95 499.03 375.32 313.44 0.00 0.00 
0.00 30.09 52.26 73.52 101.03 135.31 157.00 201.54 226.73 252.55 277.87 302.20 325.25 346.88 367.02 385.65 402.81 418.58 433.02 446.24 458.33 469.37 479.47 488.69 497.13 504.84 511.90 518.36 524.29 529.72 534.71 539.30 543.52 547.40 550.99 554.31 557.38 560.23 562.87 565.34 567.65 569.82 571.85 573.78 575.60 577.34 578.99 580.59 582.12 583.61 585.06 586.47 587.86 589.23 590.58 591.93 593.27 594.61 595.95 597.29 598.64 599.99 601.35 602.72 604.10 605.48 606.86 608.24 609.62 611.00 612.37 613.73 615.07 616.40 617.68 557.32 558.48 497.70 436.57 375.09 250.59 0.00 0.00 
0.00 31.42 52.10 73.01 100.66 135.08 156.76 201.85 227.26 253.64 279.07 303.47 326.61 348.29 368.44 387.04 404.15 419.82 434.17 447.29 459.27 470.21 480.21 489.35 497.71 505.35 512.34 518.75 524.62 530.01 534.96 539.51 543.70 547.56 551.12 554.42 557.47 560.30 562.93 565.38 567.68 569.83 571.85 573.77 575.58 577.30 578.95 580.54 582.06 583.54 584.99 586.39 587.78 589.14 590.49 591.83 593.17 594.50 595.84 597.18 598.52 599.87 601.23 602.60 603.97 605.35 606.73 608.11 609.48 610.85 612.21 613.55 614.87 616.19 617.45 557.08 558.22 497.44 436.35 374.92 250.61 0.00 0.00 
0.00 15.95 43.22 61.67 87.08 118.91 156.96 180.27 204.16 255.78 280.94 305.42 328.65 350.40 370.55 389.11 406.12 421.68 435.89 448.86 460.69 471.50 481.36 490.38 498.62 506.16 513.06 519.38 525.18 530.50 535.39 539.88 544.02 547.84 551.36 554.61 557.63 560.43 563.03 565.46 567.73 569.86 571.87 573.76 575.56 577.27 578.90 580.47 581.99 583.45 584.88 586.28 587.66 589.01 590.35 591.69 593.02 594.35 595.68 597.01 598.35 599.70 601.06 602.42 603.79 605.17 606.54 607.92 609.29 610.65 611.99 613.32 614.60 554.50 555.65 556.78 496.07 435.10 373.83 312.24 125.27 0.00 0.00 
0.00 0.00 35.54 61.60 86.61 118.48 138.00 181.20 204.93 229.45 253.51 275.73 296.62 316.14 334.23 350.89 366.15 380.10 392.83 404.44 415.04 424.71 433.54 441.61 448.99 455.74 461.92 467.58 472.78 477.55 481.93 485.96 489.67 493.10 496.26 499.18 501.89 504.40 506.74 508.92 510.96 512.87 514.67 516.37 517.99 519.52 520.99 522.40 523.76 525.08 526.36 527.62 528.85 530.07 531.28 532.48 533.67 534.86 536.06 537.26 538.46 539.68 540.90 542.12 543.35 544.59 545.82 547.05 548.28 549.49 550.69 551.87 553.07 554.24 555.33 494.81 495.76 434.79 373.53 249.61 0.00 0.00 0.00 
0.00 0.00 9.24 40.61 73.39 102.68 120.07 160.89 182.41 204.84 257.07 278.77 299.62 319.18 337.26 353.84 368.97 382.74 395.28 406.69 417.09 426.56 435.21 443.10 450.32 456.93 462.98 468.52 473.61 478.28 482.58 486.53 490.17 493.53 496.63 499.49 502.15 504.62 506.91 509.06 511.06 512.94 514.71 516.38 517.97 519.48 520.92 522.31 523.65 524.95 526.22 527.46 528.68 529.89 531.08 532.27 533.46 534.64 535.83 537.03 538.23 539.43 540.65 541.87 543.10 544.34 545.57 546.80 548.03 549.23 550.41 551.54 491.46 492.49 493.45 432.77 433.58 372.43 248.85 62.38 0.00 0.00 0.00 
0.00 0.00 0.00 21.38 47.67 88.01 102.68 140.78 159.79 207.58 228.96 248.96 267.75 285.22 301.29 315.98 329.34 341.49 352.53 362.57 371.70 380.02 387.62 394.55 400.89 406.69 412.01 416.88 421.36 425.46 429.24 432.72 435.92 438.87 441.60 444.13 446.47 448.64 450.66 452.55 454.31 455.97 457.53 459.00 460.40 461.73 463.01 464.23 465.42 466.56 467.68 468.78 469.86 470.92 471.98 473.03 474.08 475.13 476.18 477.24 478.31 479.38 480.46 481.54 482.64 483.73 484.83 485.92 487.01 488.07 489.12 490.14 491.15 430.76 431.56 370.73 371.38 248.17 124.37 0.00 0.00 0.00 0.00 
0.00 0.00 0.00 0.00 0.00 59.54 86.13 120.93 137.06 154.64 202.31 219.44 235.85 251.15 265.19 277.98 289.59 300.12 309.66 318.33 326.22 333.40 339.95 345.93 351.40 356.41 361.00 365.21 369.07 372.62 375.88 378.89 381.66 384.21 386.57 388.75 390.78 392.66 394.41 396.04 397.57 399.00 400.35 401.63 402.84 403.99 405.10 406.16 407.19 408.18 409.15 410.11 411.04 411.97 412.89 413.80 414.72 415.63 416.55 417.47 418.40 419.34 420.28 421.23 422.18 423.14 424.10 425.06 426.00 426.93 427.83 428.69 368.33 369.07 369.70 308.71 247.42 62.00 0.00 0.00 0.00 0.00 0.00 
0.00 0.00 0.00 0.00 0.00 0.00 35.94 81.57 91.29 130.53 144.39 157.08 168.92 179.86 189.86 198.95 207.19 214.66 221.44 227.59 233.19 238.30 242.95 247.21 251.10 254.66 257.93 260.93 263.68 266.20 268.53 270.67 272.64 274.46 276.14 277.70 279.14 280.48 281.73 282.89 283.98 285.00 285.96 286.87 287.73 288.56 289.34 290.10 290.83 291.54 292.23 292.91 293.58 294.24 294.90 295.55 296.20 296.85 297.51 298.16 298.83 299.50 300.17 300.85 301.53 302.21 302.89 303.58 304.25 304.91 305.56 306.18 306.80 245.97 246.31 123.36 0.00 0.00 0.00 0.00 0.00 0.00 0.00 
0.00 0.00 0.00 0.00 0.00 0.00 0.00 0.00 0.00 0.00 31.39 32.91 34.86 36.86 38.75 40.49 42.07 43.50 44.80 45.98 47.05 48.02 48.92 49.73 50.48 51.16 51.79 52.37 52.90 53.38 53.83 54.24 54.62 54.98 55.30 55.60 55.88 56.14 56.38 56.60 56.82 57.01 57.20 57.38 57.54 57.70 57.85 58.00 58.14 58.28 58.42 58.55 58.68 58.81 58.94 59.07 59.20 59.32 59.45 59.58 59.72 59.85 59.98 60.12 60.26 60.39 60.53 60.66 60.80 60.92 61.03 61.11 0.00 0.00 0.00 0.00 0.00 0.00 0.00 0.00 0.00 0.00 0.00 
0.00 0.00 0.00 0.00 0.00 0.00 0.00 0.00 0.00 0.00 0.00 0.00 0.00 0.00 0.00 0.00 0.00 0.00 0.00 0.00 0.00 0.00 0.00 0.00 0.00 0.00 0.00 0.00 0.00 0.00 0.00 0.00 0.00 0.00 0.00 0.00 0.00 0.00 0.00 0.00 0.00 0.00 0.00 0.00 0.00 0.00 0.00 0.00 0.00 0.00 0.00 0.00 0.00 0.00 0.00 0.00 0.00 0.00 0.00 0.00 0.00 0.00 0.00 0.00 0.00 0.00 0.00 0.00 0.00 0.00 0.00 0.00 0.00 0.00 0.00 0.00 0.00 0.00 0.00 0.00 0.00 0.00 0.00 
