0.00 0.00 0.00 0.00 0.00 0.00 0.00 0.00 0.00 0.00 137.75 136.83 135.50 133.96 132.30 130.55 128.73 126.87 124.95 122.99 120.99 118.95 116.87 114.74 112.58 110.38 108.13 105.83 103.49 101.10 98.66 96.16 93.61 90.99 88.31 85.56 82.73 79.83 76.84 73.77 70.61 67.35 64.01 60.57 57.06 53.48 49.86 46.22 42.59 39.02 35.54 32.21 29.07 26.14 23.45 21.02 18.86 16.95 15.28 13.84 12.60 11.54 10.64 9.88 9.24 8.70 8.25 7.87 7.56 7.31 7.12 7.00 0.00 0.00 0.00 0.00 0.00 0.00 0.00 0.00 0.00 0.00 0.00 
0.00 0.00 0.00 0.00 0.00 0.00 286.76 569.71 566.03 700.66 693.82 686.55 678.76 670.53 661.95 653.07 643.92 634.54 624.94 615.12 605.11 594.90 584.50 573.89 563.08 552.06 540.83 529.37 517.68 505.75 493.55 481.08 468.33 455.26 441.88 428.14 414.04 399.54 384.63 369.29 353.49 337.23 320.50 303.31 285.70 267.74 249.51 231.16 212.85 194.80 177.24 160.41 144.52 129.75 116.24 104.07 93.24 83.73 75.46 68.32 62.22 57.01 52.61 48.88 45.74 43.10 40.89 39.05 37.51 36.24 35.21 34.38 33.71 26.51 26.31 13.05 0.00 0.00 0.00 0.00 0.00 0.00 0.00 
0.00 0.00 0.00 0.00 0.00 579.54 719.86 856.86 849.90 841.44 970.55 960.42 949.51 938.00 925.99 913.56 900.76 887.63 874.19 860.45 846.42 832.11 817.53 802.65 787.50 772.04 756.28 740.21 723.80 707.05 689.94 672.44 654.54 636.21 617.43 598.17 578.41 558.10 537.24 515.78 493.73 471.05 447.77 423.89 399.49 374.65 349.50 324.22 299.05 274.26 250.13 226.98 205.09 184.69 165.95 148.98 133.81 120.40 108.66 98.49 89.72 82.20 75.80 70.36 65.75 61.86 58.58 55.83 53.53 51.63 50.06 48.80 40.86 40.06 39.45 32.49 25.82 6.43 0.00 0.00 0.00 0.00 0.00 
0.00 0.00 0.00 295.10 586.79 872.67 866.25 1000.65 991.49 1120.79 1109.09 1096.99 1084.32 1071.08 1057.32 1043.10 1028.47 1013.46 998.09 982.38 966.33 949.96 933.26 916.24 898.88 881.18 863.12 844.70 825.91 806.71 787.10 767.05 746.54 725.55 704.04 681.99 659.38 636.17 612.35 587.88 562.75 536.97 510.55 483.52 455.96 427.96 399.69 371.33 343.14 315.40 288.41 262.49 237.92 214.96 193.79 174.53 157.20 141.79 128.22 116.36 106.08 97.21 89.59 83.08 77.54 72.82 68.83 65.47 62.63 60.26 58.29 56.65 55.27 47.37 46.52 39.30 38.83 25.68 12.83 0.00 0.00 0.00 0.00 
0.00 0.00 0.00 592.24 882.39 1020.40 1011.64 1144.09 1133.07 1121.10 1246.87 1233.35 1219.04 1204.08 1188.56 1172.53 1156.06 1139.15 1121.85 1104.15 1086.08 1067.64 1048.83 1029.65 1010.08 990.13 969.78 949.01 927.81 906.17 884.05 861.45 838.33 814.66 790.43 765.61 740.16 714.06 687.28 659.82 631.66 602.81 573.28 543.14 512.46 481.36 450.01 418.63 387.46 356.81 327.00 298.35 271.15 245.67 222.09 200.55 181.09 163.69 148.28 134.74 122.92 112.67 103.82 96.22 89.70 84.14 79.40 75.38 71.99 69.13 66.74 64.76 56.19 54.84 53.75 46.31 45.65 38.73 25.64 6.41 0.00 0.00 0.00 
0.00 0.00 598.89 891.89 1031.49 1167.27 1156.68 1287.41 1274.73 1261.20 1247.10 1232.91 1218.29 1203.16 1187.54 1171.47 1154.95 1138.02 1120.70 1102.99 1084.89 1066.43 1047.58 1028.36 1008.76 988.76 968.36 947.54 926.29 904.59 882.42 859.76 836.58 812.87 788.61 763.75 738.30 712.21 685.48 658.09 630.06 601.38 572.09 542.24 511.93 481.28 450.44 419.61 389.04 359.01 329.80 301.70 274.98 249.89 226.60 205.22 185.82 168.37 152.83 139.09 127.02 116.48 107.33 99.41 92.58 86.72 81.71 77.43 73.78 70.70 68.09 65.88 63.97 62.37 61.06 53.41 52.59 45.49 38.64 25.63 0.00 0.00 0.00 
0.00 302.61 751.25 895.07 1033.58 1168.77 1301.18 1288.26 1274.90 1400.68 1385.51 1369.67 1353.27 1336.35 1318.91 1300.99 1282.60 1263.76 1244.48 1224.77 1204.65 1184.11 1163.15 1141.77 1119.96 1097.71 1075.01 1051.85 1028.20 1004.06 979.40 954.19 928.42 902.06 875.08 847.47 819.20 790.24 760.59 730.24 699.19 667.46 635.08 602.13 568.70 534.92 500.96 467.05 433.44 400.42 368.29 337.38 307.97 280.30 254.58 230.92 209.39 189.98 172.63 157.25 143.69 131.81 121.46 112.48 104.71 98.01 92.27 87.35 83.15 79.57 76.54 73.98 71.82 63.25 61.77 60.55 53.07 45.87 38.91 32.16 12.84 0.00 0.00 
0.00 606.38 904.44 1045.41 1181.97 1315.21 1302.27 1431.04 1416.47 1401.04 1385.34 1369.20 1352.61 1335.55 1318.03 1300.05 1281.62 1262.75 1243.45 1223.72 1203.57 1183.00 1162.01 1140.60 1118.75 1096.46 1073.72 1050.51 1026.82 1002.63 977.92 952.67 926.86 900.47 873.47 845.84 817.57 788.65 759.05 728.78 697.85 666.29 634.13 601.45 568.35 534.96 501.44 468.01 434.91 402.40 370.78 340.34 311.33 284.00 258.51 235.00 213.53 194.09 176.64 161.09 147.33 135.21 124.60 115.35 107.32 100.36 94.37 89.22 84.80 81.03 77.81 75.07 72.74 70.75 69.09 61.12 60.03 52.69 45.61 38.76 25.71 0.00 0.00 
0.00 608.76 907.10 1047.14 1183.44 1316.35 1302.99 1431.58 1416.67 1401.08 1385.07 1368.71 1351.97 1334.83 1317.24 1299.22 1280.75 1261.85 1242.52 1222.77 1202.60 1182.01 1160.99 1139.54 1117.66 1095.34 1072.56 1049.31 1025.58 1001.35 976.60 951.32 925.47 899.05 872.03 844.40 816.14 787.24 757.69 727.50 696.69 665.28 633.32 600.88 568.07 535.02 501.89 468.88 436.23 404.18 373.01 342.97 314.33 287.29 262.02 238.64 217.22 197.76 180.22 164.53 150.58 138.26 127.42 117.93 109.66 102.48 96.27 90.91 86.30 82.35 78.97 76.08 73.60 71.48 69.71 61.65 60.46 53.05 45.90 38.97 25.82 0.00 0.00 
0.00 763.44 908.96 1196.60 1184.82 1317.29 1447.14 1432.25 1416.89 1400.99 1384.73 1368.25 1351.45 1334.25 1316.63 1298.57 1280.08 1261.16 1241.81 1222.04 1201.84 1181.23 1160.19 1138.72 1116.81 1094.46 1071.65 1048.37 1024.61 1000.35 975.58 950.27 924.40 897.96 870.94 843.31 815.06 786.19 756.69 726.57 695.84 664.56 632.75 600.51 567.93 535.14 502.30 469.61 437.29 405.58 374.73 345.01 316.63 289.81 264.70 241.43 220.05 200.57 182.97 167.18 153.09 140.61 129.60 119.93 111.48 104.13 97.75 92.23 87.48 83.40 79.90 76.91 74.33 72.11 70.20 68.64 60.82 53.33 52.56 39.16 32.40 0.00 0.00 
0.00 765.64 985.57 1197.79 1185.70 1317.96 1447.60 1432.61 1417.01 1400.89 1522.12 1504.72 1486.58 1467.82 1448.49 1428.64 1408.30 1387.47 1366.18 1344.42 1322.20 1299.52 1276.37 1252.76 1228.67 1204.09 1179.01 1153.42 1127.30 1100.63 1073.40 1045.58 1017.16 988.11 958.41 928.05 897.02 865.29 832.87 799.77 766.00 731.59 696.60 661.11 625.23 589.08 552.86 516.77 481.07 446.02 411.91 379.03 347.66 318.02 290.31 264.64 241.08 219.66 200.32 182.99 167.55 153.89 141.85 131.28 122.06 114.04 107.08 101.07 95.91 91.48 87.72 84.55 74.83 72.55 70.58 68.95 61.07 59.99 52.72 45.70 32.50 6.46 0.00 
0.00 766.72 986.36 1198.48 1186.21 1318.39 1447.94 1432.84 1417.13 1400.93 1522.10 1504.64 1486.46 1467.66 1448.30 1428.43 1408.06 1387.22 1365.91 1344.14 1321.90 1299.21 1276.05 1252.43 1228.32 1203.73 1178.65 1153.05 1126.92 1100.24 1073.01 1045.19 1016.76 987.72 958.03 927.68 896.66 864.96 832.58 799.52 765.80 731.45 696.53 661.12 625.33 589.28 553.17 517.19 481.59 446.65 412.65 379.86 348.57 318.99 291.32 265.67 242.12 220.68 201.32 183.95 168.46 154.74 142.63 132.01 122.72 114.64 107.62 101.56 96.34 91.87 88.06 84.85 75.10 72.79 70.79 69.13 61.22 60.12 52.82 45.78 32.55 6.46 0.00 
0.00 766.60 911.21 1198.65 1186.37 1318.59 1448.15 1432.92 1417.24 1401.10 1384.66 1368.02 1351.09 1333.78 1316.07 1297.94 1279.38 1260.41 1241.01 1221.19 1200.96 1180.31 1159.23 1137.73 1115.79 1093.41 1070.57 1047.27 1023.48 999.20 974.41 949.09 923.23 896.80 869.80 842.20 814.01 785.21 755.81 725.81 695.24 664.13 632.54 600.53 568.22 535.73 503.21 470.85 438.86 407.47 376.93 347.47 319.33 292.69 267.71 244.51 223.15 203.63 185.95 170.03 155.80 143.14 131.94 122.09 113.45 105.91 99.35 93.67 88.77 84.54 80.92 77.81 75.14 72.83 70.83 69.18 61.28 53.69 52.86 39.37 32.56 0.00 0.00 
0.00 613.35 910.66 1050.22 1186.08 1318.55 1304.51 1432.71 1417.31 1401.27 1384.92 1368.30 1351.35 1334.02 1316.29 1298.14 1279.58 1260.59 1241.18 1221.36 1201.13 1180.47 1159.39 1137.89 1115.96 1093.58 1070.75 1047.46 1023.69 999.42 974.65 949.34 923.50 897.09 870.11 842.54 814.36 785.58 756.19 726.21 695.64 664.53 632.92 600.89 568.54 535.99 503.39 470.94 438.85 407.36 376.71 347.14 318.89 292.16 267.11 243.85 222.45 202.92 185.23 169.33 155.12 142.49 131.34 121.53 112.94 105.45 98.93 93.30 88.43 84.25 80.66 77.58 74.94 72.65 70.71 62.48 61.19 53.64 46.35 39.30 26.03 0.00 0.00 
0.00 611.22 909.88 1049.77 1185.64 1318.25 1304.44 1432.64 1417.38 1401.38 1385.19 1368.66 1351.77 1334.47 1316.75 1298.60 1280.03 1261.04 1241.63 1221.81 1201.57 1180.92 1159.85 1138.36 1116.44 1094.08 1071.27 1048.00 1024.25 1000.01 975.26 949.99 924.18 897.80 870.85 843.31 815.16 786.39 757.02 727.02 696.44 665.29 633.62 601.50 569.02 536.32 503.54 470.88 438.56 406.82 375.91 346.10 317.63 290.70 265.49 242.12 220.65 201.09 183.42 167.56 153.43 140.90 129.86 120.16 111.69 104.31 97.92 92.39 87.63 83.54 80.04 77.05 74.49 72.28 70.43 62.24 60.98 53.46 46.19 39.14 25.86 0.00 0.00 
0.00 305.26 757.75 899.92 1037.72 1172.25 1303.99 1290.09 1275.88 1401.11 1385.37 1369.06 1352.29 1335.05 1317.36 1299.23 1280.67 1261.68 1242.27 1222.45 1202.22 1181.58 1160.52 1139.04 1117.14 1094.81 1072.03 1048.78 1025.07 1000.87 976.16 950.93 925.15 898.82 871.90 844.39 816.27 787.52 758.15 728.14 697.52 666.30 634.53 602.27 569.62 536.69 503.65 470.68 438.02 405.92 374.66 344.51 315.72 288.53 263.11 239.59 218.03 198.45 180.82 165.04 151.03 138.64 127.76 118.23 109.93 102.72 96.49 91.11 86.50 82.55 79.19 76.33 73.92 65.03 63.33 61.90 54.16 46.72 39.52 32.56 12.89 0.00 0.00 
0.00 0.00 604.69 898.52 1036.78 1171.61 1159.68 1289.66 1275.98 1261.61 1246.89 1232.20 1217.16 1201.70 1185.82 1169.51 1152.81 1135.72 1118.26 1100.42 1082.21 1063.63 1044.68 1025.36 1005.66 985.56 965.07 944.16 922.83 901.06 878.84 856.15 832.97 809.29 785.08 760.34 735.05 709.19 682.76 655.76 628.19 600.08 571.46 542.38 512.94 483.23 453.40 423.63 394.12 365.12 336.86 309.60 283.58 259.01 236.06 214.83 195.39 177.75 161.88 147.70 135.11 124.01 114.25 105.73 98.32 91.88 86.33 81.55 77.45 73.95 70.97 68.45 66.30 64.42 62.83 54.86 53.78 46.41 39.30 25.95 0.00 0.00 0.00 
0.00 0.00 150.75 598.69 888.23 1025.03 1014.72 1146.39 1134.27 1121.42 1246.70 1232.62 1217.83 1202.49 1186.65 1170.38 1153.69 1136.61 1119.14 1101.31 1083.11 1064.55 1045.62 1026.32 1006.64 986.58 966.13 945.26 923.98 902.26 880.09 857.45 834.32 810.69 786.53 761.83 736.57 710.73 684.30 657.27 629.65 601.44 572.68 543.41 513.70 483.68 453.47 423.27 393.28 363.77 335.01 307.27 280.81 255.88 232.64 211.22 191.68 174.04 158.23 144.18 131.77 120.88 111.36 103.08 95.91 89.71 84.38 79.81 75.92 72.61 69.82 67.51 58.60 56.99 55.60 47.78 46.85 39.63 26.15 6.44 0.00 0.00 0.00 
0.00 0.00 0.00 298.38 592.41 877.76 869.41 1003.00 992.63 1121.25 1108.79 1096.08 1082.92 1069.29 1055.23 1040.77 1025.94 1010.75 995.23 979.38 963.21 946.71 929.90 912.75 895.28 877.46 859.29 840.77 821.87 802.59 782.91 762.82 742.29 721.31 699.87 677.94 655.50 632.55 609.06 585.03 560.46 535.35 509.72 483.61 457.09 430.25 403.22 376.15 349.26 322.78 296.95 272.04 248.30 225.93 205.12 185.97 168.54 152.84 138.82 126.38 115.44 105.86 97.51 90.27 84.01 78.62 74.00 70.05 66.68 63.84 61.44 59.44 57.77 49.49 48.30 40.67 39.93 26.32 12.93 0.00 0.00 0.00 0.00 
0.00 0.00 0.00 0.00 0.00 584.02 723.74 859.51 851.07 841.56 970.10 959.34 947.94 936.06 923.77 911.12 898.14 884.85 871.27 857.40 843.25 828.83 814.12 799.13 783.85 768.28 752.41 736.22 719.71 702.86 685.67 668.11 650.18 631.85 613.12 593.96 574.35 554.28 533.74 512.71 491.19 469.18 446.70 423.77 400.45 376.81 352.97 329.07 305.29 281.85 258.97 236.91 215.89 196.11 177.74 160.87 145.56 131.80 119.56 108.74 99.26 90.98 83.80 77.59 72.24 67.65 63.73 60.38 57.54 55.15 53.15 51.51 43.16 42.01 41.01 33.60 26.47 6.50 0.00 0.00 0.00 0.00 0.00 
0.00 0.00 0.00 0.00 0.00 0.00 288.58 572.50 567.59 701.08 693.33 685.44 677.25 668.74 659.96 650.92 641.64 632.15 622.44 612.54 602.43 592.13 581.62 570.92 560.01 548.89 537.56 526.00 514.21 502.19 489.92 477.39 464.59 451.51 438.14 424.46 410.47 396.15 381.49 366.48 351.12 335.40 319.34 302.95 286.28 269.37 252.29 235.17 218.12 201.29 184.87 169.02 153.92 139.71 126.52 114.41 103.44 93.59 84.84 77.13 70.37 64.49 59.39 54.99 51.20 47.96 45.19 42.84 40.84 39.16 37.76 36.60 35.65 27.86 27.10 13.33 0.00 0.00 0.00 0.00 0.00 0.00 0.00 
0.00 0.00 0.00 0.00 0.00 0.00 0.00 0.00 0.00 0.00 137.82 136.84 135.45 133.85 132.14 130.35 128.50 126.60 124.66 122.68 120.67 118.61 116.51 114.38 112.20 109.98 107.72 105.42 103.07 100.68 98.23 95.74 93.19 90.59 87.93 85.20 82.41 79.56 76.63 73.63 70.55 67.40 64.16 60.85 57.47 54.02 50.53 47.00 43.48 40.00 36.59 33.30 30.17 27.24 24.54 22.07 19.86 17.90 16.17 14.66 13.36 12.23 11.27 10.45 9.75 9.15 8.65 8.22 7.87 7.58 7.35 7.21 0.00 0.00 0.00 0.00 0.00 0.00 0.00 0.00 0.00 0.00 0.00 
0.00 0.00 0.00 0.00 0.00 0.00 0.00 0.00 0.00 0.00 0.00 0.00 0.00 0.00 0.00 0.00 0.00 0.00 0.00 0.00 0.00 0.00 0.00 0.00 0.00 0.00 0.00 0.00 0.00 0.00 0.00 0.00 0.00 0.00 0.00 0.00 0.00 0.00 0.00 0.00 0.00 0.00 0.00 0.00 0.00 0.00 0.00 0.00 0.00 0.00 0.00 0.00 0.00 0.00 0.00 0.00 0.00 0.00 0.00 0.00 0.00 0.00 0.00 0.00 0.00 0.00 0.00 0.00 0.00 0.00 0.00 0.00 0.00 0.00 0.00 0.00 0.00 0.00 0.00 0.00 0.00 0.00 0.00 
