0.00 0.00 0.00 0.00 0.00 0.00 0.00 0.00 0.00 0.00 8.01 8.06 8.13 8.23 8.35 8.50 8.67 8.88 9.13 9.42 9.76 10.16 10.62 11.16 11.77 12.48 13.30 14.24 15.31 16.52 17.90 19.45 21.18 23.10 25.22 27.54 30.06 32.76 35.63 38.66 41.83 45.12 48.50 51.96 55.46 58.99 62.54 66.09 69.63 73.15 76.65 80.11 83.54 86.94 90.30 93.62 96.90 100.15 103.36 106.53 109.66 112.76 115.82 118.84 121.81 124.73 127.60 130.39 133.07 135.58 137.78 139.33 0.00 0.00 0.00 0.00 0.00 0.00 0.00 0.00 0.00 0.00 0.00 
0.00 0.00 0.00 0.00 0.00 0.00 15.75 31.56 31.61 39.65 39.86 40.15 40.53 41.02 41.62 42.34 43.21 44.24 45.46 46.89 48.56 50.52 52.78 55.41 58.45 61.96 66.00 70.63 75.93 81.95 88.79 96.49 105.12 114.72 125.33 136.95 149.56 163.12 177.58 192.83 208.78 225.32 242.32 259.68 277.27 295.01 312.81 330.61 348.34 365.96 383.45 400.79 417.94 434.92 451.71 468.31 484.72 500.95 516.98 532.84 548.50 563.98 579.27 594.36 609.25 623.93 638.36 652.52 666.36 679.80 692.76 705.17 717.23 584.03 590.77 299.13 0.00 0.00 0.00 0.00 0.00 0.00 0.00 
0.00 0.00 0.00 0.00 0.00 31.48 39.36 47.30 47.45 47.71 56.07 56.54 57.13 57.87 58.77 59.85 61.14 62.67 64.46 66.56 69.01 71.86 75.16 78.98 83.39 88.45 94.26 100.90 108.47 117.05 126.74 137.63 149.78 163.27 178.11 194.32 211.87 230.70 250.74 271.87 293.95 316.83 340.36 364.38 388.76 413.36 438.07 462.79 487.45 511.99 536.36 560.53 584.48 608.19 631.64 654.84 677.78 700.46 722.89 745.05 766.95 788.58 809.95 831.03 851.83 872.31 892.45 912.20 931.49 950.22 968.24 985.27 861.00 875.92 889.20 753.18 610.96 155.04 0.00 0.00 0.00 0.00 0.00 
0.00 0.00 0.00 15.77 31.51 47.23 47.29 55.37 55.63 63.97 64.48 65.09 65.85 66.77 67.89 69.22 70.79 72.65 74.82 77.36 80.30 83.72 87.67 92.22 97.44 103.43 110.28 118.07 126.91 136.89 148.12 160.69 174.66 190.10 207.04 225.47 245.39 266.71 289.36 313.20 338.10 363.91 390.44 417.55 445.08 472.88 500.84 528.85 556.82 584.68 612.38 639.88 667.14 694.14 720.88 747.33 773.50 799.37 824.96 850.24 875.23 899.91 924.27 948.32 972.02 995.36 1018.30 1040.80 1062.81 1084.24 1105.03 1125.20 1145.10 1020.89 1037.49 905.42 919.19 624.42 316.16 0.00 0.00 0.00 0.00 
0.00 0.00 0.00 31.56 47.28 55.22 55.38 63.54 63.90 64.38 72.99 73.74 74.67 75.79 77.13 78.72 80.60 82.80 85.38 88.37 91.84 95.84 100.46 105.76 111.84 118.77 126.67 135.63 145.76 157.17 169.95 184.19 199.98 217.37 236.40 257.05 279.31 303.10 328.33 354.87 382.56 411.25 440.76 470.92 501.56 532.53 563.71 594.97 626.21 657.37 688.36 719.16 749.71 779.99 809.98 839.67 869.05 898.11 926.84 955.23 983.29 1011.00 1038.36 1065.34 1091.94 1118.12 1143.86 1169.11 1193.82 1217.89 1241.21 1263.55 1144.76 1165.40 1184.93 1056.20 1073.36 936.62 636.65 161.34 0.00 0.00 0.00 
0.00 0.00 31.64 47.38 55.29 63.30 63.53 71.76 72.21 72.78 73.49 74.34 75.36 76.58 78.02 79.73 81.73 84.07 86.79 89.94 93.58 97.78 102.59 108.11 114.40 121.55 129.67 138.85 149.18 160.77 173.70 188.06 203.92 221.33 240.31 260.86 282.95 306.51 331.46 357.68 385.02 413.34 442.46 472.24 502.52 533.16 564.02 594.99 625.99 656.93 687.74 718.37 748.79 778.96 808.85 838.46 867.77 896.76 925.43 953.77 981.77 1009.42 1036.72 1063.64 1090.17 1116.29 1141.98 1167.20 1191.93 1216.12 1239.78 1263.03 1286.50 1309.51 1331.58 1205.74 1225.70 1092.68 954.71 649.50 0.00 0.00 0.00 
0.00 15.87 39.60 47.48 55.45 63.51 71.68 72.08 72.59 81.20 82.02 83.00 84.19 85.60 87.28 89.25 91.55 94.24 97.36 100.96 105.12 109.90 115.37 121.63 128.75 136.84 145.99 156.32 167.92 180.90 195.36 211.39 229.05 248.40 269.47 292.24 316.69 342.75 370.32 399.26 429.43 460.67 492.81 525.67 559.09 592.92 627.01 661.24 695.51 729.73 763.83 797.75 831.45 864.88 898.02 930.85 963.34 995.50 1027.30 1058.73 1089.78 1120.45 1150.71 1180.56 1209.98 1238.94 1267.42 1295.40 1322.84 1349.73 1376.04 1401.75 1426.71 1308.02 1330.88 1353.58 1225.10 1092.48 955.21 812.14 331.93 0.00 0.00 
0.00 31.78 47.58 55.51 63.51 71.61 71.94 80.30 80.88 81.61 82.50 83.57 84.83 86.33 88.10 90.17 92.59 95.40 98.65 102.40 106.72 111.66 117.31 123.75 131.07 139.35 148.69 159.20 170.97 184.11 198.70 214.82 232.54 251.90 272.92 295.60 319.91 345.77 373.10 401.77 431.64 462.56 494.37 526.91 560.01 593.54 627.35 661.33 695.38 729.40 763.32 797.09 830.65 863.97 897.02 929.76 962.18 994.27 1026.00 1057.37 1088.36 1118.96 1149.16 1178.94 1208.28 1237.16 1265.58 1293.50 1320.91 1347.81 1374.20 1400.12 1425.64 1451.04 1475.49 1352.40 1375.18 1245.57 1111.37 971.62 662.10 0.00 0.00 
0.00 31.82 47.67 55.63 63.67 71.81 72.17 80.56 81.19 81.98 82.94 84.08 85.42 86.99 88.85 91.01 93.53 96.45 99.82 103.71 108.16 113.25 119.06 125.67 133.15 141.60 151.11 161.79 173.71 186.98 201.68 217.89 235.65 255.02 276.01 298.61 322.79 348.48 375.59 404.02 433.62 464.26 495.78 528.03 560.85 594.11 627.68 661.43 695.27 729.11 762.88 796.51 829.95 863.17 896.12 928.78 961.13 993.15 1024.82 1056.13 1087.05 1117.59 1147.72 1177.42 1206.68 1235.48 1263.81 1291.65 1318.98 1345.82 1372.20 1398.17 1423.83 1449.11 1473.61 1350.33 1373.11 1243.16 1108.24 967.96 658.11 0.00 0.00 
0.00 39.83 47.76 63.65 63.81 71.96 80.25 80.78 81.46 82.30 83.30 84.49 85.88 87.52 89.44 91.67 94.27 97.28 100.74 104.73 109.29 114.50 120.43 127.16 134.77 143.35 153.00 163.79 175.84 189.21 203.99 220.26 238.05 257.43 278.39 300.92 325.00 350.57 377.52 405.77 435.17 465.60 496.90 528.93 561.54 594.59 627.97 661.54 695.23 728.92 762.56 796.08 829.43 862.55 895.43 928.02 960.31 992.26 1023.88 1055.12 1085.99 1116.46 1146.52 1176.15 1205.34 1234.05 1262.28 1290.01 1317.23 1343.94 1370.18 1396.06 1421.75 1447.06 1471.88 1496.15 1370.67 1240.63 1261.02 963.99 815.99 0.00 0.00 
0.00 39.89 51.80 63.73 63.90 72.08 80.39 80.94 81.65 82.52 91.61 92.87 94.37 96.15 98.24 100.68 103.51 106.79 110.58 114.93 119.91 125.61 132.09 139.45 147.77 157.17 167.73 179.56 192.76 207.43 223.66 241.53 261.10 282.42 305.50 330.33 356.88 385.07 414.80 445.96 478.40 511.97 546.49 581.81 617.75 654.18 690.94 727.91 764.99 802.07 839.08 875.95 912.62 949.04 985.19 1021.01 1056.50 1091.63 1126.37 1160.70 1194.62 1228.09 1261.11 1293.65 1325.68 1357.18 1388.12 1418.45 1448.13 1477.07 1505.15 1532.20 1419.67 1444.90 1469.64 1493.69 1368.41 1390.89 1257.80 1119.16 812.50 167.20 0.00 
0.00 39.92 51.84 63.78 63.96 72.14 80.46 81.02 81.75 82.64 91.75 93.02 94.55 96.35 98.46 100.93 103.79 107.11 110.93 115.32 120.34 126.08 132.60 140.01 148.38 157.82 168.43 180.30 193.55 208.26 224.52 242.41 262.00 283.32 306.40 331.21 357.73 385.88 415.57 446.68 479.05 512.55 546.99 582.23 618.10 654.45 691.14 728.04 765.05 802.07 839.02 875.83 912.45 948.83 984.92 1020.71 1056.15 1091.24 1125.93 1160.22 1194.09 1227.52 1260.48 1292.95 1324.92 1356.34 1387.18 1417.41 1446.97 1475.77 1503.69 1530.55 1417.82 1442.80 1467.24 1490.97 1365.44 1387.56 1254.04 1115.22 808.75 166.90 0.00 
0.00 39.93 47.87 63.79 63.96 72.15 80.47 81.03 81.76 82.66 83.71 84.95 86.40 88.11 90.10 92.42 95.11 98.21 101.78 105.87 110.55 115.89 121.95 128.81 136.57 145.29 155.07 166.00 178.17 191.66 206.54 222.87 240.72 260.11 281.06 303.55 327.55 353.00 379.81 407.89 437.10 467.31 498.39 530.19 562.57 595.40 628.55 661.92 695.40 728.91 762.38 795.73 828.92 861.91 894.65 927.11 959.27 991.11 1022.59 1053.71 1084.44 1114.76 1144.65 1174.10 1203.07 1231.55 1259.51 1286.93 1313.80 1340.10 1365.87 1391.20 1416.24 1440.78 1464.76 1488.12 1361.77 1231.01 1249.87 952.65 804.48 0.00 0.00 
0.00 31.95 47.85 55.84 63.92 72.10 72.51 80.97 81.68 82.56 83.61 84.84 86.29 87.98 89.96 92.25 94.92 98.00 101.55 105.61 110.26 115.57 121.60 128.43 136.15 144.84 154.59 165.49 177.63 191.09 205.96 222.29 240.14 259.54 280.51 303.03 327.08 352.58 379.45 407.58 436.86 467.14 498.28 530.14 562.58 595.45 628.64 662.04 695.55 729.08 762.55 795.91 829.10 862.08 894.81 927.26 959.41 991.22 1022.68 1053.77 1084.47 1114.75 1144.61 1174.01 1202.93 1231.34 1259.23 1286.56 1313.31 1339.48 1365.09 1390.17 1414.77 1438.87 1462.04 1337.90 1358.67 1227.46 1091.20 949.48 641.03 0.00 0.00 
0.00 31.92 47.80 55.78 63.84 72.00 72.39 80.84 81.52 82.36 83.38 84.58 85.99 87.64 89.58 91.83 94.45 97.47 100.95 104.95 109.53 114.76 120.71 127.45 135.09 143.69 153.36 164.18 176.25 189.66 204.48 220.78 238.62 258.04 279.05 301.64 325.77 351.38 378.38 406.66 436.09 466.52 497.81 529.82 562.39 595.39 628.69 662.18 695.77 729.36 762.89 796.29 829.51 862.50 895.24 927.70 959.84 991.65 1023.10 1054.17 1084.85 1115.11 1144.94 1174.30 1203.18 1231.54 1259.35 1286.58 1313.21 1339.21 1364.56 1389.29 1413.45 1437.31 1459.94 1335.61 1355.96 1224.69 1088.91 947.98 642.32 0.00 0.00 
0.00 15.96 39.80 47.77 55.82 63.96 72.22 72.72 73.34 82.11 83.07 84.22 85.57 87.17 89.04 91.23 93.77 96.71 100.11 104.01 108.49 113.60 119.44 126.07 133.58 142.06 151.60 162.31 174.28 187.59 202.34 218.60 236.43 255.86 276.92 299.60 323.85 349.61 376.79 405.26 434.90 465.56 497.07 529.28 562.05 595.23 628.70 662.33 696.04 729.73 763.34 796.80 830.07 863.11 895.87 928.34 960.49 992.30 1023.75 1054.82 1085.49 1115.74 1145.55 1174.89 1203.73 1232.05 1259.79 1286.93 1313.41 1339.20 1364.24 1388.49 1411.78 1292.16 1312.89 1333.15 1203.32 1069.33 930.90 787.46 320.87 0.00 0.00 
0.00 0.00 31.82 47.67 55.68 63.79 64.11 72.48 73.06 73.79 74.65 75.67 76.87 78.29 79.95 81.89 84.15 86.77 89.80 93.28 97.28 101.84 107.06 112.98 119.70 127.30 135.85 145.45 156.19 168.15 181.41 196.03 212.07 229.58 248.55 268.99 290.87 314.10 338.63 364.32 391.07 418.73 447.17 476.23 505.79 535.71 565.88 596.19 626.56 656.92 687.18 717.31 747.27 777.00 806.49 835.71 864.63 893.25 921.54 949.48 977.07 1004.27 1031.06 1057.43 1083.34 1108.76 1133.65 1157.96 1181.64 1204.64 1226.93 1248.58 1270.15 1291.10 1310.97 1184.01 1201.26 1067.01 928.31 628.08 0.00 0.00 0.00 
0.00 0.00 7.95 31.75 47.63 55.70 55.97 64.28 64.79 65.43 74.23 75.17 76.30 77.64 79.22 81.07 83.23 85.74 88.64 91.99 95.85 100.26 105.31 111.07 117.62 125.04 133.42 142.86 153.45 165.27 178.42 192.98 208.99 226.50 245.54 266.09 288.13 311.57 336.34 362.32 389.36 417.33 446.07 475.43 505.27 535.44 565.85 596.36 626.91 657.41 687.79 718.02 748.05 777.84 807.38 836.63 865.58 894.22 922.52 950.47 978.06 1005.27 1032.07 1058.43 1084.34 1109.74 1134.59 1158.83 1182.39 1205.15 1226.98 1247.61 1127.95 1146.46 1163.84 1034.50 1049.23 912.11 616.76 157.08 0.00 0.00 0.00 
0.00 0.00 0.00 15.87 31.70 47.61 47.81 56.06 56.50 65.05 65.73 66.55 67.53 68.68 70.04 71.64 73.51 75.68 78.20 81.11 84.46 88.31 92.72 97.76 103.49 110.00 117.37 125.67 135.01 145.46 157.10 170.00 184.23 199.81 216.77 235.10 254.78 275.73 297.87 321.10 345.30 370.31 396.02 422.26 448.92 475.87 503.01 530.23 557.46 584.64 611.71 638.62 665.34 691.85 718.11 744.13 769.87 795.32 820.48 845.32 869.84 894.02 917.83 941.25 964.26 986.81 1008.87 1030.36 1051.22 1071.35 1090.68 1109.18 1127.15 1002.45 1017.21 885.23 897.14 606.95 308.59 0.00 0.00 0.00 0.00 
0.00 0.00 0.00 0.00 0.00 31.67 39.69 47.86 48.22 48.69 57.29 57.97 58.79 59.76 60.91 62.26 63.84 65.68 67.82 70.30 73.16 76.45 80.23 84.54 89.47 95.07 101.43 108.61 116.71 125.78 135.91 147.17 159.60 173.25 188.13 204.24 221.54 239.99 259.51 279.98 301.31 323.37 346.02 369.14 392.61 416.32 440.18 464.09 488.01 511.85 535.59 559.18 582.59 605.81 628.81 651.58 674.12 696.39 718.41 740.15 761.60 782.75 803.58 824.08 844.21 863.93 883.21 901.99 920.18 937.69 954.34 969.89 845.46 858.94 871.08 736.21 596.76 151.74 0.00 0.00 0.00 0.00 0.00 
0.00 0.00 0.00 0.00 0.00 0.00 15.86 31.81 32.03 40.41 40.82 41.32 41.89 42.58 43.39 44.34 45.45 46.75 48.26 50.01 52.03 54.36 57.03 60.09 63.58 67.55 72.07 77.18 82.94 89.41 96.63 104.67 113.56 123.32 133.96 145.50 157.90 171.12 185.11 199.78 215.07 230.87 247.10 263.65 280.46 297.42 314.49 331.59 348.69 365.73 382.69 399.55 416.27 432.85 449.28 465.54 481.63 497.54 513.26 528.78 544.10 559.20 574.07 588.70 603.06 617.14 630.90 644.29 657.26 669.74 681.65 692.95 703.85 572.25 579.76 293.49 0.00 0.00 0.00 0.00 0.00 0.00 0.00 
0.00 0.00 0.00 0.00 0.00 0.00 0.00 0.00 0.00 0.00 8.12 8.18 8.27 8.39 8.53 8.70 8.91 9.14 9.42 9.74 10.12 10.55 11.05 11.63 12.29 13.04 13.91 14.89 16.01 17.27 18.69 20.28 22.04 24.00 26.14 28.47 30.99 33.68 36.54 39.54 42.66 45.89 49.21 52.59 56.01 59.46 62.92 66.38 69.83 73.27 76.68 80.07 83.43 86.76 90.05 93.31 96.53 99.71 102.86 105.97 109.03 112.06 115.03 117.96 120.84 123.65 126.40 129.05 131.58 133.93 135.96 137.37 0.00 0.00 0.00 0.00 0.00 0.00 0.00 0.00 0.00 0.00 0.00 
0.00 0.00 0.00 0.00 0.00 0.00 0.00 0.00 0.00 0.00 0.00 0.00 0.00 0.00 0.00 0.00 0.00 0.00 0.00 0.00 0.00 0.00 0.00 0.00 0.00 0.00 0.00 0.00 0.00 0.00 0.00 0.00 0.00 0.00 0.00 0.00 0.00 0.00 0.00 0.00 0.00 0.00 0.00 0.00 0.00 0.00 0.00 0.00 0.00 0.00 0.00 0.00 0.00 0.00 0.00 0.00 0.00 0.00 0.00 0.00 0.00 0.00 0.00 0.00 0.00 0.00 0.00 0.00 0.00 0.00 0.00 0.00 0.00 0.00 0.00 0.00 0.00 0.00 0.00 0.00 0.00 0.00 0.00 
