0.00 0.00 0.00 0.00 0.00 0.00 0.00 0.00 0.00 0.00 48.45 48.40 48.34 48.27 48.21 48.14 48.08 48.02 47.97 47.92 47.88 47.84 47.81 47.79 47.77 47.75 47.74 47.73 47.73 47.74 47.74 47.75 47.77 47.78 47.80 47.82 47.85 47.87 47.89 47.91 47.93 47.95 47.96 47.97 47.98 47.97 47.96 47.94 47.90 47.85 47.79 47.71 47.61 47.48 47.33 47.15 46.94 46.68 46.38 46.03 45.62 45.15 44.59 43.95 43.19 42.32 41.30 40.13 38.79 37.31 35.80 34.58 0.00 0.00 0.00 0.00 0.00 0.00 0.00 0.00 0.00 0.00 0.00 
0.00 0.00 0.00 0.00 0.00 0.00 97.60 194.93 194.67 242.88 242.47 242.08 241.71 241.34 240.99 240.66 240.35 240.06 239.79 239.56 239.34 239.16 239.00 238.87 238.77 238.69 238.64 238.61 238.61 238.62 238.66 238.72 238.79 238.87 238.97 239.08 239.19 239.31 239.42 239.54 239.64 239.73 239.80 239.85 239.87 239.86 239.80 239.70 239.53 239.30 238.99 238.60 238.10 237.49 236.75 235.86 234.80 233.55 232.09 230.37 228.37 226.04 223.33 220.17 216.48 212.18 207.13 201.22 194.27 186.12 176.65 165.76 153.25 110.45 101.30 45.57 0.00 0.00 0.00 0.00 0.00 0.00 0.00 
0.00 0.00 0.00 0.00 0.00 195.65 244.20 292.53 292.08 291.61 339.61 339.11 338.60 338.10 337.62 337.16 336.73 336.33 335.96 335.63 335.34 335.08 334.86 334.67 334.53 334.41 334.33 334.29 334.27 334.29 334.33 334.40 334.49 334.60 334.72 334.86 335.00 335.15 335.29 335.43 335.55 335.65 335.73 335.77 335.77 335.71 335.60 335.41 335.13 334.76 334.28 333.67 332.91 331.98 330.87 329.54 327.97 326.12 323.95 321.42 318.48 315.06 311.09 306.48 301.12 294.89 287.64 279.18 269.35 257.96 244.93 230.36 180.77 163.80 147.21 106.31 73.88 15.74 0.00 0.00 0.00 0.00 0.00 
0.00 0.00 0.00 98.27 196.23 293.72 293.26 341.52 341.00 389.01 388.42 387.84 387.26 386.70 386.16 385.64 385.16 384.71 384.29 383.92 383.58 383.29 383.03 382.82 382.65 382.51 382.42 382.36 382.33 382.34 382.37 382.44 382.53 382.63 382.76 382.89 383.03 383.18 383.32 383.44 383.55 383.64 383.69 383.70 383.65 383.55 383.36 383.09 382.72 382.23 381.61 380.83 379.88 378.73 377.35 375.71 373.79 371.53 368.90 365.84 362.29 358.18 353.42 347.91 341.54 334.16 325.63 315.75 304.36 291.26 276.31 259.38 240.22 188.99 169.35 124.53 107.20 57.77 25.22 0.00 0.00 0.00 0.00 
0.00 0.00 0.00 196.70 294.51 342.96 342.41 390.58 389.98 389.36 437.24 436.61 435.97 435.35 434.75 434.18 433.64 433.14 432.68 432.26 431.88 431.55 431.26 431.02 430.82 430.66 430.54 430.47 430.43 430.43 430.46 430.51 430.60 430.70 430.82 430.95 431.09 431.22 431.35 431.47 431.56 431.62 431.64 431.61 431.52 431.35 431.09 430.73 430.25 429.63 428.85 427.90 426.74 425.34 423.68 421.73 419.43 416.75 413.63 410.02 405.84 401.01 395.45 389.03 381.64 373.12 363.32 352.05 339.14 324.43 307.85 289.52 235.83 214.31 192.22 144.47 124.14 87.68 46.49 10.19 0.00 0.00 0.00 
0.00 0.00 197.29 295.33 343.87 392.21 391.58 439.66 438.98 438.29 437.61 436.96 436.33 435.71 435.12 434.56 434.02 433.53 433.07 432.65 432.28 431.94 431.65 431.41 431.20 431.04 430.91 430.83 430.78 430.76 430.78 430.82 430.88 430.97 431.07 431.18 431.29 431.39 431.49 431.57 431.63 431.65 431.63 431.55 431.41 431.18 430.86 430.44 429.89 429.19 428.33 427.28 426.01 424.51 422.73 420.63 418.19 415.34 412.05 408.24 403.85 398.80 392.99 386.32 378.67 369.91 359.88 348.41 335.35 320.52 303.79 284.96 263.48 240.13 216.03 165.90 143.32 103.72 71.70 37.94 0.00 0.00 0.00 
0.00 98.94 246.83 295.66 344.19 392.52 440.71 440.00 439.30 487.18 486.46 485.75 485.04 484.36 483.71 483.09 482.50 481.95 481.45 480.98 480.57 480.20 479.88 479.60 479.37 479.18 479.04 478.94 478.87 478.85 478.85 478.89 478.95 479.03 479.12 479.22 479.33 479.43 479.52 479.58 479.62 479.62 479.56 479.44 479.24 478.96 478.56 478.04 477.38 476.55 475.54 474.30 472.83 471.08 469.02 466.61 463.80 460.54 456.77 452.43 447.43 441.70 435.13 427.61 419.01 409.18 397.98 385.21 370.71 354.32 335.90 315.43 293.16 238.26 214.32 189.46 144.21 105.25 73.21 48.56 15.77 0.00 0.00 
0.00 197.97 296.46 345.13 393.53 441.75 441.01 489.02 488.27 487.51 486.78 486.06 485.36 484.69 484.04 483.43 482.85 482.30 481.80 481.34 480.93 480.56 480.23 479.95 479.71 479.52 479.37 479.26 479.19 479.15 479.14 479.16 479.21 479.27 479.34 479.42 479.50 479.58 479.63 479.67 479.67 479.63 479.54 479.37 479.13 478.79 478.34 477.76 477.03 476.13 475.04 473.72 472.15 470.30 468.13 465.60 462.66 459.26 455.34 450.83 445.66 439.74 432.98 425.27 416.49 406.49 395.14 382.27 367.72 351.35 333.02 312.69 290.37 265.98 241.05 189.60 165.46 123.55 88.83 61.57 32.63 0.00 0.00 
0.00 198.18 296.72 345.37 393.79 442.00 441.26 489.27 488.52 487.78 487.05 486.34 485.65 484.98 484.34 483.73 483.16 482.62 482.12 481.66 481.25 480.88 480.55 480.27 480.03 479.83 479.67 479.55 479.47 479.42 479.40 479.41 479.44 479.48 479.54 479.60 479.66 479.70 479.74 479.74 479.72 479.64 479.51 479.31 479.02 478.64 478.13 477.50 476.71 475.75 474.58 473.19 471.54 469.60 467.33 464.69 461.64 458.11 454.06 449.41 444.10 438.03 431.12 423.25 414.32 404.20 392.75 379.83 365.29 349.00 330.84 310.76 288.82 265.34 241.14 190.81 167.40 126.42 92.56 65.43 35.70 0.00 0.00 
0.00 247.93 296.94 394.74 394.01 442.20 490.26 489.48 488.73 487.99 487.26 486.55 485.87 485.21 484.57 483.97 483.40 482.86 482.37 481.91 481.50 481.13 480.80 480.52 480.27 480.07 479.91 479.78 479.69 479.63 479.60 479.60 479.62 479.65 479.69 479.73 479.77 479.80 479.81 479.80 479.74 479.64 479.48 479.25 478.93 478.50 477.96 477.28 476.45 475.43 474.21 472.76 471.05 469.04 466.69 463.98 460.84 457.22 453.07 448.33 442.91 436.75 429.73 421.78 412.77 402.59 391.11 378.21 363.76 347.62 329.71 309.91 288.21 265.17 241.21 216.67 169.51 128.84 109.87 69.12 48.97 0.00 0.00 
0.00 248.12 321.78 394.89 394.15 442.33 490.39 489.62 488.87 488.12 535.86 535.12 534.38 533.66 532.97 532.31 531.68 531.10 530.55 530.05 529.60 529.19 528.83 528.52 528.25 528.03 527.85 527.71 527.61 527.55 527.52 527.51 527.53 527.57 527.61 527.66 527.71 527.74 527.75 527.74 527.68 527.57 527.39 527.14 526.78 526.32 525.73 524.99 524.07 522.96 521.63 520.05 518.18 515.98 513.43 510.47 507.05 503.12 498.62 493.47 487.60 480.92 473.33 464.74 455.01 444.04 431.68 417.81 402.32 385.12 366.22 345.74 288.61 265.83 242.31 218.42 171.13 148.69 112.62 83.74 51.69 8.03 0.00 
0.00 248.22 321.85 394.96 394.21 442.40 490.45 489.68 488.93 488.20 535.94 535.19 534.46 533.75 533.06 532.40 531.78 531.20 530.65 530.15 529.70 529.29 528.93 528.62 528.35 528.13 527.95 527.81 527.70 527.64 527.60 527.59 527.60 527.63 527.67 527.71 527.75 527.77 527.77 527.75 527.68 527.55 527.36 527.09 526.73 526.25 525.64 524.88 523.94 522.81 521.45 519.85 517.95 515.73 513.16 510.17 506.73 502.78 498.25 493.09 487.21 480.53 472.95 464.37 454.68 443.76 431.48 417.72 402.37 385.35 366.67 346.47 289.65 267.24 244.15 220.69 173.65 151.48 115.61 86.55 54.06 8.19 0.00 
0.00 248.20 297.15 394.95 394.19 442.38 490.45 489.67 488.93 488.20 487.48 486.78 486.11 485.46 484.84 484.25 483.69 483.16 482.67 482.22 481.81 481.44 481.11 480.82 480.57 480.36 480.19 480.06 479.96 479.89 479.84 479.82 479.82 479.83 479.85 479.87 479.89 479.89 479.88 479.83 479.74 479.60 479.40 479.12 478.75 478.28 477.68 476.95 476.05 474.97 473.69 472.17 470.38 468.30 465.88 463.09 459.88 456.20 451.99 447.20 441.75 435.57 428.58 420.68 411.77 401.75 390.50 377.91 363.87 348.28 331.02 312.03 291.29 269.36 246.72 223.42 177.15 136.86 118.74 77.11 56.16 0.00 0.00 
0.00 198.56 297.06 345.68 394.09 442.30 441.55 489.58 488.84 488.12 487.42 486.73 486.06 485.41 484.79 484.20 483.64 483.11 482.62 482.17 481.76 481.39 481.06 480.77 480.53 480.32 480.15 480.02 479.92 479.85 479.81 479.79 479.78 479.80 479.82 479.84 479.86 479.86 479.84 479.80 479.71 479.57 479.37 479.10 478.73 478.26 477.67 476.94 476.05 474.98 473.71 472.20 470.43 468.37 465.97 463.21 460.03 456.40 452.24 447.51 442.14 436.04 429.15 421.36 412.59 402.72 391.63 379.22 365.36 349.94 332.88 314.15 293.82 272.26 250.22 201.24 180.11 139.76 106.00 78.43 45.98 0.00 0.00 
0.00 198.37 296.92 345.55 393.94 442.15 441.40 489.42 488.70 487.97 487.27 486.59 485.92 485.28 484.65 484.06 483.50 482.98 482.49 482.04 481.62 481.26 480.93 480.64 480.40 480.19 480.02 479.89 479.80 479.73 479.69 479.68 479.68 479.70 479.72 479.75 479.78 479.79 479.78 479.74 479.66 479.54 479.35 479.09 478.74 478.28 477.71 477.00 476.14 475.09 473.84 472.37 470.64 468.62 466.28 463.57 460.46 456.91 452.84 448.22 442.96 437.01 430.28 422.67 414.09 404.43 393.58 381.40 367.78 352.61 335.80 317.34 297.28 275.52 253.50 204.04 182.76 141.78 106.91 78.14 43.53 0.00 0.00 
0.00 99.15 247.34 296.12 344.64 392.98 441.18 440.48 439.81 487.74 487.06 486.38 485.72 485.08 484.46 483.86 483.30 482.77 482.28 481.83 481.42 481.05 480.73 480.44 480.20 480.00 479.83 479.71 479.62 479.56 479.52 479.52 479.53 479.55 479.59 479.63 479.66 479.69 479.69 479.67 479.61 479.50 479.33 479.09 478.76 478.33 477.79 477.11 476.28 475.27 474.07 472.64 470.97 469.01 466.74 464.11 461.10 457.65 453.70 449.22 444.12 438.34 431.81 424.42 416.08 406.69 396.11 384.23 370.90 356.02 339.49 321.32 301.76 249.20 228.73 207.49 163.83 125.57 92.98 66.18 21.31 0.00 0.00 
0.00 0.00 197.72 295.87 344.39 392.73 392.09 440.21 439.56 438.91 438.27 437.66 437.07 436.50 435.94 435.41 434.91 434.43 433.99 433.59 433.22 432.89 432.59 432.34 432.12 431.94 431.79 431.68 431.60 431.55 431.52 431.51 431.53 431.55 431.59 431.62 431.66 431.68 431.69 431.67 431.62 431.53 431.38 431.17 430.88 430.50 430.02 429.41 428.68 427.78 426.71 425.45 423.96 422.22 420.20 417.87 415.20 412.13 408.64 404.66 400.15 395.04 389.26 382.72 375.35 367.05 357.70 347.19 335.41 322.24 307.57 291.24 272.70 253.00 232.94 185.18 166.18 127.20 94.07 53.38 0.00 0.00 0.00 
0.00 0.00 49.39 197.16 295.02 343.47 342.92 391.14 390.58 390.01 437.96 437.38 436.79 436.22 435.66 435.13 434.62 434.15 433.71 433.30 432.93 432.60 432.31 432.06 431.84 431.67 431.52 431.42 431.34 431.30 431.28 431.29 431.31 431.35 431.40 431.45 431.50 431.54 431.57 431.57 431.55 431.48 431.36 431.18 430.92 430.58 430.14 429.58 428.89 428.05 427.04 425.84 424.43 422.77 420.85 418.63 416.07 413.14 409.80 406.00 401.68 396.79 391.25 384.99 377.91 369.93 360.92 350.76 339.33 326.53 312.30 296.77 245.07 227.29 209.47 164.05 147.32 111.05 63.98 12.66 0.00 0.00 0.00 
0.00 0.00 0.00 98.50 196.62 294.17 293.73 342.05 341.59 389.69 389.16 388.64 388.12 387.61 387.12 386.64 386.19 385.77 385.38 385.01 384.69 384.39 384.14 383.91 383.72 383.57 383.45 383.36 383.29 383.26 383.25 383.26 383.28 383.32 383.37 383.42 383.48 383.52 383.56 383.57 383.56 383.51 383.41 383.27 383.06 382.77 382.39 381.92 381.33 380.61 379.74 378.70 377.48 376.05 374.39 372.47 370.25 367.72 364.83 361.54 357.80 353.57 348.78 343.36 337.24 330.33 322.52 313.70 303.76 292.58 280.05 266.06 250.32 201.43 186.14 143.31 129.17 74.78 30.75 0.00 0.00 0.00 0.00 
0.00 0.00 0.00 0.00 0.00 195.93 244.54 292.98 292.62 292.22 340.34 339.91 339.46 339.02 338.59 338.17 337.78 337.40 337.06 336.74 336.46 336.20 335.98 335.78 335.62 335.49 335.38 335.30 335.25 335.23 335.22 335.23 335.26 335.30 335.35 335.41 335.46 335.51 335.55 335.57 335.57 335.54 335.47 335.36 335.19 334.96 334.65 334.25 333.76 333.15 332.42 331.55 330.51 329.30 327.89 326.26 324.38 322.22 319.77 316.97 313.80 310.20 306.13 301.53 296.33 290.46 283.81 276.30 267.81 258.26 247.60 235.94 188.17 175.12 162.66 122.64 88.08 18.44 0.00 0.00 0.00 0.00 0.00 
0.00 0.00 0.00 0.00 0.00 0.00 97.72 195.17 194.98 243.37 243.05 242.75 242.43 242.12 241.81 241.52 241.23 240.97 240.72 240.50 240.29 240.11 239.95 239.81 239.69 239.60 239.53 239.47 239.44 239.42 239.41 239.42 239.45 239.48 239.51 239.55 239.59 239.63 239.66 239.68 239.68 239.66 239.61 239.53 239.42 239.25 239.03 238.76 238.41 237.98 237.46 236.84 236.11 235.25 234.25 233.10 231.77 230.24 228.50 226.53 224.28 221.74 218.87 215.63 211.97 207.84 203.17 197.89 191.93 185.20 177.66 169.22 159.58 118.09 111.27 51.17 0.00 0.00 0.00 0.00 0.00 0.00 0.00 
0.00 0.00 0.00 0.00 0.00 0.00 0.00 0.00 0.00 0.00 48.52 48.48 48.43 48.37 48.31 48.25 48.19 48.13 48.09 48.04 48.00 47.96 47.93 47.90 47.88 47.86 47.85 47.84 47.83 47.83 47.83 47.84 47.84 47.85 47.86 47.87 47.89 47.90 47.91 47.91 47.92 47.92 47.92 47.91 47.89 47.86 47.83 47.78 47.72 47.65 47.55 47.44 47.31 47.15 46.97 46.76 46.51 46.23 45.91 45.55 45.13 44.67 44.14 43.54 42.87 42.12 41.27 40.32 39.26 38.12 36.95 36.00 0.00 0.00 0.00 0.00 0.00 0.00 0.00 0.00 0.00 0.00 0.00 
0.00 0.00 0.00 0.00 0.00 0.00 0.00 0.00 0.00 0.00 0.00 0.00 0.00 0.00 0.00 0.00 0.00 0.00 0.00 0.00 0.00 0.00 0.00 0.00 0.00 0.00 0.00 0.00 0.00 0.00 0.00 0.00 0.00 0.00 0.00 0.00 0.00 0.00 0.00 0.00 0.00 0.00 0.00 0.00 0.00 0.00 0.00 0.00 0.00 0.00 0.00 0.00 0.00 0.00 0.00 0.00 0.00 0.00 0.00 0.00 0.00 0.00 0.00 0.00 0.00 0.00 0.00 0.00 0.00 0.00 0.00 0.00 0.00 0.00 0.00 0.00 0.00 0.00 0.00 0.00 0.00 0.00 0.00 
