0.00 0.00 0.00 0.00 0.00 0.00 0.00 0.00 0.00 0.00 26.01 28.04 30.83 33.85 36.84 39.67 42.27 44.63 46.76 48.67 50.39 51.95 53.36 54.64 55.81 56.89 57.88 58.79 59.63 60.41 61.14 61.82 62.45 63.05 63.61 64.13 64.62 65.09 65.53 65.95 66.35 66.73 67.09 67.43 67.77 68.09 68.39 68.69 68.98 69.26 69.53 69.80 70.06 70.32 70.57 70.82 71.07 71.31 71.55 71.79 72.03 72.27 72.51 72.74 72.98 73.21 73.44 73.67 73.89 74.10 74.29 74.42 0.00 0.00 0.00 0.00 0.00 0.00 0.00 0.00 0.00 0.00 0.00 
0.00 0.00 0.00 0.00 0.00 0.00 29.13 65.05 71.94 104.14 119.25 135.54 152.42 169.05 184.78 199.26 212.37 224.14 234.69 244.14 252.65 260.33 267.30 273.64 279.44 284.76 289.65 294.17 298.36 302.25 305.87 309.24 312.39 315.35 318.12 320.73 323.19 325.51 327.71 329.79 331.77 333.66 335.46 337.19 338.84 340.43 341.97 343.45 344.89 346.29 347.65 348.99 350.29 351.57 352.83 354.07 355.30 356.52 357.73 358.93 360.12 361.31 362.49 363.67 364.85 366.02 367.19 368.34 369.49 370.61 371.71 372.77 373.82 299.96 300.61 150.65 0.00 0.00 0.00 0.00 0.00 0.00 0.00 
0.00 0.00 0.00 0.00 0.00 49.44 68.19 93.26 106.46 124.05 168.78 190.51 213.13 235.50 256.81 276.62 294.72 311.11 325.91 339.25 351.31 362.23 372.15 381.20 389.49 397.09 404.09 410.56 416.54 422.10 427.27 432.09 436.59 440.81 444.76 448.48 451.99 455.30 458.42 461.39 464.21 466.89 469.45 471.90 474.25 476.51 478.69 480.79 482.83 484.81 486.74 488.63 490.47 492.28 494.06 495.81 497.54 499.25 500.95 502.64 504.31 505.98 507.64 509.29 510.94 512.58 514.20 515.82 517.41 518.97 520.49 521.93 448.79 450.08 451.22 377.11 302.48 75.84 0.00 0.00 0.00 0.00 0.00 
0.00 0.00 0.00 18.96 41.08 69.89 79.02 109.09 126.21 168.94 193.02 217.76 242.83 267.50 291.09 313.18 333.55 352.15 369.06 384.42 398.36 411.03 422.59 433.15 442.82 451.71 459.91 467.47 474.48 480.98 487.03 492.66 497.93 502.86 507.48 511.82 515.91 519.77 523.41 526.87 530.15 533.27 536.25 539.10 541.83 544.45 546.98 549.42 551.78 554.08 556.31 558.49 560.61 562.70 564.75 566.78 568.77 570.74 572.69 574.63 576.55 578.46 580.36 582.25 584.13 586.00 587.86 589.69 591.51 593.29 595.03 596.73 598.42 525.27 526.68 452.86 454.06 303.77 152.28 0.00 0.00 0.00 0.00 
0.00 0.00 0.00 36.24 59.57 80.59 93.48 126.48 146.39 169.30 218.89 245.34 272.52 299.40 325.24 349.57 372.15 392.91 411.90 429.23 445.04 459.46 472.65 484.72 495.81 506.01 515.41 524.10 532.15 539.61 546.56 553.03 559.08 564.73 570.04 575.02 579.71 584.13 588.30 592.26 596.02 599.59 603.00 606.25 609.37 612.36 615.24 618.03 620.72 623.33 625.87 628.35 630.77 633.14 635.47 637.76 640.02 642.25 644.46 646.65 648.82 650.97 653.11 655.24 657.35 659.45 661.53 663.59 665.63 667.63 669.57 671.45 598.74 600.48 602.14 528.59 530.06 455.81 304.99 76.47 0.00 0.00 0.00 
0.00 0.00 31.79 51.96 69.55 93.62 108.98 144.35 166.52 191.48 218.13 244.74 271.38 297.55 322.73 346.54 368.76 389.33 408.27 425.64 441.56 456.16 469.54 481.83 493.13 503.54 513.15 522.04 530.27 537.92 545.03 551.65 557.83 563.62 569.04 574.13 578.92 583.43 587.69 591.73 595.56 599.20 602.66 605.98 609.15 612.19 615.12 617.94 620.67 623.32 625.89 628.40 630.85 633.25 635.60 637.91 640.19 642.43 644.66 646.85 649.03 651.20 653.34 655.47 657.58 659.68 661.76 663.82 665.85 667.85 669.83 671.77 673.75 675.69 677.55 604.24 605.94 531.99 457.62 306.28 0.00 0.00 0.00 
0.00 14.27 38.33 50.76 70.05 94.86 125.28 145.62 168.21 214.98 242.77 271.73 300.94 329.64 357.25 383.39 407.84 430.53 451.48 470.75 488.47 504.74 519.70 533.46 546.14 557.83 568.63 578.63 587.89 596.50 604.50 611.96 618.93 625.44 631.55 637.28 642.67 647.75 652.54 657.08 661.39 665.48 669.38 673.10 676.66 680.08 683.36 686.53 689.59 692.56 695.44 698.25 700.99 703.67 706.30 708.88 711.42 713.93 716.41 718.86 721.29 723.69 726.08 728.44 730.79 733.12 735.43 737.71 739.96 742.19 744.38 746.53 748.62 675.90 677.82 679.74 606.16 532.22 457.86 382.99 153.88 0.00 0.00 
0.00 28.21 44.81 60.28 81.60 108.58 126.61 164.13 188.21 215.08 242.95 271.49 300.09 328.15 355.20 380.88 405.02 427.51 448.37 467.65 485.44 501.83 516.94 530.87 543.72 555.59 566.57 576.74 586.17 594.93 603.08 610.67 617.76 624.39 630.61 636.44 641.92 647.09 651.96 656.58 660.95 665.10 669.06 672.83 676.45 679.91 683.24 686.44 689.54 692.54 695.46 698.29 701.06 703.76 706.41 709.01 711.57 714.09 716.58 719.04 721.48 723.89 726.28 728.64 730.99 733.32 735.62 737.90 740.15 742.37 744.57 746.73 748.86 751.00 753.05 679.93 681.85 608.16 534.06 459.47 307.64 0.00 0.00 
0.00 27.32 44.26 60.90 82.58 109.78 128.09 165.33 189.40 215.79 243.39 271.45 299.44 326.90 353.42 378.70 402.54 424.86 445.65 464.92 482.77 499.26 514.49 528.56 541.56 553.59 564.72 575.04 584.61 593.50 601.78 609.50 616.70 623.44 629.75 635.67 641.23 646.48 651.43 656.11 660.54 664.75 668.76 672.59 676.24 679.75 683.12 686.36 689.49 692.52 695.46 698.33 701.11 703.84 706.51 709.13 711.70 714.24 716.74 719.21 721.65 724.06 726.45 728.82 731.17 733.49 735.79 738.06 740.30 742.52 744.71 746.87 749.01 751.11 753.16 680.01 681.91 608.17 533.97 459.29 307.36 0.00 0.00 
0.00 33.31 44.49 70.86 83.27 110.76 143.84 165.93 190.32 216.66 244.06 271.65 299.11 326.07 352.17 377.12 400.73 422.90 443.60 462.86 480.73 497.28 512.60 526.77 539.88 552.01 563.26 573.69 583.37 592.37 600.74 608.55 615.84 622.66 629.05 635.04 640.68 645.98 650.99 655.72 660.21 664.47 668.52 672.38 676.08 679.62 683.01 686.29 689.45 692.50 695.47 698.35 701.16 703.90 706.58 709.21 711.80 714.35 716.85 719.33 721.78 724.20 726.59 728.96 731.30 733.62 735.91 738.17 740.41 742.61 744.78 746.94 749.08 751.18 753.24 755.26 681.90 608.13 609.84 459.08 383.69 0.00 0.00 
0.00 32.73 48.62 71.28 83.90 111.47 144.61 166.59 191.10 217.44 271.53 300.63 330.33 359.84 388.52 415.95 441.89 466.20 488.89 509.96 529.51 547.61 564.36 579.85 594.20 607.49 619.80 631.22 641.84 651.70 660.89 669.47 677.47 684.96 691.97 698.56 704.75 710.58 716.08 721.29 726.22 730.90 735.36 739.60 743.67 747.56 751.30 754.89 758.37 761.73 764.99 768.16 771.24 774.26 777.21 780.10 782.95 785.75 788.50 791.22 793.91 796.57 799.20 801.80 804.37 806.92 809.43 811.91 814.34 816.73 819.06 821.32 749.07 751.17 753.22 755.21 681.85 683.73 609.67 535.13 383.46 77.13 0.00 
0.00 32.56 48.71 71.47 84.22 111.82 144.96 166.99 191.51 217.77 271.76 300.72 330.28 359.64 388.19 415.51 441.34 465.58 488.21 509.25 528.78 546.87 563.63 579.15 593.52 606.83 619.18 630.64 641.29 651.19 660.42 669.03 677.07 684.59 691.64 698.26 704.48 710.34 715.87 721.10 726.05 730.75 735.23 739.50 743.58 747.48 751.24 754.85 758.34 761.71 764.98 768.16 771.25 774.28 777.23 780.13 782.98 785.79 788.55 791.27 793.96 796.62 799.25 801.84 804.41 806.95 809.46 811.93 814.36 816.73 819.05 821.29 749.03 751.10 753.12 755.08 681.69 683.52 609.42 534.85 383.18 77.10 0.00 
0.00 32.74 44.76 71.40 84.11 111.71 144.88 167.12 191.56 217.67 244.73 271.92 298.95 325.48 351.18 375.78 399.10 421.05 441.59 460.74 478.56 495.10 510.44 524.66 537.84 550.07 561.41 571.95 581.74 590.85 599.34 607.26 614.66 621.58 628.07 634.15 639.88 645.27 650.35 655.16 659.71 664.03 668.15 672.07 675.81 679.40 682.84 686.16 689.35 692.44 695.44 698.35 701.18 703.95 706.65 709.30 711.91 714.46 716.98 719.46 721.91 724.33 726.72 729.09 731.42 733.72 736.00 738.24 740.44 742.61 744.75 746.85 748.93 750.97 752.94 754.87 681.41 607.53 609.09 458.25 382.81 0.00 0.00 
0.00 26.23 44.65 61.74 83.74 111.19 129.93 167.25 191.37 217.53 244.58 271.94 299.18 325.89 351.72 376.40 399.75 421.70 442.22 461.33 479.09 495.57 510.85 525.02 538.15 550.33 561.63 572.13 581.89 590.98 599.44 607.34 614.73 621.63 628.11 634.19 639.90 645.28 650.36 655.17 659.72 664.04 668.14 672.06 675.81 679.39 682.83 686.14 689.34 692.43 695.42 698.33 701.16 703.93 706.63 709.28 711.88 714.44 716.95 719.43 721.88 724.30 726.69 729.04 731.37 733.67 735.94 738.17 740.37 742.53 744.65 746.73 748.78 750.77 752.68 679.40 681.11 607.20 532.82 457.95 306.04 0.00 0.00 
0.00 27.21 44.32 61.01 82.93 110.33 128.91 166.59 190.84 217.47 244.72 272.34 299.88 326.88 352.94 377.77 401.21 423.18 443.67 462.72 480.39 496.78 511.96 526.02 539.05 551.14 562.35 572.77 582.46 591.48 599.89 607.74 615.07 621.94 628.37 634.42 640.10 645.46 650.52 655.30 659.83 664.13 668.22 672.12 675.85 679.42 682.85 686.15 689.34 692.42 695.40 698.30 701.13 703.88 706.58 709.22 711.82 714.37 716.88 719.36 721.80 724.21 726.60 728.95 731.28 733.57 735.83 738.06 740.25 742.40 744.50 746.55 748.56 750.54 752.42 679.12 680.80 606.89 532.56 457.75 306.10 0.00 0.00 
0.00 13.80 36.71 51.44 71.61 96.99 127.85 148.75 171.52 218.03 245.08 272.97 300.90 328.28 354.65 379.71 403.27 425.28 445.74 464.72 482.28 498.54 513.58 527.50 540.39 552.35 563.44 573.75 583.33 592.26 600.58 608.36 615.62 622.43 628.81 634.80 640.44 645.75 650.77 655.52 660.01 664.29 668.35 672.23 675.93 679.48 682.89 686.18 689.34 692.41 695.38 698.27 701.08 703.82 706.51 709.14 711.73 714.27 716.77 719.24 721.68 724.09 726.47 728.82 731.14 733.43 735.69 737.91 740.09 742.22 744.30 746.32 748.27 675.39 677.11 678.78 604.99 530.82 456.24 381.21 153.01 0.00 0.00 
0.00 0.00 30.01 50.82 70.36 95.45 111.95 147.75 170.29 195.08 220.87 246.21 271.40 296.09 319.87 342.46 363.69 383.50 401.89 418.93 434.69 449.26 462.74 475.22 486.77 497.48 507.42 516.65 525.24 533.24 540.71 547.68 554.19 560.30 566.03 571.41 576.47 581.24 585.75 590.01 594.05 597.89 601.54 605.02 608.35 611.54 614.61 617.56 620.40 623.16 625.83 628.42 630.95 633.42 635.83 638.20 640.53 642.81 645.06 647.28 649.48 651.64 653.78 655.89 657.98 660.03 662.06 664.05 666.00 667.90 669.75 671.56 673.37 675.12 676.76 603.24 604.65 530.47 455.90 304.76 0.00 0.00 0.00 
0.00 0.00 7.75 33.41 59.07 81.92 96.51 130.15 150.66 173.35 222.18 247.27 272.86 298.06 322.29 345.19 366.59 386.45 404.80 421.73 437.34 451.73 465.02 477.30 488.67 499.20 508.97 518.06 526.51 534.38 541.72 548.59 555.01 561.02 566.67 571.98 576.97 581.68 586.13 590.34 594.34 598.13 601.74 605.19 608.48 611.64 614.68 617.60 620.42 623.15 625.80 628.38 630.89 633.34 635.74 638.09 640.40 642.68 644.92 647.13 649.31 651.47 653.60 655.71 657.80 659.85 661.87 663.86 665.80 667.69 669.51 671.24 598.38 599.93 601.36 527.62 528.82 454.40 303.72 76.17 0.00 0.00 0.00 
0.00 0.00 0.00 17.46 38.14 69.17 81.27 112.47 130.64 173.40 196.64 219.96 243.24 265.99 287.77 308.28 327.37 345.02 361.29 376.27 390.05 402.74 414.45 425.27 435.27 444.55 453.15 461.15 468.59 475.53 482.00 488.05 493.71 499.02 504.00 508.68 513.09 517.25 521.18 524.90 528.43 531.78 534.97 538.02 540.93 543.73 546.41 549.00 551.49 553.91 556.25 558.53 560.75 562.93 565.05 567.14 569.18 571.20 573.19 575.15 577.09 579.00 580.90 582.77 584.62 586.44 588.23 589.99 591.71 593.39 595.00 596.55 598.07 524.77 525.97 452.01 452.98 302.79 151.82 0.00 0.00 0.00 0.00 
0.00 0.00 0.00 0.00 0.00 46.09 66.77 94.97 110.46 128.53 172.82 193.06 213.67 233.88 253.18 271.26 288.03 303.46 317.65 330.66 342.62 353.62 363.76 373.12 381.78 389.80 397.25 404.17 410.61 416.62 422.23 427.47 432.38 436.98 441.30 445.36 449.19 452.80 456.21 459.44 462.51 465.42 468.20 470.84 473.38 475.81 478.14 480.39 482.56 484.66 486.71 488.69 490.63 492.52 494.37 496.19 497.97 499.73 501.47 503.18 504.87 506.54 508.20 509.83 511.45 513.04 514.61 516.15 517.65 519.10 520.50 521.80 448.54 449.65 450.62 376.42 301.80 75.66 0.00 0.00 0.00 0.00 0.00 
0.00 0.00 0.00 0.00 0.00 0.00 27.54 63.03 72.56 107.45 122.85 138.00 153.00 167.56 181.39 194.31 206.25 217.23 227.31 236.56 245.05 252.87 260.07 266.72 272.88 278.59 283.89 288.81 293.40 297.68 301.67 305.41 308.91 312.19 315.27 318.16 320.89 323.46 325.90 328.20 330.38 332.46 334.44 336.33 338.13 339.87 341.53 343.14 344.69 346.19 347.64 349.06 350.44 351.79 353.11 354.41 355.68 356.93 358.17 359.39 360.60 361.79 362.98 364.14 365.30 366.43 367.55 368.65 369.72 370.76 371.75 372.70 373.62 299.69 300.24 150.43 0.00 0.00 0.00 0.00 0.00 0.00 0.00 
0.00 0.00 0.00 0.00 0.00 0.00 0.00 0.00 0.00 0.00 26.87 28.80 31.43 34.25 37.01 39.60 41.97 44.14 46.12 47.92 49.57 51.08 52.47 53.76 54.95 56.06 57.08 58.04 58.93 59.76 60.53 61.26 61.94 62.58 63.18 63.74 64.28 64.78 65.26 65.71 66.13 66.54 66.93 67.30 67.65 67.99 68.32 68.64 68.94 69.24 69.52 69.80 70.07 70.34 70.60 70.86 71.11 71.36 71.60 71.85 72.09 72.32 72.56 72.79 73.02 73.25 73.47 73.69 73.90 74.10 74.27 74.39 0.00 0.00 0.00 0.00 0.00 0.00 0.00 0.00 0.00 0.00 0.00 
0.00 0.00 0.00 0.00 0.00 0.00 0.00 0.00 0.00 0.00 0.00 0.00 0.00 0.00 0.00 0.00 0.00 0.00 0.00 0.00 0.00 0.00 0.00 0.00 0.00 0.00 0.00 0.00 0.00 0.00 0.00 0.00 0.00 0.00 0.00 0.00 0.00 0.00 0.00 0.00 0.00 0.00 0.00 0.00 0.00 0.00 0.00 0.00 0.00 0.00 0.00 0.00 0.00 0.00 0.00 0.00 0.00 0.00 0.00 0.00 0.00 0.00 0.00 0.00 0.00 0.00 0.00 0.00 0.00 0.00 0.00 0.00 0.00 0.00 0.00 0.00 0.00 0.00 0.00 0.00 0.00 0.00 0.00 
