0.00 0.00 0.00 0.00 0.00 0.00 0.00 0.00 0.00 0.00 7.94 8.35 9.02 9.91 11.02 12.37 13.98 15.88 18.10 20.65 23.52 26.69 30.11 33.71 37.44 41.21 44.95 48.62 52.16 55.57 58.81 61.90 64.83 67.61 70.25 72.76 75.16 77.44 79.63 81.72 83.73 85.66 87.53 89.32 91.06 92.74 94.37 95.95 97.48 98.97 100.42 101.84 103.22 104.57 105.89 107.18 108.45 109.68 110.90 112.08 113.25 114.39 115.52 116.62 117.69 118.75 119.77 120.77 121.71 122.60 123.37 123.91 0.00 0.00 0.00 0.00 0.00 0.00 0.00 0.00 0.00 0.00 0.00 
0.00 0.00 0.00 0.00 0.00 0.00 12.64 26.08 26.89 35.41 37.62 40.46 44.08 48.57 54.06 60.70 68.66 78.12 89.20 101.99 116.47 132.52 149.88 168.23 187.17 206.29 225.23 243.72 261.54 278.60 294.83 310.23 324.83 338.69 351.84 364.35 376.27 387.65 398.54 408.97 418.99 428.62 437.90 446.86 455.52 463.90 472.02 479.90 487.56 495.00 502.26 509.33 516.23 522.97 529.56 536.00 542.31 548.49 554.54 560.48 566.31 572.02 577.63 583.13 588.52 593.81 598.97 604.01 608.91 613.64 618.18 622.50 626.68 504.88 507.21 254.89 0.00 0.00 0.00 0.00 0.00 0.00 0.00 
0.00 0.00 0.00 0.00 0.00 24.32 31.08 38.62 40.42 43.18 54.42 58.77 64.18 70.80 78.80 88.39 99.78 113.18 128.74 146.54 166.54 188.57 212.30 237.31 263.10 289.17 315.06 340.42 364.96 388.54 411.06 432.51 452.90 472.29 490.74 508.31 525.07 541.08 556.40 571.09 585.20 598.77 611.85 624.47 636.67 648.47 659.90 671.00 681.78 692.26 702.47 712.41 722.12 731.59 740.85 749.90 758.76 767.44 775.94 784.28 792.45 800.46 808.31 816.01 823.56 830.95 838.17 845.21 852.05 858.65 864.96 870.90 752.19 757.32 761.86 639.03 514.08 129.30 0.00 0.00 0.00 0.00 0.00 
0.00 0.00 0.00 11.56 23.45 36.05 37.30 45.96 48.77 59.77 64.48 70.04 76.71 84.70 94.24 105.54 118.82 134.28 152.06 172.21 194.68 219.28 245.66 273.41 302.00 330.94 359.76 388.08 415.61 442.16 467.62 491.96 515.19 537.32 558.43 578.57 597.80 616.20 633.81 650.71 666.95 682.57 697.62 712.15 726.18 739.77 752.93 765.69 778.09 790.14 801.87 813.30 824.45 835.33 845.96 856.36 866.52 876.47 886.22 895.76 905.12 914.29 923.28 932.09 940.71 949.15 957.39 965.43 973.24 980.80 988.10 995.13 1002.02 883.28 888.95 767.44 772.08 518.62 260.64 0.00 0.00 0.00 0.00 
0.00 0.00 0.00 22.95 35.00 42.41 44.52 53.94 57.57 62.06 75.28 81.84 89.73 99.12 110.21 123.23 138.39 155.89 175.85 198.32 223.22 250.34 279.34 309.77 341.12 372.88 404.56 435.78 466.23 495.70 524.05 551.24 577.25 602.10 625.85 648.54 670.24 691.02 710.93 730.05 748.42 766.10 783.14 799.58 815.47 830.85 845.74 860.19 874.21 887.85 901.12 914.04 926.65 938.94 950.95 962.68 974.16 985.39 996.38 1007.15 1017.70 1028.03 1038.15 1048.06 1057.76 1067.25 1076.52 1085.55 1094.33 1102.84 1111.03 1118.82 1002.01 1009.11 1015.78 895.39 901.16 777.98 522.71 131.40 0.00 0.00 0.00 
0.00 0.00 22.49 34.20 41.21 49.32 52.07 62.17 66.52 71.80 78.05 85.23 93.63 103.45 114.93 128.26 143.63 161.21 181.09 203.30 227.76 254.27 282.53 312.12 342.59 373.49 404.39 434.92 464.79 493.80 521.83 548.78 574.65 599.44 623.17 645.89 667.66 688.53 708.55 727.77 746.26 764.06 781.22 797.78 813.78 829.26 844.26 858.80 872.92 886.64 899.99 912.99 925.65 938.01 950.08 961.86 973.39 984.66 995.68 1006.48 1017.05 1027.40 1037.53 1047.45 1057.15 1066.64 1075.91 1084.95 1093.76 1102.32 1110.64 1118.75 1126.89 1134.81 1142.35 1022.94 1029.66 907.70 784.04 526.98 0.00 0.00 0.00 
0.00 11.08 27.97 34.27 41.80 50.28 59.77 63.81 68.63 81.72 88.69 96.89 106.48 117.65 130.63 145.61 162.81 182.38 204.42 228.96 255.90 285.03 316.01 348.43 381.81 415.65 449.52 483.01 515.83 547.76 578.65 608.42 637.03 664.48 690.81 716.04 740.24 763.45 785.74 807.16 827.76 847.61 866.74 885.21 903.06 920.32 937.05 953.27 969.02 984.32 999.20 1013.69 1027.82 1041.59 1055.03 1068.16 1080.99 1093.54 1105.81 1117.82 1129.58 1141.09 1152.35 1163.37 1174.15 1184.69 1194.99 1205.03 1214.82 1224.35 1233.61 1242.59 1251.25 1134.41 1142.23 1149.93 1029.55 907.71 784.26 658.85 265.84 0.00 0.00 
0.00 22.15 33.49 40.43 48.41 57.38 61.01 72.09 77.47 83.92 91.37 100.00 109.98 121.51 134.79 150.02 167.37 186.99 208.95 233.26 259.83 288.45 318.81 350.53 383.18 416.31 449.50 482.40 514.73 546.25 576.83 606.37 634.83 662.20 688.50 713.74 737.97 761.25 783.61 805.12 825.82 845.76 865.00 883.56 901.51 918.87 935.69 951.99 967.82 983.20 998.15 1012.71 1026.89 1040.72 1054.22 1067.39 1080.26 1092.85 1105.15 1117.19 1128.96 1140.48 1151.75 1162.78 1173.56 1184.10 1194.39 1204.43 1214.22 1223.77 1233.07 1242.14 1251.00 1259.76 1268.12 1149.64 1157.31 1036.47 914.04 789.71 531.14 0.00 0.00 
0.00 22.06 33.57 40.84 49.04 58.25 62.15 73.47 79.18 85.94 93.80 102.80 113.12 124.96 138.51 153.95 171.44 191.10 212.98 237.09 263.32 291.48 321.29 352.40 384.41 416.91 449.52 481.90 513.78 544.95 575.25 604.59 632.92 660.20 686.46 711.70 735.97 759.29 781.72 803.30 824.08 844.11 863.43 882.08 900.11 917.56 934.45 950.83 966.73 982.18 997.20 1011.81 1026.05 1039.93 1053.47 1066.69 1079.59 1092.21 1104.54 1116.60 1128.39 1139.92 1151.20 1162.23 1173.00 1183.53 1193.81 1203.84 1213.62 1223.16 1232.46 1241.56 1250.48 1259.20 1267.59 1149.04 1156.71 1035.76 913.09 788.58 529.88 0.00 0.00 
0.00 27.50 33.79 47.03 49.56 58.96 69.48 74.55 80.57 87.68 95.81 105.04 115.59 127.65 141.39 156.98 174.56 194.23 216.05 240.00 265.97 293.80 323.21 353.87 385.41 417.44 449.62 481.61 513.15 544.04 574.12 603.30 631.50 658.72 684.93 710.17 734.44 757.79 780.26 801.89 822.73 842.82 862.20 880.92 899.01 916.52 933.48 949.92 965.87 981.37 996.44 1011.10 1025.38 1039.30 1052.87 1066.12 1079.05 1091.69 1104.04 1116.11 1127.92 1139.46 1150.74 1161.76 1172.53 1183.05 1193.31 1203.32 1213.07 1222.58 1231.85 1240.92 1249.86 1258.60 1267.10 1275.36 1155.99 1035.01 1041.77 787.34 660.25 0.00 0.00 
0.00 27.46 36.80 47.30 49.95 59.47 70.12 75.34 81.58 88.88 105.33 115.10 126.47 139.57 154.58 171.64 190.94 212.57 236.62 263.06 291.79 322.61 355.21 389.20 424.14 459.61 495.19 530.52 565.30 599.32 632.41 664.48 695.46 725.34 754.11 781.80 808.43 834.06 858.72 882.46 905.33 927.39 948.67 969.23 989.10 1008.34 1026.97 1045.03 1062.57 1079.60 1096.16 1112.28 1127.98 1143.28 1158.20 1172.77 1186.99 1200.88 1214.46 1227.73 1240.70 1253.38 1265.78 1277.89 1289.72 1301.26 1312.51 1323.47 1334.11 1344.42 1354.35 1363.85 1249.22 1257.95 1266.43 1274.61 1155.32 1162.85 1040.79 916.83 659.16 133.33 0.00 
0.00 27.48 36.89 47.45 50.15 59.73 70.45 75.75 82.10 89.49 106.05 115.90 127.36 140.55 155.63 172.75 192.09 213.74 237.77 264.18 292.85 323.57 356.05 389.90 424.70 460.01 495.44 530.62 565.28 599.18 632.17 664.15 695.07 724.89 753.62 781.28 807.90 833.52 858.18 881.92 904.81 926.88 948.18 968.75 988.65 1007.90 1026.55 1044.64 1062.19 1079.25 1095.83 1111.96 1127.68 1142.99 1157.93 1172.50 1186.73 1200.63 1214.21 1227.49 1240.46 1253.14 1265.53 1277.63 1289.45 1300.98 1312.21 1323.14 1333.74 1344.01 1353.89 1363.34 1248.65 1257.30 1265.69 1273.77 1154.39 1161.81 1039.61 915.59 657.98 133.23 0.00 
0.00 27.52 34.04 47.45 50.14 59.72 70.45 75.78 82.11 89.53 97.92 107.42 118.24 130.55 144.51 160.28 177.99 197.71 219.50 243.33 269.11 296.64 325.70 355.95 387.04 418.62 450.35 481.92 513.07 543.61 573.40 602.32 630.33 657.39 683.49 708.64 732.86 756.19 778.66 800.31 821.17 841.30 860.73 879.50 897.65 915.22 932.24 948.74 964.75 980.31 995.43 1010.15 1024.48 1038.44 1052.05 1065.33 1078.30 1090.96 1103.32 1115.41 1127.21 1138.74 1150.01 1161.01 1171.74 1182.21 1192.41 1202.34 1211.99 1221.38 1230.51 1239.42 1248.16 1256.66 1264.90 1272.87 1153.22 1032.01 1038.29 783.79 656.64 0.00 0.00 
0.00 22.04 33.97 41.47 49.94 59.45 63.70 75.46 81.63 88.95 97.30 106.78 117.56 129.84 143.77 159.53 177.24 196.99 218.84 242.75 268.64 296.31 325.51 355.91 387.16 418.88 450.72 482.38 513.60 544.18 573.99 602.92 630.91 657.94 684.01 709.12 733.31 756.59 779.02 800.63 821.47 841.56 860.96 879.71 897.84 915.38 932.39 948.87 964.87 980.41 995.53 1010.23 1024.55 1038.50 1052.11 1065.38 1078.34 1090.99 1103.35 1115.42 1127.22 1138.74 1149.99 1160.98 1171.69 1182.14 1192.32 1202.22 1211.84 1221.19 1230.26 1239.09 1247.69 1256.04 1264.02 1145.19 1152.22 1030.87 907.76 782.79 524.52 0.00 0.00 
0.00 22.20 33.81 41.19 49.55 58.95 63.05 74.71 80.72 87.82 95.97 105.29 115.93 128.07 141.90 157.59 175.27 195.06 217.01 241.10 267.22 295.19 324.72 355.47 387.06 419.10 451.23 483.12 514.53 545.24 575.13 604.10 632.10 659.12 685.15 710.22 734.35 757.57 779.94 801.48 822.26 842.29 861.64 880.33 898.41 915.92 932.88 949.32 965.29 980.80 995.88 1010.56 1024.85 1038.78 1052.37 1065.62 1078.56 1091.19 1103.54 1115.59 1127.37 1138.88 1150.12 1161.09 1171.79 1182.21 1192.36 1202.23 1211.81 1221.09 1230.09 1238.80 1247.25 1255.53 1263.33 1144.44 1151.34 1029.97 907.03 782.32 524.97 0.00 0.00 
0.00 11.14 28.10 35.06 43.08 52.10 62.19 66.90 72.48 86.46 94.23 103.25 113.64 125.57 139.22 154.79 172.41 192.23 214.30 238.61 265.05 293.42 323.42 354.67 386.76 419.27 451.81 484.06 515.73 546.65 576.67 605.72 633.75 660.76 686.76 711.76 735.82 758.97 781.26 802.72 823.41 843.37 862.64 881.26 899.28 916.72 933.62 950.01 965.93 981.39 996.43 1011.07 1025.33 1039.22 1052.78 1066.00 1078.91 1091.53 1103.85 1115.88 1127.64 1139.13 1150.35 1161.31 1171.99 1182.39 1192.51 1202.34 1211.87 1221.09 1229.97 1238.52 1246.67 1129.53 1136.68 1143.61 1022.79 900.51 776.68 651.13 262.40 0.00 0.00 
0.00 0.00 22.55 34.72 42.47 51.25 54.69 65.63 70.87 77.08 84.18 92.25 101.52 112.20 124.44 138.42 154.29 172.15 192.06 214.03 237.94 263.61 290.77 319.06 348.10 377.52 406.94 436.07 464.67 492.55 519.61 545.77 571.00 595.29 618.66 641.14 662.76 683.56 703.58 722.86 741.45 759.38 776.69 793.42 809.61 825.28 840.47 855.21 869.51 883.42 896.94 910.10 922.92 935.42 947.60 959.50 971.11 982.45 993.53 1004.35 1014.93 1025.26 1035.35 1045.19 1054.79 1064.13 1073.21 1082.02 1090.55 1098.77 1106.69 1114.32 1121.88 1129.16 1136.02 1016.23 1022.10 899.73 775.82 520.30 0.00 0.00 0.00 
0.00 0.00 5.68 23.01 35.94 44.20 47.14 57.51 62.14 67.62 81.89 89.46 98.35 108.70 120.68 134.46 150.21 168.08 188.13 210.38 234.73 260.97 288.78 317.79 347.55 377.64 407.66 437.29 466.28 494.45 521.70 547.97 573.24 597.53 620.86 643.26 664.79 685.49 705.40 724.58 743.06 760.88 778.10 794.74 810.83 826.42 841.53 856.19 870.43 884.27 897.73 910.84 923.61 936.06 948.20 960.06 971.64 982.95 994.00 1004.80 1015.35 1025.66 1035.73 1045.56 1055.14 1064.47 1073.53 1082.31 1090.78 1098.92 1106.67 1113.95 996.86 1003.31 1009.31 888.71 893.72 770.38 516.53 130.10 0.00 0.00 0.00 
0.00 0.00 0.00 11.62 23.63 37.28 39.58 49.32 53.28 65.52 71.29 77.98 85.77 94.84 105.37 117.54 131.50 147.40 165.32 185.27 207.15 230.77 255.84 281.99 308.81 335.89 362.86 389.44 415.39 440.56 464.86 488.25 510.72 532.29 552.99 572.86 591.94 610.28 627.93 644.91 661.28 677.07 692.32 707.06 721.33 735.14 748.53 761.53 774.15 786.42 798.36 809.98 821.31 832.35 843.13 853.65 863.92 873.96 883.77 893.36 902.72 911.88 920.82 929.54 938.05 946.32 954.36 962.14 969.65 976.85 983.72 990.25 996.55 877.65 882.75 761.24 765.30 513.22 258.33 0.00 0.00 0.00 0.00 
0.00 0.00 0.00 0.00 0.00 24.62 32.23 41.23 44.46 48.47 61.10 66.71 73.35 81.13 90.22 100.77 112.94 126.87 142.64 160.27 179.67 200.66 222.97 246.24 270.09 294.14 318.05 341.55 364.43 386.58 407.91 428.41 448.07 466.92 485.00 502.33 518.98 534.97 550.35 565.15 579.42 593.18 606.47 619.32 631.76 643.80 655.48 666.82 677.83 688.53 698.95 709.10 718.98 728.62 738.03 747.22 756.19 764.96 773.52 781.90 790.09 798.09 805.90 813.53 820.96 828.19 835.22 842.02 848.56 854.82 860.74 866.23 747.46 752.15 756.35 633.85 509.75 128.30 0.00 0.00 0.00 0.00 0.00 
0.00 0.00 0.00 0.00 0.00 0.00 12.91 26.97 28.91 39.48 43.02 47.11 51.85 57.38 63.85 71.37 80.07 90.05 101.38 114.05 128.02 143.14 159.20 175.95 193.10 210.37 227.52 244.35 260.72 276.54 291.77 306.40 320.42 333.86 346.74 359.10 370.97 382.36 393.33 403.88 414.06 423.87 433.35 442.52 451.39 459.98 468.32 476.40 484.26 491.90 499.33 506.57 513.63 520.51 527.23 533.78 540.19 546.45 552.56 558.54 564.39 570.10 575.67 581.12 586.42 591.59 596.60 601.44 606.11 610.58 614.81 618.80 622.63 501.31 503.89 253.19 0.00 0.00 0.00 0.00 0.00 0.00 0.00 
0.00 0.00 0.00 0.00 0.00 0.00 0.00 0.00 0.00 0.00 8.49 8.98 9.75 10.74 11.95 13.39 15.09 17.07 19.36 21.96 24.86 28.03 31.41 34.95 38.56 42.17 45.74 49.21 52.56 55.78 58.85 61.78 64.58 67.26 69.81 72.26 74.61 76.87 79.04 81.12 83.13 85.08 86.95 88.77 90.52 92.22 93.87 95.48 97.04 98.55 100.03 101.46 102.86 104.23 105.57 106.87 108.14 109.39 110.61 111.80 112.96 114.10 115.22 116.30 117.36 118.39 119.39 120.35 121.26 122.10 122.82 123.32 0.00 0.00 0.00 0.00 0.00 0.00 0.00 0.00 0.00 0.00 0.00 
0.00 0.00 0.00 0.00 0.00 0.00 0.00 0.00 0.00 0.00 0.00 0.00 0.00 0.00 0.00 0.00 0.00 0.00 0.00 0.00 0.00 0.00 0.00 0.00 0.00 0.00 0.00 0.00 0.00 0.00 0.00 0.00 0.00 0.00 0.00 0.00 0.00 0.00 0.00 0.00 0.00 0.00 0.00 0.00 0.00 0.00 0.00 0.00 0.00 0.00 0.00 0.00 0.00 0.00 0.00 0.00 0.00 0.00 0.00 0.00 0.00 0.00 0.00 0.00 0.00 0.00 0.00 0.00 0.00 0.00 0.00 0.00 0.00 0.00 0.00 0.00 0.00 0.00 0.00 0.00 0.00 0.00 0.00 
