0.00 0.00 0.00 0.00 0.00 0.00 0.00 0.00 0.00 0.00 9.76 9.77 9.80 9.84 9.89 9.95 10.03 10.13 10.24 10.37 10.53 10.71 10.93 11.17 11.44 11.76 12.11 12.52 12.97 13.49 14.06 14.71 15.43 16.24 17.13 18.13 19.23 20.45 21.79 23.25 24.85 26.59 28.47 30.49 32.66 34.98 37.43 40.02 42.75 45.59 48.55 51.62 54.79 58.05 61.38 64.78 68.24 71.76 75.31 78.90 82.53 86.17 89.83 93.50 97.16 100.82 104.44 108.02 111.49 114.77 117.68 119.75 0.00 0.00 0.00 0.00 0.00 0.00 0.00 0.00 0.00 0.00 0.00 
0.00 0.00 0.00 0.00 0.00 0.00 19.50 38.98 38.96 48.69 48.72 48.80 48.93 49.12 49.37 49.68 50.07 50.54 51.10 51.77 52.54 53.45 54.49 55.68 57.05 58.60 60.36 62.36 64.62 67.16 70.01 73.21 76.80 80.80 85.26 90.21 95.69 101.75 108.42 115.72 123.71 132.39 141.78 151.91 162.77 174.35 186.65 199.64 213.29 227.56 242.41 257.80 273.68 289.99 306.70 323.75 341.09 358.69 376.50 394.49 412.62 430.86 449.17 467.54 485.92 504.28 522.57 540.73 558.69 576.34 593.54 610.19 626.56 515.32 524.69 267.61 0.00 0.00 0.00 0.00 0.00 0.00 0.00 
0.00 0.00 0.00 0.00 0.00 39.08 48.79 58.48 58.47 58.52 68.37 68.51 68.72 69.01 69.39 69.85 70.43 71.12 71.94 72.91 74.04 75.35 76.86 78.59 80.56 82.80 85.34 88.21 91.45 95.09 99.17 103.75 108.86 114.55 120.89 127.91 135.68 144.24 153.64 163.93 175.15 187.33 200.50 214.66 229.83 246.00 263.14 281.23 300.23 320.08 340.74 362.14 384.21 406.90 430.12 453.83 477.95 502.43 527.22 552.25 577.48 602.87 628.37 653.93 679.51 705.05 730.48 755.74 780.71 805.23 829.09 851.90 752.57 772.99 791.37 676.59 553.26 141.65 0.00 0.00 0.00 0.00 0.00 
0.00 0.00 0.00 19.64 39.21 58.67 58.61 68.36 68.39 78.22 78.37 78.57 78.85 79.21 79.68 80.25 80.95 81.79 82.78 83.95 85.30 86.86 88.65 90.70 93.04 95.69 98.69 102.07 105.87 110.15 114.93 120.28 126.25 132.88 140.24 148.39 157.38 167.26 178.10 189.93 202.80 216.76 231.81 247.98 265.27 283.67 303.17 323.72 345.28 367.81 391.24 415.50 440.52 466.24 492.58 519.46 546.82 574.59 602.71 631.12 659.76 688.57 717.52 746.54 775.57 804.57 833.45 862.13 890.52 918.51 945.97 972.92 999.81 900.80 923.74 814.46 833.95 572.76 292.18 0.00 0.00 0.00 0.00 
0.00 0.00 0.00 39.32 58.85 68.56 68.53 78.30 78.36 78.48 88.42 88.68 89.03 89.48 90.04 90.73 91.56 92.55 93.72 95.08 96.67 98.49 100.58 102.97 105.68 108.75 112.22 116.13 120.52 125.44 130.94 137.08 143.92 151.50 159.91 169.19 179.41 190.63 202.90 216.28 230.82 246.54 263.48 281.65 301.06 321.69 343.51 366.51 390.63 415.80 441.98 469.08 497.03 525.75 555.17 585.19 615.76 646.79 678.21 709.96 741.97 774.18 806.54 838.98 871.44 903.85 936.15 968.24 1000.02 1031.37 1062.09 1091.87 999.86 1028.02 1054.99 950.37 974.64 859.31 590.76 150.93 0.00 0.00 0.00 
0.00 0.00 39.49 59.07 68.78 78.50 78.48 88.26 88.35 88.50 88.72 89.02 89.41 89.90 90.51 91.24 92.13 93.18 94.41 95.84 97.49 99.39 101.57 104.04 106.85 110.03 113.61 117.64 122.15 127.20 132.84 139.12 146.09 153.82 162.36 171.77 182.11 193.43 205.80 219.26 233.85 249.60 266.54 284.68 304.03 324.57 346.29 369.15 393.10 418.09 444.06 470.95 498.67 527.16 556.33 586.12 616.44 647.23 678.42 709.93 741.71 773.69 805.82 838.04 870.28 902.49 934.60 966.55 998.26 1029.68 1060.79 1091.72 1123.33 1154.68 1185.12 1084.52 1112.74 1002.73 885.93 609.95 0.00 0.00 0.00 
0.00 19.83 49.43 59.18 68.92 78.66 88.43 88.47 88.59 98.52 98.78 99.14 99.59 100.16 100.87 101.72 102.74 103.94 105.35 106.98 108.86 111.03 113.50 116.31 119.49 123.09 127.14 131.69 136.78 142.48 148.83 155.89 163.72 172.39 181.96 192.50 204.06 216.71 230.51 245.51 261.75 279.27 298.09 318.23 339.70 362.47 386.53 411.84 438.35 466.01 494.74 524.47 555.12 586.62 618.88 651.81 685.34 719.38 753.86 788.70 823.84 859.20 894.72 930.34 965.99 1001.61 1037.12 1072.48 1107.61 1142.47 1176.99 1211.12 1244.67 1153.09 1184.57 1216.20 1112.25 1002.77 886.95 762.95 315.88 0.00 0.00 
0.00 39.70 59.40 69.14 78.87 88.60 88.60 98.43 98.56 98.77 99.07 99.45 99.94 100.55 101.30 102.19 103.26 104.51 105.98 107.67 109.62 111.85 114.40 117.29 120.57 124.26 128.41 133.06 138.27 144.08 150.55 157.73 165.69 174.48 184.17 194.81 206.48 219.23 233.10 248.16 264.45 281.99 300.81 320.93 342.34 365.04 389.00 414.19 440.55 468.04 496.59 526.13 556.58 587.87 619.91 652.62 685.93 719.74 754.00 788.62 823.54 858.68 893.98 929.38 964.81 1000.22 1035.53 1070.72 1105.71 1140.49 1175.05 1209.40 1243.63 1278.12 1311.72 1214.87 1246.98 1141.78 1030.39 911.25 629.05 0.00 0.00 
0.00 39.76 59.50 69.25 78.99 88.74 88.76 98.60 98.76 98.99 99.32 99.74 100.26 100.91 101.69 102.62 103.73 105.03 106.54 108.29 110.30 112.60 115.22 118.18 121.54 125.31 129.55 134.30 139.61 145.52 152.10 159.39 167.45 176.35 186.14 196.89 208.65 221.48 235.43 250.54 266.86 284.42 303.24 323.34 344.71 367.34 391.20 416.28 442.52 469.86 498.25 527.61 557.88 588.97 620.82 653.33 686.43 720.05 754.10 788.51 823.22 858.16 893.25 928.44 963.65 998.84 1033.95 1068.93 1103.74 1138.36 1172.81 1207.17 1241.51 1275.77 1309.36 1212.18 1244.22 1138.47 1025.94 905.94 623.11 0.00 0.00 
0.00 49.78 59.59 79.18 79.10 88.85 98.65 98.74 98.92 99.18 99.52 99.96 100.51 101.18 101.99 102.96 104.10 105.44 106.99 108.78 110.84 113.19 115.86 118.88 122.29 126.14 130.45 135.27 140.65 146.65 153.30 160.68 168.82 177.81 187.68 198.50 210.33 223.22 237.22 252.38 268.73 286.30 305.12 325.20 346.53 369.11 392.90 417.89 444.03 471.26 499.52 528.75 558.87 589.82 621.50 653.86 686.79 720.24 754.13 788.37 822.91 857.67 892.58 927.58 962.61 997.60 1032.50 1067.26 1101.83 1136.21 1170.42 1204.58 1238.91 1273.13 1307.10 1340.73 1240.84 1134.88 1164.20 900.10 768.87 0.00 0.00 
0.00 49.85 64.61 79.26 79.18 88.94 98.74 98.84 99.03 99.31 109.44 109.91 110.50 111.23 112.12 113.17 114.42 115.88 117.58 119.54 121.79 124.35 127.28 130.59 134.32 138.53 143.25 148.53 154.43 161.00 168.29 176.38 185.31 195.16 205.99 217.87 230.86 245.02 260.40 277.05 295.03 314.36 335.06 357.15 380.63 405.48 431.68 459.20 487.98 517.97 549.09 581.28 614.44 648.51 683.39 719.00 755.24 792.04 829.31 866.97 904.93 943.13 981.49 1019.93 1058.38 1096.76 1134.99 1172.99 1210.66 1247.86 1284.42 1320.08 1236.17 1270.24 1304.02 1337.26 1237.59 1269.46 1159.44 1041.74 763.66 159.88 0.00 
0.00 49.89 64.65 79.30 79.22 88.98 98.79 98.90 99.09 99.38 109.52 110.00 110.60 111.34 112.23 113.30 114.56 116.04 117.75 119.72 121.99 124.58 127.52 130.85 134.61 138.84 143.59 148.90 154.82 161.42 168.74 176.86 185.82 195.71 206.57 218.47 231.48 245.66 261.07 277.74 295.72 315.06 335.76 357.84 381.31 406.14 432.32 459.80 488.55 518.49 549.56 581.69 614.80 648.80 683.61 719.14 755.31 792.03 829.21 866.77 904.64 942.74 980.99 1019.30 1057.62 1095.85 1133.92 1171.74 1209.21 1246.18 1282.48 1317.84 1233.61 1267.27 1300.58 1333.33 1233.24 1264.53 1153.83 1035.80 757.97 159.41 0.00 
0.00 49.89 59.70 79.30 79.22 88.98 98.79 98.90 99.10 99.38 99.75 100.22 100.79 101.50 102.34 103.34 104.52 105.90 107.50 109.34 111.45 113.85 116.58 119.67 123.15 127.06 131.45 136.35 141.82 147.90 154.65 162.11 170.35 179.42 189.38 200.29 212.19 225.15 239.21 254.41 270.79 288.38 307.20 327.26 348.55 371.07 394.79 419.68 445.70 472.80 500.91 529.98 559.92 590.68 622.16 654.29 687.00 720.21 753.83 787.81 822.05 856.50 891.08 925.72 960.36 994.92 1029.34 1063.56 1097.54 1131.25 1164.69 1197.97 1231.27 1264.29 1296.92 1329.11 1227.81 1120.63 1147.55 883.00 751.41 0.00 0.00 
0.00 39.91 59.67 69.43 79.18 88.95 88.98 98.86 99.05 99.33 99.69 100.16 100.73 101.43 102.26 103.26 104.43 105.80 107.39 109.22 111.31 113.70 116.42 119.49 122.96 126.86 131.23 136.11 141.56 147.62 154.34 161.78 170.00 179.05 188.99 199.88 211.77 224.71 238.76 253.95 270.33 287.91 306.74 326.80 348.10 370.64 394.38 419.29 445.34 472.46 500.59 529.68 559.65 590.42 621.92 654.07 686.79 720.00 753.62 787.59 821.82 856.24 890.78 925.37 959.94 994.41 1028.73 1062.83 1096.65 1130.17 1163.37 1196.28 1228.97 1261.33 1292.82 1194.17 1223.07 1115.24 1000.46 878.05 597.15 0.00 0.00 
0.00 39.86 59.62 69.38 79.12 88.88 88.90 98.77 98.95 99.21 99.56 100.01 100.57 101.25 102.07 103.04 104.20 105.54 107.10 108.91 110.97 113.33 116.01 119.05 122.47 126.33 130.65 135.49 140.88 146.89 153.56 160.95 169.12 178.11 188.00 198.84 210.68 223.59 237.60 252.77 269.13 286.72 305.54 325.62 346.96 369.53 393.32 418.28 444.39 471.58 499.79 528.95 559.00 589.84 621.42 653.63 686.41 719.68 753.35 787.36 821.62 856.07 890.62 925.20 959.75 994.18 1028.43 1062.42 1096.08 1129.36 1162.23 1194.66 1226.72 1258.76 1289.48 1190.55 1218.83 1110.89 996.79 875.52 598.79 0.00 0.00 
0.00 19.92 49.65 59.44 69.20 78.98 88.79 88.88 89.04 99.05 99.38 99.81 100.34 101.00 101.79 102.74 103.86 105.17 106.70 108.46 110.48 112.80 115.43 118.41 121.78 125.57 129.83 134.60 139.92 145.86 152.45 159.76 167.85 176.77 186.58 197.35 209.13 221.98 235.95 251.08 267.42 284.99 303.83 323.93 345.30 367.92 391.78 416.83 443.02 470.31 498.63 527.91 558.07 589.03 620.71 653.04 685.92 719.29 753.05 787.14 821.47 855.98 890.58 925.20 959.76 994.18 1028.38 1062.28 1095.78 1128.80 1161.26 1193.06 1223.95 1130.74 1158.85 1186.63 1080.34 968.51 850.58 725.68 298.83 0.00 0.00 
0.00 0.00 39.68 59.34 69.09 78.86 78.87 88.72 88.86 89.08 89.38 89.75 90.23 90.81 91.52 92.36 93.36 94.53 95.89 97.46 99.27 101.33 103.68 106.35 109.36 112.75 116.56 120.83 125.60 130.92 136.83 143.38 150.63 158.64 167.44 177.11 187.69 199.24 211.80 225.41 240.11 255.92 272.88 290.97 310.22 330.60 352.09 374.66 398.27 422.86 448.38 474.76 501.93 529.83 558.37 587.49 617.11 647.15 677.55 708.24 739.14 770.18 801.30 832.42 863.48 894.38 925.06 955.42 985.36 1014.80 1043.67 1072.05 1100.68 1128.76 1155.66 1053.07 1076.93 964.73 846.46 577.55 0.00 0.00 0.00 
0.00 0.00 9.91 39.53 59.15 68.91 68.92 78.76 78.90 79.09 89.13 89.47 89.92 90.47 91.13 91.94 92.89 94.02 95.33 96.85 98.59 100.60 102.88 105.47 108.40 111.71 115.43 119.61 124.28 129.49 135.29 141.74 148.88 156.77 165.48 175.05 185.54 197.00 209.49 223.05 237.71 253.52 270.47 288.60 307.90 328.35 349.94 372.62 396.36 421.09 446.77 473.31 500.65 528.72 557.43 586.71 616.49 646.69 677.24 708.06 739.09 770.25 801.47 832.69 863.82 894.78 925.48 955.80 985.62 1014.79 1043.07 1070.12 976.59 1001.41 1024.91 919.02 939.33 823.09 561.07 144.38 0.00 0.00 0.00 
0.00 0.00 0.00 19.75 39.40 58.97 58.97 68.80 68.92 78.86 79.08 79.38 79.76 80.24 80.81 81.51 82.33 83.31 84.45 85.77 87.30 89.04 91.04 93.31 95.87 98.77 102.03 105.70 109.80 114.38 119.48 125.16 131.45 138.41 146.10 154.56 163.83 173.99 185.06 197.08 210.10 224.14 239.22 255.35 272.53 290.75 309.99 330.21 351.38 373.44 396.33 420.01 444.39 469.42 495.02 521.13 547.67 574.58 601.80 629.25 656.88 684.63 712.42 740.20 767.88 795.40 822.67 849.57 876.00 901.80 926.86 951.11 974.95 874.92 894.84 785.31 801.72 546.94 280.65 0.00 0.00 0.00 0.00 
0.00 0.00 0.00 0.00 0.00 39.24 49.03 58.84 58.94 59.09 69.06 69.31 69.63 70.03 70.51 71.10 71.80 72.63 73.60 74.73 76.04 77.53 79.24 81.19 83.39 85.89 88.69 91.85 95.38 99.34 103.75 108.66 114.11 120.15 126.82 134.17 142.24 151.08 160.73 171.23 182.61 194.89 208.09 222.22 237.28 253.26 270.15 287.90 306.49 325.87 345.99 366.79 388.21 410.20 432.68 455.61 478.91 502.54 526.42 550.51 574.74 599.07 623.44 647.79 672.05 696.15 720.02 743.55 766.62 789.06 810.66 831.03 731.19 749.20 765.52 652.06 532.40 136.65 0.00 0.00 0.00 0.00 0.00 
0.00 0.00 0.00 0.00 0.00 0.00 19.58 39.15 39.22 49.13 49.28 49.46 49.68 49.96 50.30 50.72 51.21 51.80 52.49 53.28 54.21 55.27 56.48 57.86 59.42 61.19 63.18 65.42 67.93 70.74 73.87 77.36 81.24 85.54 90.28 95.52 101.27 107.58 114.47 121.96 130.08 138.86 148.29 158.40 169.17 180.60 192.68 205.38 218.68 232.54 246.94 261.82 277.14 292.87 308.95 325.34 342.00 358.89 375.96 393.18 410.50 427.88 445.28 462.67 479.99 497.20 514.23 531.01 547.46 563.47 578.90 593.70 608.16 498.82 508.80 259.31 0.00 0.00 0.00 0.00 0.00 0.00 0.00 
0.00 0.00 0.00 0.00 0.00 0.00 0.00 0.00 0.00 0.00 9.82 9.84 9.88 9.92 9.98 10.06 10.15 10.26 10.38 10.53 10.71 10.91 11.13 11.39 11.69 12.03 12.41 12.83 13.32 13.85 14.46 15.13 15.89 16.72 17.65 18.67 19.80 21.05 22.41 23.89 25.51 27.26 29.15 31.18 33.34 35.65 38.08 40.65 43.34 46.14 49.06 52.07 55.17 58.36 61.61 64.92 68.29 71.70 75.15 78.62 82.11 85.62 89.12 92.62 96.11 99.57 102.98 106.31 109.53 112.54 115.17 117.01 0.00 0.00 0.00 0.00 0.00 0.00 0.00 0.00 0.00 0.00 0.00 
0.00 0.00 0.00 0.00 0.00 0.00 0.00 0.00 0.00 0.00 0.00 0.00 0.00 0.00 0.00 0.00 0.00 0.00 0.00 0.00 0.00 0.00 0.00 0.00 0.00 0.00 0.00 0.00 0.00 0.00 0.00 0.00 0.00 0.00 0.00 0.00 0.00 0.00 0.00 0.00 0.00 0.00 0.00 0.00 0.00 0.00 0.00 0.00 0.00 0.00 0.00 0.00 0.00 0.00 0.00 0.00 0.00 0.00 0.00 0.00 0.00 0.00 0.00 0.00 0.00 0.00 0.00 0.00 0.00 0.00 0.00 0.00 0.00 0.00 0.00 0.00 0.00 0.00 0.00 0.00 0.00 0.00 0.00 
