0.00 0.00 0.00 0.00 0.00 0.00 0.00 0.00 0.00 0.00 79.57 79.45 79.28 79.07 78.85 78.61 78.36 78.10 77.82 77.54 77.25 76.95 76.64 76.32 76.00 75.66 75.32 74.97 74.61 74.24 73.86 73.47 73.08 72.67 72.26 71.83 71.39 70.94 70.48 70.01 69.52 69.01 68.49 67.95 67.40 66.82 66.22 65.60 64.95 64.28 63.57 62.83 62.05 61.24 60.38 59.47 58.50 57.47 56.37 55.19 53.91 52.52 50.99 49.31 47.45 45.37 43.04 40.45 37.60 34.59 31.66 29.41 0.00 0.00 0.00 0.00 0.00 0.00 0.00 0.00 0.00 0.00 0.00 
0.00 0.00 0.00 0.00 0.00 0.00 160.51 320.57 320.12 399.30 398.44 397.51 396.51 395.42 394.27 393.06 391.79 390.47 389.10 387.69 386.23 384.73 383.18 381.60 379.97 378.30 376.58 374.82 373.02 371.18 369.29 367.36 365.39 363.36 361.28 359.15 356.97 354.73 352.42 350.05 347.61 345.09 342.49 339.81 337.03 334.15 331.16 328.06 324.83 321.46 317.95 314.26 310.40 306.34 302.06 297.54 292.74 287.63 282.18 276.32 270.00 263.13 255.63 247.36 238.19 227.91 216.31 203.19 188.34 171.75 153.66 134.70 115.44 76.37 67.09 28.85 0.00 0.00 0.00 0.00 0.00 0.00 0.00 
0.00 0.00 0.00 0.00 0.00 321.66 401.57 481.09 480.28 479.28 557.81 556.54 555.14 553.63 552.02 550.33 548.56 546.72 544.81 542.83 540.79 538.69 536.52 534.30 532.02 529.67 527.27 524.80 522.27 519.69 517.03 514.32 511.54 508.69 505.77 502.77 499.70 496.54 493.29 489.94 486.50 482.95 479.28 475.48 471.56 467.49 463.26 458.87 454.29 449.52 444.53 439.30 433.81 428.04 421.95 415.50 408.66 401.38 393.59 385.22 376.19 366.38 355.67 343.90 330.86 316.35 300.09 281.87 261.52 239.07 214.97 190.24 138.03 115.58 96.79 65.54 44.24 9.43 0.00 0.00 0.00 0.00 0.00 
0.00 0.00 0.00 161.37 322.40 482.82 482.15 561.43 560.41 639.02 637.62 636.12 634.51 632.78 630.95 629.02 627.00 624.90 622.72 620.46 618.13 615.73 613.25 610.71 608.09 605.41 602.65 599.83 596.93 593.96 590.92 587.81 584.61 581.34 577.98 574.53 570.99 567.35 563.61 559.76 555.79 551.69 547.45 543.07 538.53 533.83 528.94 523.85 518.55 513.01 507.22 501.14 494.76 488.04 480.95 473.43 465.45 456.94 447.84 438.06 427.50 416.05 403.56 389.87 374.78 358.07 339.51 318.90 296.11 271.22 244.57 216.74 188.15 137.63 115.37 79.81 65.50 34.81 15.61 0.00 0.00 0.00 0.00 
0.00 0.00 0.00 322.91 483.79 563.55 562.67 641.77 640.56 639.19 717.36 715.70 713.89 711.95 709.89 707.72 705.46 703.09 700.64 698.11 695.48 692.78 689.99 687.13 684.18 681.16 678.05 674.86 671.59 668.24 664.81 661.29 657.68 653.98 650.18 646.28 642.27 638.15 633.90 629.54 625.03 620.38 615.57 610.59 605.43 600.08 594.51 588.72 582.68 576.36 569.75 562.82 555.53 547.85 539.73 531.12 521.98 512.23 501.80 490.59 478.50 465.40 451.15 435.56 418.45 399.60 378.81 355.89 330.78 303.60 274.82 245.41 188.22 160.29 135.28 96.67 79.33 54.86 29.39 6.72 0.00 0.00 0.00 
0.00 0.00 323.48 484.66 564.63 644.21 643.17 722.11 720.73 719.20 717.54 715.81 713.98 712.03 709.97 707.80 705.54 703.18 700.73 698.20 695.58 692.87 690.08 687.21 684.26 681.23 678.12 674.92 671.64 668.28 664.83 661.29 657.66 653.94 650.11 646.19 642.15 638.00 633.72 629.31 624.76 620.06 615.20 610.17 604.95 599.53 593.90 588.02 581.89 575.48 568.76 561.71 554.29 546.47 538.19 529.42 520.09 510.13 499.49 488.05 475.72 462.39 447.91 432.14 414.90 396.02 375.32 352.69 328.06 301.52 273.37 243.97 213.19 183.22 155.93 114.67 94.96 67.57 46.80 25.67 0.00 0.00 0.00 
0.00 161.99 404.55 484.93 564.84 644.40 723.61 722.29 720.86 799.12 797.35 795.43 793.38 791.21 788.92 786.51 784.00 781.38 778.66 775.84 772.93 769.92 766.82 763.63 760.35 756.97 753.51 749.95 746.30 742.55 738.71 734.76 730.72 726.57 722.30 717.92 713.41 708.77 703.99 699.07 693.98 688.73 683.30 677.66 671.82 665.75 659.44 652.86 645.98 638.80 631.26 623.35 615.02 606.24 596.95 587.09 576.62 565.45 553.50 540.68 526.88 511.97 495.82 478.26 459.13 438.25 415.44 390.56 363.57 334.56 303.84 272.09 240.45 186.24 158.98 133.91 99.33 71.61 49.88 33.64 11.59 0.00 0.00 
0.00 324.06 485.67 565.85 645.62 725.01 723.78 802.55 801.00 799.29 797.47 795.53 793.47 791.29 789.00 786.59 784.08 781.46 778.74 775.93 773.01 770.00 766.90 763.71 760.42 757.04 753.57 750.00 746.34 742.58 738.72 734.76 730.70 726.52 722.24 717.83 713.29 708.63 703.82 698.85 693.73 688.43 682.95 677.27 671.37 665.24 658.85 652.20 645.25 637.97 630.34 622.32 613.88 604.97 595.54 585.54 574.91 563.57 551.45 538.45 524.47 509.40 493.10 475.43 456.25 435.41 412.75 388.19 361.69 333.33 303.39 272.39 241.03 209.80 181.11 137.86 115.79 85.57 61.68 43.39 24.01 0.00 0.00 
0.00 324.20 485.85 566.00 645.77 725.15 723.90 802.68 801.11 799.39 797.55 795.60 793.54 791.36 789.07 786.66 784.15 781.54 778.82 776.00 773.09 770.08 766.97 763.78 760.48 757.10 753.62 750.04 746.37 742.60 738.73 734.76 730.68 726.48 722.18 717.74 713.19 708.49 703.65 698.65 693.49 688.16 682.63 676.90 670.95 664.76 658.32 651.60 644.57 637.22 629.50 621.39 612.85 603.83 594.28 584.15 573.39 561.91 549.64 536.49 522.37 507.16 490.75 473.01 453.81 433.03 410.55 386.30 360.27 332.56 303.40 273.23 242.64 212.56 184.52 142.01 120.06 89.88 65.83 46.97 26.35 0.00 0.00 
0.00 405.39 485.99 646.85 645.91 725.26 804.28 802.80 801.20 799.47 797.61 795.65 793.59 791.41 789.12 786.72 784.21 781.60 778.88 776.06 773.15 770.14 767.03 763.83 760.53 757.14 753.66 750.08 746.40 742.62 738.74 734.75 730.66 726.45 722.12 717.67 713.09 708.38 703.51 698.49 693.30 687.93 682.37 676.60 670.61 664.38 657.89 651.12 644.03 636.62 628.83 620.65 612.03 602.93 593.29 583.08 572.21 560.64 548.27 535.03 520.81 505.53 489.07 471.31 452.14 431.45 409.16 385.21 359.62 332.50 304.05 274.60 244.55 215.09 187.06 161.28 123.85 93.35 78.01 50.28 36.06 0.00 0.00 
0.00 405.51 526.55 646.95 645.99 725.34 804.35 802.88 801.26 799.51 877.22 875.15 872.92 870.55 868.03 865.40 862.64 859.76 856.77 853.67 850.47 847.15 843.73 840.21 836.59 832.86 829.02 825.08 821.03 816.87 812.60 808.22 803.71 799.09 794.33 789.44 784.40 779.21 773.86 768.33 762.63 756.72 750.61 744.27 737.68 730.83 723.70 716.25 708.47 700.32 691.78 682.80 673.34 663.36 652.81 641.62 629.73 617.07 603.56 589.11 573.61 556.96 539.04 519.73 498.88 476.39 452.15 426.11 398.31 368.97 338.53 307.77 246.61 217.47 189.79 164.31 126.50 106.75 80.68 60.34 38.13 6.20 0.00 
0.00 405.58 526.61 647.01 646.04 725.39 804.40 802.92 801.30 799.55 877.25 875.18 872.95 870.58 868.07 865.43 862.67 859.79 856.80 853.70 850.50 847.18 843.76 840.24 836.61 832.88 829.04 825.09 821.04 816.88 812.60 808.21 803.70 799.07 794.30 789.40 784.35 779.15 773.79 768.25 762.53 756.61 750.48 744.12 737.52 730.65 723.49 716.03 708.22 700.05 691.48 682.48 673.00 662.99 652.41 641.20 629.30 616.63 603.11 588.65 573.17 556.55 538.67 519.42 498.67 476.30 452.22 426.37 398.81 369.74 339.63 309.21 248.37 219.58 192.24 166.96 129.07 109.26 83.07 62.39 39.75 6.30 0.00 
0.00 405.59 486.15 647.02 646.06 725.41 804.42 802.93 801.32 799.57 797.71 795.75 793.68 791.51 789.22 786.82 784.31 781.69 778.98 776.16 773.24 770.23 767.12 763.91 760.61 757.21 753.71 750.12 746.43 742.64 738.74 734.73 730.62 726.39 722.04 717.57 712.96 708.21 703.31 698.25 693.02 687.60 682.00 676.18 670.13 663.84 657.29 650.45 643.30 635.82 627.96 619.70 611.01 601.83 592.13 581.85 570.93 559.31 546.91 533.67 519.49 504.28 487.94 470.37 451.48 431.15 409.33 385.97 361.09 334.79 307.28 278.84 249.86 221.47 194.42 169.15 131.66 100.55 85.11 56.05 40.94 0.00 0.00 
0.00 324.49 486.13 566.27 646.03 725.41 724.12 802.89 801.30 799.57 797.72 795.76 793.70 791.52 789.22 786.82 784.31 781.70 778.98 776.16 773.24 770.23 767.12 763.91 760.61 757.21 753.71 750.12 746.43 742.63 738.74 734.73 730.62 726.39 722.04 717.57 712.96 708.21 703.31 698.25 693.02 687.61 682.01 676.19 670.15 663.87 657.33 650.49 643.36 635.88 628.04 619.81 611.14 601.99 592.33 582.09 571.22 559.67 547.35 534.19 520.11 505.02 488.80 471.37 452.61 432.41 410.71 387.44 362.60 336.30 308.74 280.31 251.54 223.26 196.69 153.99 132.94 101.85 76.52 56.26 33.21 0.00 0.00 
0.00 324.38 486.08 566.23 645.99 725.36 724.09 802.85 801.27 799.53 797.70 795.75 793.69 791.51 789.22 786.81 784.30 781.69 778.97 776.15 773.23 770.21 767.10 763.90 760.59 757.20 753.70 750.11 746.42 742.63 738.73 734.73 730.62 726.40 722.06 717.59 712.99 708.25 703.36 698.31 693.09 687.69 682.10 676.31 670.28 664.02 657.50 650.70 643.59 636.15 628.35 620.16 611.55 602.46 592.87 582.71 571.95 560.50 548.31 535.29 521.37 506.44 490.41 473.16 454.57 434.55 412.97 389.78 364.95 338.59 310.94 282.40 253.54 224.59 197.81 154.50 133.17 101.75 75.87 54.97 30.82 0.00 0.00 
0.00 162.18 405.04 485.36 565.26 644.81 724.01 722.64 721.17 799.43 797.64 795.71 793.66 791.49 789.20 786.79 784.28 781.66 778.94 776.12 773.20 770.19 767.07 763.87 760.57 757.17 753.68 750.09 746.40 742.62 738.73 734.73 730.63 726.42 722.08 717.63 713.04 708.31 703.43 698.40 693.21 687.83 682.26 676.49 670.50 664.27 657.78 651.01 643.95 636.56 628.82 620.70 612.16 603.16 593.67 583.62 572.98 561.68 549.65 536.81 523.08 508.37 492.55 475.53 457.16 437.32 415.89 392.76 367.92 341.44 313.60 284.91 256.29 203.28 178.33 154.83 119.11 89.55 65.26 45.92 14.90 0.00 0.00 
0.00 0.00 323.94 485.24 565.16 644.72 643.60 722.53 721.11 719.54 717.86 716.12 714.28 712.33 710.27 708.11 705.85 703.49 701.05 698.51 695.88 693.16 690.36 687.48 684.51 681.45 678.31 675.08 671.76 668.35 664.85 661.26 657.57 653.78 649.88 645.87 641.74 637.49 633.11 628.58 623.91 619.08 614.07 608.88 603.50 597.90 592.07 586.00 579.65 573.02 566.08 558.79 551.13 543.07 534.56 525.57 516.05 505.94 495.19 483.72 471.46 458.33 444.21 429.02 412.61 394.88 375.71 355.02 332.77 309.05 284.08 258.09 230.74 203.92 178.99 137.21 117.74 88.03 63.99 36.14 0.00 0.00 0.00 
0.00 0.00 80.96 323.47 484.37 564.09 563.12 642.22 640.95 639.55 717.72 716.05 714.23 712.29 710.23 708.07 705.81 703.45 701.00 698.46 695.83 693.12 690.32 687.43 684.46 681.41 678.27 675.05 671.74 668.34 664.85 661.26 657.58 653.81 649.92 645.93 641.82 637.59 633.23 628.73 624.08 619.28 614.31 609.16 603.81 598.26 592.48 586.46 580.18 573.62 566.75 559.55 551.99 544.04 535.66 526.81 517.45 507.53 496.98 485.73 473.72 460.85 447.01 432.10 415.96 398.46 379.45 358.82 336.50 312.60 287.49 261.94 206.64 182.09 159.58 120.00 102.68 75.39 42.92 8.30 0.00 0.00 0.00 
0.00 0.00 0.00 161.66 322.93 483.39 482.60 561.88 560.80 639.42 637.99 636.48 634.86 633.13 631.31 629.38 627.37 625.27 623.09 620.83 618.50 616.08 613.60 611.03 608.40 605.68 602.89 600.03 597.09 594.07 590.97 587.79 584.53 581.17 577.73 574.19 570.54 566.79 562.92 558.94 554.82 550.56 546.16 541.59 536.86 531.95 526.83 521.51 515.96 510.16 504.09 497.74 491.06 484.05 476.67 468.88 460.64 451.91 442.64 432.76 422.22 410.93 398.80 385.71 371.53 356.14 339.37 321.10 301.26 279.89 257.20 233.54 208.99 159.61 139.63 102.61 87.90 49.86 19.56 0.00 0.00 0.00 0.00 
0.00 0.00 0.00 0.00 0.00 322.13 402.05 481.54 480.66 479.62 558.17 556.89 555.48 553.98 552.38 550.70 548.93 547.10 545.19 543.21 541.16 539.05 536.88 534.63 532.33 529.95 527.52 525.01 522.44 519.80 517.10 514.32 511.47 508.54 505.53 502.44 499.26 495.99 492.61 489.14 485.55 481.84 478.00 474.02 469.90 465.62 461.17 456.54 451.71 446.67 441.40 435.88 430.09 424.00 417.60 410.85 403.72 396.17 388.16 379.64 370.55 360.81 350.35 339.06 326.83 313.52 298.98 283.08 265.73 246.97 227.07 206.71 156.16 136.72 119.36 85.42 58.48 11.55 0.00 0.00 0.00 0.00 0.00 
0.00 0.00 0.00 0.00 0.00 0.00 160.72 320.94 320.43 399.61 398.72 397.78 396.78 395.70 394.56 393.35 392.10 390.78 389.42 388.01 386.54 385.04 383.48 381.88 380.23 378.54 376.80 375.01 373.17 371.29 369.35 367.37 365.33 363.24 361.10 358.89 356.62 354.28 351.88 349.39 346.83 344.19 341.45 338.61 335.67 332.62 329.44 326.14 322.69 319.10 315.34 311.40 307.28 302.94 298.38 293.58 288.51 283.14 277.44 271.39 264.93 258.03 250.62 242.63 233.98 224.57 214.29 203.04 190.72 177.34 163.00 147.91 131.97 91.40 80.05 34.54 0.00 0.00 0.00 0.00 0.00 0.00 0.00 
0.00 0.00 0.00 0.00 0.00 0.00 0.00 0.00 0.00 0.00 79.62 79.50 79.33 79.13 78.90 78.66 78.41 78.15 77.87 77.59 77.30 77.00 76.69 76.37 76.04 75.70 75.35 74.99 74.63 74.25 73.87 73.47 73.07 72.65 72.23 71.79 71.34 70.88 70.40 69.91 69.40 68.88 68.34 67.78 67.19 66.59 65.97 65.32 64.64 63.93 63.20 62.42 61.62 60.77 59.88 58.95 57.96 56.92 55.82 54.65 53.41 52.09 50.67 49.15 47.50 45.71 43.75 41.60 39.27 36.81 34.42 32.60 0.00 0.00 0.00 0.00 0.00 0.00 0.00 0.00 0.00 0.00 0.00 
0.00 0.00 0.00 0.00 0.00 0.00 0.00 0.00 0.00 0.00 0.00 0.00 0.00 0.00 0.00 0.00 0.00 0.00 0.00 0.00 0.00 0.00 0.00 0.00 0.00 0.00 0.00 0.00 0.00 0.00 0.00 0.00 0.00 0.00 0.00 0.00 0.00 0.00 0.00 0.00 0.00 0.00 0.00 0.00 0.00 0.00 0.00 0.00 0.00 0.00 0.00 0.00 0.00 0.00 0.00 0.00 0.00 0.00 0.00 0.00 0.00 0.00 0.00 0.00 0.00 0.00 0.00 0.00 0.00 0.00 0.00 0.00 0.00 0.00 0.00 0.00 0.00 0.00 0.00 0.00 0.00 0.00 0.00 
