0.00 0.00 0.00 0.00 0.00 0.00 0.00 0.00 0.00 0.00 37.45 37.89 38.40 38.87 39.26 39.57 39.80 39.98 40.10 40.17 40.20 40.20 40.17 40.12 40.04 39.95 39.83 39.71 39.58 39.43 39.28 39.12 38.96 38.79 38.63 38.46 38.29 38.12 37.96 37.79 37.63 37.48 37.33 37.18 37.04 36.91 36.78 36.66 36.54 36.44 36.34 36.24 36.16 36.08 36.02 35.96 35.91 35.86 35.83 35.80 35.78 35.77 35.77 35.78 35.79 35.81 35.84 35.87 35.91 35.95 35.99 36.02 0.00 0.00 0.00 0.00 0.00 0.00 0.00 0.00 0.00 0.00 0.00 
0.00 0.00 0.00 0.00 0.00 0.00 63.10 131.88 136.89 178.60 184.09 188.38 191.74 194.37 196.41 197.98 199.16 200.01 200.59 200.94 201.09 201.07 200.90 200.62 200.22 199.74 199.18 198.55 197.87 197.14 196.38 195.58 194.77 193.93 193.09 192.25 191.40 190.57 189.74 188.92 188.12 187.34 186.59 185.85 185.15 184.48 183.84 183.23 182.66 182.12 181.62 181.16 180.74 180.36 180.02 179.72 179.46 179.25 179.07 178.94 178.85 178.80 178.79 178.82 178.88 178.99 179.13 179.30 179.50 179.74 179.99 180.26 180.56 144.73 144.97 72.61 0.00 0.00 0.00 0.00 0.00 0.00 0.00 
0.00 0.00 0.00 0.00 0.00 114.91 152.59 194.67 203.48 211.36 254.96 260.80 265.67 269.61 272.76 275.22 277.11 278.52 279.53 280.18 280.54 280.65 280.54 280.24 279.79 279.19 278.48 277.67 276.77 275.80 274.78 273.71 272.61 271.48 270.34 269.18 268.03 266.88 265.74 264.62 263.52 262.44 261.40 260.39 259.42 258.48 257.60 256.75 255.96 255.22 254.52 253.88 253.30 252.77 252.30 251.88 251.52 251.22 250.98 250.79 250.66 250.59 250.57 250.61 250.70 250.84 251.03 251.26 251.54 251.85 252.19 252.54 216.86 217.23 217.58 181.69 145.66 36.51 0.00 0.00 0.00 0.00 0.00 
0.00 0.00 0.00 45.51 98.96 165.23 177.19 221.67 232.45 277.90 286.65 293.89 299.89 304.80 308.77 311.93 314.41 316.31 317.71 318.69 319.30 319.60 319.63 319.44 319.04 318.47 317.76 316.92 315.97 314.94 313.84 312.68 311.47 310.23 308.96 307.69 306.40 305.12 303.85 302.59 301.36 300.15 298.98 297.85 296.75 295.70 294.70 293.75 292.85 292.01 291.23 290.51 289.84 289.24 288.71 288.24 287.83 287.48 287.21 286.99 286.84 286.76 286.73 286.77 286.86 287.02 287.22 287.48 287.78 288.12 288.50 288.91 289.35 253.67 254.09 218.27 218.68 146.20 73.28 0.00 0.00 0.00 0.00 
0.00 0.00 0.00 86.19 143.08 185.47 200.44 247.40 260.32 271.75 318.06 326.42 333.52 339.42 344.26 348.17 351.28 353.71 355.55 356.88 357.79 358.31 358.52 358.45 358.13 357.61 356.92 356.07 355.09 354.01 352.84 351.60 350.29 348.95 347.57 346.18 344.77 343.37 341.97 340.59 339.22 337.89 336.59 335.34 334.12 332.96 331.85 330.79 329.79 328.86 327.98 327.18 326.44 325.77 325.17 324.64 324.19 323.80 323.49 323.25 323.08 322.98 322.95 322.98 323.08 323.24 323.47 323.75 324.07 324.45 324.86 325.29 289.69 290.16 290.64 254.90 255.38 219.45 146.75 36.79 0.00 0.00 0.00 
0.00 0.00 71.11 120.92 160.50 206.26 223.77 272.93 287.84 300.99 312.18 321.38 329.06 335.45 340.73 345.05 348.53 351.29 353.43 355.03 356.17 356.91 357.31 357.40 357.24 356.86 356.28 355.54 354.67 353.67 352.58 351.41 350.17 348.89 347.56 346.22 344.86 343.49 342.13 340.78 339.45 338.14 336.87 335.63 334.44 333.29 332.20 331.15 330.17 329.25 328.38 327.59 326.86 326.19 325.60 325.08 324.62 324.24 323.93 323.68 323.51 323.41 323.37 323.40 323.49 323.65 323.86 324.13 324.44 324.81 325.21 325.65 326.14 326.66 327.20 291.51 292.07 256.23 220.26 147.35 0.00 0.00 0.00 
0.00 29.09 83.25 113.13 153.70 199.58 248.24 266.19 281.82 330.97 343.18 353.66 362.51 369.92 376.07 381.12 385.23 388.52 391.10 393.06 394.50 395.48 396.06 396.29 396.22 395.90 395.35 394.61 393.71 392.67 391.52 390.27 388.95 387.56 386.14 384.68 383.20 381.71 380.22 378.75 377.29 375.86 374.47 373.11 371.80 370.54 369.33 368.19 367.10 366.08 365.13 364.25 363.45 362.71 362.06 361.48 360.98 360.55 360.20 359.93 359.74 359.62 359.58 359.60 359.70 359.87 360.10 360.39 360.73 361.13 361.57 362.05 362.55 326.96 327.50 328.08 292.32 256.46 220.46 184.30 74.03 0.00 0.00 
0.00 56.20 93.98 128.91 172.62 221.60 242.04 293.32 310.30 325.41 338.25 349.19 358.47 366.28 372.80 378.21 382.64 386.23 389.08 391.29 392.94 394.12 394.87 395.27 395.34 395.15 394.71 394.08 393.27 392.32 391.24 390.07 388.81 387.48 386.10 384.69 383.25 381.80 380.35 378.91 377.48 376.08 374.70 373.37 372.08 370.84 369.65 368.51 367.44 366.43 365.49 364.62 363.82 363.10 362.44 361.87 361.37 360.94 360.60 360.33 360.13 360.01 359.96 359.98 360.07 360.23 360.45 360.73 361.06 361.44 361.88 362.35 362.86 363.41 363.97 328.32 328.92 293.15 257.25 221.18 148.02 0.00 0.00 
0.00 52.17 88.91 124.69 167.85 216.65 237.23 288.47 305.65 320.84 333.97 345.25 354.87 363.02 369.87 375.57 380.29 384.13 387.22 389.65 391.50 392.86 393.78 394.31 394.52 394.44 394.12 393.58 392.86 391.99 390.98 389.87 388.66 387.39 386.06 384.69 383.29 381.88 380.46 379.05 377.65 376.27 374.92 373.60 372.33 371.10 369.93 368.81 367.75 366.75 365.82 364.95 364.16 363.44 362.79 362.22 361.72 361.30 360.95 360.68 360.48 360.36 360.30 360.32 360.40 360.55 360.76 361.03 361.35 361.73 362.15 362.61 363.10 363.63 364.18 328.50 329.08 293.27 257.31 221.18 147.94 0.00 0.00 
0.00 61.53 85.70 142.94 163.73 212.80 264.36 284.26 301.80 317.17 330.63 342.18 352.06 360.44 367.52 373.45 378.38 382.43 385.70 388.30 390.31 391.81 392.86 393.51 393.83 393.84 393.61 393.15 392.50 391.69 390.74 389.68 388.53 387.30 386.01 384.68 383.31 381.93 380.53 379.14 377.77 376.41 375.08 373.78 372.52 371.31 370.14 369.03 367.98 366.99 366.07 365.21 364.43 363.71 363.06 362.49 362.00 361.58 361.23 360.96 360.76 360.63 360.57 360.58 360.66 360.80 361.01 361.27 361.58 361.94 362.35 362.80 363.29 363.81 364.34 364.92 329.19 293.35 293.92 221.16 184.75 0.00 0.00 
0.00 58.50 91.63 140.42 161.17 210.14 261.76 281.48 299.09 314.67 365.08 377.23 387.74 396.75 404.40 410.82 416.18 420.58 424.15 426.99 429.19 430.83 431.98 432.71 433.06 433.09 432.83 432.33 431.63 430.74 429.71 428.55 427.28 425.94 424.52 423.06 421.56 420.04 418.51 416.99 415.47 413.98 412.52 411.09 409.71 408.37 407.09 405.87 404.72 403.63 402.62 401.67 400.81 400.02 399.31 398.68 398.14 397.67 397.29 396.99 396.77 396.63 396.56 396.58 396.66 396.82 397.04 397.32 397.66 398.05 398.49 398.96 363.40 363.91 364.44 364.99 329.25 329.84 293.91 257.83 184.69 37.13 0.00 
0.00 57.19 90.50 139.08 159.86 208.67 260.24 279.96 297.59 313.22 363.68 375.89 386.48 395.57 403.29 409.80 415.23 419.72 423.37 426.28 428.55 430.26 431.47 432.25 432.66 432.73 432.52 432.07 431.40 430.55 429.55 428.41 427.18 425.85 424.46 423.02 421.53 420.03 418.52 417.00 415.50 414.02 412.57 411.15 409.77 408.45 407.17 405.96 404.81 403.73 402.71 401.77 400.91 400.13 399.42 398.79 398.25 397.78 397.40 397.10 396.88 396.74 396.67 396.68 396.76 396.91 397.13 397.41 397.74 398.13 398.55 399.01 363.45 363.95 364.46 364.99 329.23 329.80 293.84 257.73 184.58 37.12 0.00 
0.00 57.48 82.43 138.87 159.70 208.38 259.82 279.73 297.31 312.81 326.46 338.23 348.31 356.93 364.24 370.42 375.58 379.87 383.37 386.19 388.41 390.11 391.34 392.16 392.64 392.80 392.70 392.36 391.83 391.12 390.26 389.29 388.21 387.05 385.83 384.55 383.24 381.90 380.55 379.20 377.86 376.53 375.23 373.95 372.72 371.53 370.38 369.29 368.25 367.28 366.36 365.52 364.74 364.03 363.39 362.82 362.33 361.91 361.56 361.28 361.08 360.95 360.89 360.89 360.96 361.09 361.28 361.52 361.82 362.16 362.54 362.97 363.43 363.91 364.40 364.92 329.13 293.22 293.72 220.88 184.43 0.00 0.00 
0.00 45.78 83.39 118.46 160.91 209.22 230.02 280.97 298.28 313.61 327.01 338.63 348.61 357.14 364.38 370.50 375.62 379.86 383.34 386.14 388.34 390.03 391.25 392.08 392.55 392.71 392.61 392.28 391.74 391.04 390.19 389.21 388.14 386.98 385.76 384.48 383.17 381.84 380.49 379.14 377.80 376.47 375.17 373.90 372.66 371.47 370.33 369.24 368.20 367.22 366.31 365.46 364.68 363.97 363.33 362.77 362.27 361.85 361.51 361.23 361.03 360.89 360.83 360.83 360.90 361.03 361.22 361.46 361.76 362.09 362.48 362.89 363.34 363.81 364.28 328.51 328.99 293.07 256.98 220.73 147.45 0.00 0.00 
0.00 48.88 84.73 119.70 162.73 211.19 231.97 283.02 300.22 315.60 328.75 340.09 349.85 358.18 365.26 371.23 376.23 380.36 383.75 386.47 388.61 390.24 391.42 392.20 392.64 392.78 392.65 392.30 391.75 391.03 390.16 389.18 388.09 386.92 385.69 384.41 383.09 381.75 380.39 379.04 377.69 376.36 375.05 373.77 372.53 371.34 370.19 369.10 368.06 367.08 366.16 365.31 364.53 363.82 363.18 362.61 362.12 361.70 361.35 361.07 360.87 360.74 360.68 360.68 360.75 360.88 361.07 361.31 361.61 361.94 362.32 362.74 363.17 363.64 364.11 328.34 328.81 292.89 256.83 220.60 147.43 0.00 0.00 
0.00 24.91 71.17 102.40 142.08 187.20 235.41 253.81 269.81 318.71 331.38 342.38 351.82 359.88 366.71 372.46 377.27 381.25 384.50 387.10 389.14 390.68 391.78 392.50 392.88 392.97 392.80 392.40 391.82 391.07 390.18 389.17 388.06 386.87 385.62 384.32 382.99 381.63 380.27 378.90 377.54 376.20 374.88 373.60 372.35 371.15 369.99 368.89 367.85 366.87 365.95 365.10 364.31 363.60 362.96 362.39 361.89 361.47 361.12 360.84 360.64 360.51 360.45 360.45 360.53 360.66 360.85 361.10 361.39 361.73 362.11 362.52 362.95 327.24 327.67 328.11 292.20 256.18 220.02 183.71 73.69 0.00 0.00 
0.00 0.00 59.48 105.71 145.58 191.00 209.39 258.22 273.59 287.20 299.03 308.87 317.23 324.36 330.40 335.49 339.75 343.27 346.15 348.46 350.26 351.63 352.60 353.24 353.57 353.64 353.48 353.13 352.60 351.92 351.11 350.20 349.20 348.13 347.01 345.83 344.63 343.41 342.18 340.95 339.73 338.52 337.33 336.17 335.05 333.97 332.93 331.94 331.00 330.11 329.28 328.52 327.81 327.17 326.59 326.08 325.63 325.25 324.94 324.69 324.51 324.39 324.33 324.34 324.40 324.52 324.69 324.91 325.18 325.48 325.82 326.19 326.59 327.01 327.42 291.57 291.96 255.94 219.80 146.84 0.00 0.00 0.00 
0.00 0.00 15.64 71.02 126.75 169.22 185.31 231.78 245.14 257.11 303.27 312.33 320.17 326.87 332.56 337.35 341.35 344.64 347.32 349.46 351.12 352.36 353.22 353.75 354.00 353.99 353.77 353.35 352.76 352.03 351.19 350.24 349.20 348.10 346.94 345.74 344.52 343.27 342.02 340.77 339.53 338.31 337.11 335.94 334.80 333.71 332.66 331.66 330.71 329.82 328.98 328.21 327.50 326.85 326.27 325.75 325.31 324.93 324.61 324.36 324.18 324.07 324.01 324.02 324.09 324.21 324.39 324.62 324.89 325.19 325.53 325.89 290.18 290.55 290.90 254.99 255.31 219.21 146.43 36.69 0.00 0.00 0.00 
0.00 0.00 0.00 37.51 84.53 149.07 162.38 206.07 217.13 261.96 271.35 279.23 285.96 291.70 296.57 300.68 304.10 306.92 309.21 311.04 312.44 313.48 314.20 314.64 314.82 314.78 314.55 314.15 313.61 312.95 312.17 311.31 310.38 309.38 308.34 307.27 306.17 305.05 303.93 302.81 301.70 300.61 299.53 298.49 297.47 296.50 295.56 294.67 293.82 293.02 292.28 291.59 290.96 290.38 289.86 289.40 289.00 288.66 288.38 288.17 288.00 287.90 287.86 287.86 287.93 288.04 288.20 288.40 288.64 288.91 289.22 289.54 289.89 254.08 254.37 218.39 218.64 146.05 73.15 0.00 0.00 0.00 0.00 
0.00 0.00 0.00 0.00 0.00 103.32 139.88 180.48 189.01 196.99 239.77 246.08 251.63 256.41 260.48 263.92 266.79 269.15 271.07 272.58 273.75 274.60 275.18 275.52 275.64 275.57 275.34 274.97 274.47 273.87 273.17 272.40 271.57 270.68 269.76 268.80 267.83 266.84 265.85 264.87 263.89 262.92 261.97 261.05 260.16 259.30 258.48 257.69 256.95 256.25 255.59 254.99 254.43 253.92 253.47 253.06 252.71 252.42 252.17 251.98 251.84 251.75 251.71 251.72 251.78 251.88 252.02 252.20 252.41 252.65 252.91 253.19 217.38 217.64 217.85 181.81 145.65 36.48 0.00 0.00 0.00 0.00 0.00 
0.00 0.00 0.00 0.00 0.00 0.00 58.31 123.34 127.73 166.57 171.75 176.15 179.99 183.33 186.18 188.60 190.62 192.29 193.64 194.72 195.54 196.15 196.56 196.79 196.88 196.83 196.66 196.39 196.03 195.60 195.10 194.55 193.95 193.32 192.66 191.98 191.28 190.57 189.87 189.16 188.46 187.77 187.09 186.43 185.79 185.18 184.59 184.03 183.49 182.99 182.53 182.09 181.69 181.33 181.01 180.72 180.47 180.26 180.08 179.94 179.84 179.78 179.75 179.76 179.80 179.87 179.97 180.10 180.25 180.42 180.61 180.81 181.03 145.03 145.11 72.63 0.00 0.00 0.00 0.00 0.00 0.00 0.00 
0.00 0.00 0.00 0.00 0.00 0.00 0.00 0.00 0.00 0.00 35.54 36.03 36.61 37.16 37.65 38.07 38.42 38.71 38.95 39.13 39.27 39.37 39.43 39.46 39.46 39.43 39.39 39.32 39.24 39.14 39.03 38.92 38.79 38.66 38.52 38.38 38.23 38.09 37.94 37.79 37.65 37.51 37.37 37.24 37.11 36.98 36.86 36.75 36.64 36.54 36.44 36.36 36.27 36.20 36.14 36.08 36.03 35.98 35.95 35.92 35.90 35.89 35.89 35.89 35.90 35.91 35.93 35.96 35.99 36.02 36.06 36.08 0.00 0.00 0.00 0.00 0.00 0.00 0.00 0.00 0.00 0.00 0.00 
0.00 0.00 0.00 0.00 0.00 0.00 0.00 0.00 0.00 0.00 0.00 0.00 0.00 0.00 0.00 0.00 0.00 0.00 0.00 0.00 0.00 0.00 0.00 0.00 0.00 0.00 0.00 0.00 0.00 0.00 0.00 0.00 0.00 0.00 0.00 0.00 0.00 0.00 0.00 0.00 0.00 0.00 0.00 0.00 0.00 0.00 0.00 0.00 0.00 0.00 0.00 0.00 0.00 0.00 0.00 0.00 0.00 0.00 0.00 0.00 0.00 0.00 0.00 0.00 0.00 0.00 0.00 0.00 0.00 0.00 0.00 0.00 0.00 0.00 0.00 0.00 0.00 0.00 0.00 0.00 0.00 0.00 0.00 
