0.00 0.00 0.00 0.00 0.00 0.00 0.00 0.00 0.00 0.00 128.45 126.67 124.13 121.22 118.10 114.84 111.49 108.08 104.61 101.11 97.57 94.01 90.42 86.82 83.21 79.60 75.98 72.37 68.78 65.22 61.69 58.21 54.79 51.44 48.18 45.02 41.98 39.06 36.29 33.67 31.21 28.91 26.78 24.82 23.02 21.38 19.90 18.56 17.36 16.28 15.32 14.47 13.71 13.05 12.46 11.94 11.49 11.09 10.75 10.45 10.19 9.96 9.77 9.61 9.47 9.35 9.26 9.18 9.12 9.08 9.05 9.03 0.00 0.00 0.00 0.00 0.00 0.00 0.00 0.00 0.00 0.00 0.00 
0.00 0.00 0.00 0.00 0.00 0.00 279.06 550.51 543.22 665.47 652.13 638.07 623.14 607.52 591.37 574.80 557.91 540.74 523.36 505.80 488.09 470.25 452.30 434.28 416.20 398.10 379.99 361.93 343.94 326.07 308.37 290.91 273.74 256.93 240.56 224.70 209.43 194.81 180.90 167.75 155.42 143.91 133.26 123.44 114.47 106.30 98.90 92.24 86.26 80.91 76.16 71.93 68.19 64.89 61.98 59.43 57.19 55.23 53.53 52.04 50.76 49.66 48.72 47.91 47.24 46.67 46.21 45.84 45.54 45.32 45.16 45.06 45.01 35.99 36.03 18.03 0.00 0.00 0.00 0.00 0.00 0.00 0.00 
0.00 0.00 0.00 0.00 0.00 570.36 703.70 830.45 816.63 800.01 911.65 892.10 871.24 849.41 826.86 803.73 780.15 756.20 731.95 707.44 682.72 657.82 632.79 607.66 582.45 557.22 532.00 506.85 481.82 456.96 432.36 408.10 384.25 360.92 338.19 316.18 294.97 274.65 255.31 237.01 219.82 203.76 188.86 175.11 162.50 151.00 140.56 131.14 122.66 115.06 108.28 102.25 96.89 92.16 87.97 84.29 81.06 78.23 75.76 73.60 71.74 70.13 68.75 67.57 66.57 65.74 65.05 64.48 64.04 63.70 63.44 63.27 54.14 54.09 54.08 45.11 36.16 9.07 0.00 0.00 0.00 0.00 0.00 
0.00 0.00 0.00 296.18 585.32 862.54 849.50 971.08 952.92 1064.78 1042.00 1018.68 994.48 969.43 943.65 917.27 890.40 863.12 835.49 807.58 779.43 751.10 722.61 694.02 665.36 636.68 608.03 579.47 551.06 522.88 495.00 467.51 440.51 414.10 388.38 363.46 339.44 316.42 294.49 273.73 254.18 235.90 218.89 203.18 188.72 175.51 163.48 152.59 142.76 133.94 126.03 118.98 112.70 107.13 102.21 97.86 94.03 90.67 87.73 85.16 82.93 81.00 79.33 77.91 76.70 75.69 74.84 74.15 73.59 73.15 72.82 72.58 72.41 63.30 63.26 54.27 54.31 36.32 18.22 0.00 0.00 0.00 0.00 
0.00 0.00 0.00 596.72 882.66 1011.20 993.45 1111.14 1089.28 1065.76 1170.98 1144.96 1117.66 1089.41 1060.39 1030.74 1000.55 969.93 938.93 907.63 876.07 844.31 812.39 780.36 748.26 716.16 684.11 652.17 620.42 588.93 557.80 527.11 496.99 467.52 438.83 411.03 384.24 358.54 334.04 310.82 288.94 268.43 249.34 231.65 215.35 200.42 186.79 174.42 163.24 153.16 144.12 136.03 128.81 122.39 116.70 111.67 107.22 103.31 99.89 96.89 94.28 92.01 90.05 88.37 86.94 85.73 84.72 83.88 83.20 82.66 82.25 81.94 72.70 72.56 72.49 63.47 63.51 54.55 36.49 9.16 0.00 0.00 0.00 
0.00 0.00 610.84 902.63 1034.27 1158.24 1136.77 1251.02 1225.87 1199.30 1171.89 1144.59 1116.74 1088.23 1059.10 1029.42 999.27 968.72 937.81 906.61 875.17 843.54 811.76 779.88 747.96 716.04 684.19 652.47 620.95 589.71 558.84 528.43 498.58 469.40 440.98 413.45 386.90 361.43 337.12 314.06 292.30 271.87 252.82 235.13 218.80 203.79 190.07 177.57 166.24 156.01 146.80 138.54 131.15 124.56 118.70 113.50 108.90 104.85 101.28 98.16 95.43 93.05 91.00 89.23 87.71 86.42 85.34 84.44 83.70 83.11 82.64 82.28 82.01 81.83 81.72 72.69 72.71 63.75 54.80 36.69 0.00 0.00 0.00 
0.00 312.22 769.26 909.54 1038.93 1161.69 1279.08 1253.16 1226.65 1331.66 1302.19 1271.74 1240.55 1208.67 1176.19 1143.15 1109.64 1075.70 1041.40 1006.79 971.93 936.86 901.64 866.32 830.96 795.62 760.36 725.26 690.39 655.84 621.70 588.08 555.08 522.83 491.42 460.98 431.63 403.46 376.56 351.03 326.91 304.27 283.12 263.46 245.29 228.57 213.26 199.30 186.63 175.16 164.82 155.54 147.22 139.79 133.17 127.29 122.09 117.49 113.44 109.89 106.78 104.07 101.72 99.69 97.95 96.47 95.22 94.18 93.32 92.62 92.07 91.64 91.32 82.09 81.95 81.89 72.87 63.89 54.91 45.92 18.47 0.00 0.00 
0.00 627.04 929.58 1063.88 1189.20 1307.97 1281.70 1392.03 1363.13 1332.83 1302.33 1271.33 1239.80 1207.73 1175.15 1142.09 1108.59 1074.70 1040.46 1005.94 971.18 936.23 901.13 865.96 830.75 795.57 760.49 725.58 690.92 656.59 622.68 589.30 556.55 524.53 493.37 463.16 434.02 406.04 379.31 353.91 329.90 307.33 286.21 266.56 248.36 231.58 216.19 202.12 189.32 177.72 167.24 157.80 149.33 141.75 134.98 128.96 123.62 118.89 114.72 111.05 107.83 105.02 102.58 100.47 98.66 97.10 95.79 94.69 93.77 93.02 92.42 91.95 91.59 91.33 91.16 82.07 82.05 73.06 64.10 55.12 36.93 0.00 0.00 
0.00 632.33 935.52 1067.86 1192.64 1310.72 1283.57 1393.53 1363.94 1333.35 1302.26 1270.86 1239.09 1206.89 1174.24 1141.17 1107.68 1073.83 1039.66 1005.21 970.54 935.68 900.70 865.65 830.58 795.55 760.63 725.89 691.42 657.28 623.58 590.41 557.87 526.07 495.12 465.11 436.16 408.35 381.77 356.49 332.58 310.07 288.98 269.33 251.10 234.27 218.80 204.65 191.74 180.01 169.40 159.83 151.22 143.51 136.61 130.46 124.99 120.15 115.87 112.09 108.78 105.89 103.36 101.18 99.29 97.68 96.30 95.15 94.18 93.39 92.75 92.24 91.84 91.54 91.34 82.22 82.17 73.15 64.15 55.14 36.90 0.00 0.00 
0.00 796.04 939.79 1220.43 1195.86 1313.00 1425.17 1395.25 1364.76 1333.56 1302.01 1270.39 1238.52 1206.26 1173.59 1140.51 1107.04 1073.22 1039.09 1004.69 970.08 935.31 900.41 865.45 830.49 795.57 760.78 726.17 691.84 657.85 624.31 591.30 558.93 527.29 496.50 466.64 437.83 410.15 383.68 358.49 334.65 312.18 291.12 271.47 253.22 236.36 220.83 206.60 193.61 181.80 171.09 161.41 152.70 144.88 137.88 131.63 126.07 121.13 116.76 112.91 109.53 106.56 103.97 101.73 99.79 98.12 96.70 95.50 94.50 93.67 93.00 92.46 92.04 91.71 91.47 91.33 82.25 73.21 73.26 55.15 46.07 0.00 0.00 
0.00 801.06 1020.25 1223.24 1197.99 1314.70 1426.42 1396.31 1365.33 1333.70 1430.26 1396.87 1362.47 1327.28 1291.44 1255.07 1218.24 1181.00 1143.43 1105.56 1067.46 1029.18 990.77 952.28 913.79 875.36 837.05 798.95 761.14 723.71 686.75 650.39 614.71 579.85 545.91 513.00 481.24 450.72 421.55 393.80 367.53 342.79 319.60 297.97 277.90 259.36 242.30 226.67 212.41 199.44 187.69 177.09 167.54 158.97 151.30 144.46 138.37 132.97 128.19 123.97 120.27 117.03 114.20 111.74 109.62 107.80 106.25 104.94 103.85 102.95 102.22 101.64 92.16 91.82 91.56 91.40 82.30 82.29 73.27 64.26 46.05 9.27 0.00 
0.00 803.56 1022.16 1224.92 1199.27 1315.83 1427.37 1397.02 1365.82 1334.04 1430.47 1396.99 1362.51 1327.26 1291.39 1254.99 1218.14 1180.90 1143.33 1105.48 1067.39 1029.13 990.75 952.30 913.85 875.46 837.19 799.14 761.38 724.01 687.11 650.80 615.19 580.38 546.49 513.63 481.91 451.44 422.30 394.58 368.32 343.59 320.41 298.78 278.70 260.14 243.05 227.40 213.10 200.10 188.32 177.67 168.09 159.48 151.77 144.90 138.77 133.34 128.52 124.28 120.55 117.28 114.42 111.94 109.80 107.96 106.39 105.07 103.96 103.04 102.30 101.71 92.22 91.87 91.60 91.41 82.31 82.28 73.25 64.22 46.01 9.27 0.00 
0.00 803.38 945.17 1225.43 1199.77 1316.41 1427.99 1397.37 1366.23 1334.55 1302.64 1270.73 1238.64 1206.22 1173.42 1140.26 1106.75 1072.91 1038.79 1004.44 969.88 935.17 900.36 865.51 830.65 795.87 761.21 726.75 692.57 658.75 625.37 592.54 560.33 528.86 498.22 468.52 439.84 412.28 385.91 360.80 337.01 314.58 293.53 273.87 255.59 238.67 223.08 208.77 195.68 183.76 172.95 163.16 154.33 146.40 139.28 132.92 127.26 122.22 117.76 113.82 110.34 107.30 104.64 102.32 100.32 98.60 97.13 95.88 94.83 93.96 93.24 92.67 92.21 91.85 91.57 91.39 82.27 73.19 73.20 55.04 45.95 0.00 0.00 
0.00 642.92 944.04 1075.38 1199.23 1316.42 1287.84 1397.05 1366.46 1334.97 1303.25 1271.36 1239.22 1206.75 1173.92 1140.71 1107.16 1073.29 1039.15 1004.76 970.18 935.44 900.61 865.72 830.84 796.03 761.34 726.85 692.64 658.78 625.36 592.47 560.22 528.70 498.02 468.26 439.54 411.93 385.52 360.38 336.56 314.10 293.03 273.36 255.08 238.16 222.57 208.27 195.21 183.31 172.51 162.75 153.95 146.04 138.95 132.62 126.97 121.96 117.52 113.60 110.14 107.12 104.47 102.17 100.18 98.47 97.01 95.77 94.73 93.86 93.15 92.58 92.12 91.76 91.49 82.30 82.19 73.11 64.04 54.97 36.71 0.00 0.00 
0.00 638.23 942.34 1074.41 1198.33 1315.83 1287.71 1396.95 1366.63 1335.20 1303.77 1272.06 1240.01 1207.56 1174.71 1141.48 1107.89 1073.97 1039.78 1005.33 970.70 935.91 901.01 866.07 831.12 796.24 761.47 726.90 692.60 658.64 625.12 592.13 559.76 528.13 497.33 467.46 438.63 410.92 384.42 359.20 335.31 312.81 291.71 272.02 253.74 236.83 221.28 207.02 194.00 182.15 171.42 161.72 152.98 145.14 138.12 131.85 126.27 121.31 116.92 113.05 109.65 106.66 104.06 101.80 99.84 98.16 96.72 95.51 94.49 93.65 92.96 92.40 91.96 91.61 91.36 82.18 82.07 73.00 63.95 54.88 36.67 0.00 0.00 
0.00 318.38 784.26 921.20 1049.19 1170.68 1286.75 1258.80 1230.58 1334.64 1304.06 1272.75 1240.89 1208.54 1175.71 1142.46 1108.83 1074.86 1040.60 1006.09 971.38 936.51 901.53 866.50 831.46 796.47 761.60 726.91 692.47 658.38 624.71 591.57 559.04 527.25 496.28 466.25 437.27 409.42 382.79 357.47 333.50 310.93 289.79 270.08 251.80 234.92 219.41 205.21 192.26 180.50 169.85 160.25 151.61 143.86 136.93 130.76 125.26 120.39 116.08 112.29 108.95 106.03 103.48 101.27 99.36 97.72 96.33 95.15 94.17 93.35 92.69 92.17 91.76 82.42 82.19 82.02 72.90 63.82 54.75 45.67 18.31 0.00 0.00 
0.00 0.00 624.17 918.17 1047.14 1169.28 1145.01 1257.85 1230.66 1202.42 1173.82 1145.60 1117.05 1088.01 1058.52 1028.61 998.34 967.75 936.89 905.80 874.54 843.13 811.62 780.06 748.49 716.96 685.54 654.28 623.24 592.51 562.16 532.28 502.95 474.28 446.35 419.27 393.13 368.02 344.01 321.18 299.57 279.23 260.19 242.44 225.99 210.80 196.85 184.08 172.45 161.89 152.34 143.72 135.98 129.03 122.83 117.30 112.39 108.03 104.18 100.78 97.80 95.20 92.92 90.95 89.25 87.79 86.55 85.50 84.63 83.91 83.32 82.86 82.50 82.21 81.99 72.84 72.73 63.67 54.62 36.47 0.00 0.00 0.00 
0.00 0.00 155.14 611.44 896.60 1022.82 1001.85 1118.14 1094.05 1068.80 1173.28 1146.22 1118.11 1089.25 1059.81 1029.88 999.56 968.89 937.95 906.77 875.41 843.89 812.27 780.59 748.90 717.23 685.66 654.23 623.02 592.09 561.54 531.44 501.89 472.99 444.84 417.54 391.19 365.88 341.70 318.72 297.00 276.58 257.48 239.72 223.28 208.13 194.25 181.57 170.04 159.60 150.17 141.69 134.08 127.27 121.20 115.80 111.01 106.77 103.03 99.73 96.85 94.33 92.13 90.24 88.60 87.20 86.02 85.02 84.19 83.52 82.97 82.55 73.21 72.97 72.77 63.63 63.54 54.48 36.36 9.10 0.00 0.00 0.00 
0.00 0.00 0.00 303.67 598.28 874.93 857.95 978.13 957.53 1068.29 1044.07 1019.61 994.57 968.92 942.75 916.13 889.14 861.84 834.29 806.53 778.60 750.54 722.38 694.16 665.92 637.71 609.57 581.56 553.72 526.14 498.88 472.02 445.64 419.84 394.70 370.32 346.79 324.19 302.61 282.10 262.73 244.54 227.53 211.73 197.11 183.67 171.35 160.13 149.93 140.70 132.39 124.91 118.22 112.23 106.90 102.17 97.97 94.26 90.99 88.11 85.60 83.40 81.49 79.84 78.42 77.21 76.18 75.32 74.61 74.03 73.57 73.20 72.93 63.71 63.54 54.42 54.34 36.26 18.13 0.00 0.00 0.00 0.00 
0.00 0.00 0.00 0.00 0.00 580.88 713.31 837.90 821.15 802.47 913.31 892.60 870.90 848.52 825.61 802.29 778.64 754.71 730.56 706.22 681.73 657.13 632.43 607.69 582.92 558.16 533.47 508.87 484.43 460.20 436.25 412.63 389.44 366.74 344.63 323.18 302.47 282.60 263.62 245.60 228.58 212.61 197.70 183.86 171.07 159.33 148.58 138.80 129.94 121.92 114.71 108.24 102.45 97.29 92.69 88.62 85.01 81.82 79.02 76.55 74.40 72.52 70.89 69.49 68.28 67.25 66.38 65.65 65.05 64.57 64.18 63.89 54.64 54.47 54.31 45.22 36.15 9.04 0.00 0.00 0.00 0.00 0.00 
0.00 0.00 0.00 0.00 0.00 0.00 283.45 557.53 547.82 668.24 653.14 637.96 622.36 606.33 589.95 573.27 556.36 539.26 521.99 504.60 487.10 469.51 451.86 434.17 416.47 398.77 381.11 363.53 346.05 328.72 311.58 294.69 278.09 261.84 246.01 230.65 215.83 201.60 188.01 175.11 162.93 151.50 140.83 130.94 121.80 113.41 105.74 98.77 92.44 86.74 81.60 77.00 72.88 69.22 65.95 63.06 60.50 58.24 56.26 54.51 52.99 51.66 50.51 49.52 48.67 47.94 47.33 46.81 46.39 46.05 45.78 45.57 45.42 36.25 36.11 18.03 0.00 0.00 0.00 0.00 0.00 0.00 0.00 
0.00 0.00 0.00 0.00 0.00 0.00 0.00 0.00 0.00 0.00 128.94 127.06 124.42 121.40 118.20 114.89 111.51 108.08 104.61 101.11 97.60 94.06 90.51 86.95 83.38 79.82 76.26 72.71 69.18 65.67 62.20 58.77 55.41 52.11 48.89 45.77 42.76 39.87 37.11 34.50 32.04 29.73 27.59 25.60 23.78 22.11 20.60 19.22 17.98 16.87 15.87 14.98 14.19 13.48 12.86 12.31 11.82 11.39 11.02 10.69 10.41 10.16 9.94 9.76 9.60 9.47 9.36 9.27 9.19 9.13 9.09 9.07 0.00 0.00 0.00 0.00 0.00 0.00 0.00 0.00 0.00 0.00 0.00 
0.00 0.00 0.00 0.00 0.00 0.00 0.00 0.00 0.00 0.00 0.00 0.00 0.00 0.00 0.00 0.00 0.00 0.00 0.00 0.00 0.00 0.00 0.00 0.00 0.00 0.00 0.00 0.00 0.00 0.00 0.00 0.00 0.00 0.00 0.00 0.00 0.00 0.00 0.00 0.00 0.00 0.00 0.00 0.00 0.00 0.00 0.00 0.00 0.00 0.00 0.00 0.00 0.00 0.00 0.00 0.00 0.00 0.00 0.00 0.00 0.00 0.00 0.00 0.00 0.00 0.00 0.00 0.00 0.00 0.00 0.00 0.00 0.00 0.00 0.00 0.00 0.00 0.00 0.00 0.00 0.00 0.00 0.00 
