0.00 0.00 0.00 0.00 0.00 0.00 0.00 0.00 0.00 0.00 9.08 9.72 10.74 12.08 13.75 15.76 18.12 20.83 23.88 27.23 30.82 34.55 38.36 42.15 45.85 49.42 52.83 56.06 59.10 61.96 64.66 67.19 69.58 71.85 73.99 76.02 77.95 79.80 81.56 83.25 84.87 86.42 87.92 89.37 90.76 92.11 93.41 94.68 95.91 97.10 98.27 99.40 100.50 101.58 102.63 103.66 104.67 105.66 106.63 107.58 108.51 109.42 110.32 111.19 112.05 112.90 113.72 114.51 115.27 115.98 116.60 117.03 0.00 0.00 0.00 0.00 0.00 0.00 0.00 0.00 0.00 0.00 0.00 
0.00 0.00 0.00 0.00 0.00 0.00 13.28 27.77 28.99 38.96 42.31 46.61 52.13 58.98 67.33 77.35 89.17 102.84 118.30 135.33 153.59 172.65 192.01 211.23 229.96 247.94 265.03 281.16 296.33 310.59 323.99 336.60 348.50 359.74 370.39 380.51 390.14 399.33 408.11 416.52 424.59 432.35 439.81 447.02 453.97 460.70 467.21 473.53 479.66 485.62 491.43 497.08 502.59 507.98 513.24 518.38 523.42 528.35 533.18 537.92 542.57 547.13 551.61 556.00 560.31 564.53 568.66 572.69 576.61 580.40 584.04 587.50 590.86 475.52 477.40 239.74 0.00 0.00 0.00 0.00 0.00 0.00 0.00 
0.00 0.00 0.00 0.00 0.00 25.13 32.43 40.90 43.57 47.65 61.63 68.13 76.26 86.19 98.14 112.31 128.85 147.81 169.06 192.32 217.17 243.04 269.34 295.52 321.12 345.81 369.38 391.73 412.84 432.75 451.52 469.22 485.95 501.78 516.79 531.06 544.64 557.61 570.00 581.86 593.25 604.19 614.73 624.88 634.69 644.17 653.35 662.25 670.89 679.29 687.46 695.42 703.17 710.75 718.14 725.37 732.45 739.37 746.16 752.81 759.33 765.73 772.00 778.15 784.18 790.09 795.86 801.49 806.96 812.25 817.31 822.06 709.20 713.32 716.96 600.79 482.94 121.36 0.00 0.00 0.00 0.00 0.00 
0.00 0.00 0.00 11.66 23.82 37.04 38.87 48.92 53.01 66.54 73.45 81.64 91.46 103.22 117.16 133.48 152.31 173.67 197.43 223.28 250.78 279.37 308.46 337.48 365.97 393.57 420.06 445.29 469.23 491.90 513.33 533.60 552.80 571.00 588.27 604.70 620.36 635.30 649.59 663.28 676.41 689.03 701.17 712.88 724.18 735.11 745.68 755.93 765.87 775.54 784.93 794.08 803.00 811.70 820.20 828.50 836.62 844.57 852.35 859.97 867.44 874.77 881.94 888.98 895.87 902.62 909.21 915.64 921.89 927.94 933.78 939.42 944.94 832.05 836.59 721.48 725.19 486.60 244.38 0.00 0.00 0.00 0.00 
0.00 0.00 0.00 23.07 35.45 43.66 46.70 57.81 63.04 69.54 86.25 95.78 107.22 120.78 136.69 155.13 176.22 199.95 226.16 254.56 284.67 315.93 347.75 379.56 410.88 441.33 470.66 498.72 525.43 550.81 574.87 597.70 619.34 639.90 659.44 678.04 695.77 712.71 728.91 744.42 759.31 773.62 787.39 800.66 813.47 825.85 837.83 849.44 860.70 871.64 882.28 892.63 902.72 912.55 922.16 931.54 940.71 949.68 958.46 967.06 975.48 983.73 991.82 999.74 1007.49 1015.08 1022.49 1029.71 1036.74 1043.55 1050.11 1056.35 945.00 950.68 956.03 841.81 846.43 729.97 489.91 123.06 0.00 0.00 0.00 
0.00 0.00 22.35 34.23 41.86 51.04 54.97 67.02 73.26 80.82 89.78 100.05 112.01 125.94 142.07 160.56 181.49 204.85 230.50 258.14 287.36 317.67 348.54 379.45 409.98 439.77 468.58 496.26 522.72 547.95 571.95 594.77 616.47 637.10 656.75 675.48 693.35 710.42 726.76 742.41 757.43 771.87 785.76 799.15 812.07 824.55 836.63 848.32 859.67 870.69 881.39 891.81 901.96 911.85 921.51 930.93 940.14 949.15 957.96 966.59 975.03 983.30 991.40 999.32 1007.08 1014.67 1022.08 1029.31 1036.36 1043.21 1049.87 1056.37 1062.89 1069.23 1075.27 961.83 967.21 851.73 734.88 493.37 0.00 0.00 0.00 
0.00 10.92 27.72 34.30 42.63 52.32 63.44 69.19 76.04 92.34 102.24 113.87 127.40 143.09 161.13 181.69 204.87 230.63 258.82 289.13 321.13 354.28 388.04 421.87 455.30 487.99 519.65 550.13 579.33 607.21 633.79 659.10 683.20 706.15 728.03 748.89 768.81 787.85 806.08 823.56 840.33 856.45 871.96 886.91 901.33 915.27 928.75 941.81 954.47 966.76 978.71 990.33 1001.65 1012.68 1023.43 1033.94 1044.20 1054.23 1064.04 1073.64 1083.04 1092.23 1101.23 1110.04 1118.66 1127.09 1135.32 1143.36 1151.19 1158.82 1166.23 1173.42 1180.36 1068.98 1075.24 1081.40 967.18 851.79 735.11 616.84 248.60 0.00 0.00 
0.00 21.81 33.13 40.61 49.57 59.94 65.08 78.45 86.06 95.16 105.63 117.72 131.63 147.59 165.79 186.37 209.40 234.85 262.56 292.24 323.50 355.86 388.83 421.91 454.67 486.79 518.00 548.12 577.07 604.80 631.29 656.58 680.70 703.70 725.65 746.61 766.64 785.80 804.14 821.73 838.62 854.84 870.46 885.51 900.03 914.06 927.63 940.77 953.51 965.87 977.88 989.56 1000.94 1012.02 1022.82 1033.37 1043.67 1053.73 1063.57 1073.19 1082.60 1091.81 1100.82 1109.64 1118.26 1126.68 1134.91 1142.95 1150.78 1158.42 1165.87 1173.13 1180.22 1187.24 1193.93 1081.23 1087.37 972.79 856.92 739.52 496.78 0.00 0.00 
0.00 21.67 33.21 41.15 50.41 61.09 66.58 80.26 88.28 97.75 108.70 121.20 135.43 151.62 169.94 190.53 213.42 238.59 265.87 294.99 325.61 357.28 389.55 421.97 454.15 485.76 516.57 546.39 575.12 602.69 629.10 654.36 678.49 701.53 723.55 744.58 764.70 783.95 802.40 820.09 837.07 853.40 869.11 884.25 898.86 912.97 926.62 939.83 952.63 965.06 977.13 988.87 1000.29 1011.41 1022.26 1032.84 1043.18 1053.27 1063.13 1072.77 1082.20 1091.42 1100.44 1109.25 1117.87 1126.29 1134.52 1142.54 1150.37 1158.00 1165.45 1172.73 1179.87 1186.85 1193.56 1080.81 1086.94 972.26 856.19 738.65 495.79 0.00 0.00 
0.00 26.94 33.48 47.50 51.09 62.02 74.55 81.66 90.07 99.96 111.23 123.96 138.38 154.72 173.12 193.69 216.48 241.43 268.39 297.10 327.25 358.41 390.17 422.10 453.84 485.08 515.57 545.15 573.69 601.15 627.48 652.70 676.82 699.88 721.93 743.02 763.20 782.52 801.04 818.80 835.86 852.26 868.04 883.25 897.93 912.10 925.80 939.07 951.93 964.41 976.52 988.30 999.77 1010.93 1021.81 1032.42 1042.78 1052.89 1062.77 1072.43 1081.87 1091.09 1100.11 1108.93 1117.54 1125.96 1134.17 1142.17 1149.98 1157.58 1165.00 1172.27 1179.42 1186.42 1193.22 1199.83 1086.41 971.70 977.12 737.69 618.07 0.00 0.00 
0.00 26.88 36.52 47.85 51.59 62.69 75.38 82.68 91.37 101.50 122.33 135.79 151.36 169.16 189.33 211.96 237.09 264.68 294.54 326.39 359.83 394.41 429.61 464.96 500.04 534.51 568.10 600.64 632.01 662.15 691.05 718.71 745.17 770.46 794.64 817.78 839.91 861.11 881.44 900.93 919.66 937.67 955.01 971.72 987.84 1003.42 1018.48 1033.06 1047.20 1060.91 1074.23 1087.18 1099.78 1112.05 1124.01 1135.68 1147.07 1158.19 1169.05 1179.66 1190.04 1200.18 1210.09 1219.78 1229.24 1238.47 1247.47 1256.24 1264.75 1273.00 1280.95 1288.56 1178.95 1185.93 1192.72 1199.26 1085.90 1091.93 976.35 859.25 617.21 124.67 0.00 
0.00 26.88 36.63 48.04 51.85 63.03 75.81 83.21 92.04 102.28 123.22 136.76 152.41 170.28 190.49 213.14 238.25 265.78 295.55 327.29 360.59 395.01 430.05 465.24 500.16 534.49 567.95 600.38 631.66 661.72 690.56 718.18 744.61 769.89 794.06 817.20 839.34 860.55 880.89 900.41 919.16 937.19 954.56 971.29 987.44 1003.03 1018.12 1032.73 1046.88 1060.62 1073.96 1086.92 1099.54 1111.83 1123.80 1135.48 1146.88 1158.00 1168.87 1179.49 1189.87 1200.01 1209.92 1219.59 1229.05 1238.27 1247.25 1255.99 1264.48 1272.70 1280.61 1288.17 1178.52 1185.43 1192.15 1198.61 1085.18 1091.12 975.43 858.27 616.28 124.59 0.00 
0.00 26.95 33.80 48.03 51.82 63.00 75.80 83.24 92.05 102.31 113.86 126.86 141.53 158.06 176.59 197.21 219.93 244.72 271.42 299.79 329.51 360.21 391.47 422.92 454.19 485.00 515.11 544.36 572.63 599.87 626.03 651.12 675.16 698.18 720.21 741.30 761.50 780.86 799.43 817.25 834.37 850.84 866.70 881.98 896.72 910.97 924.74 938.08 951.00 963.54 975.71 987.54 999.05 1010.26 1021.18 1031.82 1042.21 1052.35 1062.24 1071.91 1081.36 1090.58 1099.59 1108.39 1116.97 1125.35 1133.51 1141.45 1149.18 1156.69 1164.00 1171.13 1178.13 1184.93 1191.53 1197.90 1084.25 969.35 974.37 734.87 615.20 0.00 0.00 
0.00 21.59 33.70 41.94 51.55 62.64 68.59 82.82 91.41 101.55 113.08 126.07 140.74 157.27 175.83 196.49 219.30 244.19 271.03 299.56 329.45 360.31 391.73 423.32 454.70 485.58 515.74 545.01 573.28 600.50 626.63 651.69 675.68 698.65 720.64 741.69 761.84 781.17 799.70 817.49 834.58 851.03 866.86 882.12 896.85 911.08 924.84 938.17 951.08 963.61 975.77 987.60 999.10 1010.30 1021.21 1031.85 1042.23 1052.36 1062.26 1071.92 1081.35 1090.57 1099.57 1108.36 1116.93 1125.29 1133.43 1141.35 1149.05 1156.54 1163.80 1170.87 1177.75 1184.44 1190.81 1077.82 1083.45 968.43 852.00 734.07 491.53 0.00 0.00 
0.00 21.81 33.49 41.56 51.02 61.96 67.72 81.82 90.22 100.11 111.41 124.25 138.81 155.29 173.84 194.57 217.53 242.65 269.77 298.65 328.92 360.17 391.95 423.86 455.51 486.60 516.91 546.27 574.59 601.81 627.92 652.93 676.87 699.77 721.68 742.66 762.74 781.99 800.46 818.19 835.22 851.61 867.40 882.62 897.30 911.50 925.22 938.52 951.40 963.90 976.04 987.84 999.33 1010.51 1021.40 1032.03 1042.39 1052.51 1062.39 1072.03 1081.46 1090.66 1099.65 1108.43 1116.98 1125.32 1133.45 1141.34 1149.01 1156.44 1163.64 1170.62 1177.38 1184.01 1190.25 1077.21 1082.73 967.70 851.40 733.68 491.87 0.00 0.00 
0.00 10.96 27.80 35.29 44.27 54.65 66.57 73.19 80.99 98.39 109.22 121.74 136.08 152.43 170.94 191.74 214.87 240.28 267.81 297.17 327.98 359.78 392.09 424.47 456.52 487.92 518.46 547.97 576.37 603.62 629.72 654.68 678.54 701.36 723.18 744.06 764.05 783.21 801.58 819.22 836.18 852.50 868.21 883.37 897.99 912.13 925.81 939.05 951.89 964.36 976.46 988.23 999.68 1010.83 1021.70 1032.30 1042.65 1052.74 1062.60 1072.23 1081.64 1090.83 1099.81 1108.57 1117.11 1125.43 1133.53 1141.40 1149.03 1156.40 1163.52 1170.36 1176.89 1065.26 1070.98 1076.52 961.93 846.16 729.14 610.75 245.87 0.00 0.00 
0.00 0.00 22.36 34.83 43.44 53.52 58.37 71.51 78.88 87.59 97.54 108.78 121.63 136.31 152.97 171.72 192.62 215.60 240.51 267.10 295.00 323.80 353.06 382.35 411.32 439.69 467.24 493.84 519.42 543.94 567.41 589.84 611.29 631.78 651.38 670.13 688.08 705.28 721.78 737.62 752.86 767.51 781.63 795.25 808.39 821.10 833.39 845.30 856.84 868.04 878.93 889.51 899.80 909.83 919.61 929.14 938.44 947.52 956.39 965.05 973.51 981.77 989.84 997.71 1005.39 1012.86 1020.13 1027.18 1034.01 1040.59 1046.93 1053.04 1059.09 1064.92 1070.41 956.65 961.34 845.51 728.43 488.10 0.00 0.00 0.00 
0.00 0.00 5.65 23.03 36.61 45.95 50.10 62.45 69.00 76.72 94.67 105.32 117.80 132.25 148.82 167.62 188.73 212.10 237.57 264.84 293.51 323.11 353.12 383.10 412.65 441.46 469.34 496.16 521.85 546.41 569.86 592.24 613.59 633.97 653.45 672.07 689.89 706.97 723.36 739.09 754.21 768.77 782.79 796.32 809.38 822.01 834.23 846.07 857.56 868.71 879.54 890.07 900.33 910.32 920.05 929.55 938.82 947.88 956.72 965.36 973.80 982.05 990.10 997.96 1005.62 1013.08 1020.33 1027.36 1034.14 1040.66 1046.87 1052.70 941.11 946.27 951.07 836.66 840.66 724.05 485.07 122.04 0.00 0.00 0.00 
0.00 0.00 0.00 11.68 23.95 38.57 41.83 53.30 58.92 74.01 82.20 91.70 102.73 115.51 130.22 146.99 165.89 186.89 209.83 234.43 260.31 287.02 314.08 341.06 367.60 393.42 418.35 442.27 465.15 486.99 507.80 527.65 546.57 564.62 581.87 598.35 614.13 629.24 643.74 657.67 671.06 683.95 696.36 708.35 719.92 731.11 741.94 752.43 762.61 772.49 782.10 791.44 800.53 809.39 818.03 826.46 834.69 842.72 850.57 858.24 865.73 873.05 880.20 887.18 893.98 900.60 907.03 913.26 919.27 925.03 930.53 935.76 940.81 827.77 831.85 716.70 719.95 482.40 242.58 0.00 0.00 0.00 0.00 
0.00 0.00 0.00 0.00 0.00 25.40 33.85 44.29 48.88 54.60 70.32 78.35 87.84 98.93 111.77 126.50 143.17 161.78 182.17 204.09 227.17 250.97 275.05 299.01 322.51 345.32 367.26 388.28 408.33 427.43 445.61 462.92 479.42 495.15 510.17 524.52 538.26 551.42 564.05 576.18 587.84 599.06 609.88 620.32 630.41 640.16 649.61 658.76 667.63 676.25 684.63 692.78 700.72 708.45 715.99 723.35 730.54 737.55 744.41 751.11 757.65 764.05 770.30 776.40 782.34 788.13 793.75 799.19 804.43 809.44 814.18 818.58 705.64 709.40 712.75 596.81 479.59 120.59 0.00 0.00 0.00 0.00 0.00 
0.00 0.00 0.00 0.00 0.00 0.00 13.57 28.83 31.59 44.31 49.40 55.28 62.09 70.03 79.23 89.80 101.79 115.19 129.89 145.69 162.32 179.45 196.77 213.96 230.80 247.12 262.80 277.79 292.09 305.71 318.66 331.00 342.75 353.96 364.66 374.89 384.68 394.06 403.07 411.71 420.03 428.03 435.75 443.20 450.40 457.35 464.09 470.62 476.96 483.11 489.09 494.90 500.57 506.09 511.47 516.72 521.85 526.86 531.75 536.53 541.21 545.77 550.23 554.58 558.83 562.96 566.97 570.85 574.58 578.16 581.55 584.74 587.81 472.82 474.88 238.44 0.00 0.00 0.00 0.00 0.00 0.00 0.00 
0.00 0.00 0.00 0.00 0.00 0.00 0.00 0.00 0.00 0.00 9.78 10.51 11.65 13.12 14.90 17.01 19.45 22.22 25.30 28.64 32.16 35.79 39.44 43.05 46.54 49.89 53.08 56.11 58.98 61.69 64.26 66.71 69.03 71.24 73.35 75.37 77.30 79.15 80.93 82.63 84.27 85.86 87.38 88.85 90.28 91.65 92.99 94.28 95.54 96.75 97.94 99.09 100.22 101.31 102.38 103.43 104.45 105.44 106.42 107.37 108.30 109.21 110.10 110.97 111.82 112.64 113.44 114.21 114.94 115.61 116.19 116.59 0.00 0.00 0.00 0.00 0.00 0.00 0.00 0.00 0.00 0.00 0.00 
0.00 0.00 0.00 0.00 0.00 0.00 0.00 0.00 0.00 0.00 0.00 0.00 0.00 0.00 0.00 0.00 0.00 0.00 0.00 0.00 0.00 0.00 0.00 0.00 0.00 0.00 0.00 0.00 0.00 0.00 0.00 0.00 0.00 0.00 0.00 0.00 0.00 0.00 0.00 0.00 0.00 0.00 0.00 0.00 0.00 0.00 0.00 0.00 0.00 0.00 0.00 0.00 0.00 0.00 0.00 0.00 0.00 0.00 0.00 0.00 0.00 0.00 0.00 0.00 0.00 0.00 0.00 0.00 0.00 0.00 0.00 0.00 0.00 0.00 0.00 0.00 0.00 0.00 0.00 0.00 0.00 0.00 0.00 
