0.00 0.00 0.00 0.00 0.00 0.00 0.00 0.00 0.00 0.00 26.73 26.72 26.71 26.71 26.71 26.72 26.73 26.75 26.79 26.83 26.88 26.94 27.01 27.09 27.18 27.29 27.40 27.53 27.67 27.81 27.98 28.15 28.33 28.53 28.74 28.96 29.19 29.44 29.69 29.96 30.24 30.53 30.83 31.14 31.47 31.80 32.14 32.49 32.85 33.21 33.59 33.96 34.34 34.73 35.11 35.50 35.88 36.26 36.63 36.99 37.34 37.68 37.99 38.28 38.54 38.76 38.93 39.05 39.11 39.10 39.01 38.90 0.00 0.00 0.00 0.00 0.00 0.00 0.00 0.00 0.00 0.00 0.00 
0.00 0.00 0.00 0.00 0.00 0.00 53.75 107.37 107.24 133.86 133.72 133.61 133.54 133.49 133.49 133.52 133.59 133.70 133.86 134.07 134.32 134.63 134.98 135.39 135.85 136.37 136.94 137.57 138.25 139.00 139.80 140.67 141.59 142.57 143.62 144.72 145.88 147.11 148.39 149.73 151.13 152.58 154.09 155.66 157.27 158.94 160.65 162.40 164.19 166.02 167.88 169.77 171.68 173.60 175.53 177.46 179.38 181.29 183.16 184.98 186.75 188.45 190.04 191.52 192.85 193.99 194.91 195.55 195.85 195.72 195.05 193.69 191.42 150.01 146.33 70.70 0.00 0.00 0.00 0.00 0.00 0.00 0.00 
0.00 0.00 0.00 0.00 0.00 107.72 134.46 161.10 160.92 160.76 187.36 187.24 187.16 187.11 187.11 187.16 187.27 187.44 187.67 187.96 188.32 188.76 189.26 189.83 190.48 191.21 192.01 192.89 193.86 194.90 196.02 197.23 198.52 199.90 201.36 202.90 204.52 206.23 208.02 209.89 211.84 213.87 215.97 218.15 220.40 222.71 225.09 227.52 230.01 232.55 235.13 237.74 240.38 243.03 245.69 248.35 250.99 253.59 256.15 258.63 261.02 263.30 265.42 267.37 269.09 270.53 271.63 272.32 272.50 272.06 270.86 268.76 226.84 222.51 217.08 173.25 130.78 29.83 0.00 0.00 0.00 0.00 0.00 
0.00 0.00 0.00 54.10 108.03 161.70 161.48 188.13 187.94 214.54 214.38 214.26 214.18 214.14 214.15 214.23 214.36 214.56 214.83 215.18 215.60 216.10 216.68 217.34 218.09 218.92 219.84 220.85 221.96 223.15 224.44 225.82 227.29 228.86 230.52 232.28 234.13 236.08 238.11 240.24 242.46 244.77 247.15 249.63 252.18 254.80 257.49 260.25 263.06 265.93 268.84 271.78 274.75 277.73 280.72 283.69 286.63 289.53 292.35 295.09 297.71 300.18 302.46 304.51 306.27 307.70 308.70 309.20 309.07 308.18 306.38 303.48 299.23 255.13 247.94 201.92 191.00 113.82 50.92 0.00 0.00 0.00 0.00 
0.00 0.00 0.00 108.30 162.14 188.84 188.61 215.23 215.02 214.83 241.44 241.32 241.24 241.21 241.24 241.34 241.50 241.74 242.05 242.45 242.93 243.50 244.16 244.91 245.75 246.70 247.74 248.88 250.12 251.46 252.91 254.46 256.12 257.88 259.75 261.72 263.80 265.98 268.26 270.65 273.13 275.71 278.38 281.14 283.99 286.92 289.92 293.00 296.13 299.32 302.55 305.82 309.11 312.41 315.71 318.98 322.22 325.39 328.48 331.45 334.27 336.91 339.33 341.46 343.25 344.63 345.50 345.77 345.31 343.97 341.57 337.94 294.00 287.16 278.25 229.86 216.22 167.17 94.95 20.39 0.00 0.00 0.00 
0.00 0.00 108.65 162.62 189.35 216.02 215.75 242.35 242.12 241.92 241.76 241.65 241.58 241.57 241.61 241.72 241.90 242.15 242.47 242.88 243.37 243.94 244.61 245.37 246.22 247.16 248.21 249.35 250.59 251.94 253.39 254.94 256.59 258.35 260.21 262.18 264.25 266.42 268.70 271.07 273.54 276.10 278.76 281.50 284.33 287.23 290.20 293.24 296.34 299.49 302.68 305.90 309.13 312.37 315.60 318.79 321.94 325.01 327.99 330.84 333.52 336.00 338.23 340.16 341.71 342.82 343.39 343.32 342.46 340.67 337.75 333.47 327.47 319.43 309.06 258.74 242.91 190.48 140.16 74.91 0.00 0.00 0.00 
0.00 54.50 135.94 162.82 189.57 216.25 242.88 242.61 242.39 268.99 268.83 268.71 268.65 268.64 268.70 268.83 269.03 269.32 269.69 270.14 270.69 271.34 272.08 272.93 273.88 274.93 276.09 277.37 278.75 280.24 281.85 283.57 285.41 287.36 289.43 291.61 293.91 296.32 298.83 301.46 304.20 307.03 309.97 313.00 316.12 319.33 322.61 325.97 329.39 332.85 336.37 339.91 343.46 347.02 350.55 354.05 357.49 360.84 364.07 367.15 370.04 372.70 375.07 377.09 378.68 379.77 380.25 380.00 378.87 376.69 373.27 368.36 361.70 314.42 303.52 289.63 237.55 185.61 136.08 92.50 28.10 0.00 0.00 
0.00 109.07 163.29 190.10 216.79 243.41 243.11 269.70 269.46 269.26 269.11 269.00 268.95 268.96 269.03 269.17 269.39 269.68 270.06 270.53 271.09 271.74 272.49 273.34 274.30 275.36 276.52 277.80 279.18 280.68 282.28 284.01 285.84 287.79 289.85 292.03 294.32 296.72 299.23 301.84 304.56 307.38 310.30 313.32 316.42 319.60 322.86 326.18 329.56 332.99 336.46 339.96 343.46 346.96 350.43 353.85 357.21 360.47 363.61 366.58 369.34 371.86 374.07 375.91 377.31 378.18 378.41 377.88 376.44 373.94 370.15 364.86 357.78 348.52 336.95 285.12 267.81 213.34 160.80 113.82 58.08 0.00 0.00 
0.00 109.19 163.46 190.27 216.98 243.61 243.31 269.90 269.68 269.49 269.36 269.27 269.23 269.25 269.33 269.48 269.71 270.01 270.40 270.88 271.45 272.10 272.86 273.72 274.68 275.74 276.91 278.18 279.57 281.06 282.67 284.39 286.23 288.17 290.23 292.40 294.69 297.08 299.58 302.18 304.89 307.70 310.60 313.60 316.68 319.84 323.07 326.37 329.72 333.12 336.55 340.00 343.45 346.90 350.31 353.67 356.96 360.14 363.19 366.06 368.72 371.12 373.19 374.88 376.12 376.80 376.83 376.08 374.40 371.64 367.59 362.04 354.76 345.49 333.92 282.35 265.55 212.31 162.00 116.95 62.57 0.00 0.00 
0.00 136.62 163.61 217.49 217.14 243.76 270.35 270.08 269.85 269.68 269.55 269.47 269.44 269.47 269.56 269.72 269.96 270.27 270.67 271.15 271.72 272.39 273.15 274.01 274.97 276.04 277.21 278.49 279.87 281.37 282.98 284.70 286.53 288.47 290.53 292.69 294.97 297.36 299.85 302.45 305.14 307.94 310.83 313.81 316.88 320.02 323.23 326.50 329.83 333.20 336.60 340.02 343.44 346.84 350.21 353.52 356.75 359.87 362.85 365.65 368.23 370.54 372.52 374.11 375.23 375.79 375.69 374.80 372.99 370.09 365.90 360.21 352.78 343.49 332.04 317.80 264.71 212.39 192.27 120.63 85.74 0.00 0.00 
0.00 136.74 177.31 217.60 217.24 243.86 270.45 270.19 269.98 269.81 296.44 296.35 296.32 296.36 296.46 296.64 296.90 297.24 297.67 298.20 298.83 299.56 300.40 301.35 302.40 303.57 304.86 306.27 307.79 309.44 311.20 313.10 315.11 317.25 319.51 321.89 324.39 327.02 329.76 332.61 335.58 338.66 341.84 345.12 348.49 351.94 355.47 359.08 362.74 366.44 370.19 373.95 377.71 381.46 385.18 388.83 392.40 395.85 399.15 402.25 405.13 407.72 409.95 411.78 413.11 413.85 413.89 413.11 411.37 408.48 404.27 398.53 352.08 342.85 331.64 317.92 265.08 246.24 194.81 148.25 89.88 13.30 0.00 
0.00 136.80 177.36 217.65 217.29 243.91 270.50 270.24 270.04 269.87 296.51 296.43 296.40 296.44 296.55 296.73 296.99 297.34 297.78 298.31 298.94 299.68 300.52 301.46 302.52 303.69 304.98 306.39 307.91 309.56 311.33 313.22 315.23 317.36 319.62 322.00 324.50 327.12 329.86 332.71 335.68 338.75 341.92 345.19 348.55 352.00 355.52 359.11 362.76 366.46 370.19 373.93 377.68 381.41 385.11 388.74 392.29 395.72 399.00 402.09 404.94 407.51 409.74 411.55 412.87 413.61 413.67 412.92 411.22 408.42 404.32 398.72 352.49 343.55 332.70 319.51 267.29 249.21 198.66 152.68 94.24 13.62 0.00 
0.00 136.79 163.76 217.64 217.28 243.90 270.50 270.24 270.03 269.88 269.76 269.69 269.68 269.72 269.83 270.00 270.25 270.58 270.98 271.47 272.05 272.73 273.49 274.36 275.32 276.39 277.57 278.85 280.23 281.73 283.34 285.05 286.88 288.82 290.87 293.03 295.30 297.67 300.16 302.74 305.42 308.20 311.07 314.03 317.07 320.19 323.37 326.61 329.91 333.24 336.60 339.97 343.34 346.69 350.01 353.27 356.44 359.50 362.42 365.16 367.68 369.94 371.87 373.43 374.53 375.09 375.03 374.22 372.55 369.86 366.00 360.76 353.95 345.48 335.18 322.51 271.28 221.04 203.69 133.46 99.16 0.00 0.00 
0.00 109.43 163.69 190.50 217.20 243.84 243.55 270.16 269.96 269.81 269.70 269.64 269.62 269.67 269.78 269.95 270.20 270.52 270.93 271.42 272.00 272.67 273.44 274.30 275.27 276.33 277.51 278.79 280.17 281.67 283.27 284.99 286.82 288.76 290.81 292.97 295.23 297.61 300.09 302.67 305.36 308.14 311.01 313.97 317.01 320.13 323.31 326.55 329.85 333.18 336.54 339.92 343.30 346.66 349.98 353.25 356.44 359.52 362.46 365.23 367.79 370.10 372.09 373.72 374.91 375.59 375.67 375.04 373.58 371.15 367.60 362.76 356.47 348.59 338.99 289.88 276.20 226.37 179.74 138.17 82.44 0.00 0.00 
0.00 109.32 163.60 190.40 217.09 243.72 243.43 270.04 269.84 269.67 269.56 269.50 269.49 269.53 269.63 269.81 270.05 270.37 270.77 271.26 271.84 272.51 273.27 274.13 275.10 276.16 277.34 278.61 280.00 281.49 283.10 284.82 286.64 288.58 290.63 292.79 295.06 297.44 299.92 302.51 305.19 307.98 310.85 313.82 316.86 319.99 323.18 326.43 329.74 333.08 336.46 339.85 343.24 346.63 349.97 353.27 356.49 359.62 362.61 365.44 368.07 370.45 372.55 374.30 375.64 376.49 376.78 376.40 375.24 373.16 370.03 365.68 359.96 352.61 343.63 295.02 282.06 232.21 184.69 141.72 81.71 0.00 0.00 
0.00 54.64 136.27 163.14 189.91 216.60 243.26 243.02 242.84 269.49 269.38 269.31 269.29 269.33 269.43 269.60 269.84 270.15 270.55 271.03 271.61 272.27 273.03 273.89 274.85 275.91 277.08 278.36 279.74 281.24 282.84 284.56 286.39 288.33 290.38 292.54 294.81 297.19 299.68 302.27 304.96 307.75 310.63 313.61 316.66 319.79 323.00 326.27 329.59 332.95 336.35 339.76 343.18 346.60 349.98 353.32 356.59 359.77 362.83 365.73 368.46 370.95 373.18 375.08 376.61 377.68 378.22 378.15 377.34 375.68 373.03 369.23 364.15 319.05 311.16 301.35 253.87 207.01 162.57 122.25 41.33 0.00 0.00 
0.00 0.00 108.92 162.97 189.72 216.41 216.16 242.81 242.63 242.48 242.37 242.31 242.29 242.33 242.42 242.57 242.78 243.07 243.42 243.86 244.37 244.97 245.65 246.43 247.29 248.24 249.30 250.44 251.69 253.03 254.48 256.02 257.67 259.41 261.26 263.20 265.25 267.39 269.63 271.96 274.38 276.90 279.49 282.17 284.92 287.74 290.63 293.57 296.57 299.60 302.66 305.74 308.83 311.91 314.97 317.99 320.95 323.83 326.61 329.26 331.75 334.05 336.12 337.91 339.37 340.45 341.08 341.19 340.66 339.41 337.29 334.15 329.75 324.19 317.33 271.02 261.23 214.49 169.59 101.96 0.00 0.00 0.00 
0.00 0.00 27.21 108.59 162.49 189.23 189.02 215.70 215.55 215.42 242.10 242.04 242.02 242.05 242.13 242.27 242.48 242.76 243.11 243.53 244.04 244.63 245.31 246.08 246.94 247.89 248.94 250.09 251.33 252.67 254.12 255.66 257.31 259.05 260.90 262.85 264.90 267.04 269.29 271.63 274.06 276.58 279.19 281.88 284.64 287.48 290.39 293.35 296.37 299.43 302.52 305.63 308.76 311.88 314.99 318.07 321.09 324.05 326.91 329.66 332.27 334.70 336.92 338.90 340.58 341.92 342.86 343.31 343.20 342.43 340.88 338.42 295.79 291.32 285.92 241.42 233.73 189.54 117.08 26.07 0.00 0.00 0.00 
0.00 0.00 0.00 54.25 108.27 162.03 161.85 188.58 188.46 215.16 215.06 215.01 214.99 215.02 215.09 215.21 215.39 215.63 215.94 216.32 216.76 217.29 217.89 218.57 219.33 220.18 221.11 222.12 223.23 224.42 225.70 227.07 228.54 230.09 231.73 233.47 235.29 237.20 239.20 241.28 243.45 245.69 248.01 250.41 252.88 255.41 258.00 260.64 263.33 266.06 268.82 271.61 274.40 277.20 279.99 282.75 285.47 288.13 290.72 293.21 295.59 297.82 299.88 301.73 303.34 304.68 305.67 306.28 306.43 306.04 305.01 303.23 300.58 258.33 254.55 211.80 206.18 129.52 60.67 0.00 0.00 0.00 0.00 
0.00 0.00 0.00 0.00 0.00 107.89 134.70 161.47 161.39 161.31 188.03 187.99 187.98 188.00 188.05 188.16 188.31 188.52 188.79 189.11 189.50 189.96 190.48 191.07 191.74 192.48 193.29 194.18 195.14 196.18 197.31 198.51 199.79 201.15 202.59 204.10 205.70 207.37 209.13 210.95 212.85 214.82 216.86 218.96 221.12 223.34 225.62 227.94 230.31 232.71 235.14 237.59 240.05 242.52 244.98 247.42 249.83 252.20 254.50 256.73 258.86 260.87 262.75 264.46 265.97 267.26 268.28 269.00 269.35 269.27 268.70 267.59 226.66 224.65 222.54 181.26 141.10 33.74 0.00 0.00 0.00 0.00 0.00 
0.00 0.00 0.00 0.00 0.00 0.00 53.82 107.53 107.50 134.30 134.26 134.24 134.23 134.24 134.28 134.36 134.47 134.62 134.81 135.04 135.32 135.64 136.01 136.44 136.91 137.44 138.02 138.65 139.34 140.08 140.88 141.74 142.66 143.63 144.66 145.74 146.88 148.08 149.33 150.63 151.99 153.40 154.85 156.35 157.90 159.49 161.12 162.78 164.47 166.18 167.92 169.68 171.44 173.21 174.97 176.71 178.44 180.14 181.79 183.39 184.92 186.37 187.73 188.97 190.08 191.03 191.80 192.37 192.69 192.74 192.47 191.86 190.81 151.22 151.25 74.76 0.00 0.00 0.00 0.00 0.00 0.00 0.00 
0.00 0.00 0.00 0.00 0.00 0.00 0.00 0.00 0.00 0.00 26.80 26.79 26.79 26.79 26.80 26.81 26.83 26.86 26.90 26.94 27.00 27.06 27.13 27.22 27.31 27.41 27.53 27.66 27.79 27.94 28.10 28.27 28.46 28.65 28.86 29.07 29.30 29.54 29.80 30.06 30.33 30.61 30.91 31.21 31.52 31.84 32.17 32.51 32.85 33.20 33.55 33.91 34.27 34.63 34.99 35.35 35.71 36.06 36.40 36.74 37.06 37.37 37.67 37.95 38.20 38.43 38.63 38.80 38.92 38.99 39.00 38.95 0.00 0.00 0.00 0.00 0.00 0.00 0.00 0.00 0.00 0.00 0.00 
0.00 0.00 0.00 0.00 0.00 0.00 0.00 0.00 0.00 0.00 0.00 0.00 0.00 0.00 0.00 0.00 0.00 0.00 0.00 0.00 0.00 0.00 0.00 0.00 0.00 0.00 0.00 0.00 0.00 0.00 0.00 0.00 0.00 0.00 0.00 0.00 0.00 0.00 0.00 0.00 0.00 0.00 0.00 0.00 0.00 0.00 0.00 0.00 0.00 0.00 0.00 0.00 0.00 0.00 0.00 0.00 0.00 0.00 0.00 0.00 0.00 0.00 0.00 0.00 0.00 0.00 0.00 0.00 0.00 0.00 0.00 0.00 0.00 0.00 0.00 0.00 0.00 0.00 0.00 0.00 0.00 0.00 0.00 
