0.00 0.00 0.00 0.00 0.00 0.00 0.00 0.00 0.00 0.00 134.32 133.55 132.45 131.17 129.79 128.34 126.83 125.28 123.68 122.05 120.38 118.67 116.94 115.16 113.35 111.50 109.62 107.69 105.72 103.71 101.65 99.54 97.38 95.16 92.89 90.55 88.14 85.66 83.10 80.46 77.72 74.89 71.96 68.92 65.77 62.50 59.12 55.63 52.05 48.40 44.71 41.01 37.37 33.82 30.43 27.24 24.30 21.63 19.24 17.13 15.30 13.73 12.38 11.24 10.28 9.48 8.80 8.24 7.78 7.41 7.13 6.96 0.00 0.00 0.00 0.00 0.00 0.00 0.00 0.00 0.00 0.00 0.00 
0.00 0.00 0.00 0.00 0.00 0.00 277.95 552.74 549.70 681.42 675.76 669.73 663.28 656.45 649.33 641.95 634.35 626.54 618.55 610.38 602.03 593.51 584.82 575.95 566.90 557.67 548.24 538.62 528.79 518.74 508.45 497.93 487.14 476.08 464.72 453.04 441.03 428.65 415.89 402.70 389.07 374.95 360.32 345.14 329.40 313.06 296.14 278.66 260.68 242.30 223.67 205.00 186.54 168.59 151.42 135.30 120.45 107.01 95.04 84.54 75.45 67.66 61.03 55.43 50.73 46.78 43.50 40.76 38.49 36.61 35.08 33.85 32.85 25.58 25.26 12.47 0.00 0.00 0.00 0.00 0.00 0.00 0.00 
0.00 0.00 0.00 0.00 0.00 560.86 697.31 831.01 825.25 818.26 945.41 937.03 927.98 918.43 908.46 898.14 887.50 876.57 865.37 853.92 842.23 830.28 818.09 805.65 792.95 780.00 766.77 753.26 739.45 725.33 710.89 696.10 680.94 665.40 649.44 633.04 616.16 598.78 580.86 562.35 543.23 523.46 502.98 481.78 459.81 437.08 413.58 389.37 364.54 339.22 313.62 288.02 262.74 238.14 214.59 192.42 171.92 153.27 136.56 121.81 108.94 97.83 88.32 80.22 73.37 67.60 62.75 58.70 55.31 52.51 50.20 48.33 39.97 38.78 37.86 30.94 24.47 6.07 0.00 0.00 0.00 0.00 0.00 
0.00 0.00 0.00 284.83 566.85 844.07 838.77 970.32 962.76 1090.09 1080.40 1070.38 1059.87 1048.89 1037.47 1025.65 1013.49 1000.99 988.19 975.09 961.70 948.03 934.07 919.82 905.27 890.42 875.25 859.76 843.93 827.73 811.16 794.19 776.80 758.96 740.64 721.82 702.46 682.53 661.99 640.79 618.91 596.30 572.92 548.75 523.77 497.97 471.38 444.06 416.11 387.71 359.06 330.47 302.27 274.83 248.53 223.71 200.67 179.60 160.61 143.73 128.88 115.97 104.82 95.25 87.10 80.18 74.32 69.39 65.24 61.77 58.87 56.46 54.41 46.12 44.85 37.55 36.82 24.19 12.05 0.00 0.00 0.00 0.00 
0.00 0.00 0.00 571.35 852.08 986.64 979.41 1109.36 1100.26 1090.36 1214.76 1203.56 1191.69 1179.28 1166.39 1153.08 1139.37 1125.30 1110.88 1096.13 1081.05 1065.64 1049.90 1033.83 1017.43 1000.68 983.57 966.08 948.21 929.93 911.22 892.07 872.43 852.29 831.61 810.37 788.53 766.04 742.88 719.00 694.36 668.94 642.68 615.57 587.60 558.78 529.14 498.76 467.76 436.32 404.68 373.15 342.07 311.83 282.82 255.40 229.85 206.39 185.15 166.15 149.34 134.62 121.83 110.78 101.30 93.20 86.30 80.45 75.50 71.34 67.85 64.95 55.68 53.69 52.07 44.44 43.43 36.57 24.05 6.00 0.00 0.00 0.00 
0.00 0.00 576.83 859.92 995.78 1128.49 1119.76 1248.29 1237.82 1226.63 1214.97 1203.22 1191.09 1178.54 1165.57 1152.21 1138.47 1124.37 1109.93 1095.16 1080.05 1064.61 1048.84 1032.73 1016.28 999.48 982.31 964.77 946.83 928.49 909.70 890.47 870.75 850.53 829.78 808.46 786.54 763.99 740.78 716.86 692.21 666.80 640.60 613.59 585.79 557.20 527.87 497.88 467.37 436.50 405.50 374.65 344.28 314.73 286.35 259.47 234.34 211.18 190.09 171.12 154.22 139.32 126.27 114.92 105.11 96.67 89.43 83.24 77.97 73.50 69.71 66.49 63.70 61.35 59.40 51.47 50.20 43.09 36.33 23.96 0.00 0.00 0.00 
0.00 291.02 723.20 862.54 997.51 1129.74 1259.67 1249.01 1237.98 1362.39 1349.84 1336.72 1323.13 1309.08 1294.60 1279.70 1264.40 1248.71 1232.64 1216.20 1199.39 1182.21 1164.66 1146.73 1128.43 1109.72 1090.61 1071.08 1051.11 1030.68 1009.77 988.35 966.40 943.89 920.78 897.05 872.66 847.58 821.77 795.20 767.82 739.62 710.57 680.67 649.90 618.31 585.95 552.90 519.30 485.35 451.29 417.41 384.07 351.62 320.43 290.86 263.17 237.59 214.25 193.18 174.36 157.70 143.06 130.28 119.19 109.60 101.35 94.27 88.23 83.07 78.68 74.96 71.82 62.56 60.38 58.55 50.88 43.61 36.69 30.11 11.97 0.00 0.00 
0.00 582.99 870.25 1007.25 1140.61 1271.24 1260.58 1387.49 1375.46 1362.71 1349.71 1336.35 1322.59 1308.44 1293.88 1278.93 1263.60 1247.88 1231.78 1215.31 1198.47 1181.27 1163.68 1145.72 1127.37 1108.62 1089.46 1069.88 1049.85 1029.36 1008.38 986.90 964.88 942.30 919.13 895.34 870.90 845.77 819.92 793.32 765.95 737.78 708.80 679.01 648.40 617.03 584.95 552.25 519.08 485.62 452.10 418.81 386.06 354.18 323.53 294.41 267.09 241.76 218.56 197.53 178.65 161.84 147.00 133.97 122.60 112.72 104.18 96.81 90.49 85.07 80.43 76.47 73.09 70.17 67.73 59.35 57.70 50.22 43.13 36.39 23.99 0.00 0.00 
0.00 584.95 872.44 1008.68 1141.83 1272.19 1261.18 1387.94 1375.64 1362.75 1349.50 1335.95 1322.08 1307.84 1293.24 1278.25 1262.88 1247.13 1231.01 1214.52 1197.65 1180.42 1162.80 1144.81 1126.42 1107.63 1088.43 1068.79 1048.71 1028.17 1007.14 985.59 963.52 940.88 917.65 893.81 869.32 844.15 818.28 791.67 764.30 736.17 707.25 677.56 647.10 615.92 584.10 551.72 518.92 485.89 452.85 420.07 387.84 356.47 326.29 297.57 270.57 245.47 222.39 201.39 182.46 165.53 150.51 137.27 125.65 115.52 106.72 99.10 92.53 86.89 82.04 77.87 74.28 71.19 68.59 60.08 58.31 50.73 43.54 36.70 24.17 0.00 0.00 
0.00 733.24 873.98 1152.66 1142.97 1272.96 1400.78 1388.50 1375.82 1362.68 1349.23 1335.58 1321.65 1307.38 1292.73 1277.72 1262.32 1246.55 1230.41 1213.89 1197.01 1179.75 1162.11 1144.08 1125.67 1106.85 1087.61 1067.94 1047.82 1027.23 1006.16 984.57 962.45 939.77 916.51 892.63 868.10 842.91 817.02 790.41 763.06 734.96 706.10 676.49 646.16 615.14 583.52 551.38 518.87 486.17 453.49 421.08 389.24 358.24 328.40 299.98 273.22 248.29 225.32 204.35 185.38 168.37 153.22 139.81 128.02 117.69 108.70 100.89 94.14 88.32 83.31 79.01 75.29 72.06 69.28 66.98 58.81 51.13 49.94 36.98 30.42 0.00 0.00 
0.00 735.05 947.50 1153.64 1143.69 1273.51 1401.16 1388.80 1375.92 1362.60 1483.24 1468.82 1453.79 1438.21 1422.16 1405.65 1388.72 1371.36 1353.60 1335.42 1316.84 1297.85 1278.45 1258.62 1238.36 1217.66 1196.51 1174.88 1152.76 1130.13 1106.97 1083.24 1058.93 1034.01 1008.45 982.21 955.28 927.60 899.17 869.94 839.90 809.04 777.33 744.80 711.45 677.34 642.53 607.14 571.30 535.21 499.11 463.29 428.06 393.76 360.73 329.28 299.70 272.16 246.82 223.73 202.88 184.20 167.59 152.92 140.02 128.75 118.94 110.43 103.09 96.79 91.40 86.85 75.98 72.68 69.81 67.41 59.16 57.55 50.18 43.21 30.57 6.03 0.00 
0.00 735.93 948.15 1154.20 1144.10 1273.85 1401.43 1388.98 1376.01 1362.63 1483.22 1468.76 1453.68 1438.08 1422.00 1405.47 1388.52 1371.15 1353.36 1335.18 1316.58 1297.58 1278.16 1258.32 1238.05 1217.34 1196.17 1174.52 1152.39 1129.75 1106.57 1082.83 1058.51 1033.58 1008.01 981.77 954.83 927.16 898.73 869.52 839.50 808.67 777.00 744.52 711.24 677.20 642.48 607.18 571.45 535.48 499.51 463.81 428.70 394.51 361.59 330.23 300.71 273.22 247.90 224.81 203.93 185.22 168.57 153.83 140.88 129.53 119.66 111.08 103.68 97.32 91.88 87.28 76.36 73.03 70.12 67.68 59.39 57.74 50.34 43.34 30.67 6.04 0.00 
0.00 735.83 875.80 1154.32 1144.22 1274.00 1401.59 1389.03 1376.09 1362.76 1349.15 1335.38 1321.34 1306.98 1292.26 1277.18 1261.73 1245.91 1229.72 1213.17 1196.24 1178.94 1161.26 1143.20 1124.74 1105.87 1086.59 1066.88 1046.72 1026.09 1004.97 983.35 961.20 938.49 915.20 891.30 866.77 841.59 815.72 789.16 761.87 733.86 705.12 675.66 645.51 614.72 583.35 551.51 519.33 486.97 454.66 422.63 391.14 360.50 330.96 302.80 276.23 251.43 228.52 207.55 188.53 171.41 156.11 142.53 130.55 120.02 110.82 102.82 95.88 89.89 84.72 80.27 76.43 73.09 70.19 67.77 59.49 51.69 50.43 37.34 30.71 0.00 0.00 
0.00 588.71 875.34 1011.18 1143.96 1273.95 1262.40 1388.84 1376.13 1362.88 1349.36 1335.59 1321.54 1307.16 1292.43 1277.34 1261.88 1246.05 1229.86 1213.30 1196.37 1179.06 1161.38 1143.32 1124.87 1106.01 1086.73 1067.03 1046.88 1026.26 1005.16 983.55 961.41 938.72 915.46 891.58 867.08 841.92 816.08 789.54 762.29 734.30 705.58 676.13 645.98 615.18 583.78 551.90 519.65 487.22 454.81 422.66 391.05 360.28 330.61 302.33 275.66 250.78 227.81 206.81 187.77 170.65 155.38 141.83 129.89 119.41 110.27 102.32 95.43 89.49 84.37 79.96 76.15 72.86 70.04 61.30 59.40 51.63 44.27 37.27 24.57 0.00 0.00 
0.00 586.94 874.68 1010.78 1143.58 1273.69 1262.31 1388.77 1376.17 1362.95 1349.56 1335.88 1321.87 1307.52 1292.79 1277.70 1262.24 1246.41 1230.22 1213.66 1196.73 1179.43 1161.76 1143.71 1125.26 1106.42 1087.17 1067.48 1047.36 1026.77 1005.70 984.12 962.02 939.37 916.14 892.31 867.85 842.73 816.94 790.43 763.21 735.24 706.53 677.07 646.90 616.03 584.55 552.54 520.13 487.50 454.85 422.44 390.54 359.47 329.53 300.99 274.11 249.06 225.97 204.90 185.84 168.76 153.55 140.10 128.27 117.92 108.90 101.09 94.33 88.52 83.52 79.23 75.54 72.35 69.66 60.98 59.13 51.41 44.07 37.07 24.33 0.00 0.00 
0.00 293.18 728.48 866.46 1000.85 1132.54 1261.92 1250.46 1238.74 1362.71 1349.69 1336.19 1322.28 1307.98 1293.29 1278.21 1262.76 1246.93 1230.74 1214.18 1197.26 1179.98 1162.32 1144.28 1125.86 1107.04 1087.81 1068.16 1048.07 1027.52 1006.49 984.96 962.91 940.31 917.14 893.36 868.96 843.89 818.15 791.69 764.50 736.55 707.84 678.37 648.13 617.18 585.56 553.36 520.71 487.78 454.78 421.98 389.68 358.20 327.86 298.97 271.79 246.51 223.27 202.13 183.07 166.05 150.94 137.64 125.98 115.81 106.99 99.36 92.80 87.16 82.35 78.25 74.78 65.09 62.63 60.53 52.51 44.92 37.70 30.82 12.11 0.00 0.00 
0.00 0.00 581.54 865.29 1000.05 1131.99 1122.17 1250.08 1238.80 1226.93 1214.75 1202.59 1190.13 1177.30 1164.11 1150.55 1136.65 1122.41 1107.84 1092.94 1077.71 1062.15 1046.26 1030.03 1013.46 996.53 979.23 961.55 943.48 925.00 906.09 886.73 866.90 846.59 825.75 804.38 782.44 759.91 736.76 712.97 688.52 663.38 637.55 611.02 583.80 555.92 527.42 498.38 468.92 439.18 409.37 379.72 350.52 322.04 294.60 268.48 243.90 221.07 200.09 181.02 163.86 148.54 134.97 123.03 112.59 103.50 95.62 88.82 82.98 77.98 73.72 70.10 66.98 64.27 61.95 53.59 52.00 44.52 37.41 24.54 0.00 0.00 0.00 
0.00 0.00 145.03 576.59 856.81 990.36 981.88 1111.19 1101.19 1090.58 1214.57 1202.92 1190.66 1177.93 1164.78 1151.25 1137.36 1123.13 1108.56 1093.67 1078.46 1062.91 1047.05 1030.84 1014.30 997.40 980.15 962.52 944.49 926.07 907.21 887.92 868.15 847.90 827.14 805.84 783.97 761.51 738.42 714.69 690.28 665.17 639.34 612.78 585.48 557.46 528.77 499.46 469.65 439.50 409.19 379.00 349.21 320.15 292.16 265.54 240.55 217.42 196.25 177.10 159.96 144.74 131.35 119.63 109.43 100.60 92.99 86.46 80.88 76.14 72.13 68.80 59.09 56.76 54.74 46.60 45.23 37.97 24.89 6.07 0.00 0.00 0.00 
0.00 0.00 0.00 287.49 571.41 848.18 841.30 972.20 963.64 1090.41 1080.12 1069.59 1058.69 1047.38 1035.71 1023.69 1011.34 998.69 985.75 972.51 958.99 945.18 931.09 916.70 902.00 887.00 871.68 856.03 840.04 823.68 806.95 789.83 772.30 754.33 735.91 717.02 697.62 677.69 657.21 636.15 614.48 592.18 569.23 545.61 521.32 496.36 470.77 444.60 417.94 390.93 363.75 336.64 309.87 283.74 258.56 234.64 212.21 191.47 172.54 155.47 140.23 126.74 114.91 104.60 95.65 87.94 81.31 75.64 70.81 66.71 63.27 60.38 57.96 49.15 47.43 39.56 38.47 25.19 12.25 0.00 0.00 0.00 0.00 
0.00 0.00 0.00 0.00 0.00 564.49 700.44 833.12 826.16 818.32 945.01 936.10 926.66 916.81 906.60 896.09 885.28 874.21 862.89 851.31 839.49 827.41 815.09 802.51 789.67 776.56 763.17 749.50 735.53 721.25 706.64 691.69 676.38 660.69 644.62 628.12 611.18 593.79 575.91 557.51 538.58 519.09 499.02 478.35 457.07 435.18 412.71 389.69 366.20 342.36 318.33 294.32 270.58 247.40 225.07 203.85 183.99 165.67 148.99 134.00 120.66 108.91 98.64 89.73 82.03 75.42 69.76 64.94 60.85 57.40 54.52 52.15 43.24 41.58 40.11 32.58 25.46 6.19 0.00 0.00 0.00 0.00 0.00 
0.00 0.00 0.00 0.00 0.00 0.00 279.42 554.99 550.94 681.74 675.33 668.80 662.02 654.96 647.67 640.15 632.44 624.53 616.44 608.17 599.72 591.10 582.30 573.31 564.14 554.78 545.23 535.47 525.49 515.30 504.87 494.20 483.27 472.08 460.61 448.84 436.75 424.34 411.58 398.46 384.96 371.05 356.73 341.98 326.79 311.17 295.11 278.65 261.85 244.77 227.55 210.33 193.28 176.62 160.56 145.31 131.03 117.86 105.89 95.14 85.60 77.20 69.88 63.54 58.08 53.39 49.39 45.99 43.10 40.68 38.65 36.97 35.60 27.52 26.43 12.88 0.00 0.00 0.00 0.00 0.00 0.00 0.00 
0.00 0.00 0.00 0.00 0.00 0.00 0.00 0.00 0.00 0.00 134.36 133.55 132.40 131.07 129.65 128.16 126.63 125.05 123.43 121.78 120.09 118.37 116.62 114.82 113.00 111.13 109.23 107.29 105.30 103.27 101.20 99.08 96.91 94.68 92.40 90.06 87.66 85.20 82.66 80.05 77.36 74.59 71.74 68.79 65.74 62.60 59.36 56.02 52.59 49.08 45.53 41.96 38.41 34.93 31.58 28.40 25.45 22.74 20.31 18.15 16.25 14.60 13.19 11.98 10.95 10.07 9.34 8.72 8.20 7.78 7.46 7.26 0.00 0.00 0.00 0.00 0.00 0.00 0.00 0.00 0.00 0.00 0.00 
0.00 0.00 0.00 0.00 0.00 0.00 0.00 0.00 0.00 0.00 0.00 0.00 0.00 0.00 0.00 0.00 0.00 0.00 0.00 0.00 0.00 0.00 0.00 0.00 0.00 0.00 0.00 0.00 0.00 0.00 0.00 0.00 0.00 0.00 0.00 0.00 0.00 0.00 0.00 0.00 0.00 0.00 0.00 0.00 0.00 0.00 0.00 0.00 0.00 0.00 0.00 0.00 0.00 0.00 0.00 0.00 0.00 0.00 0.00 0.00 0.00 0.00 0.00 0.00 0.00 0.00 0.00 0.00 0.00 0.00 0.00 0.00 0.00 0.00 0.00 0.00 0.00 0.00 0.00 0.00 0.00 0.00 0.00 
