0.00 0.00 0.00 0.00 0.00 0.00 0.00 0.00 0.00 0.00 139.42 138.07 136.14 133.92 131.51 128.99 126.38 123.71 120.97 118.18 115.34 112.46 109.53 106.55 103.53 100.46 97.35 94.19 90.99 87.73 84.43 81.09 77.69 74.25 70.77 67.25 63.70 60.13 56.55 52.99 49.45 45.97 42.57 39.27 36.10 33.09 30.26 27.62 25.18 22.96 20.95 19.14 17.53 16.11 14.86 13.77 12.82 11.99 11.28 10.66 10.14 9.68 9.30 8.97 8.69 8.45 8.26 8.09 7.96 7.85 7.77 7.73 0.00 0.00 0.00 0.00 0.00 0.00 0.00 0.00 0.00 0.00 0.00 
0.00 0.00 0.00 0.00 0.00 0.00 295.35 585.07 579.67 714.51 704.51 693.91 682.58 670.65 658.24 645.44 632.29 618.84 605.13 591.16 576.96 562.52 547.87 532.99 517.88 502.56 487.00 471.22 455.20 438.95 422.45 405.71 388.73 371.52 354.10 336.47 318.69 300.79 282.85 264.94 247.17 229.65 212.52 195.91 179.96 164.80 150.55 137.29 125.07 113.94 103.89 94.89 86.89 79.83 73.64 68.24 63.54 59.47 55.96 52.93 50.34 48.12 46.22 44.61 43.24 42.09 41.12 40.32 39.66 39.13 38.70 38.38 38.13 30.35 30.31 15.14 0.00 0.00 0.00 0.00 0.00 0.00 0.00 
0.00 0.00 0.00 0.00 0.00 599.60 742.75 881.03 870.79 858.39 985.17 970.41 954.55 937.87 920.51 902.61 884.23 865.42 846.24 826.70 806.82 786.63 766.11 745.28 724.14 702.69 680.93 658.84 636.44 613.71 590.65 567.28 543.58 519.58 495.30 470.78 446.06 421.22 396.34 371.54 346.95 322.74 299.06 276.11 254.06 233.08 213.32 194.90 177.88 162.32 148.22 135.55 124.24 114.22 105.40 97.66 90.91 85.04 79.96 75.57 71.78 68.53 65.75 63.38 61.36 59.65 58.21 57.01 56.02 55.21 54.56 54.05 45.97 45.68 45.48 37.81 30.24 7.57 0.00 0.00 0.00 0.00 0.00 
0.00 0.00 0.00 307.74 610.40 904.44 894.92 1029.35 1015.88 1142.90 1125.78 1108.15 1089.74 1070.56 1050.70 1030.23 1009.24 987.77 965.86 943.55 920.85 897.77 874.33 850.54 826.39 801.89 777.03 751.81 726.23 700.30 674.01 647.37 620.39 593.10 565.51 537.69 509.68 481.56 453.45 425.46 397.74 370.46 343.80 317.96 293.12 269.46 247.13 226.26 206.94 189.21 173.07 158.51 145.47 133.85 123.57 114.52 106.59 99.66 93.63 88.39 83.87 79.97 76.62 73.74 71.29 69.21 67.45 65.97 64.73 63.72 62.89 62.22 61.68 53.62 53.32 45.55 45.43 30.29 15.18 0.00 0.00 0.00 0.00 
0.00 0.00 0.00 618.56 918.92 1058.62 1045.63 1177.18 1160.96 1143.39 1265.31 1245.62 1224.83 1203.17 1180.77 1157.73 1134.10 1109.95 1085.31 1060.22 1034.69 1008.74 982.38 955.62 928.47 900.92 872.97 844.63 815.90 786.77 757.27 727.39 697.15 666.58 635.72 604.62 573.36 542.01 510.70 479.55 448.74 418.43 388.83 360.13 332.52 306.21 281.34 258.05 236.44 216.54 198.39 181.94 167.15 153.93 142.18 131.80 122.66 114.64 107.64 101.54 96.25 91.68 87.73 84.33 81.42 78.94 76.84 75.06 73.57 72.34 71.32 70.50 62.15 61.63 61.24 53.39 53.20 45.55 30.38 7.62 0.00 0.00 0.00 
0.00 0.00 628.57 933.17 1075.18 1211.54 1195.83 1324.84 1306.17 1286.33 1265.71 1245.04 1223.81 1201.92 1179.40 1156.30 1132.64 1108.49 1083.85 1058.77 1033.25 1007.31 980.96 954.21 927.07 899.54 871.62 843.31 814.63 785.57 756.14 726.36 696.26 665.86 635.19 604.33 573.34 542.31 511.35 480.59 450.18 420.30 391.12 362.83 335.61 309.63 285.04 261.97 240.50 220.68 202.53 186.02 171.12 157.74 145.80 135.19 125.82 117.56 110.32 103.99 98.47 93.68 89.53 85.95 82.86 80.23 77.98 76.07 74.46 73.11 71.99 71.07 70.30 69.68 69.19 61.26 61.01 53.30 45.68 30.51 0.00 0.00 0.00 
0.00 319.07 789.71 938.00 1078.37 1213.84 1345.27 1326.17 1306.50 1428.36 1406.18 1383.12 1359.31 1334.83 1309.69 1283.95 1257.62 1230.76 1203.37 1175.49 1147.14 1118.32 1089.05 1059.35 1029.20 998.63 967.63 936.22 904.39 872.15 839.52 806.52 773.16 739.50 705.57 671.44 637.18 602.91 568.73 534.79 501.25 468.30 436.13 404.93 374.90 346.23 319.07 293.55 269.77 247.79 227.62 209.25 192.62 177.66 164.28 152.36 141.81 132.49 124.29 117.11 110.84 105.38 100.64 96.54 93.01 89.97 87.38 85.17 83.31 81.74 80.43 79.35 78.47 70.12 69.56 69.13 61.27 53.51 45.82 38.20 15.34 0.00 0.00 
0.00 639.92 952.15 1096.14 1233.58 1366.16 1346.95 1473.05 1451.61 1428.96 1406.00 1382.50 1358.43 1333.77 1308.53 1282.72 1256.36 1229.47 1202.08 1174.20 1145.85 1117.04 1087.79 1058.09 1027.97 997.42 966.45 935.07 903.29 871.11 838.56 805.66 772.44 738.92 705.18 671.26 637.25 603.26 569.39 535.78 502.60 470.01 438.20 407.35 377.65 349.26 322.34 297.01 273.36 251.44 231.28 212.86 196.14 181.05 167.50 155.40 144.65 135.12 126.71 119.33 112.85 107.20 102.28 98.02 94.33 91.15 88.43 86.10 84.13 82.46 81.07 79.90 78.93 78.13 77.50 69.43 69.07 61.26 53.55 45.90 30.68 0.00 0.00 
0.00 643.57 956.23 1098.82 1235.87 1367.94 1348.10 1473.93 1451.97 1429.10 1405.69 1381.87 1357.59 1332.80 1307.48 1281.62 1255.24 1228.34 1200.94 1173.06 1144.71 1115.91 1086.66 1056.98 1026.87 996.34 965.40 934.05 902.32 870.20 837.73 804.92 771.81 738.44 704.85 671.13 637.34 603.59 570.00 536.69 503.82 471.55 440.06 409.52 380.10 351.97 325.26 300.09 276.56 254.70 234.55 216.09 199.29 184.08 170.39 158.13 147.19 137.48 128.89 121.32 114.67 108.85 103.77 99.35 95.52 92.22 89.38 86.94 84.87 83.12 81.64 80.40 79.36 78.50 77.80 69.68 69.28 61.43 53.67 45.98 30.70 0.00 0.00 
0.00 808.32 959.11 1255.67 1238.01 1369.41 1497.02 1474.99 1452.36 1429.04 1405.26 1381.27 1356.90 1332.06 1306.69 1280.80 1254.39 1227.48 1200.07 1172.19 1143.84 1115.04 1085.80 1056.13 1026.03 995.52 964.60 933.29 901.59 869.53 837.12 804.39 771.37 738.10 704.65 671.08 637.46 603.90 570.52 537.44 504.80 472.78 441.52 411.21 382.01 354.07 327.52 302.47 279.02 257.21 237.07 218.58 201.71 186.42 172.62 160.24 149.17 139.32 130.58 122.87 116.08 110.13 104.92 100.39 96.45 93.05 90.12 87.60 85.46 83.63 82.10 80.80 79.72 78.80 78.05 77.46 69.44 61.56 61.34 46.05 38.37 0.00 0.00 
0.00 811.74 1040.42 1257.53 1239.40 1370.49 1497.77 1475.60 1452.61 1428.96 1544.26 1518.92 1492.62 1465.51 1437.69 1409.24 1380.18 1350.56 1320.40 1289.71 1258.52 1226.84 1194.67 1162.03 1128.93 1095.38 1061.38 1026.95 992.10 956.84 921.20 885.20 848.88 812.29 775.47 738.52 701.51 664.54 627.75 591.28 555.29 519.96 485.47 452.01 419.78 388.94 359.64 332.02 306.17 282.14 259.96 239.63 221.10 204.31 189.17 175.59 163.47 152.68 143.13 134.69 127.27 120.77 115.08 110.13 105.83 102.12 98.92 96.17 93.84 91.86 90.20 88.83 79.95 79.01 78.22 77.60 69.55 69.20 61.39 53.68 38.39 7.70 0.00 
0.00 813.41 1041.67 1258.63 1240.21 1371.18 1498.34 1475.99 1452.84 1429.08 1544.29 1518.87 1492.51 1465.35 1437.49 1409.00 1379.92 1350.29 1320.11 1289.42 1258.22 1226.54 1194.37 1161.74 1128.65 1095.10 1061.12 1026.71 991.88 956.65 921.04 885.08 848.80 812.26 775.51 738.61 701.67 664.78 628.07 591.68 555.77 520.52 486.11 452.72 420.55 389.77 360.52 332.93 307.10 283.08 260.90 240.55 221.99 205.17 189.99 176.37 164.19 153.36 143.75 135.26 127.79 121.24 115.51 110.51 106.17 102.42 99.19 96.41 94.05 92.05 90.36 88.97 80.08 79.12 78.31 77.67 69.60 69.23 61.41 53.68 38.38 7.70 0.00 
0.00 813.26 962.66 1258.93 1240.50 1371.53 1498.71 1476.17 1453.07 1429.37 1405.33 1381.11 1356.56 1331.56 1306.08 1280.10 1253.62 1226.66 1199.21 1171.31 1142.95 1114.15 1084.91 1055.25 1025.18 994.70 963.83 932.57 900.94 868.96 836.65 804.03 771.14 738.02 704.74 671.35 637.94 604.60 571.45 538.61 506.22 474.43 443.41 413.32 384.31 356.54 330.13 305.18 281.79 260.01 239.85 221.32 204.38 188.98 175.06 162.54 151.32 141.32 132.43 124.56 117.63 111.53 106.19 101.52 97.47 93.95 90.92 88.31 86.08 84.19 82.58 81.22 80.08 79.12 78.30 77.66 69.60 61.65 61.39 46.05 38.34 0.00 0.00 
0.00 650.73 961.85 1103.71 1240.09 1371.51 1350.64 1475.90 1453.20 1429.66 1405.76 1381.56 1356.97 1331.95 1306.44 1280.43 1253.93 1226.95 1199.50 1171.58 1143.21 1114.40 1085.17 1055.51 1025.44 994.96 964.09 932.84 901.21 869.24 836.92 804.30 771.41 738.28 704.98 671.57 638.12 604.74 571.54 538.64 506.19 474.33 443.24 413.07 383.98 356.14 329.66 304.67 281.23 259.41 239.24 220.70 203.76 188.38 174.48 161.98 150.80 140.83 131.97 124.14 117.24 111.18 105.87 101.24 97.21 93.72 90.71 88.12 85.91 84.03 82.44 81.09 79.96 79.01 78.22 70.00 69.52 61.58 53.74 45.97 30.64 0.00 0.00 
0.00 647.46 960.67 1103.04 1239.45 1371.09 1350.56 1475.83 1453.34 1429.84 1406.17 1382.11 1357.60 1332.61 1307.11 1281.10 1254.59 1227.59 1200.12 1172.19 1143.82 1115.00 1085.76 1056.10 1026.03 995.55 964.68 933.42 901.79 869.80 837.47 804.83 771.90 738.73 705.37 671.88 638.34 604.85 571.52 538.48 505.86 473.84 442.57 412.23 382.98 354.97 328.36 303.25 279.73 257.85 237.65 219.10 202.19 186.85 173.01 160.59 149.48 139.60 130.84 123.10 116.29 110.31 105.09 100.53 96.57 93.15 90.20 87.67 85.51 83.67 82.12 80.81 79.72 78.80 78.04 69.84 69.38 61.46 53.63 45.87 30.56 0.00 0.00 
0.00 323.21 799.84 945.66 1084.98 1219.48 1349.91 1329.34 1308.40 1429.48 1406.46 1382.71 1358.37 1333.46 1308.00 1282.00 1255.49 1228.48 1201.00 1173.06 1144.67 1115.85 1086.60 1056.93 1026.85 996.37 965.50 934.23 902.59 870.58 838.22 805.54 772.56 739.31 705.86 672.26 638.58 604.93 571.41 538.15 505.31 473.04 441.53 410.94 381.45 353.23 326.43 301.17 277.53 255.58 235.34 216.80 199.93 184.66 170.91 158.60 147.62 137.87 129.24 121.63 114.95 109.09 103.98 99.54 95.68 92.35 89.48 87.03 84.94 83.17 81.68 80.44 79.41 70.89 70.20 69.64 61.62 53.72 45.91 38.17 15.25 0.00 0.00 
0.00 0.00 637.58 943.55 1083.57 1218.54 1200.81 1328.72 1308.55 1287.45 1265.93 1244.53 1222.71 1200.37 1177.50 1154.12 1130.26 1105.96 1081.22 1056.07 1030.51 1004.57 978.24 951.54 924.47 897.04 869.25 841.11 812.63 783.82 754.70 725.27 695.57 665.63 635.50 605.22 574.87 544.53 514.30 484.30 454.66 425.54 397.09 369.48 342.86 317.39 293.20 270.40 249.08 229.30 211.06 194.37 179.19 165.46 153.11 142.06 132.22 123.48 115.76 108.95 102.98 97.75 93.19 89.22 85.79 82.82 80.27 78.09 76.24 74.67 73.35 72.26 71.34 70.56 69.91 61.80 61.39 53.53 45.76 30.46 0.00 0.00 0.00 
0.00 0.00 158.75 628.56 928.13 1066.04 1050.72 1181.15 1163.28 1144.41 1265.66 1245.14 1223.68 1201.49 1178.68 1155.33 1131.48 1107.16 1082.40 1057.24 1031.67 1005.71 979.38 952.67 925.60 898.16 870.36 842.21 813.71 784.87 755.70 726.22 696.44 666.40 636.13 605.69 575.14 544.57 514.08 483.78 453.82 424.36 395.56 367.60 340.66 314.88 290.44 267.44 245.97 226.09 207.82 191.14 176.03 162.41 150.20 139.31 129.64 121.09 113.55 106.93 101.14 96.09 91.69 87.87 84.58 81.74 79.30 77.23 75.47 73.99 72.77 71.76 63.23 62.57 62.00 53.94 53.59 45.78 30.46 7.59 0.00 0.00 0.00 
0.00 0.00 0.00 312.82 619.16 912.52 900.11 1033.38 1018.09 1144.16 1125.94 1107.42 1088.31 1068.60 1048.34 1027.58 1006.37 984.75 962.73 940.35 917.62 894.54 871.13 847.39 823.32 798.93 774.22 749.19 723.86 698.21 672.26 646.03 619.53 592.78 565.81 538.68 511.43 484.15 456.91 429.84 403.05 376.69 350.91 325.88 301.76 278.70 256.83 236.27 217.10 199.37 183.11 168.29 154.88 142.82 132.03 122.43 113.92 106.41 99.81 94.02 88.96 84.55 80.72 77.41 74.55 72.09 69.99 68.20 66.69 65.42 64.37 63.50 62.80 54.54 54.05 46.07 45.79 30.45 15.15 0.00 0.00 0.00 0.00 
0.00 0.00 0.00 0.00 0.00 606.63 748.96 885.46 873.02 859.06 985.07 969.38 952.84 935.65 917.93 899.76 881.19 862.26 842.99 823.40 803.50 783.30 762.81 742.03 720.97 699.63 678.01 656.11 633.93 611.48 588.76 565.79 542.56 519.11 495.46 471.64 447.71 423.72 399.76 375.92 352.32 329.07 306.33 284.25 262.96 242.61 223.34 205.23 188.37 172.80 158.54 145.58 133.87 123.37 114.00 105.69 98.33 91.86 86.18 81.21 76.88 73.11 69.85 67.03 64.60 62.51 60.73 59.22 57.95 56.88 56.01 55.30 47.01 46.53 46.11 38.22 30.43 7.57 0.00 0.00 0.00 0.00 0.00 
0.00 0.00 0.00 0.00 0.00 0.00 298.23 589.56 582.34 715.57 704.21 692.72 680.82 668.51 655.85 642.86 629.59 616.06 602.29 588.29 574.08 559.65 545.01 530.17 515.13 499.89 484.45 468.81 452.97 436.94 420.72 404.30 387.71 370.96 354.06 337.03 319.92 302.77 285.62 268.56 251.65 235.00 218.70 202.87 187.60 173.01 159.19 146.21 134.13 122.98 112.77 103.51 95.15 87.66 80.98 75.06 69.83 65.23 61.20 57.68 54.62 51.95 49.65 47.65 45.94 44.47 43.22 42.16 41.26 40.52 39.90 39.40 39.00 30.94 30.61 15.22 0.00 0.00 0.00 0.00 0.00 0.00 0.00 
0.00 0.00 0.00 0.00 0.00 0.00 0.00 0.00 0.00 0.00 139.60 138.18 136.16 133.85 131.37 128.80 126.15 123.45 120.69 117.89 115.04 112.16 109.23 106.26 103.25 100.21 97.12 93.99 90.82 87.61 84.36 81.07 77.74 74.37 70.97 67.53 64.07 60.59 57.11 53.63 50.18 46.77 43.43 40.18 37.05 34.06 31.24 28.59 26.14 23.89 21.85 20.00 18.35 16.88 15.58 14.43 13.43 12.55 11.79 11.12 10.55 10.05 9.63 9.26 8.95 8.68 8.45 8.26 8.10 7.97 7.88 7.82 0.00 0.00 0.00 0.00 0.00 0.00 0.00 0.00 0.00 0.00 0.00 
0.00 0.00 0.00 0.00 0.00 0.00 0.00 0.00 0.00 0.00 0.00 0.00 0.00 0.00 0.00 0.00 0.00 0.00 0.00 0.00 0.00 0.00 0.00 0.00 0.00 0.00 0.00 0.00 0.00 0.00 0.00 0.00 0.00 0.00 0.00 0.00 0.00 0.00 0.00 0.00 0.00 0.00 0.00 0.00 0.00 0.00 0.00 0.00 0.00 0.00 0.00 0.00 0.00 0.00 0.00 0.00 0.00 0.00 0.00 0.00 0.00 0.00 0.00 0.00 0.00 0.00 0.00 0.00 0.00 0.00 0.00 0.00 0.00 0.00 0.00 0.00 0.00 0.00 0.00 0.00 0.00 0.00 0.00 
