0.00 0.00 0.00 0.00 0.00 0.00 0.00 0.00 0.00 0.00 13.01 14.25 16.22 18.73 21.70 25.03 28.62 32.38 36.18 39.93 43.54 46.97 50.17 53.15 55.92 58.47 60.84 63.04 65.09 67.00 68.78 70.46 72.04 73.53 74.94 76.28 77.56 78.77 79.92 81.03 82.09 83.10 84.08 85.02 85.93 86.80 87.65 88.47 89.27 90.04 90.79 91.52 92.23 92.93 93.61 94.28 94.93 95.57 96.19 96.81 97.41 98.01 98.59 99.16 99.73 100.28 100.82 101.34 101.84 102.31 102.72 103.01 0.00 0.00 0.00 0.00 0.00 0.00 0.00 0.00 0.00 0.00 0.00 
0.00 0.00 0.00 0.00 0.00 0.00 16.07 34.59 37.09 52.00 58.86 67.58 78.53 91.70 107.00 124.12 142.61 161.89 181.33 200.39 218.65 235.85 251.89 266.76 280.49 293.19 304.94 315.85 326.01 335.49 344.37 352.71 360.56 367.98 375.00 381.66 388.00 394.03 399.80 405.31 410.59 415.65 420.53 425.22 429.74 434.11 438.33 442.42 446.39 450.25 454.00 457.65 461.21 464.68 468.08 471.40 474.66 477.85 480.98 484.05 487.07 490.04 492.95 495.82 498.64 501.41 504.12 506.78 509.37 511.88 514.29 516.60 518.84 416.98 418.26 209.83 0.00 0.00 0.00 0.00 0.00 0.00 0.00 
0.00 0.00 0.00 0.00 0.00 29.22 38.61 50.33 55.57 63.51 86.02 98.64 114.11 132.43 153.42 176.72 201.74 227.77 254.04 279.89 304.78 328.38 350.52 371.16 390.32 408.11 424.63 440.00 454.33 467.73 480.29 492.10 503.22 513.73 523.67 533.10 542.07 550.61 558.77 566.56 574.03 581.19 588.07 594.70 601.09 607.25 613.22 618.99 624.59 630.02 635.31 640.45 645.46 650.36 655.14 659.81 664.39 668.87 673.27 677.58 681.82 685.98 690.07 694.09 698.03 701.90 705.70 709.41 713.02 716.52 719.87 723.03 622.79 625.54 627.97 525.55 422.01 105.93 0.00 0.00 0.00 0.00 0.00 
0.00 0.00 0.00 12.79 26.58 42.51 45.98 60.44 68.11 89.31 102.33 117.54 135.46 156.21 179.66 205.45 233.00 261.60 290.51 319.05 346.68 373.04 397.92 421.25 443.04 463.36 482.30 499.97 516.49 531.96 546.48 560.13 573.00 585.16 596.68 607.60 617.98 627.87 637.30 646.32 654.95 663.23 671.18 678.84 686.21 693.33 700.21 706.86 713.32 719.58 725.66 731.59 737.36 742.98 748.48 753.85 759.11 764.26 769.30 774.25 779.11 783.87 788.55 793.15 797.66 802.08 806.41 810.65 814.77 818.78 822.65 826.39 830.06 729.80 732.83 631.09 633.58 424.51 213.00 0.00 0.00 0.00 0.00 
0.00 0.00 0.00 25.06 39.28 50.12 55.66 71.90 81.44 93.29 120.03 137.12 157.23 180.32 206.18 234.42 264.47 295.62 327.12 358.29 388.59 417.64 445.20 471.16 495.52 518.32 539.65 559.61 578.30 595.84 612.32 627.83 642.47 656.30 669.40 681.83 693.64 704.89 715.62 725.87 735.69 745.10 754.14 762.83 771.20 779.28 787.09 794.64 801.95 809.05 815.95 822.66 829.19 835.56 841.78 847.85 853.79 859.61 865.30 870.89 876.37 881.74 887.01 892.19 897.26 902.23 907.10 911.86 916.50 921.00 925.34 929.48 830.23 834.01 837.57 736.43 739.52 636.88 426.80 107.11 0.00 0.00 0.00 
0.00 0.00 23.63 36.85 46.52 59.01 66.01 83.79 94.93 108.39 124.22 142.01 162.26 185.11 210.41 237.85 266.90 296.97 327.40 357.59 387.06 415.44 442.51 468.14 492.31 515.03 536.37 556.40 575.21 592.89 609.52 625.21 640.01 654.01 667.28 679.86 691.82 703.21 714.08 724.46 734.39 743.91 753.05 761.84 770.30 778.46 786.35 793.97 801.35 808.51 815.46 822.22 828.80 835.21 841.47 847.58 853.55 859.40 865.12 870.72 876.21 881.60 886.88 892.06 897.14 902.12 906.99 911.75 916.40 920.92 925.33 929.64 933.96 938.18 942.20 841.57 845.16 743.17 640.27 429.19 0.00 0.00 0.00 
0.00 11.29 29.10 36.81 47.62 60.87 76.72 86.81 98.75 123.94 141.02 160.78 183.29 208.54 236.38 266.44 298.21 331.04 364.26 397.25 429.48 460.59 490.32 518.55 545.22 570.36 594.02 616.26 637.19 656.89 675.45 692.96 709.50 725.16 739.99 754.07 767.45 780.20 792.36 803.98 815.09 825.74 835.97 845.80 855.26 864.39 873.20 881.71 889.96 897.96 905.72 913.27 920.61 927.77 934.74 941.56 948.21 954.72 961.10 967.34 973.45 979.44 985.32 991.08 996.72 1002.24 1007.65 1012.94 1018.11 1023.14 1028.05 1032.82 1037.42 938.15 942.31 946.41 845.25 743.31 640.50 536.62 215.93 0.00 0.00 
0.00 22.51 34.60 43.84 55.71 70.12 79.04 98.76 111.85 127.41 145.07 165.10 187.61 212.62 239.97 269.36 300.32 332.27 364.61 396.78 428.31 458.85 488.14 516.06 542.54 567.57 591.20 613.48 634.48 654.28 672.96 690.61 707.29 723.08 738.06 752.27 765.79 778.66 790.94 802.67 813.89 824.64 834.96 844.88 854.42 863.62 872.50 881.08 889.39 897.45 905.26 912.85 920.24 927.44 934.45 941.30 947.98 954.52 960.91 967.17 973.30 979.30 985.18 990.94 996.59 1002.11 1007.52 1012.81 1017.97 1023.02 1027.94 1032.75 1037.46 1042.11 1046.56 946.41 950.50 849.10 746.83 643.54 431.59 0.00 0.00 
0.00 22.22 34.63 44.63 56.94 71.77 81.17 101.23 114.80 130.68 148.77 169.01 191.49 216.25 243.16 271.95 302.18 333.36 364.94 396.40 427.31 457.34 486.25 513.89 540.19 565.13 588.73 611.03 632.08 651.97 670.75 688.51 705.31 721.22 736.32 750.66 764.29 777.27 789.66 801.49 812.80 823.64 834.04 844.04 853.66 862.92 871.87 880.51 888.87 896.98 904.84 912.48 919.90 927.13 934.18 941.05 947.77 954.32 960.74 967.01 973.15 979.16 985.05 990.82 996.46 1001.98 1007.38 1012.66 1017.82 1022.86 1027.78 1032.61 1037.34 1041.97 1046.42 946.23 950.31 848.83 746.41 643.00 430.95 0.00 0.00 
0.00 27.48 35.02 51.76 57.91 73.11 91.06 103.08 117.17 133.51 151.85 172.11 194.49 219.01 245.58 273.91 303.63 334.24 365.26 396.20 426.65 456.30 484.91 512.33 538.48 563.33 586.88 609.18 630.26 650.20 669.05 686.88 703.77 719.77 734.96 749.38 763.10 776.17 788.63 800.54 811.93 822.84 833.31 843.36 853.04 862.36 871.36 880.05 888.45 896.60 904.50 912.17 919.63 926.89 933.96 940.86 947.59 954.16 960.59 966.88 973.03 979.05 984.94 990.70 996.34 1001.86 1007.25 1012.52 1017.66 1022.68 1027.59 1032.39 1037.13 1041.77 1046.28 1050.67 950.03 848.52 852.13 642.41 537.59 0.00 0.00 
0.00 27.32 38.30 52.27 58.64 74.05 92.23 104.46 118.89 135.49 167.45 188.90 213.17 240.12 269.49 300.93 333.94 367.95 402.37 436.65 470.32 503.02 534.52 564.65 593.35 620.60 646.42 670.84 693.94 715.78 736.43 755.98 774.49 792.04 808.70 824.53 839.59 853.93 867.62 880.70 893.21 905.20 916.70 927.75 938.39 948.64 958.52 968.08 977.32 986.28 994.96 1003.40 1011.60 1019.58 1027.35 1034.94 1042.34 1049.57 1056.64 1063.55 1070.31 1076.92 1083.39 1089.73 1095.92 1101.98 1107.89 1113.66 1119.27 1124.71 1129.97 1135.00 1036.89 1041.51 1046.01 1050.35 949.74 953.76 851.66 748.54 537.04 108.24 0.00 
0.00 27.30 38.44 52.52 59.01 74.52 92.81 105.17 119.77 136.46 168.51 189.98 214.25 241.16 270.45 301.76 334.62 368.47 402.71 436.82 470.32 502.88 534.24 564.27 592.89 620.07 645.84 670.23 693.31 715.14 735.80 755.36 773.89 791.46 808.14 823.99 839.08 853.46 867.18 880.28 892.82 904.84 916.37 927.45 938.11 948.38 958.29 967.86 977.12 986.10 994.80 1003.25 1011.46 1019.46 1027.24 1034.84 1042.25 1049.48 1056.56 1063.47 1070.23 1076.85 1083.32 1089.65 1095.84 1101.88 1107.79 1113.54 1119.13 1124.56 1129.79 1134.79 1036.64 1041.22 1045.67 1049.95 949.29 953.24 851.07 747.91 536.42 108.19 0.00 
0.00 27.40 35.44 52.49 58.95 74.46 92.77 105.21 119.76 136.46 154.97 175.34 197.71 222.11 248.43 276.40 305.67 335.78 366.27 396.69 426.66 455.86 484.09 511.19 537.08 561.73 585.15 607.35 628.38 648.30 667.16 685.03 701.97 718.03 733.29 747.80 761.60 774.76 787.31 799.30 810.78 821.77 832.32 842.45 852.20 861.59 870.65 879.41 887.87 896.07 904.02 911.73 919.23 926.53 933.63 940.56 947.32 953.91 960.36 966.66 972.81 978.83 984.72 990.47 996.09 1001.59 1006.94 1012.17 1017.26 1022.22 1027.05 1031.76 1036.40 1040.90 1045.27 1049.49 948.68 847.03 850.37 640.57 535.70 0.00 0.00 
0.00 21.96 35.29 45.74 58.53 73.91 83.94 104.67 118.92 135.52 154.04 174.49 196.99 221.55 248.04 276.20 305.66 335.97 366.63 397.20 427.27 456.55 484.81 511.92 537.79 562.41 585.78 607.93 628.90 648.77 667.57 685.39 702.28 718.31 733.53 748.01 761.78 774.91 787.45 799.42 810.88 821.86 832.40 842.52 852.26 861.64 870.70 879.44 887.90 896.10 904.04 911.75 919.25 926.54 933.64 940.57 947.32 953.91 960.35 966.65 972.80 978.81 984.69 990.44 996.05 1001.53 1006.88 1012.09 1017.17 1022.10 1026.90 1031.58 1036.13 1040.56 1044.78 944.40 948.13 846.40 743.71 640.01 428.14 0.00 0.00 
0.00 22.37 34.97 45.13 57.74 72.91 82.67 103.30 117.36 133.75 152.13 172.61 195.24 220.03 246.85 275.41 305.30 336.03 367.09 398.00 428.34 457.82 486.20 513.37 539.26 563.85 587.17 609.24 630.13 649.91 668.62 686.35 703.16 719.11 734.26 748.66 762.38 775.45 787.93 799.86 811.28 822.22 832.72 842.81 852.53 861.88 870.91 879.64 888.08 896.25 904.18 911.88 919.36 926.64 933.73 940.64 947.38 953.96 960.39 966.68 972.82 978.83 984.70 990.44 996.04 1001.51 1006.84 1012.04 1017.09 1022.00 1026.75 1031.36 1035.84 1040.23 1044.36 943.96 947.62 845.88 743.28 639.73 428.35 0.00 0.00 
0.00 11.27 28.97 38.15 49.90 64.12 81.03 92.27 105.39 131.76 149.64 169.96 192.68 217.75 244.99 274.09 304.59 335.94 367.57 398.98 429.73 459.50 488.09 515.37 541.29 565.86 589.11 611.10 631.89 651.54 670.14 687.75 704.45 720.29 735.33 749.64 763.27 776.27 788.68 800.54 811.89 822.78 833.23 843.27 852.94 862.26 871.26 879.95 888.35 896.50 904.40 912.07 919.53 926.79 933.86 940.76 947.48 954.05 960.47 966.74 972.87 978.87 984.73 990.46 996.05 1001.51 1006.83 1012.01 1017.03 1021.90 1026.60 1031.13 1035.45 935.98 939.77 943.45 841.99 739.75 636.67 532.66 214.12 0.00 0.00 
0.00 0.00 23.40 37.45 48.66 62.42 70.77 89.95 102.53 117.28 133.93 152.29 172.76 195.40 220.05 246.41 274.04 302.45 331.11 359.54 387.34 414.23 440.02 464.59 487.93 510.02 530.91 550.65 569.31 586.95 603.64 619.44 634.42 648.63 662.13 674.98 687.21 698.88 710.02 720.67 730.87 740.65 750.04 759.07 767.76 776.13 784.22 792.03 799.59 806.91 814.02 820.91 827.62 834.15 840.51 846.71 852.76 858.66 864.43 870.07 875.59 880.98 886.25 891.39 896.42 901.32 906.10 910.74 915.23 919.58 923.77 927.81 931.82 935.69 939.32 838.43 841.54 739.25 636.14 425.77 0.00 0.00 0.00 
0.00 0.00 5.95 24.66 40.72 53.26 60.47 78.36 89.63 102.87 130.72 148.55 169.03 192.00 217.23 244.35 272.86 302.16 331.66 360.82 389.21 416.53 442.59 467.32 490.71 512.78 533.59 553.21 571.73 589.21 605.74 621.39 636.22 650.29 663.65 676.37 688.49 700.05 711.09 721.65 731.76 741.46 750.78 759.74 768.37 776.69 784.72 792.48 800.00 807.28 814.35 821.21 827.88 834.38 840.71 846.89 852.92 858.80 864.55 870.18 875.68 881.06 886.31 891.45 896.47 901.36 906.13 910.75 915.22 919.52 923.63 927.49 828.05 831.47 834.65 733.32 735.97 633.17 423.71 106.44 0.00 0.00 0.00 
0.00 0.00 0.00 12.63 26.40 44.42 50.16 66.60 76.39 99.44 113.71 129.93 148.37 169.05 191.81 216.33 242.12 268.63 295.27 321.54 347.05 371.52 394.81 416.84 437.63 457.22 475.66 493.03 509.40 524.86 539.47 553.29 566.39 578.83 590.64 601.88 612.59 622.81 632.58 641.92 650.87 659.46 667.70 675.64 683.28 690.65 697.76 704.64 711.30 717.75 724.02 730.10 736.02 741.78 747.40 752.87 758.22 763.44 768.55 773.54 778.42 783.19 787.86 792.42 796.87 801.22 805.44 809.54 813.50 817.31 820.94 824.41 827.76 727.35 730.04 628.23 630.37 421.89 211.86 0.00 0.00 0.00 0.00 
0.00 0.00 0.00 0.00 0.00 29.17 40.30 55.02 63.14 73.24 97.70 111.64 127.84 146.18 166.46 188.37 211.43 235.11 258.87 282.22 304.82 326.43 346.91 366.23 384.42 401.51 417.58 432.70 446.94 460.38 473.07 485.09 496.47 507.28 517.55 527.32 536.64 545.53 554.02 562.15 569.94 577.42 584.60 591.51 598.16 604.58 610.78 616.78 622.58 628.21 633.67 638.98 644.14 649.17 654.07 658.85 663.52 668.08 672.53 676.89 681.16 685.33 689.41 693.39 697.29 701.08 704.77 708.35 711.81 715.12 718.25 721.16 620.83 623.32 625.52 523.18 419.97 105.45 0.00 0.00 0.00 0.00 0.00 
0.00 0.00 0.00 0.00 0.00 0.00 16.24 35.68 40.62 59.53 68.67 79.01 90.77 104.04 118.70 134.52 151.16 168.23 185.31 202.08 218.26 233.70 248.32 262.09 275.04 287.21 298.65 309.41 319.55 329.11 338.15 346.71 354.82 362.52 369.83 376.80 383.44 389.78 395.83 401.63 407.19 412.52 417.64 422.57 427.32 431.90 436.32 440.60 444.74 448.76 452.66 456.44 460.13 463.72 467.21 470.63 473.96 477.21 480.39 483.50 486.55 489.52 492.44 495.28 498.06 500.77 503.40 505.95 508.42 510.78 513.02 515.14 517.17 415.45 416.78 209.06 0.00 0.00 0.00 0.00 0.00 0.00 0.00 
0.00 0.00 0.00 0.00 0.00 0.00 0.00 0.00 0.00 0.00 13.98 15.34 17.44 20.07 23.11 26.46 30.01 33.66 37.28 40.81 44.17 47.33 50.30 53.06 55.64 58.05 60.30 62.42 64.40 66.28 68.05 69.73 71.32 72.83 74.27 75.63 76.94 78.19 79.38 80.52 81.61 82.66 83.68 84.65 85.59 86.49 87.36 88.21 89.03 89.83 90.60 91.35 92.08 92.79 93.48 94.16 94.82 95.47 96.10 96.72 97.33 97.92 98.50 99.07 99.62 100.16 100.69 101.20 101.68 102.12 102.50 102.77 0.00 0.00 0.00 0.00 0.00 0.00 0.00 0.00 0.00 0.00 0.00 
0.00 0.00 0.00 0.00 0.00 0.00 0.00 0.00 0.00 0.00 0.00 0.00 0.00 0.00 0.00 0.00 0.00 0.00 0.00 0.00 0.00 0.00 0.00 0.00 0.00 0.00 0.00 0.00 0.00 0.00 0.00 0.00 0.00 0.00 0.00 0.00 0.00 0.00 0.00 0.00 0.00 0.00 0.00 0.00 0.00 0.00 0.00 0.00 0.00 0.00 0.00 0.00 0.00 0.00 0.00 0.00 0.00 0.00 0.00 0.00 0.00 0.00 0.00 0.00 0.00 0.00 0.00 0.00 0.00 0.00 0.00 0.00 0.00 0.00 0.00 0.00 0.00 0.00 0.00 0.00 0.00 0.00 0.00 
