0.00 0.00 0.00 0.00 0.00 0.00 0.00 0.00 0.00 0.00 110.24 108.93 107.04 104.85 102.47 99.96 97.37 94.70 91.97 89.21 86.40 83.57 80.72 77.86 74.99 72.12 69.26 66.41 63.59 60.79 58.03 55.30 52.63 50.01 47.45 44.96 42.54 40.19 37.93 35.76 33.68 31.69 29.80 28.01 26.32 24.73 23.23 21.83 20.53 19.31 18.19 17.15 16.19 15.31 14.50 13.75 13.07 12.45 11.88 11.36 10.90 10.47 10.08 9.73 9.42 9.14 8.88 8.66 8.46 8.29 8.15 8.06 0.00 0.00 0.00 0.00 0.00 0.00 0.00 0.00 0.00 0.00 0.00 
0.00 0.00 0.00 0.00 0.00 0.00 235.58 466.27 461.52 567.76 558.39 548.24 537.21 525.48 513.18 500.43 487.30 473.87 460.19 446.31 432.25 418.06 403.78 389.44 375.06 360.69 346.35 332.08 317.92 303.89 290.04 276.40 262.99 249.86 237.03 224.54 212.41 200.67 189.35 178.47 168.05 158.10 148.64 139.67 131.21 123.24 115.76 108.77 102.26 96.20 90.59 85.41 80.62 76.22 72.18 68.48 65.09 62.00 59.18 56.61 54.28 52.16 50.24 48.51 46.94 45.54 44.27 43.14 42.14 41.25 40.48 39.81 39.23 30.95 30.72 15.24 0.00 0.00 0.00 0.00 0.00 0.00 0.00 
0.00 0.00 0.00 0.00 0.00 478.61 592.78 702.59 693.40 681.83 780.10 765.92 750.51 734.14 717.01 699.26 680.99 662.30 643.25 623.91 604.34 584.59 564.71 544.73 524.72 504.71 484.75 464.89 445.18 425.66 406.39 387.40 368.74 350.47 332.61 315.22 298.33 281.98 266.21 251.05 236.51 222.63 209.43 196.90 185.06 173.91 163.44 153.63 144.49 135.98 128.08 120.78 114.03 107.82 102.11 96.87 92.07 87.69 83.68 80.04 76.72 73.71 70.97 68.50 66.27 64.26 62.45 60.83 59.40 58.12 57.01 56.06 47.24 46.56 46.01 37.92 30.11 7.48 0.00 0.00 0.00 0.00 0.00 
0.00 0.00 0.00 245.34 487.04 722.11 714.15 820.26 807.99 906.74 890.53 873.64 855.81 837.08 817.57 797.38 776.62 755.39 733.76 711.81 689.59 667.16 644.58 621.91 599.19 576.47 553.82 531.28 508.91 486.76 464.89 443.34 422.17 401.42 381.16 361.41 342.23 323.67 305.75 288.51 271.98 256.18 241.14 226.86 213.35 200.61 188.63 177.41 166.93 157.16 148.09 139.68 131.91 124.74 118.14 112.08 106.52 101.43 96.79 92.55 88.69 85.18 81.99 79.10 76.50 74.14 72.03 70.13 68.44 66.94 65.61 64.44 63.39 54.63 53.91 45.63 45.17 29.82 14.85 0.00 0.00 0.00 0.00 
0.00 0.00 0.00 492.98 733.23 844.66 833.53 937.11 922.35 906.03 999.80 980.98 960.93 939.86 917.95 895.32 872.08 848.31 824.11 799.55 774.69 749.60 724.35 698.99 673.59 648.19 622.86 597.67 572.66 547.90 523.45 499.36 475.69 452.50 429.84 407.76 386.31 365.54 345.48 326.18 307.67 289.96 273.09 257.06 241.88 227.56 214.08 201.44 189.62 178.59 168.33 158.82 150.01 141.88 134.38 127.49 121.16 115.37 110.06 105.22 100.81 96.79 93.15 89.84 86.84 84.14 81.71 79.52 77.57 75.84 74.30 72.96 63.78 62.76 61.89 53.47 52.86 44.84 29.63 7.38 0.00 0.00 0.00 
0.00 0.00 499.69 743.31 857.12 965.75 952.30 1053.71 1036.79 1018.44 999.06 979.41 959.02 937.85 915.94 893.37 870.23 846.59 822.54 798.13 773.43 748.52 723.44 698.25 673.02 647.80 622.66 597.64 572.81 548.23 523.96 500.05 476.55 453.53 431.03 409.10 387.79 367.15 347.22 328.02 309.59 291.96 275.15 259.16 244.01 229.70 216.22 203.56 191.71 180.63 170.32 160.75 151.87 143.66 136.09 129.11 122.70 116.82 111.43 106.51 102.02 97.92 94.20 90.82 87.76 84.99 82.50 80.25 78.24 76.44 74.84 73.41 72.10 70.93 69.92 61.36 60.63 52.48 44.55 29.46 0.00 0.00 0.00 
0.00 252.75 627.24 746.25 858.57 966.45 1070.47 1053.63 1035.86 1130.09 1109.31 1087.44 1064.64 1041.01 1016.62 991.54 965.86 939.65 912.99 885.95 858.61 831.02 803.25 775.37 747.45 719.54 691.71 664.03 636.56 609.37 582.51 556.05 530.05 504.57 479.67 455.40 431.82 408.97 386.89 365.62 345.21 325.66 307.02 289.28 272.47 256.57 241.59 227.51 214.32 201.99 190.50 179.82 169.92 160.75 152.28 144.48 137.31 130.72 124.69 119.16 114.12 109.53 105.34 101.54 98.10 94.98 92.17 89.64 87.37 85.33 83.51 81.89 80.46 71.33 70.25 69.29 60.88 52.68 44.69 36.89 14.67 0.00 0.00 
0.00 506.58 755.52 871.28 981.45 1087.10 1070.76 1169.77 1150.45 1129.63 1108.19 1085.98 1063.01 1039.30 1014.91 989.87 964.27 938.17 911.63 884.72 857.51 830.06 802.45 774.72 746.95 719.20 691.54 664.02 636.71 609.67 582.97 556.67 530.82 505.49 480.73 456.60 433.14 410.40 388.43 367.26 346.92 327.45 308.85 291.16 274.36 258.48 243.50 229.40 216.18 203.82 192.28 181.55 171.58 162.35 153.81 145.94 138.69 132.03 125.92 120.33 115.21 110.55 106.30 102.44 98.93 95.76 92.89 90.31 87.98 85.89 84.02 82.35 80.85 79.49 78.31 69.57 68.69 60.38 52.29 44.40 29.37 0.00 0.00 
0.00 508.68 757.80 872.44 982.32 1087.64 1070.80 1169.65 1149.90 1128.91 1107.08 1084.62 1061.53 1037.79 1013.40 988.42 962.89 936.87 910.43 883.63 856.54 829.22 801.74 774.15 746.51 718.90 691.38 664.00 636.84 609.94 583.39 557.22 531.51 506.31 481.68 457.67 434.32 411.68 389.81 368.72 348.45 329.04 310.49 292.83 276.06 260.19 245.20 231.09 217.85 205.45 193.88 183.09 173.07 163.78 155.19 147.25 139.93 133.21 127.03 121.37 116.20 111.47 107.16 103.24 99.68 96.46 93.54 90.91 88.54 86.41 84.50 82.78 81.23 79.83 78.61 69.85 68.92 60.60 52.48 44.56 29.48 0.00 0.00 
0.00 638.15 759.18 996.92 983.30 1088.18 1189.23 1169.94 1149.61 1128.19 1106.08 1083.52 1060.40 1036.65 1012.29 987.34 961.86 935.90 909.54 882.82 855.82 828.59 801.20 773.71 746.18 718.68 691.26 664.00 636.94 610.16 583.71 557.65 532.05 506.95 482.41 458.49 435.23 412.67 390.86 369.84 349.63 330.26 311.75 294.12 277.37 261.50 246.51 232.40 219.14 206.71 195.11 184.29 174.23 164.89 156.25 148.26 140.90 134.12 127.89 122.18 116.96 112.18 107.83 103.87 100.26 97.00 94.05 91.38 88.98 86.82 84.88 83.14 81.56 80.13 78.85 77.73 69.13 60.77 60.10 44.71 36.99 0.00 0.00 
0.00 640.09 823.44 997.94 984.02 1088.73 1189.56 1170.16 1149.48 1127.77 1215.71 1191.87 1166.87 1140.92 1114.15 1086.68 1058.59 1029.98 1000.92 971.48 941.72 911.72 881.54 851.26 820.94 790.64 760.45 730.41 700.61 671.12 641.98 613.29 585.09 557.45 530.42 504.08 478.46 453.62 429.61 406.46 384.21 362.88 342.51 323.10 304.67 287.21 270.73 255.20 240.62 226.97 214.21 202.32 191.27 181.02 171.53 162.76 154.68 147.24 140.41 134.14 128.41 123.18 118.40 114.06 110.11 106.53 103.30 100.38 97.76 95.42 93.33 91.49 81.79 80.35 79.04 77.90 69.27 68.42 60.22 52.24 37.08 7.35 0.00 
0.00 641.19 824.34 998.82 984.70 1089.36 1190.10 1170.53 1149.68 1127.86 1215.70 1191.78 1166.72 1140.72 1113.92 1086.43 1058.34 1029.73 1000.67 971.24 941.50 911.52 881.38 851.12 820.83 790.57 760.41 730.42 700.66 671.20 642.11 613.45 585.28 557.68 530.69 504.38 478.79 453.98 429.99 406.87 384.63 363.33 342.97 323.57 305.14 287.68 271.20 255.67 241.08 227.42 214.65 202.75 191.68 181.41 171.91 163.12 155.02 147.57 140.72 134.44 128.69 123.43 118.64 114.28 110.32 106.73 103.49 100.56 97.93 95.57 93.48 91.63 81.92 80.48 79.17 78.02 69.38 68.52 60.31 52.32 37.15 7.35 0.00 
0.00 641.43 761.75 999.56 985.42 1090.11 1190.84 1171.07 1150.23 1128.43 1106.04 1083.25 1059.94 1036.06 1011.60 986.59 961.09 935.13 908.79 882.11 855.17 828.01 800.70 773.30 745.87 718.47 691.17 664.01 637.07 610.40 584.07 558.13 532.63 507.64 483.21 459.38 436.21 413.74 392.01 371.05 350.90 331.58 313.11 295.50 278.76 262.90 247.91 233.79 220.51 208.06 196.42 185.56 175.46 166.07 157.38 149.34 141.92 135.09 128.81 123.05 117.77 112.95 108.55 104.54 100.89 97.59 94.60 91.90 89.47 87.28 85.32 83.55 81.96 80.52 79.22 78.08 69.46 61.06 60.38 44.96 37.20 0.00 0.00 
0.00 513.53 762.03 876.45 986.03 1090.97 1073.19 1171.57 1151.05 1129.32 1106.97 1084.12 1060.72 1036.75 1012.21 987.14 961.57 935.55 909.16 882.43 855.44 828.24 800.89 773.45 745.99 718.56 691.21 664.03 637.05 610.35 583.99 558.02 532.50 507.48 483.02 459.17 435.98 413.48 391.73 370.75 350.58 331.25 312.77 295.15 278.41 262.54 247.55 233.43 220.15 207.71 196.08 185.23 175.13 165.76 157.08 149.05 141.65 134.83 128.57 122.82 117.56 112.74 108.36 104.36 100.73 97.44 94.46 91.77 89.35 87.17 85.22 83.47 81.89 80.47 79.20 70.38 69.45 61.08 52.91 44.95 29.78 0.00 0.00 
0.00 512.00 762.27 877.12 986.76 1091.84 1074.28 1172.59 1152.16 1130.42 1108.19 1085.38 1061.96 1037.93 1013.31 988.15 962.49 936.39 909.90 883.09 856.01 828.73 801.30 773.78 746.24 718.73 691.31 664.04 637.00 610.22 583.79 557.74 532.15 507.07 482.55 458.63 435.38 412.83 391.03 370.01 349.81 330.44 311.93 294.29 277.53 261.66 246.67 232.55 219.28 206.86 195.24 184.42 174.35 165.01 156.36 148.36 140.99 134.21 127.98 122.26 117.03 112.25 107.90 103.93 100.33 97.06 94.11 91.45 89.06 86.91 84.99 83.27 81.72 80.32 79.10 70.30 69.38 61.02 52.85 44.88 29.66 0.00 0.00 
0.00 255.82 635.50 752.87 864.64 971.92 1075.18 1056.86 1037.72 1131.18 1109.48 1086.85 1063.48 1039.43 1014.75 989.49 963.73 937.51 910.91 883.99 856.80 829.40 801.86 774.24 746.58 718.96 691.44 664.07 636.91 610.03 583.49 557.35 531.66 506.48 481.86 457.86 434.53 411.91 390.03 368.95 348.69 329.27 310.73 293.06 276.29 260.41 245.41 231.30 218.05 205.64 194.06 183.27 173.24 163.94 155.33 147.39 140.06 133.33 127.14 121.48 116.29 111.56 107.25 103.32 99.76 96.54 93.63 91.00 88.65 86.54 84.66 82.99 81.52 72.30 71.17 70.17 61.67 53.39 45.29 37.39 14.81 0.00 0.00 
0.00 0.00 507.40 752.78 865.18 972.83 957.43 1057.86 1039.30 1019.54 999.16 978.71 957.70 936.07 913.84 891.08 867.85 844.21 820.22 795.94 771.42 746.72 721.89 696.98 672.05 647.16 622.34 597.67 573.19 548.97 525.04 501.48 478.32 455.63 433.44 411.81 390.78 370.40 350.69 331.69 313.44 295.95 279.24 263.33 248.23 233.93 220.44 207.74 195.82 184.66 174.24 164.54 155.52 147.17 139.44 132.30 125.73 119.68 114.13 109.05 104.40 100.16 96.29 92.78 89.59 86.70 84.09 81.75 79.64 77.77 76.09 74.61 73.26 72.05 70.97 62.30 61.51 53.26 45.20 29.88 0.00 0.00 0.00 
0.00 0.00 126.50 502.23 742.35 852.39 838.92 941.48 924.85 907.04 1000.17 980.42 959.61 938.00 915.70 892.83 869.47 845.69 821.56 797.13 772.47 747.62 722.64 697.59 672.51 647.47 622.51 597.69 573.07 548.70 524.63 500.93 477.64 454.81 432.50 410.75 389.60 369.11 349.30 330.22 311.89 294.34 277.58 261.63 246.50 232.19 218.70 206.01 194.11 182.99 172.61 162.96 153.99 145.70 138.03 130.96 124.45 118.48 112.99 107.98 103.39 99.21 95.41 91.95 88.81 85.98 83.43 81.13 79.08 77.26 75.65 74.25 65.00 63.94 62.99 54.43 53.74 45.60 30.13 7.44 0.00 0.00 0.00 
0.00 0.00 0.00 250.15 495.97 730.94 719.93 824.92 810.50 908.23 890.71 872.76 854.13 834.84 814.96 794.56 773.71 752.50 730.97 709.18 687.17 665.01 642.73 620.39 598.03 575.69 553.43 531.29 509.33 487.60 466.14 445.00 424.22 403.87 383.97 364.57 345.72 327.45 309.80 292.79 276.46 260.82 245.90 231.71 218.24 205.52 193.52 182.25 171.68 161.80 152.60 144.04 136.10 128.76 121.97 115.72 109.97 104.69 99.85 95.43 91.39 87.70 84.35 81.31 78.55 76.06 73.81 71.80 70.00 68.40 67.00 65.76 64.67 55.79 54.97 46.54 45.98 30.36 14.98 0.00 0.00 0.00 0.00 
0.00 0.00 0.00 0.00 0.00 486.72 600.19 708.04 696.10 682.59 780.00 764.68 748.45 731.55 714.08 696.16 677.84 659.20 640.28 621.14 601.81 582.34 562.77 543.15 523.51 503.89 484.34 464.89 445.61 426.51 407.66 389.09 370.85 352.97 335.49 318.46 301.90 285.86 270.36 255.44 241.11 227.39 214.31 201.87 190.07 178.93 168.43 158.57 149.34 140.71 132.68 125.21 118.30 111.90 106.00 100.56 95.56 90.98 86.78 82.94 79.44 76.25 73.34 70.71 68.33 66.17 64.24 62.50 60.95 59.58 58.38 57.35 48.42 47.64 46.94 38.66 30.59 7.55 0.00 0.00 0.00 0.00 0.00 
0.00 0.00 0.00 0.00 0.00 0.00 239.18 472.09 465.02 569.20 558.06 546.75 535.03 522.88 510.37 497.53 484.42 471.07 457.53 443.84 430.01 416.08 402.09 388.05 374.00 359.96 345.98 332.07 318.27 304.62 291.13 277.85 264.80 252.01 239.51 227.32 215.48 204.01 192.92 182.25 172.00 162.19 152.84 143.94 135.51 127.55 120.05 113.01 106.41 100.25 94.52 89.20 84.26 79.70 75.49 71.62 68.06 64.79 61.80 59.07 56.58 54.31 52.25 50.37 48.68 47.15 45.78 44.54 43.44 42.47 41.62 40.88 40.23 31.70 31.20 15.42 0.00 0.00 0.00 0.00 0.00 0.00 0.00 
0.00 0.00 0.00 0.00 0.00 0.00 0.00 0.00 0.00 0.00 110.56 109.16 107.16 104.86 102.40 99.84 97.20 94.51 91.77 89.00 86.21 83.40 80.57 77.73 74.89 72.06 69.23 66.42 63.63 60.87 58.14 55.46 52.82 50.23 47.70 45.24 42.85 40.53 38.29 36.14 34.07 32.10 30.22 28.43 26.74 25.14 23.64 22.24 20.92 19.70 18.56 17.51 16.53 15.63 14.81 14.05 13.35 12.71 12.13 11.59 11.11 10.67 10.27 9.91 9.58 9.28 9.02 8.78 8.58 8.40 8.26 8.17 0.00 0.00 0.00 0.00 0.00 0.00 0.00 0.00 0.00 0.00 0.00 
0.00 0.00 0.00 0.00 0.00 0.00 0.00 0.00 0.00 0.00 0.00 0.00 0.00 0.00 0.00 0.00 0.00 0.00 0.00 0.00 0.00 0.00 0.00 0.00 0.00 0.00 0.00 0.00 0.00 0.00 0.00 0.00 0.00 0.00 0.00 0.00 0.00 0.00 0.00 0.00 0.00 0.00 0.00 0.00 0.00 0.00 0.00 0.00 0.00 0.00 0.00 0.00 0.00 0.00 0.00 0.00 0.00 0.00 0.00 0.00 0.00 0.00 0.00 0.00 0.00 0.00 0.00 0.00 0.00 0.00 0.00 0.00 0.00 0.00 0.00 0.00 0.00 0.00 0.00 0.00 0.00 0.00 0.00 
