0.00 0.00 0.00 0.00 0.00 0.00 0.00 0.00 0.00 0.00 87.09 85.34 82.88 80.11 77.20 74.22 71.24 68.27 65.33 62.43 59.59 56.82 54.12 51.49 48.94 46.48 44.11 41.83 39.65 37.57 35.58 33.70 31.92 30.24 28.66 27.17 25.79 24.49 23.29 22.18 21.14 20.19 19.31 18.50 17.76 17.08 16.46 15.90 15.38 14.92 14.49 14.11 13.76 13.45 13.17 12.92 12.70 12.50 12.33 12.18 12.04 11.93 11.83 11.75 11.68 11.63 11.58 11.55 11.53 11.52 11.51 11.51 0.00 0.00 0.00 0.00 0.00 0.00 0.00 0.00 0.00 0.00 0.00 
0.00 0.00 0.00 0.00 0.00 0.00 197.37 386.48 378.67 459.11 445.42 431.33 416.72 401.76 386.63 371.46 356.35 341.38 326.60 312.08 297.84 283.92 270.37 257.20 244.43 232.10 220.23 208.82 197.90 187.47 177.54 168.12 159.21 150.81 142.90 135.49 128.57 122.11 116.11 110.54 105.38 100.63 96.25 92.23 88.54 85.16 82.08 79.27 76.71 74.39 72.28 70.38 68.66 67.12 65.73 64.49 63.39 62.41 61.54 60.78 60.12 59.56 59.07 58.66 58.33 58.06 57.85 57.70 57.60 57.54 57.53 57.55 57.60 46.16 46.24 23.17 0.00 0.00 0.00 0.00 0.00 0.00 0.00 
0.00 0.00 0.00 0.00 0.00 408.43 500.16 584.86 570.14 552.91 622.96 603.49 583.14 562.30 541.23 520.12 499.09 478.25 457.69 437.46 417.64 398.26 379.38 361.03 343.24 326.06 309.50 293.59 278.34 263.78 249.92 236.75 224.29 212.53 201.46 191.07 181.35 172.28 163.84 156.01 148.75 142.05 135.86 130.18 124.96 120.18 115.81 111.82 108.19 104.89 101.90 99.19 96.74 94.54 92.56 90.79 89.21 87.80 86.56 85.48 84.53 83.70 83.00 82.41 81.92 81.53 81.21 80.98 80.82 80.73 80.69 80.70 69.23 69.31 69.41 57.98 46.50 11.67 0.00 0.00 0.00 0.00 0.00 
0.00 0.00 0.00 216.93 425.63 620.67 606.15 685.48 666.30 736.23 713.14 689.98 666.45 642.60 618.60 594.59 570.70 547.03 523.68 500.71 478.20 456.19 434.74 413.88 393.67 374.13 355.30 337.19 319.84 303.25 287.45 272.44 258.21 244.78 232.12 220.23 209.10 198.70 189.00 180.00 171.65 163.92 156.79 150.23 144.19 138.66 133.60 128.97 124.75 120.91 117.43 114.27 111.42 108.84 106.53 104.45 102.60 100.95 99.49 98.21 97.09 96.12 95.28 94.58 93.99 93.51 93.13 92.84 92.63 92.50 92.43 92.42 92.46 81.01 81.12 69.69 69.84 46.74 23.45 0.00 0.00 0.00 0.00 
0.00 0.00 0.00 439.08 644.01 730.26 710.67 785.85 762.79 738.49 802.17 776.39 749.91 723.09 696.13 669.20 642.43 615.94 589.80 564.10 538.90 514.27 490.27 466.93 444.30 422.41 401.32 381.03 361.57 342.97 325.24 308.38 292.40 277.29 263.04 249.66 237.10 225.37 214.42 204.24 194.78 186.03 177.95 170.49 163.63 157.34 151.57 146.29 141.48 137.10 133.11 129.49 126.22 123.27 120.61 118.23 116.10 114.20 112.52 111.03 109.73 108.60 107.63 106.81 106.11 105.55 105.09 104.74 104.48 104.30 104.21 104.17 92.68 92.75 92.85 81.44 81.61 70.18 46.98 11.79 0.00 0.00 0.00 
0.00 0.00 456.11 667.78 757.17 838.33 814.68 886.17 859.64 832.19 804.47 777.45 750.47 723.46 696.46 669.58 642.92 616.55 590.56 565.01 539.96 515.48 491.61 468.41 445.90 424.14 403.14 382.95 363.57 345.03 327.35 310.53 294.57 279.47 265.22 251.82 239.24 227.46 216.47 206.23 196.71 187.89 179.73 172.20 165.26 158.89 153.04 147.68 142.79 138.33 134.27 130.58 127.24 124.23 121.51 119.06 116.88 114.93 113.19 111.67 110.32 109.15 108.14 107.28 106.56 105.95 105.47 105.08 104.80 104.60 104.47 104.42 104.42 104.48 104.59 93.19 93.37 81.97 70.54 47.26 0.00 0.00 0.00 
0.00 236.40 577.18 676.40 763.34 843.20 917.61 889.67 861.72 924.69 894.91 864.79 834.59 804.40 774.32 744.44 714.83 685.58 656.76 628.44 600.70 573.58 547.14 521.43 496.50 472.38 449.12 426.73 405.25 384.69 365.08 346.41 328.69 311.91 296.08 281.18 267.18 254.07 241.83 230.41 219.80 209.96 200.85 192.43 184.67 177.54 170.99 164.99 159.50 154.50 149.94 145.80 142.04 138.65 135.59 132.84 130.37 128.17 126.21 124.48 122.96 121.64 120.49 119.51 118.68 117.98 117.42 116.98 116.64 116.40 116.24 116.16 116.15 104.68 104.77 104.91 93.51 82.09 70.63 59.12 23.79 0.00 0.00 
0.00 476.11 700.71 792.96 875.22 950.54 921.57 988.87 958.40 927.13 896.33 865.70 835.21 804.88 774.77 744.91 715.37 686.21 657.50 629.31 601.69 574.69 548.37 522.78 497.96 473.94 450.76 428.45 407.04 386.54 366.97 348.33 330.63 313.87 298.03 283.11 269.09 255.95 243.66 232.20 221.53 211.63 202.45 193.97 186.15 178.94 172.32 166.25 160.69 155.62 150.99 146.79 142.97 139.52 136.40 133.60 131.08 128.83 126.83 125.06 123.50 122.14 120.95 119.94 119.07 118.35 117.76 117.29 116.93 116.66 116.48 116.38 116.35 116.38 116.47 105.05 105.23 93.84 82.42 70.94 47.56 0.00 0.00 
0.00 482.77 708.28 798.29 879.95 954.51 924.57 991.49 960.31 928.77 897.41 866.41 835.73 805.32 775.19 745.36 715.88 686.81 658.20 630.11 602.59 575.71 549.49 524.00 499.27 475.34 452.24 430.00 408.65 388.20 368.66 350.05 332.37 315.62 299.78 284.85 270.81 257.64 245.31 233.81 223.09 213.13 203.90 195.35 187.47 180.20 173.51 167.38 161.76 156.63 151.94 147.68 143.81 140.30 137.14 134.28 131.72 129.43 127.39 125.58 123.98 122.59 121.37 120.32 119.43 118.69 118.07 117.57 117.18 116.89 116.69 116.57 116.52 116.53 116.59 105.16 105.32 93.90 82.45 70.94 47.51 0.00 0.00 
0.00 610.59 713.89 912.73 884.34 957.83 1026.46 994.18 962.05 929.92 898.09 866.89 836.13 805.70 775.57 745.77 716.34 687.33 658.79 630.77 603.33 576.52 550.38 524.96 500.30 476.43 453.39 431.21 409.90 389.48 369.98 351.39 333.73 316.97 301.13 286.19 272.14 258.94 246.59 235.05 224.30 214.30 205.02 196.43 188.49 181.18 174.44 168.26 162.60 157.41 152.68 148.38 144.46 140.91 137.71 134.82 132.22 129.90 127.82 125.98 124.36 122.94 121.70 120.62 119.71 118.94 118.30 117.79 117.38 117.07 116.85 116.72 116.65 116.64 116.69 116.80 105.37 93.93 94.14 70.92 59.30 0.00 0.00 
0.00 616.98 776.31 916.49 887.31 960.30 1028.42 995.94 963.31 930.73 985.80 952.85 919.65 886.44 853.38 820.59 788.17 756.20 724.74 693.86 663.62 634.07 605.27 577.27 550.10 523.81 498.44 474.01 450.55 428.08 406.61 386.15 366.71 348.28 330.85 314.42 298.96 284.46 270.88 258.19 246.38 235.39 225.20 215.77 207.05 199.02 191.63 184.84 178.62 172.94 167.75 163.02 158.73 154.84 151.32 148.15 145.31 142.76 140.48 138.47 136.69 135.13 133.77 132.59 131.59 130.75 130.05 129.48 129.04 128.70 128.46 128.31 116.73 116.71 116.74 116.83 105.40 105.58 94.13 82.63 59.26 11.94 0.00 
0.00 620.19 778.82 918.75 889.08 961.89 1029.81 997.07 964.21 931.47 986.42 953.37 920.10 886.83 853.74 820.93 788.50 756.52 725.07 694.19 663.97 634.44 605.66 577.67 550.52 524.25 498.90 474.48 451.03 428.57 407.11 386.66 367.22 348.79 331.36 314.93 299.46 284.95 271.36 258.66 246.83 235.83 225.62 216.17 207.44 199.39 191.98 185.18 178.94 173.23 168.03 163.29 158.98 155.07 151.54 148.35 145.49 142.93 140.65 138.62 136.83 135.25 133.89 132.70 131.69 130.84 130.13 129.56 129.10 128.76 128.51 128.35 116.76 116.73 116.75 116.83 105.38 105.55 94.08 82.58 59.20 11.93 0.00 
0.00 620.02 721.00 919.42 889.72 962.63 1030.60 997.56 964.75 932.11 899.91 868.42 837.44 806.85 776.62 746.76 717.30 688.28 659.76 631.77 604.37 577.61 551.52 526.16 501.55 477.74 454.74 432.60 411.33 390.95 371.48 352.91 335.25 318.50 302.65 287.70 273.62 260.40 248.02 236.44 225.65 215.60 206.27 197.63 189.64 182.27 175.49 169.25 163.53 158.29 153.51 149.16 145.19 141.60 138.35 135.42 132.78 130.42 128.31 126.43 124.77 123.32 122.05 120.95 120.00 119.21 118.54 118.00 117.57 117.23 116.99 116.83 116.74 116.70 116.71 116.78 105.33 93.85 94.01 70.76 59.12 0.00 0.00 
0.00 496.31 719.52 808.37 888.96 962.50 930.91 997.06 964.80 932.35 900.35 868.88 837.84 807.19 776.90 746.97 717.46 688.38 659.81 631.77 604.33 577.52 551.40 526.00 501.36 477.52 454.51 432.34 411.06 390.66 371.17 352.59 334.93 318.17 302.32 287.37 273.30 260.08 247.70 236.13 225.35 215.31 206.00 197.37 189.39 182.03 175.26 169.03 163.32 158.10 153.33 148.98 145.03 141.45 138.21 135.28 132.65 130.30 128.19 126.32 124.67 123.22 121.96 120.86 119.92 119.13 118.47 117.93 117.50 117.16 116.92 116.76 116.66 116.62 116.63 105.14 105.24 93.76 82.24 70.67 47.24 0.00 0.00 
0.00 490.45 717.28 806.97 887.59 961.48 930.38 996.55 964.56 932.11 900.39 869.07 838.09 807.43 777.09 747.10 717.50 688.34 659.68 631.56 604.04 577.16 550.96 525.50 500.80 476.90 453.84 431.63 410.30 389.88 370.36 351.76 334.08 317.32 301.47 286.52 272.46 259.25 246.89 235.34 224.58 214.57 205.28 196.68 188.73 181.41 174.66 168.47 162.79 157.60 152.86 148.54 144.61 141.05 137.84 134.94 132.33 129.99 127.91 126.06 124.42 122.99 121.73 120.65 119.73 118.94 118.29 117.76 117.34 117.02 116.78 116.63 116.53 116.50 116.52 105.03 105.13 93.65 82.15 70.59 47.21 0.00 0.00 
0.00 244.32 596.39 691.85 777.26 855.73 928.73 898.55 868.76 930.86 899.97 869.01 838.19 807.57 777.20 747.14 717.45 688.19 659.42 631.19 603.56 576.58 550.29 524.73 499.95 475.98 452.85 430.58 409.21 388.74 369.19 350.56 332.86 316.09 300.24 285.30 271.24 258.06 245.72 234.20 223.47 213.50 204.25 195.70 187.79 180.51 173.81 167.66 162.03 156.88 152.18 147.90 144.02 140.49 137.31 134.44 131.87 129.56 127.50 125.68 124.07 122.65 121.42 120.36 119.45 118.69 118.05 117.54 117.13 116.82 116.60 116.45 116.37 104.82 104.83 104.89 93.39 81.88 70.34 58.75 23.59 0.00 0.00 
0.00 0.00 473.09 687.82 774.30 853.47 826.64 896.72 868.03 838.86 809.91 781.99 754.35 726.87 699.57 672.51 645.77 619.40 593.46 568.01 543.10 518.77 495.07 472.04 449.70 428.10 407.25 387.19 367.93 349.49 331.88 315.11 299.18 284.08 269.81 256.36 243.72 231.86 220.76 210.40 200.76 191.79 183.48 175.79 168.70 162.16 156.14 150.62 145.57 140.95 136.73 132.89 129.41 126.25 123.40 120.83 118.52 116.45 114.61 112.98 111.54 110.27 109.17 108.22 107.41 106.73 106.16 105.70 105.34 105.06 104.86 104.74 104.67 104.65 104.66 93.17 93.24 81.74 70.22 46.93 0.00 0.00 0.00 
0.00 0.00 117.16 457.59 662.19 745.99 722.83 796.69 771.30 745.22 808.33 781.54 754.29 726.92 699.61 672.47 645.60 619.10 593.02 567.43 542.38 517.92 494.09 470.93 448.49 426.79 405.85 385.71 366.38 347.89 330.23 313.43 297.47 282.36 268.09 254.65 242.03 230.20 219.13 208.82 199.22 190.31 182.06 174.43 167.39 160.92 154.96 149.51 144.51 139.95 135.80 132.02 128.58 125.48 122.68 120.15 117.89 115.86 114.06 112.46 111.05 109.82 108.74 107.82 107.04 106.38 105.84 105.40 105.05 104.80 104.62 104.51 92.95 92.93 92.94 81.43 81.49 69.97 46.75 11.72 0.00 0.00 0.00 
0.00 0.00 0.00 226.34 441.89 636.87 618.12 696.24 674.59 743.66 719.14 694.92 670.63 646.28 621.96 597.78 573.83 550.20 526.94 504.11 481.77 459.96 438.72 418.07 398.06 378.72 360.07 342.12 324.91 308.44 292.72 277.76 263.57 250.13 237.45 225.50 214.29 203.78 193.97 184.82 176.31 168.42 161.11 154.36 148.14 142.41 137.15 132.33 127.92 123.90 120.23 116.90 113.88 111.14 108.68 106.46 104.46 102.68 101.10 99.70 98.46 97.38 96.44 95.64 94.95 94.38 93.91 93.53 93.23 93.02 92.86 92.77 92.74 81.21 81.21 69.69 69.73 46.59 23.34 0.00 0.00 0.00 0.00 
0.00 0.00 0.00 0.00 0.00 421.51 512.67 595.59 578.05 558.85 628.44 607.94 586.89 565.61 544.30 523.08 502.05 481.29 460.86 440.81 421.19 402.03 383.38 365.25 347.69 330.71 314.34 298.60 283.50 269.06 255.29 242.18 229.75 217.98 206.88 196.44 186.63 177.46 168.89 160.90 153.48 146.60 140.24 134.36 128.95 123.97 119.40 115.21 111.39 107.90 104.72 101.84 99.22 96.85 94.72 92.80 91.08 89.54 88.18 86.97 85.90 84.97 84.17 83.48 82.89 82.40 82.00 81.68 81.43 81.25 81.13 81.05 69.51 69.50 69.48 57.96 46.42 11.62 0.00 0.00 0.00 0.00 0.00 
0.00 0.00 0.00 0.00 0.00 0.00 202.85 395.52 385.43 464.74 449.50 434.49 419.34 404.10 388.84 373.66 358.61 343.76 329.14 314.80 300.76 287.06 273.72 260.75 248.19 236.05 224.34 213.08 202.29 191.96 182.12 172.75 163.86 155.46 147.53 140.07 133.06 126.51 120.39 114.70 109.40 104.50 99.96 95.77 91.91 88.36 85.11 82.13 79.41 76.92 74.66 72.61 70.75 69.06 67.55 66.18 64.96 63.87 62.90 62.04 61.28 60.62 60.05 59.56 59.15 58.80 58.52 58.29 58.12 57.99 57.90 57.85 57.84 46.29 46.24 23.13 0.00 0.00 0.00 0.00 0.00 0.00 0.00 
0.00 0.00 0.00 0.00 0.00 0.00 0.00 0.00 0.00 0.00 88.00 86.15 83.59 80.72 77.73 74.70 71.67 68.68 65.73 62.83 59.99 57.23 54.53 51.91 49.38 46.93 44.57 42.30 40.13 38.05 36.08 34.20 32.41 30.73 29.14 27.65 26.26 24.95 23.74 22.61 21.56 20.59 19.70 18.87 18.11 17.42 16.78 16.20 15.67 15.18 14.74 14.34 13.98 13.66 13.36 13.10 12.86 12.65 12.47 12.30 12.16 12.03 11.92 11.83 11.75 11.69 11.64 11.60 11.57 11.55 11.53 11.53 0.00 0.00 0.00 0.00 0.00 0.00 0.00 0.00 0.00 0.00 0.00 
0.00 0.00 0.00 0.00 0.00 0.00 0.00 0.00 0.00 0.00 0.00 0.00 0.00 0.00 0.00 0.00 0.00 0.00 0.00 0.00 0.00 0.00 0.00 0.00 0.00 0.00 0.00 0.00 0.00 0.00 0.00 0.00 0.00 0.00 0.00 0.00 0.00 0.00 0.00 0.00 0.00 0.00 0.00 0.00 0.00 0.00 0.00 0.00 0.00 0.00 0.00 0.00 0.00 0.00 0.00 0.00 0.00 0.00 0.00 0.00 0.00 0.00 0.00 0.00 0.00 0.00 0.00 0.00 0.00 0.00 0.00 0.00 0.00 0.00 0.00 0.00 0.00 0.00 0.00 0.00 0.00 0.00 0.00 
