0.00 0.00 0.00 0.00 0.00 0.00 0.00 0.00 0.00 0.00 15.05 15.05 15.05 15.06 15.08 15.11 15.14 15.19 15.24 15.31 15.39 15.48 15.59 15.71 15.85 16.00 16.17 16.35 16.55 16.78 17.02 17.28 17.57 17.88 18.21 18.57 18.96 19.37 19.81 20.28 20.78 21.31 21.88 22.48 23.11 23.78 24.48 25.22 26.00 26.82 27.68 28.57 29.51 30.48 31.49 32.54 33.63 34.76 35.92 37.12 38.35 39.62 40.91 42.24 43.59 44.96 46.33 47.71 49.07 50.36 51.52 52.34 0.00 0.00 0.00 0.00 0.00 0.00 0.00 0.00 0.00 0.00 0.00 
0.00 0.00 0.00 0.00 0.00 0.00 30.23 60.39 60.32 75.30 75.23 75.21 75.22 75.26 75.35 75.48 75.65 75.88 76.16 76.49 76.89 77.35 77.88 78.48 79.15 79.91 80.74 81.66 82.68 83.79 85.00 86.31 87.74 89.28 90.94 92.73 94.65 96.71 98.91 101.25 103.75 106.41 109.23 112.22 115.38 118.73 122.25 125.96 129.85 133.94 138.22 142.69 147.37 152.23 157.29 162.55 168.00 173.63 179.45 185.45 191.63 197.97 204.47 211.11 217.88 224.77 231.75 238.78 245.82 252.82 259.69 266.35 272.84 223.67 226.94 115.17 0.00 0.00 0.00 0.00 0.00 0.00 0.00 
0.00 0.00 0.00 0.00 0.00 60.61 75.64 90.61 90.51 90.44 105.46 105.44 105.47 105.55 105.68 105.88 106.13 106.46 106.87 107.35 107.92 108.57 109.33 110.18 111.13 112.20 113.39 114.69 116.12 117.69 119.40 121.26 123.27 125.44 127.78 130.30 133.00 135.90 138.99 142.29 145.80 149.53 153.49 157.68 162.12 166.80 171.74 176.93 182.38 188.10 194.08 200.34 206.86 213.66 220.72 228.05 235.65 243.50 251.61 259.96 268.55 277.36 286.38 295.60 304.98 314.52 324.15 333.85 343.55 353.16 362.55 371.53 327.09 334.96 341.87 290.70 235.80 59.46 0.00 0.00 0.00 0.00 0.00 
0.00 0.00 0.00 30.47 60.82 91.00 90.86 105.85 105.76 120.76 120.72 120.73 120.78 120.88 121.05 121.29 121.60 121.99 122.47 123.04 123.71 124.47 125.35 126.34 127.45 128.69 130.06 131.57 133.23 135.04 137.01 139.15 141.47 143.98 146.67 149.57 152.68 156.00 159.55 163.34 167.37 171.65 176.19 180.99 186.07 191.42 197.07 203.00 209.23 215.76 222.59 229.72 237.16 244.90 252.94 261.28 269.92 278.84 288.05 297.53 307.26 317.25 327.46 337.88 348.47 359.21 370.06 380.96 391.85 402.64 413.25 423.62 433.89 389.07 397.32 347.85 353.85 239.18 119.30 0.00 0.00 0.00 0.00 
0.00 0.00 0.00 61.00 91.29 106.30 106.16 121.14 121.04 120.98 136.02 136.04 136.12 136.26 136.47 136.75 137.12 137.57 138.13 138.79 139.55 140.43 141.44 142.57 143.84 145.25 146.81 148.53 150.41 152.47 154.71 157.14 159.77 162.60 165.66 168.94 172.45 176.21 180.22 184.50 189.05 193.88 198.99 204.41 210.13 216.16 222.51 229.19 236.19 243.53 251.20 259.20 267.55 276.23 285.24 294.59 304.26 314.25 324.54 335.13 346.00 357.14 368.52 380.12 391.90 403.84 415.87 427.95 439.99 451.90 463.56 474.75 432.50 442.63 451.87 403.35 410.18 356.19 238.57 58.40 0.00 0.00 0.00 
0.00 0.00 61.24 91.62 106.64 121.63 121.47 136.44 136.35 136.29 136.27 136.31 136.41 136.56 136.79 137.09 137.48 137.96 138.53 139.21 139.99 140.90 141.92 143.07 144.36 145.79 147.38 149.12 151.02 153.10 155.37 157.82 160.47 163.33 166.41 169.71 173.24 177.02 181.06 185.35 189.92 194.76 199.89 205.32 211.05 217.09 223.44 230.11 237.11 244.44 252.10 260.08 268.40 277.05 286.03 295.33 304.95 314.87 325.09 335.60 346.38 357.41 368.67 380.13 391.76 403.52 415.36 427.24 439.07 450.80 462.33 473.67 485.05 495.94 505.90 458.03 465.17 411.33 353.62 231.85 0.00 0.00 0.00 
0.00 30.74 76.64 91.76 106.80 121.80 136.78 136.65 136.56 151.58 151.58 151.63 151.75 151.94 152.20 152.55 152.99 153.54 154.19 154.95 155.84 156.85 158.00 159.30 160.74 162.35 164.12 166.07 168.20 170.53 173.06 175.80 178.76 181.95 185.38 189.06 193.01 197.22 201.71 206.50 211.58 216.97 222.68 228.72 235.09 241.80 248.86 256.27 264.04 272.17 280.67 289.53 298.75 308.34 318.28 328.58 339.23 350.21 361.51 373.13 385.04 397.22 409.64 422.28 435.09 448.05 461.09 474.15 487.17 500.07 512.75 525.08 536.87 493.46 503.28 512.17 461.01 406.31 347.78 285.16 105.89 0.00 0.00 
0.00 61.53 92.09 107.16 122.16 137.13 136.96 151.93 151.84 151.80 151.81 151.88 152.01 152.21 152.49 152.86 153.32 153.88 154.55 155.33 156.24 157.27 158.44 159.75 161.22 162.84 164.64 166.60 168.76 171.10 173.65 176.41 179.39 182.61 186.06 189.76 193.72 197.96 202.47 207.27 212.36 217.77 223.49 229.54 235.91 242.63 249.69 257.10 264.86 272.98 281.46 290.30 299.50 309.06 318.97 329.22 339.82 350.74 361.98 373.52 385.34 397.41 409.72 422.23 434.91 447.70 460.57 473.44 486.26 498.96 511.43 523.60 535.36 546.70 556.90 509.12 516.11 461.72 402.86 339.18 213.23 0.00 0.00 
0.00 61.63 92.22 107.29 122.30 137.27 137.11 152.09 152.01 151.98 152.01 152.10 152.24 152.46 152.76 153.14 153.62 154.20 154.88 155.68 156.60 157.65 158.83 160.17 161.65 163.29 165.10 167.09 169.26 171.62 174.19 176.97 179.97 183.20 186.67 190.39 194.37 198.62 203.14 207.96 213.07 218.48 224.22 230.27 236.65 243.37 250.43 257.84 265.60 273.71 282.17 291.00 300.17 309.70 319.58 329.79 340.34 351.21 362.38 373.85 385.59 397.57 409.78 422.17 434.72 447.37 460.07 472.78 485.41 497.90 510.17 522.15 533.75 544.76 554.68 506.45 513.14 458.39 399.46 336.61 214.03 0.00 0.00 
0.00 77.13 92.33 122.65 122.42 137.39 152.35 152.23 152.15 152.14 152.17 152.27 152.43 152.66 152.97 153.36 153.85 154.44 155.14 155.95 156.88 157.94 159.14 160.49 161.98 163.64 165.46 167.46 169.65 172.03 174.61 177.40 180.41 183.66 187.14 190.88 194.87 199.13 203.67 208.49 213.61 219.04 224.78 230.84 237.22 243.94 251.00 258.41 266.16 274.26 282.72 291.52 300.68 310.19 320.03 330.21 340.72 351.55 362.67 374.08 385.75 397.67 409.79 422.09 434.54 447.07 459.65 472.21 484.68 497.00 509.08 520.89 532.36 543.25 553.27 562.02 511.23 456.63 458.20 335.50 271.83 0.00 0.00 
0.00 77.22 100.07 122.73 122.50 137.47 152.43 152.31 152.25 152.24 167.34 167.45 167.62 167.87 168.21 168.64 169.17 169.82 170.58 171.47 172.50 173.66 174.98 176.45 178.10 179.91 181.92 184.11 186.51 189.12 191.96 195.03 198.34 201.90 205.73 209.83 214.22 218.90 223.89 229.19 234.82 240.79 247.09 253.75 260.77 268.16 275.92 284.06 292.59 301.49 310.79 320.47 330.54 341.00 351.82 363.02 374.58 386.48 398.72 411.27 424.11 437.22 450.56 464.10 477.80 491.60 505.44 519.25 532.93 546.37 559.40 571.81 531.40 542.26 552.30 561.10 510.67 515.90 458.19 396.11 272.19 47.24 0.00 
0.00 77.27 100.12 122.77 122.54 137.51 152.48 152.36 152.30 152.30 167.40 167.51 167.69 167.94 168.29 168.72 169.26 169.91 170.68 171.58 172.61 173.78 175.10 176.58 178.23 180.05 182.06 184.26 186.66 189.28 192.12 195.20 198.51 202.08 205.91 210.02 214.41 219.10 224.09 229.40 235.03 240.99 247.30 253.96 260.98 268.37 276.13 284.27 292.79 301.69 310.98 320.65 330.71 341.15 351.96 363.14 374.68 386.56 398.78 411.30 424.11 437.18 450.49 463.99 477.64 491.40 505.19 518.96 532.59 545.99 558.98 571.36 530.95 541.84 551.94 560.92 510.83 516.53 459.47 398.30 275.11 47.63 0.00 
0.00 77.26 92.44 122.77 122.53 137.51 152.48 152.36 152.30 152.30 152.35 152.46 152.63 152.87 153.20 153.61 154.11 154.72 155.43 156.26 157.21 158.28 159.50 160.86 162.37 164.04 165.88 167.89 170.10 172.49 175.09 177.90 180.93 184.19 187.68 191.43 195.44 199.71 204.26 209.10 214.23 219.66 225.40 231.46 237.85 244.57 251.62 259.02 266.76 274.84 283.27 292.05 301.18 310.64 320.45 330.58 341.03 351.79 362.84 374.17 385.75 397.57 409.58 421.77 434.09 446.49 458.93 471.35 483.68 495.86 507.83 519.55 530.99 541.92 552.15 561.42 511.54 458.46 461.99 342.05 281.02 0.00 0.00 
0.00 61.81 92.40 107.47 122.49 137.46 137.30 152.31 152.25 152.25 152.30 152.41 152.58 152.83 153.15 153.56 154.06 154.66 155.37 156.19 157.14 158.22 159.43 160.78 162.29 163.96 165.80 167.81 170.01 172.40 174.99 177.80 180.82 184.08 187.57 191.32 195.32 199.59 204.13 208.97 214.09 219.52 225.26 231.32 237.70 244.42 251.47 258.86 266.59 274.68 283.11 291.89 301.01 310.47 320.28 330.41 340.86 351.62 362.67 374.00 385.59 397.41 409.44 421.64 433.97 446.40 458.87 471.33 483.71 495.97 508.03 519.85 531.36 542.42 552.70 505.47 513.27 460.84 405.32 347.17 228.99 0.00 0.00 
0.00 61.73 92.34 107.41 122.41 137.38 137.22 152.22 152.16 152.14 152.19 152.30 152.46 152.70 153.02 153.42 153.91 154.51 155.21 156.03 156.97 158.03 159.24 160.59 162.09 163.75 165.57 167.58 169.77 172.15 174.73 177.53 180.55 183.79 187.28 191.01 195.01 199.27 203.80 208.63 213.75 219.17 224.90 230.95 237.33 244.04 251.09 258.48 266.21 274.29 282.72 291.50 300.63 310.10 319.91 330.05 340.51 351.29 362.36 373.71 385.33 397.18 409.24 421.48 433.87 446.35 458.89 471.43 483.90 496.26 508.43 520.34 531.97 543.37 553.89 507.22 515.65 464.03 409.56 352.44 233.63 0.00 0.00 
0.00 30.85 76.91 92.03 107.08 122.09 137.10 136.99 136.93 152.00 152.04 152.14 152.29 152.52 152.83 153.22 153.71 154.29 154.98 155.79 156.72 157.77 158.96 160.30 161.79 163.44 165.25 167.24 169.42 171.79 174.36 177.14 180.15 183.38 186.85 190.58 194.56 198.80 203.33 208.14 213.25 218.66 224.38 230.43 236.80 243.50 250.54 257.93 265.66 273.75 282.18 290.97 300.10 309.58 319.41 329.56 340.05 350.85 361.95 373.34 384.99 396.89 409.01 421.31 433.77 446.34 458.97 471.61 484.20 496.67 508.94 520.92 532.46 489.41 499.47 509.09 459.83 408.01 353.74 297.17 119.11 0.00 0.00 
0.00 0.00 61.46 91.91 106.95 121.96 121.82 136.83 136.77 136.75 136.78 136.86 137.01 137.21 137.48 137.83 138.27 138.79 139.41 140.13 140.96 141.91 142.98 144.18 145.51 146.99 148.62 150.41 152.36 154.49 156.80 159.30 162.00 164.91 168.03 171.37 174.95 178.77 182.84 187.16 191.76 196.62 201.77 207.21 212.94 218.97 225.30 231.95 238.91 246.18 253.77 261.68 269.90 278.43 287.27 296.42 305.86 315.58 325.58 335.84 346.33 357.06 367.98 379.07 390.30 401.64 413.03 424.43 435.78 447.02 458.08 468.97 479.96 490.70 500.87 454.07 462.62 411.38 357.61 240.76 0.00 0.00 0.00 
0.00 0.00 15.35 61.23 91.59 106.62 106.50 121.53 121.48 121.47 136.57 136.64 136.77 136.96 137.22 137.56 137.98 138.49 139.09 139.80 140.61 141.54 142.60 143.78 145.10 146.56 148.17 149.95 151.88 153.99 156.29 158.77 161.45 164.34 167.44 170.77 174.33 178.13 182.18 186.49 191.07 195.92 201.06 206.48 212.20 218.22 224.56 231.20 238.16 245.43 253.03 260.95 269.18 277.73 286.60 295.77 305.24 315.00 325.04 335.35 345.91 356.70 367.70 378.88 390.22 401.67 413.19 424.73 436.22 447.56 458.66 469.31 426.95 436.76 446.05 398.47 406.35 354.28 239.81 61.49 0.00 0.00 0.00 
0.00 0.00 0.00 30.59 61.02 91.27 91.17 106.22 106.19 121.26 121.28 121.35 121.46 121.62 121.85 122.14 122.50 122.95 123.48 124.10 124.81 125.63 126.56 127.61 128.77 130.06 131.49 133.05 134.77 136.63 138.66 140.86 143.23 145.79 148.54 151.49 154.64 158.01 161.61 165.43 169.49 173.80 178.36 183.17 188.25 193.60 199.23 205.13 211.32 217.78 224.54 231.58 238.90 246.51 254.40 262.56 270.99 279.69 288.63 297.82 307.23 316.85 326.67 336.65 346.77 357.01 367.31 377.63 387.92 398.09 408.09 417.87 427.57 382.87 391.11 342.45 349.25 237.25 121.92 0.00 0.00 0.00 0.00 
0.00 0.00 0.00 0.00 0.00 60.76 75.85 90.92 90.90 90.90 106.00 106.06 106.15 106.29 106.48 106.73 107.04 107.42 107.88 108.41 109.03 109.74 110.55 111.45 112.46 113.58 114.82 116.18 117.67 119.30 121.06 122.98 125.04 127.27 129.67 132.24 134.99 137.93 141.07 144.40 147.95 151.71 155.69 159.90 164.34 169.02 173.94 179.10 184.51 190.18 196.09 202.25 208.67 215.33 222.24 229.40 236.79 244.41 252.26 260.32 268.58 277.03 285.66 294.43 303.34 312.35 321.43 330.53 339.60 348.56 357.31 365.68 321.19 328.85 335.95 285.85 233.23 60.00 0.00 0.00 0.00 0.00 0.00 
0.00 0.00 0.00 0.00 0.00 0.00 30.30 60.54 60.53 75.66 75.67 75.72 75.79 75.88 76.02 76.19 76.41 76.69 77.01 77.39 77.83 78.33 78.91 79.55 80.27 81.07 81.95 82.92 83.98 85.14 86.40 87.76 89.24 90.83 92.54 94.37 96.33 98.43 100.67 103.05 105.58 108.26 111.11 114.11 117.28 120.62 124.13 127.82 131.68 135.73 139.95 144.35 148.94 153.70 158.63 163.75 169.03 174.47 180.08 185.84 191.75 197.79 203.95 210.22 216.59 223.04 229.53 236.04 242.54 248.97 255.28 261.45 267.58 219.36 224.01 114.22 0.00 0.00 0.00 0.00 0.00 0.00 0.00 
0.00 0.00 0.00 0.00 0.00 0.00 0.00 0.00 0.00 0.00 15.10 15.10 15.11 15.13 15.15 15.18 15.22 15.27 15.34 15.41 15.49 15.59 15.70 15.83 15.97 16.13 16.30 16.49 16.70 16.93 17.17 17.44 17.73 18.05 18.39 18.75 19.14 19.55 20.00 20.47 20.97 21.51 22.07 22.67 23.30 23.97 24.67 25.41 26.18 26.99 27.84 28.72 29.64 30.59 31.58 32.61 33.67 34.77 35.90 37.06 38.25 39.47 40.72 41.99 43.28 44.59 45.90 47.21 48.50 49.73 50.81 51.57 0.00 0.00 0.00 0.00 0.00 0.00 0.00 0.00 0.00 0.00 0.00 
0.00 0.00 0.00 0.00 0.00 0.00 0.00 0.00 0.00 0.00 0.00 0.00 0.00 0.00 0.00 0.00 0.00 0.00 0.00 0.00 0.00 0.00 0.00 0.00 0.00 0.00 0.00 0.00 0.00 0.00 0.00 0.00 0.00 0.00 0.00 0.00 0.00 0.00 0.00 0.00 0.00 0.00 0.00 0.00 0.00 0.00 0.00 0.00 0.00 0.00 0.00 0.00 0.00 0.00 0.00 0.00 0.00 0.00 0.00 0.00 0.00 0.00 0.00 0.00 0.00 0.00 0.00 0.00 0.00 0.00 0.00 0.00 0.00 0.00 0.00 0.00 0.00 0.00 0.00 0.00 0.00 0.00 0.00 
