0.00 0.00 0.00 0.00 0.00 0.00 0.00 0.00 0.00 0.00 131.72 130.01 127.58 124.77 121.76 118.62 115.38 112.08 108.72 105.31 101.86 98.38 94.87 91.33 87.77 84.19 80.60 76.99 73.39 69.79 66.20 62.63 59.10 55.62 52.20 48.86 45.61 42.48 39.46 36.59 33.87 31.32 28.93 26.72 24.69 22.83 21.14 19.61 18.23 17.00 15.90 14.93 14.07 13.31 12.64 12.05 11.54 11.09 10.70 10.36 10.07 9.81 9.60 9.41 9.26 9.13 9.02 8.94 8.87 8.81 8.78 8.75 0.00 0.00 0.00 0.00 0.00 0.00 0.00 0.00 0.00 0.00 0.00 
0.00 0.00 0.00 0.00 0.00 0.00 284.62 561.98 555.02 680.84 668.07 654.59 640.26 625.23 609.67 593.69 577.36 560.75 543.89 526.82 509.56 492.13 474.56 456.86 439.04 421.12 403.14 385.10 367.04 349.00 331.02 313.15 295.44 277.97 260.80 244.02 227.71 211.95 196.82 182.40 168.76 155.94 143.99 132.92 122.75 113.45 105.01 97.40 90.55 84.44 78.99 74.16 69.89 66.13 62.82 59.93 57.39 55.18 53.25 51.59 50.15 48.90 47.84 46.94 46.18 45.54 45.01 44.59 44.25 43.98 43.79 43.66 43.58 34.83 34.86 17.44 0.00 0.00 0.00 0.00 0.00 0.00 0.00 
0.00 0.00 0.00 0.00 0.00 580.87 717.30 847.43 834.25 818.35 933.97 915.22 895.18 874.18 852.45 830.13 807.33 784.13 760.59 736.75 712.65 688.32 663.79 639.08 614.22 589.23 564.15 539.02 513.87 488.77 463.76 438.91 414.32 390.06 366.23 342.95 320.32 298.46 277.46 257.44 238.47 220.62 203.95 188.49 174.24 161.19 149.31 138.56 128.88 120.21 112.46 105.57 99.46 94.07 89.31 85.13 81.47 78.27 75.48 73.05 70.95 69.14 67.59 66.26 65.14 64.19 63.41 62.77 62.25 61.85 61.54 61.33 52.44 52.36 52.32 43.63 34.96 8.77 0.00 0.00 0.00 0.00 0.00 
0.00 0.00 0.00 300.87 595.06 877.94 865.54 990.73 973.40 1089.25 1067.42 1045.05 1021.80 997.69 972.85 947.38 921.38 894.93 868.10 840.94 813.48 785.76 757.82 729.68 701.38 672.95 644.44 615.87 587.32 558.82 530.46 502.30 474.45 446.99 420.04 393.71 368.12 343.38 319.63 296.95 275.44 255.18 236.22 218.60 202.32 187.37 173.72 161.34 150.15 140.08 131.07 123.03 115.89 109.55 103.95 99.02 94.68 90.88 87.56 84.66 82.15 79.97 78.10 76.50 75.13 73.98 73.02 72.23 71.58 71.07 70.67 70.38 70.16 61.30 61.22 52.49 52.52 35.10 17.61 0.00 0.00 0.00 0.00 
0.00 0.00 0.00 605.85 897.01 1028.89 1011.99 1133.47 1112.60 1090.10 1199.55 1174.58 1148.35 1121.15 1093.17 1064.52 1035.31 1005.61 975.49 945.01 914.20 883.10 851.77 820.22 788.50 756.66 724.72 692.76 660.81 628.96 597.27 565.83 534.75 504.12 474.07 444.72 416.20 388.63 362.13 336.82 312.80 290.14 268.90 249.12 230.81 213.96 198.55 184.52 171.81 160.35 150.06 140.85 132.64 125.35 118.88 113.17 108.14 103.72 99.85 96.46 93.52 90.96 88.76 86.86 85.25 83.88 82.73 81.77 80.99 80.36 79.87 79.49 70.47 70.28 70.17 61.41 61.42 52.73 35.27 8.85 0.00 0.00 0.00 
0.00 0.00 619.18 915.90 1050.73 1178.25 1157.83 1276.02 1252.00 1226.59 1200.32 1174.13 1147.35 1119.89 1091.79 1063.11 1033.92 1004.27 974.21 943.81 913.09 882.10 850.88 819.46 787.88 756.19 724.42 692.65 660.91 629.29 597.85 566.68 535.88 505.55 475.80 446.75 418.53 391.24 365.00 339.92 316.08 293.57 272.44 252.72 234.43 217.56 202.08 187.94 175.11 163.50 153.04 143.65 135.26 127.78 121.13 115.24 110.03 105.45 101.42 97.89 94.81 92.13 89.81 87.81 86.10 84.64 83.41 82.38 81.53 80.84 80.29 79.86 79.52 79.28 79.13 70.34 70.33 61.64 52.97 35.46 0.00 0.00 0.00 
0.00 316.00 779.35 922.39 1055.09 1181.46 1302.69 1277.97 1252.66 1361.94 1333.70 1304.48 1274.48 1243.78 1212.43 1180.50 1148.04 1115.10 1081.73 1047.99 1013.91 979.55 944.93 910.10 875.10 839.99 804.82 769.64 734.51 699.53 664.75 630.29 596.25 562.73 529.86 497.77 466.58 436.42 407.42 379.68 353.31 328.38 304.96 283.09 262.77 244.00 226.76 211.00 196.65 183.66 171.94 161.40 151.96 143.53 136.03 129.37 123.48 118.28 113.71 109.69 106.18 103.13 100.48 98.19 96.22 94.54 93.12 91.93 90.94 90.13 89.48 88.97 88.58 79.57 79.38 79.26 70.50 61.78 53.08 44.37 17.85 0.00 0.00 
0.00 634.43 941.29 1078.67 1207.52 1330.10 1305.10 1419.55 1391.95 1362.97 1333.74 1303.98 1273.65 1242.76 1211.31 1179.34 1146.87 1113.96 1080.65 1046.97 1012.97 978.69 944.18 909.46 874.59 839.62 804.61 769.60 734.66 699.88 665.33 631.11 597.31 564.05 531.45 499.61 468.68 438.76 409.98 382.44 356.24 331.44 308.11 286.29 265.98 247.20 229.90 214.05 199.60 186.48 174.61 163.92 154.32 145.73 138.07 131.25 125.20 119.86 115.14 111.00 107.37 104.20 101.44 99.06 97.00 95.25 93.75 92.49 91.44 90.58 89.87 89.31 88.87 88.54 88.31 79.46 79.39 70.67 61.97 53.27 35.68 0.00 0.00 
0.00 639.38 946.85 1082.38 1210.70 1332.63 1306.80 1420.90 1392.65 1363.38 1333.58 1303.43 1272.87 1241.84 1210.32 1178.32 1145.86 1112.98 1079.71 1046.09 1012.16 977.96 943.53 908.91 874.16 839.32 804.44 769.58 734.82 700.22 665.86 631.85 598.28 565.25 532.88 501.28 470.57 440.87 412.28 384.91 358.85 334.17 310.93 289.15 268.86 250.06 232.71 216.79 202.24 189.01 177.01 166.18 156.44 147.70 139.89 132.93 126.75 121.27 116.43 112.17 108.43 105.16 102.31 99.84 97.71 95.88 94.32 93.00 91.89 90.98 90.23 89.62 89.14 88.77 88.50 79.62 79.52 70.77 62.03 53.30 35.66 0.00 0.00 
0.00 804.49 950.83 1236.98 1213.69 1334.74 1451.00 1422.47 1393.36 1363.51 1333.26 1302.90 1272.24 1241.15 1209.60 1177.59 1145.13 1112.26 1079.02 1045.44 1011.56 977.42 943.06 908.53 873.86 839.12 804.34 769.61 734.97 700.52 666.32 632.47 599.06 566.21 534.01 502.59 472.05 442.51 414.07 386.83 360.88 336.29 313.10 291.36 271.09 252.27 234.88 218.91 204.29 190.97 178.87 167.94 158.09 149.24 141.32 134.25 127.96 122.38 117.44 113.09 109.27 105.92 103.00 100.46 98.26 96.37 94.76 93.39 92.25 91.29 90.50 89.87 89.36 88.96 88.65 88.45 79.62 70.83 70.85 53.31 44.53 0.00 0.00 
0.00 809.17 1032.05 1239.59 1215.67 1336.30 1452.13 1423.43 1393.84 1363.58 1464.70 1432.64 1399.55 1365.63 1331.03 1295.83 1260.12 1223.94 1187.35 1150.39 1113.09 1075.52 1037.70 999.70 961.55 923.30 885.03 846.80 808.67 770.73 733.07 695.78 658.98 622.77 587.29 552.65 518.98 486.41 455.06 425.03 396.43 369.32 343.78 319.84 297.52 276.81 257.70 240.15 224.09 209.46 196.19 184.20 173.40 163.71 155.03 147.29 140.41 134.30 128.90 124.14 119.96 116.30 113.10 110.33 107.93 105.87 104.10 102.61 101.36 100.32 99.47 98.79 89.50 89.08 88.75 88.52 79.67 79.61 70.86 62.12 44.51 8.96 0.00 
0.00 811.50 1033.82 1241.14 1216.85 1337.33 1453.00 1424.06 1394.27 1363.86 1464.87 1432.71 1399.54 1365.57 1330.92 1295.70 1259.97 1223.79 1187.20 1150.24 1112.96 1075.40 1037.61 999.64 961.52 923.32 885.09 846.90 808.82 770.94 733.33 696.10 659.36 623.22 587.80 553.21 519.60 487.08 455.78 425.79 397.22 370.14 344.61 320.68 298.36 277.64 258.51 240.93 224.85 210.19 196.88 184.85 174.01 164.28 155.56 147.78 140.86 134.71 129.28 124.48 120.27 116.58 113.35 110.55 108.13 106.05 104.26 102.75 101.48 100.43 99.56 98.87 89.56 89.13 88.79 88.55 79.68 79.61 70.84 62.09 44.48 8.95 0.00 
0.00 811.33 955.83 1241.61 1217.30 1337.86 1453.56 1424.37 1394.64 1364.32 1333.73 1303.10 1272.21 1240.96 1209.29 1177.19 1144.69 1111.80 1078.56 1045.00 1011.16 977.08 942.79 908.34 873.78 839.15 804.50 769.90 735.42 701.13 667.10 633.42 600.20 567.53 535.51 504.26 473.89 444.51 416.21 389.09 363.24 338.71 315.58 293.86 273.57 254.73 237.30 221.25 206.55 193.13 180.92 169.87 159.90 150.93 142.89 135.70 129.29 123.60 118.56 114.11 110.19 106.75 103.74 101.13 98.86 96.91 95.23 93.81 92.61 91.61 90.78 90.10 89.56 89.12 88.77 88.52 79.65 70.82 70.80 53.22 44.42 0.00 0.00 
0.00 649.26 954.76 1089.34 1216.79 1337.86 1310.68 1424.06 1394.85 1364.72 1334.31 1303.69 1272.77 1241.47 1209.76 1177.63 1145.09 1112.18 1078.91 1045.33 1011.47 977.36 943.06 908.59 874.01 839.35 804.69 770.06 735.55 701.22 667.16 633.44 600.18 567.46 535.39 504.09 473.66 444.22 415.87 388.71 362.81 338.25 315.08 293.34 273.05 254.19 236.76 220.72 206.03 192.63 180.45 169.42 159.47 150.53 142.52 135.35 128.97 123.31 118.29 113.86 109.96 106.54 103.55 100.96 98.70 96.76 95.10 93.69 92.50 91.50 90.68 90.01 89.46 89.03 88.69 79.73 79.57 70.75 61.95 53.15 35.49 0.00 0.00 
0.00 644.86 953.18 1088.44 1215.95 1337.32 1310.57 1423.98 1395.02 1364.95 1334.83 1304.38 1273.54 1242.27 1210.56 1178.40 1145.83 1112.88 1079.57 1045.95 1012.04 977.90 943.55 909.03 874.39 839.69 804.96 770.27 735.68 701.27 667.11 633.29 599.91 567.08 534.89 503.47 472.92 443.36 414.89 387.62 361.63 336.99 313.77 291.98 271.66 252.80 235.38 219.37 204.71 191.36 179.24 168.27 158.40 149.52 141.58 134.49 128.18 122.58 117.62 113.25 109.40 106.04 103.09 100.54 98.33 96.42 94.79 93.41 92.24 91.27 90.47 89.82 89.29 88.87 88.55 79.61 79.45 70.64 61.85 53.06 35.44 0.00 0.00 
0.00 321.74 793.36 933.21 1064.58 1189.72 1309.68 1283.04 1256.09 1364.44 1335.14 1305.07 1274.43 1243.25 1211.57 1179.40 1146.80 1113.81 1080.45 1046.77 1012.81 978.60 944.19 909.61 874.90 840.11 805.29 770.50 735.80 701.26 666.97 633.01 599.47 566.47 534.11 502.50 471.78 442.05 413.42 386.01 359.89 335.15 311.84 290.00 269.65 250.78 233.39 217.41 202.82 189.54 177.50 166.64 156.86 148.09 140.25 133.26 127.05 121.54 116.67 112.38 108.62 105.32 102.45 99.95 97.79 95.94 94.36 93.02 91.89 90.95 90.19 89.57 89.08 79.96 79.66 79.44 70.58 61.75 52.95 44.15 17.70 0.00 0.00 
0.00 0.00 631.63 930.38 1062.66 1188.42 1165.33 1282.17 1256.21 1229.19 1201.78 1174.69 1147.23 1119.25 1090.78 1061.85 1032.51 1002.80 972.77 942.44 911.85 881.04 850.04 818.90 787.63 756.29 724.93 693.58 662.32 631.20 600.29 569.67 539.43 509.67 480.49 451.99 424.27 397.46 371.64 346.91 323.36 301.05 280.04 260.36 242.03 225.05 209.39 195.03 181.91 169.97 159.17 149.42 140.65 132.79 125.76 119.51 113.95 109.02 104.67 100.84 97.48 94.53 91.97 89.74 87.82 86.17 84.76 83.57 82.57 81.74 81.06 80.51 80.08 79.73 79.45 70.54 70.40 61.60 52.82 35.25 0.00 0.00 0.00 
0.00 0.00 157.05 619.62 909.97 1039.60 1019.65 1139.77 1116.76 1092.60 1201.32 1175.34 1148.31 1120.51 1092.09 1063.16 1033.78 1004.02 973.92 943.51 912.85 881.96 850.88 819.64 788.27 756.82 725.33 693.85 662.43 631.14 600.04 569.22 538.76 508.76 479.34 450.59 422.63 395.58 369.54 344.61 320.88 298.43 277.32 257.57 239.21 222.22 206.60 192.30 179.27 167.45 156.77 147.15 138.52 130.81 123.93 117.82 112.39 107.60 103.37 99.66 96.40 93.56 91.09 88.95 87.10 85.52 84.17 83.04 82.09 81.31 80.68 80.18 71.05 70.75 70.51 61.62 61.49 52.70 35.16 8.79 0.00 0.00 0.00 
0.00 0.00 0.00 307.87 607.17 889.43 873.27 997.09 977.41 1092.17 1068.96 1045.49 1021.41 996.71 971.46 945.72 919.59 893.10 866.30 839.24 811.95 784.45 756.78 728.97 701.04 673.03 644.98 616.93 588.93 561.03 533.29 505.79 478.61 451.83 425.55 399.87 374.90 350.73 327.46 305.20 284.02 263.99 245.16 227.57 211.22 196.12 182.25 169.56 158.02 147.57 138.13 129.65 122.05 115.27 109.23 103.86 99.11 94.92 91.22 87.98 85.14 82.66 80.51 78.65 77.05 75.68 74.51 73.54 72.72 72.05 71.51 71.09 70.76 61.77 61.55 52.69 52.59 35.08 17.53 0.00 0.00 0.00 0.00 
0.00 0.00 0.00 0.00 0.00 590.68 726.19 854.20 838.20 820.33 935.12 915.25 894.39 872.84 850.74 828.20 805.30 782.09 758.61 734.89 710.97 686.87 662.62 638.24 613.76 589.20 564.60 539.98 515.41 490.91 466.55 442.38 418.49 394.94 371.82 349.22 327.24 305.96 285.49 265.90 247.27 229.66 213.12 197.69 183.36 170.15 158.02 146.95 136.90 127.81 119.62 112.27 105.69 99.83 94.62 90.00 85.91 82.31 79.14 76.37 73.94 71.82 69.99 68.40 67.04 65.88 64.89 64.07 63.38 62.82 62.37 62.02 53.01 52.79 52.60 43.77 34.98 8.74 0.00 0.00 0.00 0.00 0.00 
0.00 0.00 0.00 0.00 0.00 0.00 288.70 568.47 559.19 683.16 668.70 654.13 639.13 623.69 607.89 591.78 575.41 558.82 542.03 525.09 507.99 490.77 473.44 456.02 438.52 420.97 403.38 385.79 368.22 350.70 333.28 316.00 298.90 282.05 265.50 249.32 233.58 218.34 203.68 189.65 176.30 163.70 151.86 140.81 130.57 121.12 112.46 104.56 97.39 90.91 85.07 79.84 75.16 71.00 67.30 64.02 61.12 58.57 56.32 54.36 52.64 51.15 49.85 48.73 47.77 46.95 46.25 45.67 45.19 44.80 44.48 44.24 44.05 35.14 34.97 17.45 0.00 0.00 0.00 0.00 0.00 0.00 0.00 
0.00 0.00 0.00 0.00 0.00 0.00 0.00 0.00 0.00 0.00 132.13 130.33 127.79 124.89 121.80 118.60 115.33 112.00 108.64 105.23 101.80 98.34 94.86 91.36 87.84 84.31 80.77 77.23 73.68 70.14 66.62 63.12 59.65 56.23 52.87 49.58 46.38 43.28 40.29 37.44 34.73 32.18 29.79 27.56 25.51 23.62 21.90 20.33 18.92 17.65 16.51 15.49 14.59 13.79 13.08 12.46 11.91 11.43 11.00 10.63 10.31 10.03 9.79 9.59 9.41 9.26 9.13 9.03 8.94 8.88 8.83 8.80 0.00 0.00 0.00 0.00 0.00 0.00 0.00 0.00 0.00 0.00 0.00 
0.00 0.00 0.00 0.00 0.00 0.00 0.00 0.00 0.00 0.00 0.00 0.00 0.00 0.00 0.00 0.00 0.00 0.00 0.00 0.00 0.00 0.00 0.00 0.00 0.00 0.00 0.00 0.00 0.00 0.00 0.00 0.00 0.00 0.00 0.00 0.00 0.00 0.00 0.00 0.00 0.00 0.00 0.00 0.00 0.00 0.00 0.00 0.00 0.00 0.00 0.00 0.00 0.00 0.00 0.00 0.00 0.00 0.00 0.00 0.00 0.00 0.00 0.00 0.00 0.00 0.00 0.00 0.00 0.00 0.00 0.00 0.00 0.00 0.00 0.00 0.00 0.00 0.00 0.00 0.00 0.00 0.00 0.00 
