0.00 0.00 0.00 0.00 0.00 0.00 0.00 0.00 0.00 0.00 37.00 36.97 36.94 36.91 36.89 36.87 36.85 36.84 36.84 36.85 36.86 36.88 36.91 36.95 37.00 37.05 37.12 37.19 37.27 37.35 37.45 37.55 37.66 37.78 37.90 38.03 38.17 38.32 38.47 38.62 38.78 38.94 39.11 39.28 39.45 39.62 39.79 39.96 40.13 40.30 40.46 40.61 40.75 40.89 41.01 41.11 41.20 41.27 41.31 41.32 41.30 41.24 41.14 40.97 40.75 40.45 40.06 39.57 38.98 38.28 37.54 36.90 0.00 0.00 0.00 0.00 0.00 0.00 0.00 0.00 0.00 0.00 0.00 
0.00 0.00 0.00 0.00 0.00 0.00 74.45 148.71 148.53 185.36 185.11 184.89 184.70 184.53 184.39 184.28 184.20 184.15 184.15 184.18 184.25 184.35 184.50 184.69 184.93 185.20 185.51 185.87 186.26 186.70 187.17 187.69 188.24 188.83 189.45 190.11 190.80 191.53 192.28 193.05 193.85 194.67 195.50 196.35 197.21 198.07 198.93 199.79 200.64 201.47 202.27 203.04 203.77 204.45 205.07 205.61 206.06 206.41 206.65 206.73 206.66 206.39 205.89 205.12 204.05 202.60 200.70 198.27 195.19 191.34 186.55 180.65 173.31 130.71 123.60 57.52 0.00 0.00 0.00 0.00 0.00 0.00 0.00 
0.00 0.00 0.00 0.00 0.00 149.21 186.25 223.14 222.85 222.57 259.32 259.05 258.79 258.57 258.38 258.23 258.13 258.08 258.07 258.12 258.22 258.37 258.58 258.85 259.17 259.55 259.99 260.49 261.04 261.64 262.30 263.02 263.78 264.60 265.47 266.38 267.34 268.34 269.37 270.45 271.55 272.68 273.83 275.00 276.17 277.36 278.54 279.71 280.86 281.99 283.07 284.11 285.08 285.98 286.79 287.48 288.05 288.46 288.69 288.72 288.50 287.99 287.16 285.93 284.24 282.02 279.15 275.51 270.97 265.37 258.54 250.39 204.42 193.30 181.30 137.37 98.73 21.45 0.00 0.00 0.00 0.00 0.00 
0.00 0.00 0.00 74.93 149.64 223.99 223.67 260.54 260.22 296.97 296.65 296.34 296.07 295.82 295.62 295.46 295.35 295.30 295.30 295.36 295.47 295.65 295.90 296.20 296.57 297.01 297.50 298.06 298.69 299.38 300.13 300.94 301.80 302.73 303.71 304.74 305.82 306.94 308.11 309.32 310.56 311.82 313.11 314.42 315.74 317.05 318.37 319.67 320.94 322.17 323.36 324.49 325.54 326.49 327.33 328.04 328.59 328.95 329.09 328.98 328.58 327.83 326.69 325.07 322.91 320.10 316.54 312.08 306.57 299.83 291.65 281.79 269.88 221.38 206.71 159.38 142.88 79.45 34.56 0.00 0.00 0.00 0.00 
0.00 0.00 0.00 149.98 224.58 261.55 261.20 298.02 297.65 297.30 334.00 333.68 333.38 333.12 332.91 332.74 332.63 332.57 332.58 332.65 332.79 332.99 333.27 333.61 334.03 334.51 335.07 335.70 336.40 337.17 338.00 338.90 339.87 340.90 341.99 343.14 344.34 345.59 346.88 348.22 349.59 350.99 352.42 353.86 355.30 356.75 358.19 359.61 360.99 362.33 363.61 364.82 365.93 366.93 367.79 368.49 369.01 369.30 369.34 369.08 368.47 367.46 365.98 363.96 361.29 357.89 353.61 348.32 341.85 334.00 324.62 313.57 264.24 249.24 232.29 182.09 162.57 118.25 63.34 13.58 0.00 0.00 0.00 
0.00 0.00 150.44 225.20 262.23 299.15 298.74 335.51 335.11 334.72 334.36 334.03 333.75 333.50 333.29 333.13 333.03 332.98 333.00 333.08 333.22 333.43 333.70 334.05 334.46 334.95 335.50 336.13 336.82 337.58 338.41 339.30 340.26 341.28 342.35 343.48 344.67 345.90 347.17 348.49 349.83 351.21 352.60 354.01 355.42 356.83 358.22 359.59 360.92 362.20 363.42 364.55 365.59 366.50 367.27 367.86 368.26 368.43 368.32 367.90 367.11 365.90 364.20 361.93 359.00 355.30 350.71 345.09 338.26 330.03 320.19 308.45 294.23 277.59 258.80 206.35 184.60 136.96 95.73 49.86 0.00 0.00 0.00 
0.00 75.45 188.22 225.46 262.50 299.42 336.26 335.82 335.41 372.11 371.73 371.38 371.07 370.80 370.57 370.41 370.30 370.25 370.27 370.36 370.53 370.76 371.07 371.45 371.91 372.45 373.07 373.76 374.52 375.36 376.28 377.27 378.32 379.44 380.63 381.87 383.18 384.53 385.93 387.37 388.85 390.36 391.88 393.42 394.97 396.50 398.02 399.51 400.95 402.33 403.64 404.85 405.94 406.90 407.69 408.28 408.65 408.74 408.54 407.97 406.99 405.53 403.52 400.86 397.47 393.23 387.99 381.61 373.90 364.66 353.68 340.75 325.74 273.47 254.56 233.08 182.44 135.82 95.29 62.87 19.62 0.00 0.00 
0.00 150.97 226.06 263.20 300.16 337.00 336.53 373.27 372.83 372.41 372.04 371.69 371.39 371.13 370.92 370.76 370.66 370.63 370.65 370.75 370.91 371.15 371.46 371.85 372.31 372.85 373.46 374.14 374.91 375.74 376.65 377.63 378.67 379.78 380.95 382.19 383.47 384.81 386.19 387.61 389.06 390.54 392.04 393.55 395.06 396.56 398.03 399.47 400.87 402.19 403.44 404.59 405.61 406.48 407.19 407.69 407.95 407.93 407.59 406.89 405.75 404.12 401.93 399.08 395.48 391.00 385.53 378.91 370.96 361.49 350.30 337.16 321.87 304.06 284.34 230.61 207.58 157.93 114.37 78.89 40.64 0.00 0.00 
0.00 151.13 226.28 263.40 300.38 337.22 336.76 373.50 373.07 372.67 372.31 371.98 371.68 371.43 371.23 371.08 370.99 370.96 371.00 371.10 371.27 371.51 371.82 372.20 372.66 373.20 373.81 374.49 375.25 376.08 376.98 377.95 378.99 380.09 381.25 382.47 383.74 385.06 386.42 387.82 389.25 390.71 392.18 393.66 395.14 396.60 398.04 399.44 400.79 402.07 403.26 404.34 405.30 406.11 406.73 407.15 407.32 407.20 406.75 405.92 404.66 402.89 400.54 397.53 393.75 389.10 383.44 376.64 368.52 358.90 347.60 334.40 319.16 301.82 282.54 229.69 207.52 159.25 117.40 82.80 44.37 0.00 0.00 
0.00 189.08 226.46 301.07 300.57 337.40 374.16 373.70 373.27 372.88 372.52 372.19 371.91 371.67 371.47 371.33 371.25 371.22 371.26 371.37 371.54 371.78 372.10 372.48 372.94 373.48 374.09 374.77 375.52 376.34 377.24 378.20 379.23 380.32 381.48 382.68 383.94 385.25 386.60 387.98 389.40 390.83 392.28 393.74 395.19 396.63 398.03 399.40 400.71 401.95 403.10 404.14 405.05 405.80 406.37 406.72 406.82 406.62 406.09 405.18 403.82 401.95 399.50 396.38 392.49 387.73 381.98 375.08 366.90 357.25 345.95 332.79 317.56 300.43 281.39 260.20 208.21 160.67 139.71 86.76 61.07 0.00 0.00 
0.00 189.23 245.41 301.20 300.69 337.52 374.28 373.82 373.40 373.02 409.67 409.33 409.03 408.77 408.56 408.40 408.31 408.29 408.33 408.45 408.64 408.90 409.25 409.67 410.18 410.77 411.44 412.18 413.01 413.92 414.91 415.97 417.10 418.30 419.56 420.89 422.28 423.72 425.20 426.72 428.28 429.86 431.46 433.06 434.66 436.24 437.79 439.29 440.74 442.11 443.38 444.53 445.53 446.37 447.01 447.41 447.54 447.36 446.81 445.85 444.42 442.44 439.83 436.51 432.38 427.33 421.21 413.91 405.26 395.11 383.33 369.81 317.25 300.28 281.60 261.09 209.15 186.44 142.51 105.99 64.45 9.73 0.00 
0.00 189.30 245.47 301.26 300.74 337.57 374.34 373.88 373.47 373.09 409.75 409.41 409.11 408.86 408.65 408.50 408.41 408.39 408.44 408.55 408.75 409.01 409.36 409.79 410.29 410.88 411.55 412.30 413.12 414.03 415.01 416.07 417.19 418.39 419.65 420.98 422.36 423.79 425.26 426.78 428.33 429.90 431.49 433.08 434.66 436.23 437.77 439.26 440.69 442.04 443.29 444.42 445.41 446.22 446.84 447.22 447.33 447.12 446.56 445.58 444.12 442.13 439.52 436.20 432.08 427.05 420.98 413.73 405.18 395.16 383.54 370.23 317.96 301.33 283.07 263.08 211.60 189.43 146.02 109.56 67.64 9.95 0.00 
0.00 189.29 226.63 301.24 300.73 337.56 374.33 373.87 373.46 373.09 372.74 372.43 372.16 371.93 371.75 371.62 371.55 371.53 371.58 371.69 371.87 372.12 372.43 372.82 373.28 373.81 374.42 375.10 375.84 376.66 377.55 378.50 379.52 380.60 381.74 382.93 384.17 385.46 386.79 388.15 389.54 390.95 392.37 393.79 395.21 396.61 397.97 399.29 400.56 401.75 402.84 403.83 404.68 405.36 405.86 406.15 406.18 405.92 405.33 404.35 402.94 401.04 398.56 395.44 391.58 386.89 381.26 374.55 366.63 357.35 346.54 334.02 319.61 303.49 285.76 266.11 215.61 169.31 150.13 96.97 70.78 0.00 0.00 
0.00 151.43 226.55 263.67 300.64 337.49 337.02 373.79 373.38 373.01 372.67 372.37 372.10 371.88 371.70 371.57 371.50 371.48 371.53 371.64 371.82 372.07 372.38 372.77 373.23 373.76 374.37 375.05 375.79 376.61 377.50 378.45 379.47 380.55 381.69 382.88 384.13 385.41 386.74 388.10 389.49 390.90 392.33 393.75 395.17 396.57 397.94 399.26 400.53 401.73 402.83 403.82 404.68 405.38 405.89 406.20 406.25 406.02 405.47 404.54 403.18 401.34 398.95 395.93 392.19 387.64 382.17 375.65 367.95 358.92 348.41 336.26 322.36 306.76 289.72 239.03 219.79 173.53 133.32 99.59 58.39 0.00 0.00 
0.00 151.28 226.43 263.55 300.50 337.35 336.88 373.65 373.24 372.86 372.53 372.22 371.96 371.73 371.55 371.42 371.35 371.33 371.38 371.49 371.67 371.91 372.23 372.62 373.08 373.61 374.22 374.89 375.64 376.46 377.35 378.31 379.33 380.41 381.56 382.75 384.00 385.29 386.63 387.99 389.39 390.81 392.24 393.67 395.10 396.51 397.89 399.23 400.52 401.73 402.85 403.87 404.75 405.48 406.04 406.38 406.49 406.32 405.83 404.99 403.73 402.00 399.74 396.87 393.32 388.97 383.74 377.50 370.11 361.43 351.31 339.60 326.18 310.80 294.09 243.34 224.30 177.48 135.94 100.67 56.26 0.00 0.00 
0.00 75.62 188.62 225.83 262.88 299.82 336.68 336.27 335.90 372.65 372.32 372.02 371.75 371.53 371.34 371.21 371.13 371.12 371.16 371.27 371.44 371.69 372.00 372.39 372.85 373.38 373.99 374.67 375.42 376.25 377.14 378.10 379.12 380.21 381.36 382.56 383.82 385.12 386.46 387.84 389.25 390.68 392.12 393.57 395.01 396.44 397.84 399.20 400.51 401.75 402.91 403.96 404.88 405.66 406.27 406.67 406.85 406.76 406.36 405.62 404.49 402.91 400.82 398.14 394.81 390.73 385.80 379.89 372.88 364.62 354.95 343.74 330.97 281.22 265.88 248.74 201.56 157.87 119.10 86.11 27.86 0.00 0.00 
0.00 0.00 150.77 225.62 262.67 299.60 299.20 336.02 335.66 335.33 335.01 334.74 334.50 334.30 334.14 334.02 333.95 333.94 333.97 334.07 334.23 334.45 334.73 335.08 335.50 335.98 336.52 337.14 337.81 338.55 339.36 340.22 341.15 342.13 343.16 344.25 345.38 346.55 347.76 349.00 350.27 351.56 352.86 354.17 355.47 356.76 358.03 359.26 360.45 361.57 362.62 363.57 364.42 365.14 365.70 366.09 366.27 366.22 365.91 365.29 364.33 362.97 361.17 358.87 355.99 352.46 348.19 343.07 336.99 329.81 321.38 311.47 299.62 286.31 271.77 223.08 206.83 162.49 122.82 70.68 0.00 0.00 0.00 
0.00 0.00 37.67 150.34 224.99 261.99 261.65 298.54 298.23 297.94 334.71 334.45 334.22 334.01 333.85 333.72 333.65 333.63 333.66 333.76 333.91 334.13 334.41 334.76 335.18 335.66 336.20 336.82 337.50 338.25 339.05 339.92 340.86 341.84 342.89 343.98 345.12 346.31 347.53 348.79 350.07 351.38 352.70 354.03 355.36 356.67 357.97 359.23 360.45 361.62 362.71 363.72 364.62 365.39 366.03 366.49 366.77 366.82 366.63 366.14 365.33 364.16 362.57 360.50 357.89 354.67 350.75 346.03 340.40 333.74 325.91 316.87 269.31 257.64 245.12 198.69 184.79 143.23 84.30 17.28 0.00 0.00 0.00 
0.00 0.00 0.00 75.11 149.93 224.36 224.09 261.04 260.79 297.64 297.38 297.15 296.94 296.75 296.61 296.49 296.43 296.41 296.44 296.52 296.65 296.85 297.10 297.41 297.78 298.21 298.69 299.24 299.85 300.51 301.23 302.01 302.84 303.72 304.65 305.63 306.65 307.71 308.80 309.92 311.07 312.24 313.43 314.62 315.81 316.99 318.16 319.30 320.40 321.45 322.44 323.36 324.18 324.91 325.50 325.96 326.24 326.34 326.23 325.86 325.23 324.27 322.97 321.26 319.09 316.40 313.12 309.16 304.42 298.79 292.15 284.32 275.03 228.94 218.75 174.75 163.40 97.44 42.15 0.00 0.00 0.00 0.00 
0.00 0.00 0.00 0.00 0.00 149.42 186.53 223.55 223.37 223.17 260.04 259.85 259.67 259.51 259.38 259.28 259.22 259.20 259.22 259.29 259.41 259.58 259.80 260.07 260.39 260.77 261.20 261.68 262.21 262.79 263.43 264.11 264.84 265.61 266.43 267.29 268.19 269.12 270.08 271.07 272.09 273.12 274.17 275.22 276.27 277.32 278.35 279.36 280.34 281.28 282.17 282.99 283.74 284.40 284.96 285.39 285.68 285.82 285.77 285.52 285.03 284.29 283.24 281.86 280.10 277.90 275.21 271.96 268.06 263.44 258.01 251.76 207.31 199.65 192.05 150.49 112.29 24.92 0.00 0.00 0.00 0.00 0.00 
0.00 0.00 0.00 0.00 0.00 0.00 74.54 148.90 148.81 185.84 185.69 185.56 185.44 185.33 185.23 185.16 185.12 185.10 185.12 185.17 185.25 185.37 185.53 185.72 185.95 186.22 186.53 186.87 187.25 187.67 188.12 188.61 189.13 189.69 190.27 190.89 191.53 192.19 192.88 193.59 194.32 195.06 195.81 196.56 197.31 198.06 198.80 199.53 200.23 200.91 201.54 202.14 202.68 203.15 203.55 203.87 204.09 204.19 204.17 204.00 203.67 203.16 202.44 201.48 200.26 198.74 196.87 194.63 191.94 188.75 185.01 180.64 175.40 134.80 131.57 62.95 0.00 0.00 0.00 0.00 0.00 0.00 0.00 
0.00 0.00 0.00 0.00 0.00 0.00 0.00 0.00 0.00 0.00 37.07 37.05 37.03 37.01 36.99 36.97 36.96 36.96 36.96 36.97 36.99 37.01 37.04 37.08 37.12 37.18 37.24 37.31 37.39 37.47 37.56 37.66 37.77 37.88 38.00 38.12 38.25 38.39 38.53 38.67 38.82 38.97 39.13 39.28 39.44 39.59 39.75 39.90 40.04 40.19 40.32 40.45 40.57 40.67 40.77 40.84 40.90 40.94 40.96 40.95 40.91 40.83 40.73 40.57 40.38 40.13 39.83 39.46 39.02 38.52 37.97 37.49 0.00 0.00 0.00 0.00 0.00 0.00 0.00 0.00 0.00 0.00 0.00 
0.00 0.00 0.00 0.00 0.00 0.00 0.00 0.00 0.00 0.00 0.00 0.00 0.00 0.00 0.00 0.00 0.00 0.00 0.00 0.00 0.00 0.00 0.00 0.00 0.00 0.00 0.00 0.00 0.00 0.00 0.00 0.00 0.00 0.00 0.00 0.00 0.00 0.00 0.00 0.00 0.00 0.00 0.00 0.00 0.00 0.00 0.00 0.00 0.00 0.00 0.00 0.00 0.00 0.00 0.00 0.00 0.00 0.00 0.00 0.00 0.00 0.00 0.00 0.00 0.00 0.00 0.00 0.00 0.00 0.00 0.00 0.00 0.00 0.00 0.00 0.00 0.00 0.00 0.00 0.00 0.00 0.00 0.00 
