0.00 0.00 0.00 0.00 0.00 0.00 0.00 0.00 0.00 0.00 18.66 20.50 23.26 26.54 30.09 33.72 37.29 40.70 43.90 46.85 49.55 52.02 54.27 56.33 58.22 59.96 61.56 63.05 64.43 65.72 66.92 68.05 69.11 70.11 71.05 71.94 72.79 73.59 74.36 75.09 75.79 76.46 77.10 77.71 78.31 78.88 79.43 79.96 80.48 80.98 81.47 81.95 82.41 82.86 83.31 83.74 84.17 84.59 85.00 85.41 85.81 86.21 86.60 86.98 87.36 87.73 88.10 88.46 88.80 89.12 89.41 89.61 0.00 0.00 0.00 0.00 0.00 0.00 0.00 0.00 0.00 0.00 0.00 
0.00 0.00 0.00 0.00 0.00 0.00 20.81 45.90 50.30 72.60 83.96 97.66 113.69 131.42 150.09 168.91 187.21 204.52 220.59 235.34 248.79 261.04 272.20 282.40 291.75 300.35 308.30 315.66 322.51 328.90 334.88 340.49 345.76 350.73 355.42 359.87 364.08 368.09 371.91 375.55 379.03 382.36 385.55 388.62 391.58 394.42 397.18 399.84 402.42 404.93 407.37 409.74 412.06 414.32 416.54 418.71 420.84 422.94 425.00 427.03 429.03 431.01 432.96 434.88 436.78 438.66 440.50 442.32 444.09 445.82 447.49 449.10 450.67 361.87 362.79 181.90 0.00 0.00 0.00 0.00 0.00 0.00 0.00 
0.00 0.00 0.00 0.00 0.00 36.42 49.25 66.11 74.90 87.74 121.29 140.21 162.04 185.97 211.07 236.38 261.11 284.66 306.69 327.06 345.77 362.90 378.59 392.98 406.20 418.40 429.68 440.14 449.87 458.95 467.45 475.42 482.92 489.98 496.64 502.96 508.94 514.62 520.03 525.19 530.12 534.84 539.36 543.71 547.89 551.92 555.81 559.57 563.22 566.75 570.19 573.54 576.81 580.00 583.12 586.18 589.18 592.13 595.03 597.88 600.69 603.46 606.20 608.89 611.55 614.17 616.75 619.28 621.76 624.17 626.48 628.68 540.99 542.91 544.62 455.44 365.47 91.68 0.00 0.00 0.00 0.00 0.00 
0.00 0.00 0.00 14.96 31.69 52.23 57.97 78.79 90.94 122.21 141.87 163.86 188.30 214.68 242.18 269.94 297.15 323.25 347.84 370.75 391.94 411.47 429.45 446.01 461.28 475.40 488.48 500.62 511.93 522.49 532.37 541.64 550.35 558.56 566.31 573.64 580.58 587.18 593.46 599.44 605.15 610.62 615.86 620.89 625.72 630.38 634.88 639.22 643.43 647.52 651.48 655.35 659.11 662.79 666.38 669.90 673.35 676.74 680.06 683.34 686.56 689.74 692.87 695.95 698.99 701.98 704.92 707.81 710.63 713.39 716.06 718.65 721.20 633.50 635.61 546.90 548.65 367.29 184.19 0.00 0.00 0.00 0.00 
0.00 0.00 0.00 28.98 46.44 61.16 69.86 93.11 107.74 125.56 164.10 188.02 214.75 243.49 273.38 303.55 333.23 361.80 388.88 414.27 437.88 459.76 480.00 498.70 516.00 532.04 546.92 560.76 573.66 585.71 596.99 607.57 617.52 626.90 635.74 644.11 652.04 659.57 666.73 673.55 680.06 686.28 692.25 697.97 703.47 708.77 713.88 718.82 723.60 728.24 732.74 737.12 741.39 745.55 749.62 753.60 757.51 761.34 765.10 768.79 772.43 776.01 779.54 783.01 786.43 789.79 793.10 796.34 799.51 802.61 805.60 808.46 721.45 724.08 726.56 638.25 640.42 551.07 368.97 92.54 0.00 0.00 0.00 
0.00 0.00 26.49 42.16 54.84 71.92 82.62 107.92 124.59 144.35 166.90 191.18 217.46 245.35 274.22 303.34 332.03 359.79 386.25 411.19 434.54 456.29 476.51 495.28 512.71 528.90 543.96 557.99 571.09 583.33 594.80 605.56 615.68 625.21 634.20 642.71 650.77 658.41 665.68 672.61 679.21 685.52 691.57 697.37 702.94 708.30 713.47 718.47 723.30 727.98 732.53 736.95 741.25 745.45 749.55 753.56 757.49 761.34 765.12 768.83 772.48 776.07 779.61 783.08 786.50 789.87 793.17 796.41 799.59 802.70 805.73 808.71 811.71 814.64 817.44 729.48 732.00 643.10 553.56 370.74 0.00 0.00 0.00 
0.00 12.32 32.32 41.80 55.98 73.94 95.90 110.89 128.30 163.96 187.79 214.38 243.25 273.82 305.38 337.17 368.52 398.87 427.86 455.26 480.98 505.00 527.40 548.24 567.63 585.68 602.50 618.18 632.84 646.55 659.40 671.47 682.82 693.51 703.60 713.14 722.18 730.76 738.91 746.67 754.08 761.15 767.93 774.42 780.66 786.66 792.45 798.04 803.45 808.68 813.76 818.70 823.51 828.20 832.78 837.25 841.63 845.93 850.14 854.27 858.34 862.33 866.26 870.12 873.92 877.66 881.33 884.93 888.46 891.92 895.29 898.58 901.77 814.74 817.64 820.50 732.17 643.29 553.80 463.56 186.36 0.00 0.00 
0.00 24.50 38.18 49.88 65.58 85.17 98.32 125.88 144.68 166.64 190.82 217.23 245.60 275.44 306.14 337.07 367.61 397.28 425.72 452.73 478.19 502.08 524.42 545.28 564.75 582.91 599.87 615.71 630.52 644.39 657.40 669.62 681.12 691.95 702.17 711.84 720.99 729.68 737.93 745.79 753.28 760.44 767.29 773.85 780.16 786.22 792.06 797.70 803.16 808.44 813.56 818.54 823.38 828.10 832.71 837.21 841.61 845.92 850.15 854.30 858.37 862.37 866.31 870.18 873.98 877.71 881.38 884.98 888.51 891.96 895.35 898.66 901.92 905.15 908.24 820.61 823.47 734.96 645.85 556.02 372.54 0.00 0.00 
0.00 23.99 38.06 50.76 66.95 86.97 100.59 128.30 147.45 169.41 193.68 219.88 247.74 276.89 306.83 336.99 366.83 395.90 423.87 450.53 475.76 499.51 521.81 542.68 562.21 580.46 597.53 613.50 628.45 642.46 655.61 667.96 679.58 690.54 700.88 710.66 719.91 728.70 737.04 744.98 752.55 759.78 766.70 773.33 779.69 785.81 791.71 797.39 802.89 808.21 813.37 818.38 823.26 828.00 832.64 837.16 841.58 845.91 850.15 854.32 858.40 862.41 866.35 870.22 874.02 877.75 881.41 885.00 888.52 891.98 895.36 898.68 901.95 905.15 908.24 820.57 823.42 734.85 645.62 555.69 372.11 0.00 0.00 
0.00 29.50 38.47 59.03 68.01 88.42 112.94 130.02 149.65 171.89 196.17 222.06 249.45 278.06 307.42 337.00 366.32 394.94 422.55 448.94 473.98 497.62 519.86 540.72 560.28 578.59 595.74 611.79 626.84 640.95 654.19 666.65 678.37 689.42 699.85 709.71 719.05 727.91 736.32 744.33 751.97 759.26 766.23 772.91 779.32 785.48 791.42 797.14 802.67 808.03 813.22 818.25 823.15 827.92 832.57 837.12 841.55 845.90 850.15 854.32 858.41 862.43 866.37 870.24 874.04 877.76 881.42 885.00 888.51 891.95 895.32 898.63 901.90 905.10 908.23 911.28 823.29 734.70 737.23 555.31 464.37 0.00 0.00 
0.00 29.18 42.11 59.60 68.83 89.45 114.16 131.36 151.29 173.68 217.36 244.76 274.56 306.08 338.59 371.39 403.86 435.50 465.94 494.97 522.47 548.39 572.75 595.60 617.01 637.05 655.81 673.39 689.87 705.33 719.85 733.51 746.37 758.49 769.94 780.77 791.02 800.75 810.00 818.80 827.19 835.20 842.87 850.21 857.26 864.03 870.56 876.85 882.94 888.82 894.53 900.07 905.46 910.70 915.82 920.81 925.69 930.47 935.14 939.73 944.22 948.64 952.97 957.22 961.39 965.48 969.49 973.41 977.24 980.96 984.57 988.04 901.79 904.99 908.10 911.11 823.14 825.94 736.93 647.20 464.00 93.41 0.00 
0.00 29.12 42.27 59.88 69.24 89.95 114.75 132.07 152.13 174.53 218.20 245.53 275.22 306.60 338.95 371.58 403.88 435.36 465.67 494.58 521.98 547.83 572.14 594.95 616.33 636.37 655.14 672.73 689.23 704.72 719.27 732.95 745.84 758.00 769.48 780.34 790.63 800.39 809.67 818.50 826.91 834.95 842.64 850.01 857.08 863.87 870.42 876.73 882.83 888.73 894.45 900.00 905.40 910.66 915.78 920.78 925.67 930.45 935.13 939.72 944.22 948.63 952.96 957.21 961.37 965.46 969.46 973.37 977.18 980.90 984.49 987.93 901.66 904.82 907.89 910.86 822.85 825.60 736.53 646.77 463.58 93.37 0.00 
0.00 29.26 38.92 59.83 69.16 89.87 114.70 132.14 152.13 174.49 198.68 224.35 251.42 279.61 308.49 337.57 366.38 394.54 421.74 447.77 472.52 495.94 518.02 538.78 558.28 576.58 593.73 609.83 624.93 639.12 652.45 665.00 676.82 687.96 698.49 708.45 717.89 726.84 735.34 743.43 751.15 758.52 765.56 772.31 778.78 785.01 791.00 796.77 802.35 807.75 812.98 818.06 822.99 827.79 832.47 837.03 841.49 845.85 850.12 854.30 858.40 862.41 866.35 870.21 874.00 877.70 881.34 884.89 888.36 891.75 895.06 898.31 901.50 904.61 907.62 910.55 822.43 733.72 736.04 554.05 463.06 0.00 0.00 
0.00 23.45 38.75 51.97 68.67 89.22 103.49 131.75 151.40 173.74 197.97 223.83 251.14 279.56 308.66 337.94 366.91 395.17 422.44 448.50 473.25 496.64 518.68 539.39 558.83 577.06 594.16 610.20 625.26 639.40 652.69 665.20 676.99 688.11 698.61 708.56 717.97 726.91 735.40 743.49 751.19 758.55 765.59 772.33 778.80 785.02 791.01 796.78 802.36 807.75 812.98 818.05 822.99 827.78 832.46 837.02 841.48 845.84 850.10 854.28 858.37 862.38 866.32 870.17 873.95 877.65 881.28 884.82 888.28 891.65 894.95 898.16 901.30 904.35 907.27 819.44 822.03 733.26 643.81 553.64 370.15 0.00 0.00 
0.00 24.09 38.36 51.23 67.73 88.10 102.10 130.41 150.00 172.41 196.70 222.81 250.48 279.33 308.86 338.53 367.84 396.36 423.81 449.98 474.77 498.15 520.14 540.77 560.12 578.26 595.26 611.20 626.16 640.21 653.42 665.85 677.57 688.63 699.09 708.98 718.35 727.25 735.70 743.75 751.43 758.76 765.78 772.50 778.95 785.15 791.12 796.88 802.44 807.82 813.03 818.10 823.01 827.80 832.47 837.02 841.47 845.82 850.08 854.25 858.34 862.34 866.27 870.12 873.90 877.59 881.20 884.73 888.18 891.53 894.80 897.97 901.05 904.08 906.94 819.09 821.63 732.86 643.47 553.41 370.27 0.00 0.00 
0.00 12.18 31.75 43.18 58.45 77.41 100.37 116.45 134.79 171.15 195.10 221.37 249.46 278.87 309.00 339.24 369.04 397.96 425.67 452.01 476.87 500.26 522.19 542.74 561.97 579.98 596.84 612.65 627.49 641.42 654.51 666.85 678.47 689.44 699.81 709.63 718.94 727.78 736.18 744.18 751.81 759.10 766.08 772.76 779.18 785.35 791.30 797.03 802.57 807.93 813.12 818.17 823.07 827.84 832.49 837.03 841.47 845.81 850.06 854.22 858.30 862.30 866.22 870.06 873.83 877.51 881.12 884.64 888.06 891.39 894.62 897.74 900.72 813.52 816.14 818.68 730.10 640.97 551.23 460.84 185.09 0.00 0.00 
0.00 0.00 25.78 42.38 56.98 75.45 87.64 114.19 132.08 152.66 175.25 199.08 224.45 251.04 278.31 305.69 332.66 358.80 383.83 407.58 429.97 451.00 470.71 489.16 506.42 522.57 537.69 551.86 565.16 577.65 589.39 600.45 610.88 620.72 630.03 638.84 647.20 655.13 662.68 669.87 676.72 683.27 689.54 695.55 701.32 706.86 712.21 717.36 722.34 727.16 731.83 736.36 740.77 745.06 749.25 753.33 757.32 761.22 765.04 768.78 772.45 776.04 779.57 783.02 786.41 789.72 792.95 796.10 799.17 802.14 805.02 807.80 810.57 813.24 815.75 727.57 729.71 640.56 550.81 368.40 0.00 0.00 0.00 
0.00 0.00 6.61 27.84 47.60 64.36 74.99 99.79 115.97 134.67 173.50 197.05 222.89 250.24 278.38 306.60 334.29 360.99 386.41 410.39 432.88 453.91 473.55 491.87 508.97 524.95 539.90 553.90 567.02 579.35 590.94 601.86 612.16 621.88 631.08 639.79 648.06 655.91 663.38 670.49 677.29 683.78 689.99 695.95 701.67 707.17 712.47 717.59 722.54 727.32 731.97 736.47 740.86 745.12 749.29 753.35 757.32 761.21 765.02 768.75 772.40 775.99 779.50 782.95 786.33 789.63 792.86 796.01 799.06 802.00 804.82 807.48 720.31 722.68 724.87 636.37 638.20 548.68 366.92 92.09 0.00 0.00 0.00 
0.00 0.00 0.00 14.40 30.70 53.74 62.37 85.19 99.42 132.02 152.06 173.84 197.35 222.16 247.64 273.15 298.12 322.11 344.88 366.29 386.31 404.98 422.37 438.58 453.69 467.80 480.99 493.34 504.92 515.79 526.02 535.65 544.74 553.33 561.45 569.15 576.45 583.39 589.99 596.28 602.29 608.03 613.53 618.80 623.87 628.74 633.43 637.96 642.34 646.58 650.70 654.69 658.58 662.36 666.05 669.65 673.18 676.62 680.00 683.31 686.55 689.74 692.86 695.92 698.92 701.85 704.71 707.50 710.20 712.81 715.31 717.69 720.01 632.16 634.02 545.18 546.66 365.61 183.44 0.00 0.00 0.00 0.00 
0.00 0.00 0.00 0.00 0.00 35.40 50.34 70.77 82.76 97.43 132.09 151.02 171.91 194.10 216.91 239.69 261.91 283.17 303.25 322.06 339.59 355.89 371.04 385.13 398.26 410.51 421.95 432.66 442.70 452.14 461.01 469.37 477.26 484.72 491.77 498.46 504.80 510.83 516.57 522.05 527.27 532.27 537.05 541.64 546.05 550.29 554.38 558.33 562.15 565.84 569.43 572.91 576.29 579.59 582.81 585.96 589.03 592.04 594.99 597.88 600.71 603.49 606.22 608.89 611.51 614.07 616.58 619.01 621.37 623.64 625.79 627.80 540.01 541.72 543.22 454.03 364.22 91.37 0.00 0.00 0.00 0.00 0.00 
0.00 0.00 0.00 0.00 0.00 0.00 20.47 46.19 53.56 80.13 93.31 107.46 122.72 138.80 155.27 171.67 187.61 202.83 217.18 230.58 243.06 254.66 265.43 275.45 284.79 293.50 301.64 309.26 316.41 323.13 329.45 335.40 341.02 346.33 351.36 356.13 360.65 364.95 369.04 372.95 376.67 380.24 383.65 386.92 390.07 393.09 396.01 398.83 401.55 404.19 406.74 409.23 411.65 414.00 416.30 418.54 420.73 422.88 424.99 427.05 429.07 431.05 433.00 434.91 436.78 438.61 440.39 442.13 443.81 445.43 446.97 448.43 449.84 361.06 361.95 181.44 0.00 0.00 0.00 0.00 0.00 0.00 0.00 
0.00 0.00 0.00 0.00 0.00 0.00 0.00 0.00 0.00 0.00 19.82 21.71 24.51 27.77 31.22 34.68 38.02 41.17 44.10 46.80 49.29 51.59 53.70 55.66 57.49 59.18 60.77 62.26 63.65 64.96 66.19 67.36 68.45 69.49 70.48 71.41 72.30 73.14 73.95 74.71 75.45 76.15 76.82 77.46 78.08 78.68 79.26 79.81 80.35 80.87 81.38 81.87 82.35 82.81 83.27 83.71 84.15 84.57 84.99 85.40 85.80 86.20 86.59 86.97 87.34 87.71 88.06 88.41 88.74 89.04 89.30 89.49 0.00 0.00 0.00 0.00 0.00 0.00 0.00 0.00 0.00 0.00 0.00 
0.00 0.00 0.00 0.00 0.00 0.00 0.00 0.00 0.00 0.00 0.00 0.00 0.00 0.00 0.00 0.00 0.00 0.00 0.00 0.00 0.00 0.00 0.00 0.00 0.00 0.00 0.00 0.00 0.00 0.00 0.00 0.00 0.00 0.00 0.00 0.00 0.00 0.00 0.00 0.00 0.00 0.00 0.00 0.00 0.00 0.00 0.00 0.00 0.00 0.00 0.00 0.00 0.00 0.00 0.00 0.00 0.00 0.00 0.00 0.00 0.00 0.00 0.00 0.00 0.00 0.00 0.00 0.00 0.00 0.00 0.00 0.00 0.00 0.00 0.00 0.00 0.00 0.00 0.00 0.00 0.00 0.00 0.00 
