0 0 0 0 0 0 0 0 0 0 0 0 0 0 0 0 0 0 0 0 0 0 0 0 0 0 0 0 0 0 0 0 0 0 0 0 0 0 0 0 0 0 0 0 0 0 0 0 0 0 0 0 0 0 0 0 0 0 0 0 0 0 0 0 0 0 0 0 0 0 0 0 0 0 0 0 0 0 0 0 0 0 0 0 0 0 
0 0 0 0 0 0 0 0 0 0 0 0 0 0 0 0 0 0 0 0 0 0 0 0 0 0 0 0 0 0 0 0 0 0 0 0 0 0 0 0 0 0 0 0 0 0 0 0 0 0 0 0 0 0 0 0 0 0 0 0 0 0 0 0 0 0 0 0 0 0 0 0 0 0 0 0 0 0 0 0 0 0 0 0 0 0 
0 0 0 0 0 0 0 0 0 0 0 0.648796 1.29759 3.89277 0 0.865061 0.865061 0 0.216265 2.81145 0 0.216265 3.46024 0.648796 0 0.43253 0 0 0.648796 0 0 0.216265 0 0 0 0 0.216265 2.16265 0.43253 0 1.94639 0.43253 0 0 0 0 0.648796 0.43253 0 0 0 0.216265 0 0 0 0.216265 0 0.865061 1.29759 0 0.648796 0.43253 0 0 0.216265 0.216265 0.865061 0 0 0 0 0.216265 0 0 0 1.94639 0 0 0 0 0 0 0 0 0 0 
0 0 0 0 0 0 0 0 0 0 0.648796 4.29759 9.89277 18 0.865061 13.5157 4 0.216265 4.24398 13 0.216265 4.46024 16.6488 3 0.43253 2 0 0.648796 3 0 0.216265 1 0 0 0 0.216265 3.16265 10.4325 2 1.94639 9.6488 2 0.216265 0 0 0.648796 3.43253 2.21627 0 0 0.216265 1 0 0 0.216265 1 0.865061 5.29759 6 0.648796 3.6488 2 0 0.216265 1.21627 1.86506 5.29759 0 0 0 0.216265 1 0.216265 0 1.94639 9 0.865061 0 1.51386 0 0 0 0 0 0 0 
0 0 0 0 0 0 0.216265 0 0 0 0 0 0 0 8.65061 40 0.648796 0.43253 2 0 0.648796 0 0 0 2.37892 0 0 0 0 0.216265 0 0 0 0 0 0 1.29759 0 0.216265 0.216265 3.59518 0.216265 1 0 0 0 0.216265 1.21627 0 0 0.216265 0.43253 0 1.08133 0 0 0 0 0.216265 0.648796 1 0 0 0 0.216265 1.29759 6 0 0 0 0 0.216265 1 1.94639 0 0.865061 4 1.51386 7 0 0 0 0 0 0 0 
0 0 0 0 0 0.216265 1 6.48796 0 0 0 0.865061 0 0 0 0.648796 3 1.29759 0 0.648796 3 0 0 2.37892 11 5.83916 0 0 0.216265 1 1.73012 0 0 0 0 1.29759 6 0.216265 1 2.81145 12 0 0 0.216265 0 0.43253 0.216265 1 0 0.216265 1.43253 2 1.08133 5.21627 0 0 0.865061 0.216265 1.43253 2 0 0 0 0.216265 1 0 0 0 0 0 0 0 1.94639 9 0 0 0 0 0 0 0 0 0 0 0 0 
0 0 0 0 0 0 6.48796 30 0 0 0.865061 4 0 0 0 0 1.51386 6 0 0 0 0 0 0 5.83916 34.5693 0 0 0 1.73012 8.6488 0 0 0 0 0 0 0.648796 0.865061 1 0 0 0.216265 1 0.648796 2 0.216265 0 0 0 0 0 0.216265 1 0 0.865061 4 0 0 0 0 3.46024 0 3.02771 0 0 0.216265 0 0 0 0 0 0 0 0 0.43253 0 0 0 0.216265 0 0 0 0 0 0 
0 0 0 0 0 0 0 0.865061 0 0 0 0 0 0 0 1.08133 1 0 0 0 0 0 4.75783 0 7.56928 35 0 0 0 0.648796 3 0 0 0 0.216265 0 0.648796 3.6488 3.86506 0 0 2.59518 0 0.216265 1.21627 0.216265 1.21627 0 0 0 0 0.43253 0 0 0 0 1.94639 0 0 1.29759 3.46024 16 3.02771 14 0 0.216265 1 0 0 0 0 0 0 0 0.43253 2 0 0.216265 0.216265 1 0 0.648796 0 0 0 0 
0 0 0 0 1.08133 0 0.865061 4 0.865061 0.216265 2.16265 0 0 0.216265 0.865061 6.81145 0 0 0.648796 3.67651 0 4.75783 22 0 0 0 0 0 1.51386 0 0 0 0 0.216265 1 0.216265 0.43253 0.865061 4 0 3.24398 12 0 0.216265 1 0.216265 1 0.43253 0 0 0.43253 2.21627 0 0 0 1.94639 9.21627 0 1.29759 6.86506 0 0 0 1.08133 0 0 0 0.216265 0 0.648796 0.865061 6.48796 0 0.216265 0 0 0.216265 1 0 0 0.865061 3 0 0 0 0 
0 0 0 1.29759 5 0 0 0.865061 4.21627 3.16265 10 0 0.216265 1.43253 2.81145 13 0 0.648796 6.67651 17 0 0.648796 0 0 0 0 0 1.51386 7 0 0 0 0 0 0.216265 1.43253 2 0 0 0.648796 3 0 0 0 0.216265 0 0.648796 2.21627 0 0 0.216265 1 0 0 0 0.865061 1 0 1.29759 4.21627 0.216265 0 1.73012 5 0.216265 0 0.648796 1.21627 0.648796 3.86506 10.488 30 0.216265 1 0 0 0.43253 0 0 0.216265 1.6488 0 0.216265 0 0 0 
0 0 0.216265 1 0.216265 0.43253 0 0 0 0 0 0 0.43253 2 0 0 1.94639 0 0 0 0.648796 3 0.216265 0 0 0 0 0.216265 0 0 0.216265 0 0 0 0.216265 0 0.865061 0 0 0 3.02771 0 0 0.216265 1 0.216265 1.21627 1.21627 0 0.216265 0 0.865061 0 0 1.51386 3 0 0.865061 2.21627 1.21627 1 0.648796 3 0.216265 2.08133 0.43253 2.21627 1 0 0 0 0 0 0 0 1.08133 2 0.43253 0.216265 0.648796 3.21627 0.216265 1 0 0 0 
0 0 0 0.648796 2.29759 2.21627 0.43253 0 0 0 0 0 0 0 0.43253 1.94639 9 0 0 0.43253 0 0.216265 1 0 0 0 0.216265 1 0 0.216265 1 0 2.37892 1.29759 1 0.865061 4 0 0 3.02771 14 0 0 0.648796 0 0 0.216265 1 0.216265 1.21627 0.865061 4 0 0.865061 4 0 0.43253 2 0 0 0 0.216265 0 1.08133 5 0 0 0.43253 0 0 0 0 0 0 0.648796 3 1.29759 2.21627 1 0.216265 3.59518 0 0.216265 0 0 0 
0 0 0.43253 3.08133 4.43253 1.43253 2 0 0 0 0 0 0 0.43253 2 0 0 1.73012 0.43253 2 0.216265 0 0 0 0.216265 0 0 0 0 0 0 2.37892 12.0813 5 0 0 0 0 0 0 0 0 0.648796 4.29759 0.43253 0 0.216265 0 0.648796 1 0 0 0 0 0 0 0 0 0 0 0.648796 1 0 0 1.29759 0 0.43253 2 0.216265 0 0 0 0.43253 0 0 1.08133 4 1.08133 0.43253 2.59518 12 0.865061 2.51386 0 0 0 
0 0 0.216265 1.43253 1.21627 0 0 0.216265 0 0 0.216265 0 0 0 0 3.46024 1.73012 8 1.08133 0.216265 1 0.43253 0 0.216265 1 0 0 0.43253 0 0 0 0 0 0 0.865061 0 0 0 0 0 0 0 1.29759 6.43253 2 0.216265 1 0.43253 3.94639 0.648796 0 0 0 0 0 0 0 0 0 0.43253 2 8.21808 0 1.29759 6 0.216265 0.216265 0.216265 1.21627 0 0.216265 0.43253 2 0.216265 0.216265 1 1.08133 5.43253 2 0 0.648796 4.51386 7 0 0 0 
0 0 0.216265 1.21627 1.43253 0 0.216265 1 0 1.08133 1 1.94639 0 0 3.46024 16 0 1.08133 5 0 0.43253 2 0 0.216265 0 4.3253 1.94639 3.08133 0 0 0.216265 0 0.43253 0.865061 4 0 0 0 0 0 0 0 0 0 0 0 0 1.94639 9.6488 3 0.216265 0 0 0 0 0 0 0 0 0 8.21808 38 0 0 0.216265 1.21627 1 0.216265 1 0.216265 1 0.216265 0.216265 1 0 0 0 0 0 0.216265 0 0 1.29759 0 0 0 
0 0 0 1.29759 2.86506 0 0 0.648796 0.865061 4 2.16265 9 0 0 0.43253 0 0 0 0 0 0 0 0.216265 1 4.3253 21.5139 8.73012 5 0 0.43253 1 0.43253 2 0 0 0 0 0 0 0.216265 0 0 0 0.648796 0 0.216265 0 0 0 1.29759 1 0 0 0 0 0 0 0 0.648796 0.43253 0 0 0 0.216265 0 0.216265 0 0 0 0 0.216265 1 0.216265 0 0 0 0 0.43253 0.216265 1 0.43253 1.94639 6 0 0 0 
0 0 0.865061 5.08133 4 0.648796 0.865061 3.43253 0.43253 0.216265 1 7.35302 0 0.43253 2 0.43253 0.216265 0 0 0 0 0 0 0 0 0.648796 3 0 0.216265 1 0.43253 0 0.216265 0 0 0.865061 0 0 0.216265 1 0 0 0.648796 4.29759 0.216265 1 0.216265 0 2.37892 5 1.29759 0 0 0 0 0 0 0.865061 3.43253 2 0 0 0.216265 1 0.216265 1 0 0 0 0 0 0.216265 1.6488 0 0 0.216265 0.43253 2.21627 0 1.73012 2.6488 5.59518 0 0 0 0 
0 0 0.216265 1 0.648796 3.21627 1.86506 2.43253 2 0.216265 9.51567 34.2163 0.865061 0 0.43253 2.21627 1 0 0 0 0.43253 0 0 0 0 0 0 0 0 0.43253 2 0.43253 1 0 0.865061 4 0 0 0 0 0 0 1.73012 6 0 0.43253 1 1.29759 6 1.51386 6 0 0 0 0 0 0.216265 1 0 0 0 0 0.216265 0.216265 0 0.216265 0 0 0 0.216265 0 0.648796 4.08133 0 0.216265 1 0.216265 1 1.29759 6 3.02771 12 0 0 0 0 
0 0 0 0 0 0.43253 2 0 0.216265 3.16265 10.2163 1.86506 4 0 0 0 0.216265 0 0 0.43253 2.21627 0 0 0 0 0 0 0 0 0.43253 0.216265 1 0 0 0 0 0 0 0 0 0.648796 0.865061 2 0 0.648796 1 0 0 0.43253 1 0 0 0.648796 0 0 0 0.216265 0 0 0 0.865061 0.216265 1.21627 1 0.216265 1 0 0 0.216265 1 0 1.08133 5 0 1.29759 0 0 0 0 0.43253 2 0 0 0 0 0 
0 0 0 0 0 0 0 0 0 0.216265 0 0.43253 0.216265 0.865061 0 0.216265 1.43253 0 0 0.216265 1 0 0 0 1.73012 0 0 0 0.43253 2 0 0 0 0 0 0 0 0 0 1.08133 3.43253 2 0.865061 0.43253 2 0 0 0.43253 1.21627 0 0 0.648796 3 0 0 0.216265 1.86506 0 0 0.865061 4 0 0.648796 0.43253 0 0 0.43253 0 0 0 0 0 0 1.29759 6 0 0 0 0 0 0 0 0 0 0 0 
0 0 0 0 0 0 0 0.43253 0.216265 1 1.73012 5.24398 1.86506 4 0.216265 0.648796 2 0 0 0 0 0 0 1.73012 8 0 0 0 0 0 0 0 0 0.648796 0 0 0 0 0.43253 2 0 0.865061 4.21627 0 0 0 0.216265 1.6488 1.86506 0.216265 0 0 1.29759 0 0 0.865061 4 0 0 0 1.08133 0.648796 3.43253 2 0.216265 0.43253 2.43253 0 0 0.216265 0 0.648796 0.43253 0 0 0.216265 0 0 0.216265 0 0 0 0 0 0 0 
0 0 0 0 0 0 0.43253 2 0 1.29759 9.02771 14.6488 0 0.216265 1.21627 1.6488 0.216265 0 0 2.16265 3.02771 0 0.43253 0 0.216265 0 0 0 0.216265 3.89277 0.216265 0 0.648796 3.21627 0.216265 0.216265 0.216265 0 0.648796 0 0 0.865061 1.43253 1.29759 0.216265 1.94639 1.08133 2.86506 8.54157 1.43253 0.43253 1.29759 6.43253 0 0 0 0 0 0 3.02771 5.21627 0 0.216265 0.43253 1.6488 0.43253 2.21627 0 0.648796 2.29759 1.29759 3.43253 2.21627 0 0.648796 1 0 0.216265 1 0 0 0 0 0 0 0 
0 0 0 0 0 0 0 0 0 0 0.648796 3 0 0 0.648796 3.21627 1 0 2.16265 13.0277 14 0.43253 2 0.216265 1 0 0 0.216265 4.89277 18.2163 1 0 0.216265 1.21627 1.21627 1.21627 1 0.648796 3 0 0.648796 3.43253 3.29759 6.21627 2.94639 9.6488 3 4.3253 20.4325 2.43253 2 0.43253 2 0 0 0 0 0 1.94639 9.21627 1 0.216265 1.21627 1.6488 3 0.216265 1 0.43253 3.29759 6.6488 3 0.216265 1 0.43253 2 0 0 0 0 0 0 0 0 0 0 0 
0 0 0 0 0 0 0 0 0 0 0 0 0 0 0 0 0 0 0 0 0 0 0 0 0 0 0 0 0 0 0 0 0 0 0 0 0 0 0 0 0 0 0 0 0 0 0 0 0 0 0 0 0 0 0 0 0 0 0 0 0 0 0 0 0 0 0 0 0 0 0 0 0 0 0 0 0 0 0 0 0 0 0 0 0 0 
0 0 0 0 0 0 0 0 0 0 0 0 0 0 0 0 0 0 0 0 0 0 0 0 0 0 0 0 0 0 0 0 0 0 0 0 0 0 0 0 0 0 0 0 0 0 0 0 0 0 0 0 0 0 0 0 0 0 0 0 0 0 0 0 0 0 0 0 0 0 0 0 0 0 0 0 0 0 0 0 0 0 0 0 0 0 
0 0 0 0 0 0 0 0 0 0 0 0 0 0 0 0 0 0 0 0 0 0 0 0 0 0 0 0 0 0 0 0 0 0 0 0 0 0 0 0 0 0 0 0 0 0 0 0 0 0 0 0 0 0 0 0 0 0 0 0 0 0 0 0 0 0 0 0 0 0 0 0 0 0 0 0 0 0 0 0 0 0 0 0 0 0 
0 0 0 0 0 0 0 0 0 0 0 0 0 0 0 0 0 0 0 0 0 0 0 0 0 0 0 0 0 0 0 0 0 0 0 0 0 0 0 0 0 0 0 0 0 0 0 0 0 0 0 0 0 0 0 0 0 0 0 0 0 0 0 0 0 0 0 0 0 0 0 0 0 0 0 0 0 0 0 0 0 0 0 0 0 0 
