0 0 0 0 0 0 0 0 0 0 0 0 0 0 0 0 0 0 0 0 0 0 0 0 0 0 0 0 0 0 0 0 0 0 0 0 0 0 0 0 0 0 0 0 0 0 0 0 0 0 0 0 0 0 0 0 0 0 0 0 0 0 0 0 0 0 0 0 0 0 0 0 0 0 0 0 0 0 0 0 0 0 0 0 0 0 
0 0 0 0 0 0 0 0 0 0 0 0 0 0 0 0 0 0 0 0 0 0 0 0 0 0 0 0 0 0 0 0 0 0 0 0 0 0 0 0 0 0 0 0 0 0 0 0 0 0 0 0 0 0 0 0 0 0 0 0 0 0 0 0 0 0 0 0 0 0 0 0 0 0 0 0 0 0 0 0 0 0 0 0 0 0 
0 0 0 0 0 0 0 0 0 0 0 0.216265 0.43253 2.37892 0 1.08133 0.648796 0 0.43253 1.51386 0.216265 0 3.89277 1.51386 0 0 0 0 0.43253 0 0.216265 0.648796 0 0 0.216265 0 0.43253 2.16265 0.216265 0 1.94639 0 0 0 0.216265 0 0.648796 0.648796 0 0.216265 0 0.43253 0 0 0.43253 0.216265 0.216265 0 1.73012 0 0.43253 0.865061 0 0 0.865061 0.216265 1.29759 0 0 0 0.216265 0.43253 0 0 0 2.81145 0 0 0 0 0 0 0 0 0 0 
0 0 0 0 0 0 0 0.43253 0 0 0.216265 1.43253 4.37892 11 1.29759 15.3807 3 0.43253 3.94639 7.6488 1 3.89277 19.5139 7 0 0 0 0.43253 2 0.216265 1.6488 3 0 0.216265 1 0.43253 4.16265 10.2163 1 1.94639 9.21627 0 0.43253 0.216265 1 0.648796 3.6488 3.21627 0.216265 1 0.43253 2.21627 0 0.43253 2.21627 1.21627 1 1.73012 8 0.43253 2.86506 4 0 0.865061 4.21627 2.29759 7.08133 0 0 0.216265 1.43253 2 0 0 2.81145 13 0 0 2.59518 0 0 0 0 0 0 0 
0 0 0 0 0 0 0.43253 2 0 0 0 0 0 0.216265 10.7319 45 0.216265 0.43253 2.43253 2 1.29759 0 0 0 1.73012 0 0 0 0 0.216265 0 0 0 0 0 0 0.216265 0 0.43253 0.216265 3.37892 0.43253 2 0.216265 0 0 0.216265 1.21627 0 0 0.648796 1 0 0.43253 0 0 0 0.216265 0 0.43253 0 0 0 0 0 1.08133 5 0 0 0 0 0 0 0.865061 0 0 0 2.59518 12 0 0 0 0 0 0 0 
0 0 0 0 0 0 0 4.54157 0 0.43253 0 0.43253 0 0 0 0.216265 1 1.73012 0 1.29759 6 0.43253 0 1.73012 8 7.56928 0 0 0.216265 1 1.73012 0 0 0 0 0.216265 1 0.43253 2 2.37892 11.2163 0 0.216265 1 0 0.216265 0.216265 1 0 0.43253 2 0 0.43253 2.21627 0 0 1.51386 1 0.43253 2 0 0 0 0 0 0 0 0 0 0 0 0 0.865061 4 0 0 0 0 0 0 0 0 0 0 0 0 
0 0 0 0 0 0 4.54157 21.2163 0.43253 2 0.43253 2 0 0 0 0 1.73012 8 0 0 0.43253 2 0 0 7.56928 44.2994 0 0.216265 0 1.73012 8.43253 0 0 0.43253 0 0 0 0.865061 1.08133 0.216265 1 0 0 0.216265 0.216265 1 0 0 0 0 0 0 0.216265 1 0.216265 1.29759 6 0 0.216265 0 0 3.24398 0 3.89277 0 0 0 0 0 0 0 0 0 0 0.43253 0.648796 0 0 0 0 0 0 0 0 0 0 
0 0 0 0 0 0 0.648796 1.86506 0 0 0 0 0 0 0 0.43253 0 0 0 0 0 0 5.83916 0 9.2994 43 0.216265 1 0 0.43253 2 0 0.43253 2 0.43253 0 0.865061 5.08133 5.6488 0 0 2.59518 0.216265 1 0.216265 0 0 0 0 0 0 0.648796 0 0.216265 1 0 3.02771 0.216265 1 1.29759 3.24398 15 3.89277 18 0 0 0 0 0.216265 0 0 0 0 0.43253 2.6488 3 0 0.216265 0 0 0 0 0 0 0 0 
0 0 0 0 0.216265 0.43253 3.08133 4 1.73012 0 2.59518 0 0 0 0.43253 5.67651 0 0 0.216265 3.46024 0 5.83916 27 0 0 0 0 0 1.73012 0 0 0.216265 0 0.43253 2 0 0.43253 0.865061 3 0 2.81145 12.4325 0 0.216265 1 0 0 0.216265 0 0 0.865061 3.6488 0.216265 0 0 3.02771 14 0 1.29759 6.86506 0 0 0 0.865061 0 0 0 0.43253 1 0.43253 0.865061 3.67651 0 0 0 0 0.216265 1 0 0 0 0.216265 0 0 0 0 
0 0 0 0.216265 1 0.216265 1 1.73012 8 2.59518 12 0 0 0.648796 3.89277 17 0 0.216265 4.46024 16 0 0.216265 0 0 0 0 0 1.73012 8 0 0.216265 1 0 0 0 0.43253 2.21627 1 0 0.216265 1.43253 2 0 0 0 0 0.216265 1 0 0.216265 1.6488 3.21627 1 0 0 0.43253 0 0 1.08133 4.86506 0 0 0.865061 4 1.29759 0 0.648796 1.43253 0.43253 2.86506 7.67651 17 0 0 0 0 0.216265 0 0 0 0.43253 1 0 0 0 0 
0 0 0 0 0.216265 0.648796 0 0 0 0 0 0 0.648796 3.21627 1.21627 0 1.08133 0 0 0 0.216265 1 0 0 0 0 0 0.43253 0 0 0.216265 0 0 0 0 0 0.865061 0 0 0 1.94639 0 0 0 0 0 0 1.08133 0 0.216265 0 1.08133 0.216265 0 0.865061 2 0 0.216265 1.86506 4.6488 0 0 0 1.29759 7.29759 0.43253 2.43253 2.43253 0 0 0 0 0 0 0 0.865061 1 0.43253 0 0.216265 1.21627 0 0.216265 0 0 0 
0 0 0 0.216265 2.08133 3.43253 0.865061 0 0.43253 0 0 0 0 0.216265 1 1.08133 5 0 0 0.43253 0 0 0 0 0 0 0.43253 2 0 0.216265 1 0 2.16265 1.73012 0 0.865061 4 0 0 1.94639 9 0 0 0.43253 0 0 1.08133 5.21627 0.216265 1 1.08133 5.21627 1 0.43253 2 0 0 0 0.648796 3 0 0.216265 0 1.29759 6 0 0.43253 2 0 0 0 0 0 0 0.648796 3 0.865061 2.21627 0 0.216265 2.73012 0.216265 1 0 0 0 
0 0 0 0.648796 2.43253 2.86506 4 0.43253 2 0 0 0 0 0 0 0 0.216265 1.08133 0.43253 2 0.43253 0 0 0 0.865061 0 0 0 0 0 0 2.16265 11.7301 8 0 0 0 0 0 0 0 0 0.43253 3.94639 0 0 0.43253 1.21627 0.216265 0 0 0 0 0 0 0 0 0 0 0 0.216265 1 0 0 1.29759 0 0 0 0 0 0 0 0.216265 0 0 0.43253 2.21627 2.08133 0.43253 1.73012 8 1.29759 1.94639 0 0 0 
0 0 0.216265 1 0 0 0 0.43253 0 0 0.43253 0 0 0 0 1.94639 2.08133 5 1.73012 0.43253 2 0.648796 0 0.865061 4 0 0 0 0 0 0 0 0 0 0.43253 0 0 0 0 0.216265 0 0 1.94639 9 0 0.216265 1.21627 1.21627 4.02771 0.648796 0 0 0 0 0 0 0 0 0 0 0 7.78555 0 1.29759 6 0 0.216265 0 0.216265 0 0 0.216265 1 0.216265 0 0 1.08133 5.43253 2 0 1.29759 7.94639 9 0 0 0 
0 0 0 0.216265 0.216265 0 0.43253 2 0 0.865061 2 1.29759 0 0 1.73012 8 0 1.73012 8 0 0.648796 3 0 0 0 3.02771 3.02771 1.08133 0 0 0.216265 0 0.43253 0.43253 2 0.648796 0 0 0.216265 1 0 0 0 0 0 0 0 3.02771 14.6488 3 0.43253 0 0 0 0.216265 0 0 0 0 0 7.78555 36 0 0 0 0.216265 1 0.216265 1 0 0 0.216265 0.216265 1 0 0.216265 0 0 0 0 0 0 1.29759 0 0 0 
0 0 0.216265 1.43253 2.51386 0 0 0.216265 0.43253 2 1.29759 6 0 0 0.865061 0 0 0 0 0 0 0 0 0.216265 3.02771 17.244 15.9464 5 0 0.43253 1 0.43253 2 0 0.648796 3 0 0 0 0.216265 0 0 0 0.43253 0 0 0 0 0 1.94639 2 0 0 0.216265 1 0.216265 0 0 1.51386 0 0 0 0 0.43253 0 0 0 0 0 0 0.216265 1 0 0 0.216265 1 0.216265 0.216265 0 0 0.648796 1.73012 6 0 0 0 
0 0 0.216265 2.51386 7 0.865061 0.216265 1.21627 0.43253 0 0 4.9741 0 0.865061 4 1.08133 0 0 0 0 0 0 0.216265 1 0.216265 1.86506 4 0 0.216265 1 0 0 0 0 0 0.865061 0 0 0.865061 1 0 0 0.648796 3.29759 0.216265 0 0 0 2.59518 7 0.43253 0 0 0.216265 0.43253 1 0 1.51386 7 0 0 0 0.43253 2 0 0 0 0 0 0 0 0 0.43253 0 0 0.216265 1.21627 1 0 1.29759 3.43253 5.02771 0 0 0 0 
0 0 0 0 0.865061 4 0.43253 1.43253 2 0.43253 6.05542 23.6488 1.51386 0 1.08133 5 0 0 0 0.216265 0 0 0 0 0 0 0 0 0 0 0 0 0 0 0.865061 4 0 0.648796 3 0 0 0.216265 2.29759 6.21627 1.21627 0.216265 0 1.08133 5 0.648796 2 0 0.216265 1.21627 1 0 0 0 0 0 0 0 0.216265 0 0 0.648796 0 0 0 0 0 0.43253 3.08133 0 0 0 0 0 0.648796 3 3.24398 14 0 0 0 0 
0 0 0 0 0 0.216265 1 0 0.43253 3.29759 5.6488 4.51386 7 0 0 0 0.216265 0.216265 0.216265 1 0 0 0 0 0 0 0.216265 0 0 0.648796 0 0 0 0 0 0 0 0 0 0.43253 0.43253 0.216265 0 0.216265 1.21627 1 0 0 0.43253 1 0 0 0.43253 0 0 0 0.216265 0 0 0 1.73012 0.216265 1.21627 0 0.648796 3 0 0 0 0 0 1.08133 5 0 0.43253 0 0 0 0 0.216265 1 0 0 0 0 0 
0 0 0 0 0 0 0.43253 0 0.216265 1 0 0.648796 0 0 0 0.216265 1.21627 1 0 0 0 0 0 0 0.865061 0.216265 1 0 0.648796 3 0.216265 0 0 0 0.216265 0 0 0 0.43253 2.86506 2.21627 1.21627 0.865061 0 0 0 0 0.216265 1.21627 0 0 0.43253 2 0 0 0.216265 1.43253 0 0.216265 1.73012 8 0.216265 1.43253 0.648796 0 0 0.648796 0 0 0 0.43253 0 0 0.43253 2 0 0 0 0 0 0 0 0 0 0 0 
0 0 0 0 0 0.43253 2 0.43253 0 0 2.59518 5.37892 0 0 0 0.865061 0 0 0 0 0 0.216265 0 0.865061 4 0 0 0 0 0.216265 1 0 0 1.51386 1 0 0 0 0.43253 2.21627 0.216265 1.86506 4.43253 0 0 0 0 0.43253 2.73012 0 0.43253 0.216265 1.73012 0 0 0.43253 2.21627 0.216265 1 0 1.51386 0.43253 2.6488 3 0 0.648796 3.86506 0 0 0.43253 2.21627 0.648796 0.216265 0 0 0 0 0 0.43253 0 0 0 0 0 0 0 
0 0 0 0 0 0 0.43253 2 0 1.94639 11.3789 11.4325 0 0 0.865061 4.43253 0.216265 0 0.216265 1.51386 1.94639 1 0.43253 0 0.43253 0 0 0 0.216265 3.24398 0 0 1.29759 6.21627 0.216265 0.216265 0.216265 0 1.51386 1 0.216265 1.08133 2.6488 1.51386 0.648796 3.46024 0.216265 2.73012 11.8928 0.43253 2.43253 2.73012 8.86506 0 0 0.216265 1 0 0.216265 3.02771 7.43253 0 0.43253 0.43253 0.216265 0.865061 4 0 0.43253 1.94639 2.08133 3.43253 1 0 0.865061 0.216265 0 0.43253 2 0 0 0 0 0 0 0 
0 0 0 0 0 0 0 0 0 0 0.43253 2 0 0 0.43253 2.21627 1 0.216265 2.51386 8.73012 8 0.43253 2 0.43253 2 0 0 0.216265 4.24398 15 0 0 0.216265 1.21627 1.21627 1.21627 1 1.29759 6 0.216265 1.6488 3.6488 4.51386 7.6488 6.46024 16 0 3.89277 18 0.216265 1 0.865061 4 0 0 0 0 0.216265 2.51386 7.43253 2 0.43253 2.43253 2.21627 1 0 0 0.43253 3.73012 8.43253 2.21627 1 0 0.865061 4.21627 1 0 0 0 0 0 0 0 0 0 0 
0 0 0 0 0 0 0 0 0 0 0 0 0 0 0 0 0 0 0 0 0 0 0 0 0 0 0 0 0 0 0 0 0 0 0 0 0 0 0 0 0 0 0 0 0 0 0 0 0 0 0 0 0 0 0 0 0 0 0 0 0 0 0 0 0 0 0 0 0 0 0 0 0 0 0 0 0 0 0 0 0 0 0 0 0 0 
0 0 0 0 0 0 0 0 0 0 0 0 0 0 0 0 0 0 0 0 0 0 0 0 0 0 0 0 0 0 0 0 0 0 0 0 0 0 0 0 0 0 0 0 0 0 0 0 0 0 0 0 0 0 0 0 0 0 0 0 0 0 0 0 0 0 0 0 0 0 0 0 0 0 0 0 0 0 0 0 0 0 0 0 0 0 
0 0 0 0 0 0 0 0 0 0 0 0 0 0 0 0 0 0 0 0 0 0 0 0 0 0 0 0 0 0 0 0 0 0 0 0 0 0 0 0 0 0 0 0 0 0 0 0 0 0 0 0 0 0 0 0 0 0 0 0 0 0 0 0 0 0 0 0 0 0 0 0 0 0 0 0 0 0 0 0 0 0 0 0 0 0 
0 0 0 0 0 0 0 0 0 0 0 0 0 0 0 0 0 0 0 0 0 0 0 0 0 0 0 0 0 0 0 0 0 0 0 0 0 0 0 0 0 0 0 0 0 0 0 0 0 0 0 0 0 0 0 0 0 0 0 0 0 0 0 0 0 0 0 0 0 0 0 0 0 0 0 0 0 0 0 0 0 0 0 0 0 0 
