0 0 0 0 0 0 0 0 0 0 0 0 0 0 0 0 0 0 0 0 0 0 0 0 0 0 0 0 0 0 0 0 0 0 0 0 0 0 0 0 0 0 0 0 0 0 0 0 0 0 0 0 0 0 0 0 0 0 0 0 0 0 0 0 0 0 0 0 0 0 0 0 0 0 0 0 0 0 0 0 0 0 0 0 0 0 
0 0 0 0 0 0 0 0 0 0 0 0 0 0 0 0 0 0 0 0 0 0 0 0 0 0 0 0 0 0 0 0 0 0 0 0 0 0 0 0 0 0 0 0 0 0 0 0 0 0 0 0 0 0 0 0 0 0 0 0 0 0 0 0 0 0 0 0 0 0 0 0 0 0 0 0 0 0 0 0 0 0 0 0 0 0 
0 0 0 0 0 0 0 0 0 0 0 3.46024 1.73012 0.216265 0 0 0 0.43253 0 0 0.43253 0 0 0 0 0.216265 0 0 3.02771 0 0 0 0.216265 0 0.216265 0 0 1.29759 0 0 0 0.216265 0 0 0.43253 0.43253 0 0 0 0.43253 1.08133 0 0 0 0 0.865061 0 1.73012 4.75783 0 0 0 0.43253 0 0.43253 0 0 0 0.216265 0 0 1.51386 0 0 0 0 0 0 0 0 0 0 0 0 0 0 
0 0 0 0 0 0 0 0 0.216265 0.43253 3.46024 18.1627 8.21627 1 0 0 0.43253 2.21627 0 0.43253 2 0 0 0 0.648796 1 0 4.54157 14.2163 0 0 0.216265 1 0.216265 1 0 1.29759 6.21627 0 0 0.216265 1 0 0.43253 2.43253 2 0 8.00181 0.43253 3.08133 5 0 5.83916 0 1.08133 4.21627 2.16265 12.7578 22.2163 0 0 0.43253 2 0.43253 5.46024 0.216265 1.51386 0.216265 1.43253 0 1.51386 7 0 0.43253 0.216265 0 1.51386 0 0 0 0 0 0 0 0 0 
0 0 0 0 0 0 0 0.216265 1.43253 2 0.865061 2 0 0.216265 0 0 0.216265 1.21627 0.648796 0 0.43253 0 0 0.43253 2 0 1.51386 7.21627 1 0 0 0 0 0 0 0 0.216265 1 0 0.865061 0 1.94639 0 0 0.648796 0 8.00181 37 1.08133 0 0 5.83916 27 0.216265 2.51386 1.43253 2 0.865061 1 0 0.43253 0 0 3.46024 16.4325 2.51386 7 0.43253 3.51386 0.43253 2.16265 0 0.43253 4.81145 1 1.51386 7.43253 0 0 0 0 0 0 0 0 0 
0 0 0 0 0 0.43253 0 0.648796 0 0.43253 2 0 0.216265 1 0.43253 0 0.216265 1.6488 3 0.43253 2 0.216265 0 0 0 0.43253 0.43253 0 0 0.216265 1.08133 0 0 0 0 0 0 0 0.865061 4 1.94639 9.43253 0 0.648796 3 0 0 1.08133 5 0 1.08133 0 0 1.29759 6.86506 0 0.865061 3 0 0.43253 2 0 0.43253 0.216265 4.02771 0 0 1.51386 7.43253 4.16265 10 0 2.59518 12 0 0.43253 2.43253 0 0 0 0.216265 0 0 0 0 0 
0 0 0 0 0.648796 2.6488 0.648796 3 0 0.43253 0 0 0 0.865061 2.86506 0 0 0 0.216265 0 0.216265 1 0 0 0.43253 2.86506 2 0 0.216265 2.08133 5 0 0 0 0 0.216265 0.216265 0 0 0 0.43253 2 0 0.216265 0.648796 0 0 0.43253 0 1.08133 5 0 0 0.865061 4 0.43253 1 0 0 1.08133 0 1.73012 2 3.02771 14 0 0 0 0 0 0 0 0 0 0 0.43253 2 0.216265 0.216265 0.216265 1.43253 0 0 0 0 0 
0 0 0 0.216265 1.6488 3.21627 0 0 0.43253 2 0 0 0.43253 2.86506 4 0 0 0.216265 3.59518 0 0 0.216265 1.29759 0 1.29759 2 0 0 0 0 0 0 0 0 0.216265 1.21627 1 0 0 0 0 0 0.216265 1.6488 3 0 0.43253 2 0 0 0 0.865061 0 0 0.865061 1 0 0.216265 1.08133 5 1.51386 6.21627 0 0 6.05542 0.865061 0 0.216265 0 0 0 0 0 0 0 0 0.216265 1.21627 1 0.648796 3.08133 0 0 0 0 0 
0 0 0 0.216265 0.43253 1 0 0 0 0 0.648796 0 0 0 0 1.08133 0 2.59518 12 0 0.216265 2.29759 6 0.865061 4 0 0 0 0 0 0 0 0 0 0 0 0 0 0 0 0 0 0 0 0.648796 0 1.08133 1.08133 0 0 0.865061 4 0 0.648796 3 0 0.216265 1 0 0.648796 1.43253 1 0 6.05542 28.8651 4 0.43253 1 0 0 0 0.648796 0 0 0 0 0 0 0.216265 2.29759 5.21627 1.08133 0.216265 0 0 0 
0 0 0.216265 2.08133 1.6488 0.43253 0 0 0 0.648796 3 0 0 0 1.29759 5 0 0 0 0.216265 0 0 0 0 0 0 0 0 0 0 0 0.43253 0.216265 0 0 0 0 0 0 0 0 0 0 0.648796 3 1.08133 6.08133 5 0 0 0 0 0.865061 0 0 0 0 0 0.43253 2.21627 1.6488 0.648796 0 0 0.216265 0.216265 1 0 0 0 0.648796 3 0 0 1.08133 0 0 0 0.216265 1.21627 2.29759 5.43253 1 0 0 0 
0 0 0.865061 4.86506 3.43253 2 0 0 0 0.648796 0 0 0 0.216265 1 0 0 0 0.216265 1.6488 0.648796 0.43253 0 0 0 0 0 0 0.216265 0 1.29759 2.43253 1 0 0.216265 0 0 0 1.29759 0 0.865061 0 0 0 0 0 0 0 0 0.216265 0 0.865061 4 0 0 0.216265 0 0 0.43253 0.648796 4.51386 3 0 0.216265 1 1.29759 0 0 0 0 0 0 0 1.08133 5.21627 0 0 0 0.216265 1.51386 1.21627 1 0.216265 0 0 0 
0 0 0.216265 1.43253 0 0 0 0 0.648796 3 0 0 0 0 0 0 0 0 0.648796 3.6488 3.43253 2 0 0 0 0 0 0.216265 1 0.865061 4.21627 1 0 0.43253 1 0 0 1.29759 6 0.865061 4 0 0.216265 0 0 0.865061 0.216265 0 0.216265 1 0 0 0 0 0.43253 1 0 0.43253 2 0.865061 4 0 1.29759 0 1.29759 6.43253 0 0 0 0.216265 0 0 0 0.216265 1 0 0 0.216265 2.29759 6 0.216265 0.216265 1 0 0 0 
0 0 0.43253 2.21627 0.216265 0 0 0 0 0.43253 0 0 0 0 0 0.648796 0.648796 0.216265 0 0 0 0 0 0 0.648796 0 0.865061 0.216265 0 0 0 0 0.216265 1 0 0 0 0 0 0 0 0.216265 1 1.51386 0.865061 4.43253 1.21627 0 0 0 0 0 0 0.216265 1 0 0 0 0 0 0 1.29759 6 0.43253 0.43253 2 0 0 0.216265 1.43253 0 0 0.43253 0 0 0 0 0 0 0.216265 1 0 1.08133 0 0 0 
0 0 0.216265 1.21627 1 1.08133 0 0 0.43253 2 0 0 0.43253 0 0.648796 3.6488 3.21627 1 0.216265 0.216265 0 0 0 0.865061 3 1.08133 4.21627 1.43253 0 0 0 1.08133 0 1.08133 0 0 0 0 0 0 0 0 1.51386 7 0.216265 1.21627 1 1.94639 0 0 0 0 0 0 0 0 0 0 0.216265 0 0 9.51567 0.43253 2 0 0.43253 0 0 0.865061 2 0 0.43253 2 0 0 0 0 0 0 0 0.216265 1.94639 5.86506 0 0 0 
0 0 0 0.648796 1.08133 5 0 0 0 0.43253 0.216265 0.648796 2 0 0 0 0 0.648796 1.43253 1 0 0 0.216265 1 0.216265 1.6488 0.43253 2 0 0 1.08133 5 1.29759 5 0 0 0 0.43253 0 0 0 0 0 0 0 0 2.16265 9 0 0 0 0 0 0 0 0 0 0.216265 1 0 9.51567 44.2163 0 0 0.43253 2 0 0.43253 2 0 0 1.08133 0.43253 0 0 0 0 0 0 0.216265 1.86506 4.86506 4 0 0 0 
0 0 0.648796 3 0.648796 0.648796 0 0 0.43253 2.21627 1.21627 1 0 0 0.43253 0.216265 0.43253 2.21627 1 0 0 0.43253 0 0 0.648796 3 0.216265 0 0 0.648796 0 0.216265 1 0 0 0 0.43253 2 0 0 0 0 0 0 0 0.216265 1 0 0 2.16265 0 0 0 1.08133 0 1.94639 0 0 0 1.08133 1.51386 1 0.216265 0 0.216265 0 0.216265 0 0 0.43253 1.08133 6.29759 2 0 0 0 0 0 0 0 0 0 0 0 0 0 
0 0 0 0.648796 3.86506 3 1.08133 1.08133 0 0 0 0.43253 0 0.43253 2.43253 1 0 0 0 0 0.43253 2 0 0.865061 0 0.216265 1 0 0.648796 3 0 0 0 0 0 1.29759 0 0 0.865061 0 0.216265 0.216265 0 0 0 0 0.216265 0 2.37892 10 0 0 1.51386 5 1.94639 9.21627 0 0 1.08133 6.29759 6 0.216265 1 0.216265 1 0.216265 1.21627 0 0.43253 2 0.865061 4 0 0 0 0 0 0.43253 0 1.51386 0.43253 4.75783 0 0 0 0 
0 0 0 0.216265 1 1.08133 7.59518 5 0 0.648796 0.865061 2 0 0.216265 1.43253 0 0 0 0 0 0.648796 0 0.865061 4 0 0 0 0 0 0 0 0 1.73012 0 1.29759 6 0 0.865061 4 0.216265 1.21627 1 0 0.865061 0.648796 0.216265 2.08133 0.216265 1.21627 0 0 0.648796 2 0 0.216265 1 0.648796 0 0.216265 0 0 0 0 0 0 0.216265 1 0 0 0 0 0 0.648796 0.43253 0 0 0.43253 2 1.51386 7.43253 6.75783 22 0 0 0 0 
0 0 0 0 0 1.51386 7 0 1.51386 3.43253 2 0 0 0.43253 2 0 0 0 0 0.648796 3.21627 0 0 0 0 0 0 0 0.216265 0 0 1.73012 8.6488 0 0 0 0 0.43253 0 1.94639 0 0 0.865061 4.86506 3 1.08133 6.08133 0.648796 4.67651 0 0.216265 1 0 0 0.43253 2.81145 3.21627 0.216265 1 0 0 0 0.216265 0.216265 0 0 0 0.216265 0 0 0 0.648796 3.43253 2 4.3253 0 0 0 0.216265 0 0.216265 0 0 0 0 0 
0 0 0 0 0 0 0 0.865061 4.21627 0 1.29759 0 0 0.216265 0 0 0 0 0 0.216265 1 0 0 0 0 0 0.648796 1.29759 1 0 0 1.08133 3.43253 0 0 0 0.43253 2 1.94639 10.2976 0 0.216265 9.2994 1 0 1.08133 5.43253 5.67651 17 0 0.216265 0.43253 0 0.43253 4.16265 10.2163 1 0 0.648796 0.216265 0 0.216265 1.21627 1 0 0 0.216265 1 0 0 0 3.67651 0 4.3253 20 0 0 0.216265 1 0.216265 1 0 0 0 0 0 
0 0 0 0 0 0 0 0.216265 1 1.29759 6.21627 0.43253 0.216265 1.6488 0 0 0 0 0 0.648796 0 0 0 0 0.43253 0.865061 4.73012 5.21627 0 0 0.648796 2.43253 2 0 0.865061 0 0.216265 0 1.51386 6.86506 0.43253 10.0831 43.0813 0.865061 0 0 0 0 0 0.216265 1.6488 2 0 0 0 0 0.43253 2.16265 3.21627 1 0 0 0.648796 0 0 0.216265 2.37892 0 0 1.51386 3.67651 17 0 0 0.43253 0.43253 0 1.29759 0 0 0 0 0 0 0 0 
0 0 0 0 0 0 0 0 0 0.216265 1.86506 2 0.648796 3 0 0.43253 0 0 0.648796 3 0 1.08133 0.648796 0.43253 2.6488 1.6488 5.81145 1.43253 1.29759 0.43253 2.29759 0.43253 1.08133 0.865061 4.6488 0.43253 2.51386 0.216265 2.51386 4.21627 1.21627 3.67651 5.86506 4.6488 0 1.51386 0 0.43253 0.216265 0.216265 1 0 0 0.865061 0.648796 0.648796 3.51386 7 0 0.648796 1.08133 0.648796 3.21627 0 0.216265 3.59518 17.0554 0.43253 2.81145 7 1.29759 0.216265 8.43434 0.43253 3.73012 2 1.29759 6 0 0 0 0 0 0 0 0 
0 0 0 0 0 0 0 0 0 0.43253 2 0 0 0 0.43253 2 0 0 0 0 1.08133 5.6488 3 0.43253 2 2.59518 12.4325 3.29759 6.21627 2.29759 6.43253 3.08133 5 0.648796 3.21627 2.51386 7 0.648796 3 0.216265 3.59518 12 0.648796 3 1.51386 7 0.43253 2.21627 1 0 0 0 0.865061 4.6488 3.21627 1 0 0 0.648796 4.08133 5 0.216265 1 0 0.216265 7.05542 28.4325 3.29759 6 1.29759 6.21627 9.43434 39 1.29759 6 0 0 0 0 0 0 0 0 0 0 0 
0 0 0 0 0 0 0 0 0 0 0 0 0 0 0 0 0 0 0 0 0 0 0 0 0 0 0 0 0 0 0 0 0 0 0 0 0 0 0 0 0 0 0 0 0 0 0 0 0 0 0 0 0 0 0 0 0 0 0 0 0 0 0 0 0 0 0 0 0 0 0 0 0 0 0 0 0 0 0 0 0 0 0 0 0 0 
0 0 0 0 0 0 0 0 0 0 0 0 0 0 0 0 0 0 0 0 0 0 0 0 0 0 0 0 0 0 0 0 0 0 0 0 0 0 0 0 0 0 0 0 0 0 0 0 0 0 0 0 0 0 0 0 0 0 0 0 0 0 0 0 0 0 0 0 0 0 0 0 0 0 0 0 0 0 0 0 0 0 0 0 0 0 
0 0 0 0 0 0 0 0 0 0 0 0 0 0 0 0 0 0 0 0 0 0 0 0 0 0 0 0 0 0 0 0 0 0 0 0 0 0 0 0 0 0 0 0 0 0 0 0 0 0 0 0 0 0 0 0 0 0 0 0 0 0 0 0 0 0 0 0 0 0 0 0 0 0 0 0 0 0 0 0 0 0 0 0 0 0 
0 0 0 0 0 0 0 0 0 0 0 0 0 0 0 0 0 0 0 0 0 0 0 0 0 0 0 0 0 0 0 0 0 0 0 0 0 0 0 0 0 0 0 0 0 0 0 0 0 0 0 0 0 0 0 0 0 0 0 0 0 0 0 0 0 0 0 0 0 0 0 0 0 0 0 0 0 0 0 0 0 0 0 0 0 0 
