0 0 0 0 0 0 0 0 0 0 0 0 0 0 0 0 0 0 0 0 0 0 0 0 0 0 0 0 0 0 0 0 0 0 0 0 0 0 0 0 0 0 0 0 0 0 0 0 0 0 0 0 0 0 0 0 0 0 0 0 0 0 0 0 0 0 0 0 0 0 0 0 0 0 0 0 0 0 0 0 0 0 0 0 0 0 
0 0 0 0 0 0 0 0 0 0 0 0 0 0 0 0 0 0 0 0 0 0 0 0 0 0 0 0 0 0 0 0 0 0 0 0 0 0 0 0 0 0 0 0 0 0 0 0 0 0 0 0 0 0 0 0 0 0 0 0 0 0 0 0 0 0 0 0 0 0 0 0 0 0 0 0 0 0 0 0 0 0 0 0 0 0 
0 0 0 0 0 0 0 0 0 0 0 0 0.216265 0 0 0 0 0 0 0 0 0 0 0.216265 0 0 0 0 0.865061 0 0 0 0 0 0 0 0 0.216265 0 0 0 0 0 0 0.43253 0.216265 0 0 0 0.865061 0.865061 0 0 0 0 0 0.216265 0.216265 6.27169 0 0 0 0 0 0.216265 0 0 0 0 0 0 1.08133 0 0 0 0 0 0 0 0 0 0 0 0 0 0 
0 0 0 0 0 0 0 0 0 0 0 0.216265 1 0 0 0 0 0 0 0 0 0 0.216265 1 0.216265 0 0 1.29759 4.43253 0 0 0 0 0 0 0 0.216265 1 0 0 0 0 0 0.43253 2.21627 1 0 5.19036 0.865061 4.86506 4 0 3.24398 0 0.216265 0.216265 1.6488 7.27169 29 0 0 0 0 0.216265 3.81145 0 0.216265 0 0 0 1.08133 5 0 0 0.216265 0 0.865061 0 0 0 0 0 0 0 0 0 
0 0 0 0 0 0 0 0 0 0 0 0 0 0 0.216265 0 0.43253 0 0 0 0.216265 0 0 0.216265 1 0 0.43253 2.43253 2 0 0 0 0 0 0 0 0 0 0 0 0 0.43253 0 0 0 0 5.40663 24 0.216265 0 0 3.24398 15 0.216265 2.08133 0.43253 2 0.216265 0 0 0 0 0 2.81145 13.2163 0.216265 1 0 0.865061 1.08133 2.59518 0 0 1.51386 1 0.865061 4.21627 0 0 0.216265 0 0 0 0 0 0 
0 0 0 0 0 0 0 0.216265 0 0 0 0 0 0.216265 1 0.43253 2 0 0 0.216265 1 0.216265 0 0 0 0.43253 0 0 0 0 0.43253 0 0 0 0 0 0 0 0 0 0.43253 2 0 0 0 0.216265 1 0.216265 1 0 1.29759 0 0 1.08133 5.21627 0 0.43253 1 0 0 0 0 0.43253 0.216265 1.86506 0 0 0.865061 5.08133 7.59518 12 0 1.29759 6 0 0.216265 1.43253 0 0.216265 1 0 0 0 0 0 0 
0 0 0 0 0 0 0.216265 1 0 0.216265 0 0 0 0 0.43253 0 0 0 0 0 0.216265 1 0 0 0.43253 2.21627 0 0 0 0.43253 2 0 0 0 0 0 0 0 0 0 0 0 0 0 0 0 0 0 0 1.29759 6 0 0 0.216265 1 0.216265 1 0 0 0.216265 0 0.648796 2 0.865061 4 0 0 0 0 0 0 0 0 0 0 0.43253 2 0.216265 0.216265 0 0 0 0 0 0 0 
0 0 0 0 0 0 0 0 0.216265 1 0 0 0 0.43253 2 0 0 0 0.865061 0 0 0.216265 0.216265 0 0.648796 1 0 0 0 0 0 0 0 0 0 0 0 0.216265 0 0 0 0 0 0 0 0 0 0 0 0 0 0.648796 0 0 0.43253 0 0 0.216265 0.216265 1 0.216265 1.21627 0 0 7.35302 0.865061 0 0 0 0 0 0 0 0 0 0 0.216265 1.21627 1 0.43253 1.08133 0 0 0 0 0 
0 0 0 0 0 0 0 0 0 0 0.43253 0 0 0 0 0.216265 0 0.865061 4 0 0.216265 1.21627 1 0.43253 2 0 0 0 0 0 0 0 0 0 0 0 0.216265 1 0 0 0 0 0 0 0.216265 0 0 0.648796 0 0 0.648796 3 0 0.43253 2 0 0.216265 1 0 0 0.216265 1 0 7.35302 34.8651 4 0 0 0 0 0 0 0 0 0 0 0 0 0.43253 3.29759 5.86506 0.216265 0.216265 0 0 0 
0 0 0 0 0.648796 0.216265 0 0 0 0.43253 2 0 0 0 0.216265 1 0 0 0 0 0 0 0 0 0 0 0 0 0 0 0 0 0 0 0 0 0 0 0 0 0 0 0 0.216265 1 0 0.648796 3 0 0 0 0 0.216265 0 0 0 0 0 0 0 0 0.216265 0 0 0 0 0 0 0 0 0 0 0 0 0.216265 0 0 0 0.216265 1.86506 4.43253 1.21627 1 0 0 0 
0 0 0 0.648796 3.21627 1 0 0 0 0.43253 0 0 0 0 0 0 0 0 0 0 0 0 0 0 0 0 0 0 0 0 0 0.216265 0 0 0 0 0 0 0 0.216265 0 0 0 0 0 0 0 0 0 0.216265 0 0.216265 1 0 0 0 0 0 0.216265 0 0.43253 1 0 0 0 0 0 0 0 0 0 0 0 0.216265 1 0 0 0 0.43253 1.08133 1 0 0.43253 0 0 0 
0 0 0 0.216265 0 0 0 0 0.43253 2 0 0 0 0 0 0 0 0 0 0 0 0 0 0 0 0 0 0 0 0 0.216265 1 0 0 0 0 0 0 0.216265 1 0 0 0 0 0 0 0.216265 0 0.216265 1 0 0 0 0 0 0 0 0.216265 1 0.216265 1 0 1.94639 0 0 0 0 0 0 0 0 0 0 0 0 0 0 0.43253 2.86506 4 0.216265 0.43253 2 0 0 0 
0 0 0.216265 1.21627 0.648796 0 0 0 0 0.216265 0 0 0 0 0 0 0 0 0 0 0 0 0 0 0.216265 0 0.648796 0 0 0 0 0 0 0 0 0 0 0 0 0 0 0 0 0.216265 0 0.216265 1 0 0 0 0 0 0 0 0 0 0 0 0 0 0 1.94639 9 0 0 0 0 0 0 0 0 0 0.216265 0 0 0 0 0.216265 0 0.216265 1 0 0.865061 0 0 0 
0 0 0.216265 1.6488 3 0.216265 0 0 0.216265 1 0 0 0 0 0 0 0 0 0 0 0 0 0 0.43253 1 1.08133 3 0.216265 0 0 0 0.216265 0 0.216265 0 0 0 0 0 0 0 0 0.216265 1 0 0 0 0 0 0 0 0 0 0.216265 0 0 0 0 0 0 0 34.1699 0 0 0 0.216265 0 0 0 0 0 0.216265 1 0 0 0 0.216265 1 0 0 0.216265 1.29759 4.86506 0 0 0 
0 0 0 0.216265 0.216265 1 0 0 0 0.43253 0 0 0 0 0 0 0 0.216265 0 0 0 0 0.216265 1 0.43253 2 0.216265 1 0 0 0.216265 1 0.43253 1 0 0 0 0.216265 0 0 0 0 0 0 0 0 0 0 0 0 0 0 0.216265 1 0 0 0 0 0 0 34.1699 158.433 0 0 0.216265 1 0 0 0 0 0 0.43253 0.43253 0 0 0 0 0 0 0.216265 1.43253 2.86506 4 0 0 0 
0 0 0.216265 1 0 0.43253 0 0 0.43253 2 0 0 0 0 0 0 0.216265 1 0 0 0 0 0 0 0 0 0.216265 0 0 0 0 0.216265 1 0 0 0 0.216265 1 0 0 0 0 0 0 0 0 0 0 0 0.865061 0 0 0 0.216265 0 0.216265 0 0 0 0.216265 0.43253 2 0 0 0 0 0 0 0 0 0.43253 2.43253 2 0 0 0 0 0 0 0 0 0 0.648796 0 0 0 
0 0 0 0 0.43253 2 0 0 0 0 0 0.43253 0 0 0.216265 0 0 0 0 0 0 0 0 0 0 0.216265 1 0 0 0 0 0 0 0 0 0.216265 0 0 1.29759 0 0.216265 0 0 0 0 0 0.216265 0 0.865061 4 0 0 0.216265 1 0.216265 1.21627 0 0 0.216265 1 0 0 0 0 0 0 0.43253 0 0 0 0 0 0 0 0 0 0 0.216265 0 1.08133 0 4.9741 3 0 0 0 
0 0 0 0 0 0 0.865061 0 0 0 0.43253 2 0 0.216265 1.21627 0 0 0 0 0 0 0 0 0 0 0 0 0 0 0 0 0 0.216265 0 0.216265 1 0 1.29759 6 0.216265 1 0 0 0 0.216265 0.216265 1.6488 0 0 0 0 0.216265 0 0 0.216265 1 0 0 0 0 0 0 0 0 0 0.43253 2 0 0 0 0 0 0.216265 0 0 0 0.216265 1 1.08133 5 4.3253 20 0 0 0 0 
0 0 0 0 0 0.865061 4 0 0.216265 0 0 0 0 0.216265 1 0 0 0 0 0 0.216265 0 0.216265 0 0 0 0 0 0 0 0 0.216265 1 0 0 0 0 0 0 0.648796 0 0 0 0.216265 1 0.648796 3.43253 0.216265 3.24398 0 0.216265 1 0 0 0 0.43253 0.216265 0 0 0 0 0 0 0 0.216265 0 0 0.648796 0 0 0 0.216265 1 0 11.0295 0 0 0 0 0 0.216265 0 0 0 0 0 
0 0 0 0 0 0 0 0.216265 1 0 0.216265 0 0 0 0 0 0 0 0 0.216265 1 0.216265 1 0 0 0.216265 0 0 0 0 0 0.216265 0 0 0 0 0 0 0.648796 3.43253 0 0.216265 5.19036 0 0 0.43253 2.21627 4.24398 15 0 0 0.648796 0 0 0.43253 2.21627 1 0 0 0 0 0 0 0.216265 1 0 0.648796 3 0 0 0 1.94639 0 11.0295 51 0 0 0 0 0.216265 1 0 0 0 0 0 
0 0 0 0 0 0 0 0 0 0.216265 1 0.216265 0 0 0 0 0 0 0 0 0 0 0 0 0.648796 1 0 0 0 0 0.43253 1 0 0 0.216265 0 0 0 0.43253 2.21627 0.216265 6.19036 24.2163 0.43253 0 0 0 0 0 0 0.648796 3 0 0 0 0 0 0.43253 0 0 0 0 0 0 0 0 1.51386 0 0 0.865061 1.94639 9 0 0 0.216265 0 0 1.29759 0 0 0 0 0 0 0 0 
0 0 0 0 0 0 0 0 0 0 0.43253 1 0 0 0 0 0 0 0 0 0 0.216265 0.216265 0.43253 2 0 0.865061 0 0.43253 0.43253 1.21627 0.216265 0.43253 0.216265 1 0 0.216265 0 0.216265 1 0 1.08133 1.43253 2.43253 0 0.43253 0 0.216265 0 0 0 0 0 0.216265 0.216265 0 0.43253 2 0 0 0 0 0.43253 0 0.216265 1.73012 10.244 0 1.08133 4 0.43253 0.216265 6.48796 0.216265 2.29759 0 1.29759 6 0 0 0 0 0 0 0 0 
0 0 0 0 0 0 0 0 0 0.216265 1 0 0 0 0 0 0 0 0 0 0.216265 1.21627 1 0 0 0.865061 4 0.43253 2.21627 1.21627 1.21627 1.43253 2 0 0 0.216265 1 0 0 0 0.865061 4 0.43253 2 0.43253 2 0.216265 1 0 0 0 0 0.216265 1.21627 1 0 0 0 0 0 0 0.43253 2 0.216265 1.21627 4.24398 15 0.216265 1 0.43253 2.21627 7.48796 30 1.29759 6 0 0 0 0 0 0 0 0 0 0 0 
0 0 0 0 0 0 0 0 0 0 0 0 0 0 0 0 0 0 0 0 0 0 0 0 0 0 0 0 0 0 0 0 0 0 0 0 0 0 0 0 0 0 0 0 0 0 0 0 0 0 0 0 0 0 0 0 0 0 0 0 0 0 0 0 0 0 0 0 0 0 0 0 0 0 0 0 0 0 0 0 0 0 0 0 0 0 
0 0 0 0 0 0 0 0 0 0 0 0 0 0 0 0 0 0 0 0 0 0 0 0 0 0 0 0 0 0 0 0 0 0 0 0 0 0 0 0 0 0 0 0 0 0 0 0 0 0 0 0 0 0 0 0 0 0 0 0 0 0 0 0 0 0 0 0 0 0 0 0 0 0 0 0 0 0 0 0 0 0 0 0 0 0 
0 0 0 0 0 0 0 0 0 0 0 0 0 0 0 0 0 0 0 0 0 0 0 0 0 0 0 0 0 0 0 0 0 0 0 0 0 0 0 0 0 0 0 0 0 0 0 0 0 0 0 0 0 0 0 0 0 0 0 0 0 0 0 0 0 0 0 0 0 0 0 0 0 0 0 0 0 0 0 0 0 0 0 0 0 0 
0 0 0 0 0 0 0 0 0 0 0 0 0 0 0 0 0 0 0 0 0 0 0 0 0 0 0 0 0 0 0 0 0 0 0 0 0 0 0 0 0 0 0 0 0 0 0 0 0 0 0 0 0 0 0 0 0 0 0 0 0 0 0 0 0 0 0 0 0 0 0 0 0 0 0 0 0 0 0 0 0 0 0 0 0 0 
