0 0 0 0 0 0 0 0 0 0 0 0 0 0 0 0 0 0 0 0 0 0 0 0 0 0 0 0 0 0 0 0 0 0 0 0 0 0 0 0 0 0 0 0 0 0 0 0 0 0 0 0 0 0 0 0 0 0 0 0 0 0 0 0 0 0 0 0 0 0 0 0 0 0 0 0 0 0 0 0 0 0 0 0 0 0 
0 0 0 0 0 0 0 0 0 0 0 0 0 0 0 0 0 0 0 0 0 0 0 0 0 0 0 0 0 0 0 0 0 0 0 0 0 0 0 0 0 0 0 0 0 0 0 0 0 0 0 0 0 0 0 0 0 0 0 0 0 0 0 0 0 0 0 0 0 0 0 0 0 0 0 0 0 0 0 0 0 0 0 0 0 0 
0 0 0 0 0 0 0 0 0 0 0 1.51386 0.43253 1.08133 0 0.43253 0.216265 0.216265 0 0 0 0 0 0 0 0 0 0 0.43253 0 0 0.648796 0.43253 0.216265 0 0 0 0.216265 0.43253 0 0 0 0 0 0.216265 0 0.43253 0 0 0 0 0 0 0 0 0 0 0 0.43253 0.216265 0 0.216265 0.216265 0 0 0.216265 0 0 0 0.216265 0 0.43253 0.648796 0 0 0.216265 0 0 0 0 0 0 0 0 0 0 
0 0 0 0 0 0 0 0.216265 0 0 1.51386 8.51386 3.08133 5 0.43253 2.21627 1.21627 1.21627 0 0 0 0.43253 0 0 0 0 0 0.648796 2 0.216265 0.648796 3.43253 2.21627 1 0 0 0.216265 1.43253 2 0 0 0 0 0.216265 2.29759 0.43253 2 0 0 0 0.216265 0.43253 0 0 0 0.216265 0.216265 0.43253 2.21627 1 0.216265 1.21627 1 0 0.648796 1.21627 0 0 0.216265 1 0.43253 2.6488 3 0 0.216265 1 0 0 0.216265 0 0 0 0 0 0 0 
0 0 0 0 0 0 0.216265 1.43253 0 0.43253 1.51386 5.21627 0 0 0 0 0.216265 1 0.865061 0 0.43253 2 0 0 0 0 0.43253 1 0.216265 1 0 0 0 0 0.865061 0 0 1.51386 0.216265 0 0 0.216265 0 1.29759 6 0 0 0.216265 0.216265 0.216265 1.43253 2 0 0 0.216265 1.21627 1.21627 0 0.216265 0 0 0 0 0.648796 2.21627 1 0 0 0.43253 0 0 0 0 0 0.216265 0 0 0.216265 1 0 0 0 0 0 0 0 
0 0 0 0 0 17.3012 0.43253 2 0.865061 3.29759 2.21627 1 0.216265 0 2.16265 0.216265 0 0.865061 4 0 0 0 0 0 0 0.216265 1.43253 0.648796 0 0 0.43253 0 0 0.865061 4 0 1.51386 7.21627 1 0.43253 0.216265 1 0 0 0 0 0.216265 1.21627 1 0 0 0 0 0 0 0.216265 1 0.216265 1 0 0.216265 0 0.216265 1 0 0 0 0.43253 2 0 0.43253 0 0 0.648796 1 0 0 1.73012 0 0 0 0 0 0 0 0 
0 0 0 0 17.3012 80 0 0.648796 2.86506 4 0.216265 0.216265 1 2.16265 10.2163 1 0 0 0 0 0 0 0 0 0 0.43253 2.6488 3 0 0.43253 2 0.43253 0 0 0 0 0 0 0.43253 2 0 0 0 0 0 0 0 0.216265 0 0 0 0 0 0 0 0 0 0 0 0.216265 1 0 0 0 0 0 0 0 0 0.43253 2 0 0.43253 2.86506 0 0 1.73012 8 0 0 0.865061 0 0 0 0 0 
0 0 0 0 3.24398 0 0.43253 1 0 0.216265 1 0 0 0 0 0 0 0 2.16265 0 0 0 0 0 0.216265 0 0 0 0 0 0.43253 2 0 0 0 0 0 0.216265 0 0.216265 0 0 0 0 0 0 0.216265 1 0 0 0 0 0 0 0 0 0 0 0 0 0 0 0 0 1.51386 0.216265 0 0 0 0 0 0 0.865061 4 0 0 0 0 0 1.73012 4 0.865061 0 0 0 0 
0 0 0 3.24398 15 0.216265 1.43253 0 0 0 0.648796 0 0 0 0 0 0 2.16265 10 0 0 0 0 0.216265 1 0 0 0 0 0 0 0 0 0 0 0 0.216265 1 0.216265 1 0 0.216265 0 0 0.216265 0 0.43253 0 0 0 0 0 0 0 0 0 0 0 0.216265 0 0 0 0 1.51386 7.21627 1 0 0 0.216265 0 0 0 0 0 0 0 0 0 0.865061 4 0.865061 4.21627 0 0 0 0 
0 0 0 5.83916 0.43253 0.43253 2 0.216265 0 0.648796 3 0 0 0 0 0 0 0 0 0 0 0.216265 0 0 0 0 0 0 0 0 0 0 0.216265 0 0 0 0 0 0 0 0.216265 1 0 0.216265 1 0.43253 2 0 0 0 0 0 0 0 0 0 0 0.216265 1 0 0 0 0 0 0 0 0 0.216265 1 0 0 0 0 0 0.648796 0 0 0 0 0 0.216265 1 0.216265 0 0 0 
0 0 5.83916 28.7301 2 0 0.216265 1.21627 0 1.94639 0.216265 0 0.216265 0 0 0 0 0 0 0 0.216265 1 0 0 0 0 0 0 0.865061 0.216265 0 0.216265 1 0 0 0 0 0 0 0 0 0 0 0 0 0 0 0 0 0 0 0 0 0.43253 0 0.216265 0 0 0 0 0 0 0 0 0 0 0.216265 0 0 0 0 0 0 0.648796 3 0 0 0 0 0 0 0.216265 1 0 0 0 
0 0 1.29759 6.6488 0.216265 0 0.216265 1 1.94639 9.21627 1 1.08133 1 0 0 0 0 0 0 0 0 0 0 0 0 0 0 0.865061 4.21627 1 0 0 0.216265 0 0 0 0 0 0 0 0 0 0 0 0 0 0.216265 0 0 0 0 0 0.648796 2 0.216265 1 0 0 0 0 0 0 0.216265 0 0 0.216265 1 0 0 0 0 0 0 0 0 0 0 0.216265 0 0.216265 0 0.43253 1.73012 0 0 0 
0 0 0.648796 3.6488 1 0 0.216265 0 0.865061 0.216265 0.865061 4 0.216265 0 0 0 0.648796 0 0 0 0 0 0 0 0 0 0 0 0 0 0 0.216265 1 0 0.216265 0 0 0 0 0 0 0 0 0 0 1.29759 1 0 0 0 0 0.216265 1 0 0 0.43253 0 0 0 0.216265 0 0.216265 1 0 0 0 0 0 0 0.43253 0 1.08133 0 0 0 0 0.216265 1 0.43253 1 0.43253 3.73012 9.29759 0 0 0 
0 0 0.43253 2 0.43253 0.216265 1 0.865061 4.21627 1 0 0.216265 1.21627 0 0 0.648796 3 0 0 0 0 0 0 0.216265 0 0 0 0 0 0 0 0.648796 0 0.43253 1 0 0 0 0 0 0.216265 0 0 0 1.08133 5 0 0.43253 0 0 0 0 0 0 0.865061 2 0 0 0.216265 1 0 0.216265 0 0 0 0 0 0 0.43253 2 1.29759 5 0 0 0 0.216265 0 0.216265 1 0.216265 0 1.29759 6 0 0 0 
0 0 0 0.43253 2 9.73193 0 0 0 0 0 0.216265 1.21627 0.216265 0 0 0 0 0 0 0 0 0.216265 1 0 0 0 0 0 0 0.648796 3 0.216265 1.21627 0 0 0 0 0 0.216265 1 0 0 0 0 0 0.43253 2 0 0 0 0 0 0.43253 2 0 0 0 0 0 0.216265 1 0 0 0 0 0 0 0 0.216265 1 0 0 0 0.216265 1 0 0 0.216265 1 0 0.43253 0 0 0 0 
0 0 0 0 10.597 45 0 0 0 0 0 0.216265 1.21627 1 0 0 0.216265 0.216265 0 0 0 0 0 0 0 0 0 0 0 0 0.216265 0 0.216265 1 0 0 0 0 0 0 0 0 0 0 0 0 0.216265 0 0 0 0 0 0 0 0 0 0 0 1.51386 0 0 0 1.73012 0 0 0 0 0 0 0 0 0 0 0 0 0 0 0 0 0 0.43253 2 0.216265 0 0 0 
0 0 0 0.865061 4 1.51386 0.43253 5.62289 0 0.43253 0.216265 0 0.865061 0 1.29759 0.216265 1.21627 1 0 0 0 0 0 0.648796 0 0 0 0 0 0.216265 1 0 0 0 0 0.648796 0 0.216265 0 0 0 0 0 0 0 0.216265 1.21627 0 0 0 0 0 0 0 0 0 0 1.51386 7 0 0 1.73012 8 0 0 0 0 0 0 0 1.51386 0 0 0 0 0 0.216265 0 0 0 0 0.648796 1 0 0 0 
0 0 0 0 1.51386 7.43253 11.0831 26 0.43253 2.6488 1 0.865061 4 1.29759 6 0 0 0 0 0 0.216265 0 0.648796 3 0 0 0 0 0.216265 0 0 0 0 0 1.51386 3 0.216265 1 0 0 0 0.43253 0 0 0 0.216265 2.08133 0 0.43253 0 0 0 0 0 0 0.43253 0 0 0 0 0 0 0 0 0 0 0 0 0 1.51386 7 0 0 0 0 0.216265 1 0 0 0 0.43253 2 0 0 0 0 
0 0 0 0 0 3.46024 16 0.216265 0.43253 2 0.648796 0 0 0 0 0 0 0 0 0.216265 1 0 0 0 0 0 0 0.216265 1 0 0.216265 0 0.43253 0.865061 4 0 0 0 0 0 0.648796 2 0 0 0.216265 1.08133 5 0.43253 2 0 0.216265 0 0 0 0.43253 2.43253 0 0 0 0 0 0 1.08133 0 0 0 0 0 0 0 0 0.865061 0 0 0.216265 0 0 0 0 0 0.648796 0 0 0 0 0 
0 0 0 0 0 0 0.216265 1 0.216265 0.648796 3.86506 0.216265 0 0 0 0.216265 0.216265 0 0 0 0 0 0 0 0 0 0.43253 0.216265 0 0.216265 1.21627 0.43253 2 0.648796 0 0 0 0 0 0.216265 1 0 0.43253 0.216265 1 0 0 0.216265 0.216265 0.216265 1.21627 0 0 0 0.43253 2 0 0 0 0 0 1.08133 5 0 0 0 0 0 0 0 1.29759 5.29759 0 0.216265 1 0 0 0.216265 0 0.648796 3 0 0 0 0 0 
0 0 0 0 0 0 0 0.216265 1 0.865061 4.21627 1 0 1.08133 0.216265 1.21627 1 0 0 0 0 0 0 0 0.216265 0.43253 2.21627 1 0.43253 0.216265 1 0 0.648796 3 0.216265 0 0 0 0 0.648796 0 0.43253 2.21627 0 0 0 0.216265 1.21627 1 0.216265 1 0 0 0 0 0.216265 0 0.43253 0 0 0 0 0 0.216265 0 0 0.216265 0 0 0.43253 3.29759 6 0 0 0 0 0.216265 1 0 0 0 0 0 0 0 0 
0 0 0 0 0 0 0 0 0 0 0.216265 1.51386 1.08133 5.6488 0 0.216265 0.43253 0.216265 0 0 0 1.51386 3.89277 0.216265 1 0.216265 0 0.648796 2.21627 0 0 0.216265 0.648796 0.216265 1.21627 0.216265 0.43253 0 1.08133 3 0 0.216265 1 0 0.43253 0 0 0.216265 0 0 0 0.216265 0 0.216265 0.216265 1.43253 0.43253 2.43253 0 0 0 0 0.43253 1 0 0.216265 1.21627 0 0 0 0.43253 0 0.43253 0 0.216265 0 0 0 0 0 0 0 0 0 0 0 
0 0 0 0 0 0 0 0 0 0.216265 2.51386 7 0.648796 3 0.216265 1.43253 2.21627 1 0 0 1.51386 10.8928 18 0 0.216265 1 0.216265 1.21627 1 0 0.216265 1.6488 3 0.216265 1.21627 1.43253 2 0.43253 2 0 0 0 0 0.43253 2 0 0.216265 1 0 0 0.216265 1 0.216265 1 0.43253 2 0.43253 2 0 0 0 0.216265 1 0 0 0.216265 1 0 0 0.43253 2 0.43253 2 0.216265 1 0 0 0 0 0 0 0 0 0 0 0 
0 0 0 0 0 0 0 0 0 0 0 0 0 0 0 0 0 0 0 0 0 0 0 0 0 0 0 0 0 0 0 0 0 0 0 0 0 0 0 0 0 0 0 0 0 0 0 0 0 0 0 0 0 0 0 0 0 0 0 0 0 0 0 0 0 0 0 0 0 0 0 0 0 0 0 0 0 0 0 0 0 0 0 0 0 0 
0 0 0 0 0 0 0 0 0 0 0 0 0 0 0 0 0 0 0 0 0 0 0 0 0 0 0 0 0 0 0 0 0 0 0 0 0 0 0 0 0 0 0 0 0 0 0 0 0 0 0 0 0 0 0 0 0 0 0 0 0 0 0 0 0 0 0 0 0 0 0 0 0 0 0 0 0 0 0 0 0 0 0 0 0 0 
0 0 0 0 0 0 0 0 0 0 0 0 0 0 0 0 0 0 0 0 0 0 0 0 0 0 0 0 0 0 0 0 0 0 0 0 0 0 0 0 0 0 0 0 0 0 0 0 0 0 0 0 0 0 0 0 0 0 0 0 0 0 0 0 0 0 0 0 0 0 0 0 0 0 0 0 0 0 0 0 0 0 0 0 0 0 
0 0 0 0 0 0 0 0 0 0 0 0 0 0 0 0 0 0 0 0 0 0 0 0 0 0 0 0 0 0 0 0 0 0 0 0 0 0 0 0 0 0 0 0 0 0 0 0 0 0 0 0 0 0 0 0 0 0 0 0 0 0 0 0 0 0 0 0 0 0 0 0 0 0 0 0 0 0 0 0 0 0 0 0 0 0 
