0 0 0 0 0 0 0 0 0 0 0 0 0 0 0 0 0 0 0 0 0 0 0 0 0 0 0 0 0 0 0 0 0 0 0 0 0 0 0 0 0 0 0 0 0 0 0 0 0 0 0 0 0 0 0 0 0 0 0 0 0 0 0 0 0 0 0 0 0 0 0 0 0 0 0 0 0 0 0 0 0 0 0 0 0 0 
0 0 0 0 0 0 0 0 0 0 0 0 0 0 0 0 0 0 0 0 0 0 0 0 0 0 0 0 0 0 0 0 0 0 0 0 0 0 0 0 0 0 0 0 0 0 0 0 0 0 0 0 0 0 0 0 0 0 0 0 0 0 0 0 0 0 0 0 0 0 0 0 0 0 0 0 0 0 0 0 0 0 0 0 0 0 
0 0 0 0 0 0 0 0 0 0 0 0.216265 0 0 0 0 0 0 0 0 0 0 0 0.216265 0 0 0 0 0.865061 0 0 0 0 0 0 0 0 0.43253 0 0 0 0 0 0 0.216265 0.43253 0 0 0 0.648796 0.648796 0 0 0 0 1.29759 0 1.08133 6.27169 0.216265 0 0 0.216265 0 0.216265 0 0 0 0 0 0 1.29759 0 0 0 0 0 0 0 0 0 0 0 0 0 0 
0 0 0 0 0 0 0 0 0.43253 0 0.216265 1 0 0 0 0 0 0 0 0 0 0 0.216265 1.21627 0.648796 0 0 1.08133 4.21627 0 0 0 0 0 0 0 0.43253 2 0 0 0 0 0 0.216265 1.43253 2 0 6.05542 0.648796 3.6488 3 0 3.67651 0 1.29759 6 2.37892 11.2717 29.4325 1 0 0.216265 1 0.216265 4.24398 0.216265 0.865061 0 0 0 1.29759 6.21627 0 0 0.216265 0 0.865061 0 0 0 0 0 0 0 0 0 
0 0 0 0 0 0 0 0.43253 2 0 0 0 0 0 0 0 0.216265 0 0.216265 0 0 0 0.216265 1.6488 3 0 0.216265 1.21627 1 0 0 0 0 0 0 0 0 0 0 0 0 1.29759 0 0 0 0 6.27169 28 0.648796 0 0 3.67651 17 0 0.43253 1.29759 6 0.43253 1 0 0 0 0 3.24398 15.4325 1.86506 4 0 1.29759 1.29759 2.59518 1 0 1.73012 1 0.865061 4.43253 0 0 0.216265 0 0 0 0 0 0 
0 0 0 0 0 0 0 0 0 0 0 0 0 0 0.216265 0.216265 1 0.216265 1 0 0 0 0 0 0 0 0 0 0 0 0.43253 0 0 0 0 0 0 0 0 0 1.29759 6.21627 0 0 0 0.216265 1 0.648796 3 0 0.648796 0 0 0.43253 2.21627 0 0.43253 1 0 0 0 0 0.43253 0.216265 2.51386 0 0 1.29759 7.29759 8.37892 11 0 1.51386 7 0 0.43253 2.86506 0 0.216265 1 0 0 0 0 0 0 
0 0 0 0 0 0 0 0 0 0.216265 0 0 0 0.216265 1.21627 0 0 0 0 0 0 0 0 0 0 0.216265 0 0 0 0.43253 2.21627 0 0 0 0 0.216265 0 0 0 0 0.216265 1 0 0 0.216265 0 0 0 0 0.648796 3 0 0 0.216265 1 0.216265 1 0 0 0.648796 0 0.648796 2 1.51386 7 0 0 0 0 0 0 0 0 0 0 0.865061 4 0.216265 0.216265 0 0.216265 0 0 0 0 0 
0 0 0 0 0 0 0 0 0.216265 1 0 0 0 0.216265 1 0 0 0 0.648796 0 0 0.216265 0 0 0.43253 1 0 0 0 0.216265 1 0 0 0 0.216265 1 0 0 0 0 0 0 0 0.216265 1 0 0 0 0 0 0 0.865061 0 0 0.865061 0 0 0.216265 0.648796 3 0.43253 1 0 0.216265 6.70422 0.648796 0 0.216265 0 0 0 0 0 0 0 0 0.216265 1.21627 1 0.43253 1.6488 0 0 0 0 0 
0 0 0 0 0 0 0 0 0 0 0.216265 0 0 0 0 0.648796 0 0.648796 3 0 0.216265 1 0 0.216265 1 0 0 0 0 0 0 0 0 0 0 0 0 0 0 0 0 0 0 0 0 0 0 0.43253 0 0 0.865061 4 0 0.865061 4 0 0.216265 1 0 0.43253 1 0 0.216265 7.70422 31.6488 3 0.216265 1 0 0 0 0.216265 0 0 0 0 0 0 0.216265 1.6488 3.86506 0.216265 0.216265 0 0 0 
0 0 0 0.43253 0.43253 0 0 0 0 0.216265 1 0 0 0 0.648796 3 0 0 0 0 0 0 0 0 0 0 0 0 0 0 0 0 0 0 0 0 0 0 0 0 0 0 0 0 0 0 0.43253 2 0 0 0 0 0.43253 0 0 0 0 0 0.216265 1 0.216265 0 0 0 0 0 0 0 0 0 0.216265 1 0 0 0 0 0 0 0 0.865061 4.43253 1.21627 1 0 0 0 
0 0 0.43253 2.43253 2 0 0 0 0 0.43253 0 0 0 0 0 0 0 0 0 0.216265 0 0.216265 0 0 0 0 0 0 0 0 0.216265 0 0 0 0 0 0 0 0.216265 0.216265 0 0 0 0 0 0 0 0 0 0.216265 0 0.43253 2 0 0 0 0 0 0 0.216265 1.43253 0 0 0 0 0.43253 0 0 0 0 0 0 0 0 0 0 0 0 0.216265 0.865061 1 0 0.216265 0 0 0 
0 0 0 0 0 0 0 0 0.43253 2 0 0.216265 0 0 0 0 0 0 0.216265 1 0.216265 1 0 0 0 0 0 0 0 0.216265 1 0 0 0 0 0 0 0.216265 1.21627 1 0 0 0 0 0 0 0 0 0.216265 1 0 0 0 0 0.216265 0 0 0 0 0.43253 2 0 1.08133 0 0.43253 2.21627 0 0 0 0 0 0 0 0 0 0 0 0.216265 1.6488 3 0 0.216265 1 0 0 0 
0 0 0 0 0 0 0 0 0 0.216265 0.216265 1 0 0 0 0.216265 0 0 0 0 0 0 0 0 0 0 0.865061 0 0 0 0 0 0 0 0 0 0 0 0 0 0 0 0 0.216265 0 0 0 0 0 0 0 0 0 0.216265 1 0 0 0 0 0 0 1.08133 5 0.216265 0.216265 1 0 0 0 0.648796 0 0 0.43253 0 0 0 0 0 0 0 0 0 1.08133 0 0 0 
0 0 0 0 0 0.216265 0 0 0.216265 1 0 0 0.216265 0 0.216265 1 0 0 0 0 0 0 0 0.216265 0 1.29759 4 0.216265 0 0 0 0 0 0.43253 0 0 0 0 0 0 0 0 0.216265 1 0 0 0 0.216265 0 0 0 0 0 0 0 0 0 0 0 0 0 33.5211 0.216265 1 0 0 0 0 0.865061 3 0 0.43253 2 0 0 0 0 0 0 0 0.216265 1.29759 5.43253 0 0 0 
0 0 0 0.216265 0.216265 1 0 0 0 0 0 0.216265 1 0 0 0 0 0.216265 0 0 0 0 0.216265 1 0.43253 2 0.216265 1 0 0 0 0 0.43253 2 0 0 0 0 0 0 0 0 0 0 0 0 0.216265 1 0 0 0 0 0 0 0 0 0 0 0 0 33.5211 155.649 0 0 0 0 0 0.216265 1 0 0 0.648796 0.216265 0 0 0.216265 0 0 0 0.216265 1.21627 1.43253 2 0 0 0 
0 0 0.216265 1 0.216265 0.216265 0 0 0 0 0 0 0 0 0 0 0.43253 1 0 0 0 0 0 0 0 0 0 0 0 0.216265 0 0 0 0 0 0 0 0 0 0 0 0.216265 0 0 0 0 0 0 0 0.43253 0 0 0 0.216265 0 0.43253 0 0 0 0.648796 1.08133 3 0 0 0 0 0.216265 0 0 0 0.648796 3.6488 1 0 0.216265 1 0 0 0 0 0 0 0.43253 0 0 0 
0 0 0 0.216265 1.21627 1 0.216265 0.43253 0 0 0 0 0 0 0 0.216265 1 0 0 0 0 0 0 0.216265 0 0 0 0 0.216265 1 0 0 0 0 0 0.43253 0.216265 0 1.08133 0 0.216265 1 0 0 0 0 0 0 0.43253 2 0 0 0.216265 1 0.43253 2 0 0 0.648796 3.43253 2 0 0 0 0 0.216265 1.86506 0 0 0 0.43253 2 0 0 0 0 0 0 0 0.865061 0 5.40663 2 0 0 0 
0 0 0 0 0 0.216265 1.6488 2 0 0 0.216265 0 0 0 0 0 0 0 0 0 0.216265 0 0.216265 1 0 0 0 0 0 0 0 0 0.216265 0 0.43253 2.21627 1 1.08133 5 0 0 0 0 0.43253 0.216265 0 1.08133 0 0 0 0 0 0 0 0 0 0.865061 0 0.216265 0 0 0 0 0 0 0.865061 4 0 0 0 0 0 0.43253 0 0 0 0 0 0.865061 4 4.9741 23 0 0 0 0 
0 0 0 0 0 0.216265 1 0 0 0.216265 1 0 0 0 0 0 0 0 0 0.216265 1.21627 0 0 0 0 0 0 0 0 0 0 0.216265 1.21627 0 0 0 0 0 0 0.43253 0 0 0.43253 2.21627 1 1.08133 5.43253 0.216265 3.02771 0 0 0 0 0 0 1.08133 4 0.216265 1 0 0 0 0 0 0 0 0 1.08133 0 0 0 0.43253 2 0 10.3807 0 0 0 0 0 0.216265 0 0 0 0 0 
0 0 0 0 0 0 0 0 0 0 0.216265 0 0 0 0 0 0 0 0 0.216265 1 0 0 0 0 0 0 0.216265 0 0 0 0.216265 1.21627 0 0 0 0 0 0.43253 2.21627 0 0 5.83916 0 0 0.43253 2.21627 4.02771 14 0 0.216265 0.216265 0 0 0.216265 1 0 0 0 0 0 0 0 0 0 0 1.08133 5 0 0 0 2.16265 0 10.3807 48 0 0 0 0 0.216265 1 0 0 0 0 0 
0 0 0 0 0 0 0 0 0 0.216265 1 0.216265 0 0 0 0 0 0 0 0 0 0 0 0 0 0 0.648796 1 0 0 0.216265 0.216265 1 0 0.43253 0 0 0 0.43253 1 0 5.83916 27.6488 0 0 0 0 0 0 0.216265 1.21627 1 0 0 0 0 0 0.865061 0 0 0 0 0 0 0 0 0.648796 0 0 1.73012 2.16265 10 0 0 0.216265 0 0 1.29759 0 0 0 0 0 0 0 0 
0 0 0 0 0 0 0 0 0 0 0.216265 1 0 0 0 0 0 0 0 0 0 0.43253 0.43253 0 0.216265 0.43253 3.51386 0.216265 0.43253 0.43253 1.21627 0.43253 0 0.43253 2.6488 0 0.865061 0.216265 1 0 0 2.37892 3 0.216265 0 0.865061 0 0 0 0 0 0 0 0.216265 0.43253 0 0.865061 4 0 0 0.43253 0 0.216265 0 0.216265 0.865061 6.67651 0 2.37892 8 0.216265 0.216265 8.43434 0.216265 2.94639 0 1.29759 6 0 0 0 0 0 0 0 0 
0 0 0 0 0 0 0 0 0 0 0 0 0 0 0 0 0 0 0 0 0.43253 2.43253 2 0.216265 1 1.51386 7.21627 1.43253 2.21627 1.21627 1.43253 2 0 0.648796 3 0.865061 4 0 0 0 1.73012 8 0.216265 1 0.865061 4 0 0 0 0 0 0 0.216265 1.43253 2 0 0 0 0 0.43253 2 0.216265 1 0.216265 1.21627 4.67651 17 0.648796 3 0.216265 1.21627 9.43434 39 1.94639 9 0 0 0 0 0 0 0 0 0 0 0 
0 0 0 0 0 0 0 0 0 0 0 0 0 0 0 0 0 0 0 0 0 0 0 0 0 0 0 0 0 0 0 0 0 0 0 0 0 0 0 0 0 0 0 0 0 0 0 0 0 0 0 0 0 0 0 0 0 0 0 0 0 0 0 0 0 0 0 0 0 0 0 0 0 0 0 0 0 0 0 0 0 0 0 0 0 0 
0 0 0 0 0 0 0 0 0 0 0 0 0 0 0 0 0 0 0 0 0 0 0 0 0 0 0 0 0 0 0 0 0 0 0 0 0 0 0 0 0 0 0 0 0 0 0 0 0 0 0 0 0 0 0 0 0 0 0 0 0 0 0 0 0 0 0 0 0 0 0 0 0 0 0 0 0 0 0 0 0 0 0 0 0 0 
0 0 0 0 0 0 0 0 0 0 0 0 0 0 0 0 0 0 0 0 0 0 0 0 0 0 0 0 0 0 0 0 0 0 0 0 0 0 0 0 0 0 0 0 0 0 0 0 0 0 0 0 0 0 0 0 0 0 0 0 0 0 0 0 0 0 0 0 0 0 0 0 0 0 0 0 0 0 0 0 0 0 0 0 0 0 
0 0 0 0 0 0 0 0 0 0 0 0 0 0 0 0 0 0 0 0 0 0 0 0 0 0 0 0 0 0 0 0 0 0 0 0 0 0 0 0 0 0 0 0 0 0 0 0 0 0 0 0 0 0 0 0 0 0 0 0 0 0 0 0 0 0 0 0 0 0 0 0 0 0 0 0 0 0 0 0 0 0 0 0 0 0 
