0.00 0.00 0.00 0.00 0.00 0.00 0.00 0.00 0.00 0.00 0.00 0.00 0.00 0.00 0.00 0.00 0.00 0.00 0.00 0.00 0.00 0.00 0.00 0.00 0.00 0.00 0.00 0.00 0.00 0.00 0.00 0.00 0.00 0.00 0.00 0.00 0.00 0.00 0.00 0.00 0.00 0.00 0.00 0.00 0.00 0.00 0.00 0.00 0.00 0.00 0.00 0.00 0.00 0.00 0.00 0.00 0.00 0.00 0.00 0.00 0.00 0.00 0.00 0.00 0.00 0.00 0.00 0.00 0.00 0.00 0.00 0.00 0.00 0.00 0.00 0.00 0.00 0.00 0.00 0.00 0.00 0.00 0.00 0.00 0.00 0.00 
0.00 0.00 0.00 0.00 0.00 0.00 0.00 0.00 0.00 0.00 0.00 0.00 0.00 0.00 0.00 0.00 0.00 0.00 0.00 0.00 0.00 0.00 0.00 0.00 0.00 0.00 0.00 0.00 0.00 0.00 0.00 0.00 0.00 0.00 0.00 0.00 0.00 0.00 0.00 0.00 0.00 0.00 0.00 0.00 0.00 0.00 0.00 0.00 0.00 0.00 0.00 0.00 0.00 0.00 0.00 0.00 0.00 0.00 0.00 0.00 0.00 0.00 0.00 0.00 0.00 0.00 0.00 0.00 0.00 0.00 0.00 0.00 0.00 0.00 0.00 0.00 0.00 0.00 0.00 0.00 0.00 0.00 0.00 0.00 0.00 0.00 
0.00 0.00 0.00 0.00 0.00 0.00 0.00 0.00 0.00 0.00 0.00 0.00 0.00 0.00 0.00 0.00 0.00 0.00 0.00 0.00 0.00 0.00 0.00 0.00 0.00 0.00 0.00 0.00 0.00 0.00 0.00 0.00 0.00 0.00 0.00 0.00 0.00 0.00 0.00 0.00 0.00 0.00 0.00 0.00 0.00 0.00 0.00 0.00 0.00 0.00 0.00 0.00 0.00 0.00 0.00 0.00 0.00 0.00 0.00 0.00 0.00 0.00 0.00 0.00 0.00 0.00 0.00 0.00 0.00 0.00 0.00 0.00 0.00 0.00 0.00 0.00 0.00 0.00 0.00 0.00 0.00 0.00 0.00 0.00 0.00 0.00 
0.00 0.00 0.00 0.00 0.00 0.00 0.00 0.00 0.64 4.32 5.52 5.69 5.35 4.77 4.25 3.81 3.43 3.11 2.85 2.63 2.45 2.30 2.17 2.06 1.97 1.90 1.83 1.78 1.73 1.69 1.66 1.63 1.60 1.59 1.57 1.56 1.54 1.54 1.53 1.52 1.52 1.52 1.52 1.52 1.52 1.52 1.52 1.52 1.52 1.52 1.52 1.52 1.52 1.52 1.52 1.52 1.52 1.52 1.52 1.52 1.52 1.52 1.52 1.51 1.51 1.51 1.51 1.51 1.51 1.51 1.52 1.53 1.54 1.55 1.51 1.35 1.00 0.15 0.00 0.00 0.00 0.00 0.00 0.00 0.00 0.00 
0.00 0.00 0.00 0.00 0.00 0.00 0.00 4.62 6.87 4.30 3.27 2.71 2.36 2.07 1.85 1.66 1.49 1.36 1.24 1.15 1.07 1.00 0.95 0.90 0.86 0.83 0.80 0.77 0.75 0.74 0.72 0.71 0.70 0.69 0.68 0.68 0.67 0.67 0.67 0.66 0.66 0.66 0.66 0.66 0.66 0.66 0.66 0.66 0.66 0.66 0.66 0.66 0.66 0.66 0.66 0.66 0.66 0.66 0.66 0.66 0.66 0.66 0.66 0.66 0.66 0.66 0.66 0.66 0.66 0.66 0.66 0.66 0.67 0.69 0.72 0.81 1.01 1.57 1.04 0.00 0.00 0.00 0.00 0.00 0.00 0.00 
0.00 0.00 0.00 0.00 0.00 0.25 6.65 5.32 3.55 2.83 2.42 2.10 1.82 1.60 1.43 1.28 1.16 1.05 0.96 0.89 0.83 0.78 0.74 0.70 0.67 0.64 0.62 0.60 0.59 0.57 0.56 0.55 0.54 0.54 0.53 0.53 0.52 0.52 0.52 0.52 0.52 0.51 0.51 0.51 0.51 0.51 0.51 0.51 0.52 0.52 0.52 0.52 0.52 0.52 0.52 0.52 0.52 0.52 0.52 0.52 0.52 0.51 0.51 0.51 0.51 0.51 0.51 0.51 0.51 0.51 0.51 0.52 0.52 0.54 0.57 0.60 0.67 0.81 1.22 1.58 0.06 0.00 0.00 0.00 0.00 0.00 
0.00 0.00 0.00 0.00 0.00 6.59 4.79 3.36 2.77 2.31 2.06 1.81 1.57 1.38 1.24 1.11 1.00 0.91 0.83 0.77 0.72 0.67 0.64 0.60 0.58 0.56 0.54 0.52 0.51 0.50 0.49 0.48 0.47 0.46 0.46 0.46 0.45 0.45 0.45 0.45 0.45 0.45 0.44 0.44 0.44 0.44 0.44 0.45 0.45 0.45 0.45 0.45 0.45 0.45 0.45 0.45 0.45 0.45 0.45 0.45 0.45 0.44 0.44 0.44 0.44 0.44 0.44 0.44 0.44 0.44 0.45 0.45 0.45 0.46 0.49 0.51 0.55 0.63 0.77 1.14 1.67 0.00 0.00 0.00 0.00 0.00 
0.00 0.00 0.00 0.00 4.46 5.32 3.40 2.79 2.39 2.07 1.82 1.66 1.48 1.30 1.16 1.04 0.94 0.85 0.78 0.72 0.67 0.63 0.60 0.57 0.54 0.52 0.50 0.49 0.47 0.46 0.45 0.45 0.44 0.43 0.43 0.43 0.42 0.42 0.42 0.42 0.42 0.42 0.42 0.42 0.42 0.42 0.42 0.42 0.42 0.42 0.42 0.42 0.42 0.42 0.42 0.42 0.42 0.42 0.42 0.42 0.42 0.42 0.42 0.42 0.41 0.41 0.41 0.41 0.41 0.42 0.42 0.42 0.42 0.43 0.44 0.45 0.49 0.55 0.64 0.80 1.36 1.25 0.00 0.00 0.00 0.00 
0.00 0.00 0.00 0.63 6.89 3.67 2.89 2.47 2.13 1.95 1.71 1.46 1.31 1.18 1.06 0.95 0.85 0.78 0.71 0.66 0.61 0.58 0.54 0.52 0.49 0.48 0.46 0.45 0.43 0.42 0.42 0.41 0.40 0.40 0.39 0.39 0.39 0.39 0.38 0.38 0.38 0.38 0.38 0.38 0.38 0.38 0.38 0.38 0.38 0.38 0.38 0.38 0.38 0.38 0.38 0.38 0.38 0.38 0.38 0.38 0.38 0.38 0.38 0.38 0.38 0.38 0.38 0.38 0.38 0.38 0.38 0.38 0.39 0.39 0.40 0.42 0.46 0.49 0.56 0.68 0.93 1.95 0.20 0.00 0.00 0.00 
0.00 0.00 0.00 4.41 4.59 3.12 2.58 2.28 2.07 1.80 1.62 1.46 1.28 1.15 1.02 0.92 0.83 0.75 0.69 0.63 0.59 0.55 0.52 0.50 0.48 0.46 0.44 0.43 0.42 0.41 0.40 0.39 0.39 0.38 0.38 0.37 0.37 0.37 0.37 0.37 0.37 0.37 0.36 0.36 0.36 0.36 0.36 0.37 0.37 0.37 0.37 0.37 0.37 0.37 0.37 0.37 0.37 0.37 0.37 0.37 0.37 0.37 0.36 0.36 0.36 0.36 0.36 0.36 0.36 0.36 0.37 0.37 0.37 0.37 0.39 0.40 0.42 0.47 0.52 0.61 0.79 1.30 1.41 0.00 0.00 0.00 
0.00 0.00 0.00 6.04 3.75 2.86 2.47 2.16 1.96 1.73 1.58 1.40 1.25 1.11 0.99 0.89 0.80 0.73 0.67 0.62 0.57 0.54 0.51 0.48 0.46 0.44 0.43 0.42 0.40 0.40 0.39 0.38 0.38 0.37 0.37 0.36 0.36 0.36 0.36 0.36 0.36 0.36 0.35 0.35 0.35 0.35 0.35 0.36 0.36 0.36 0.36 0.36 0.36 0.36 0.36 0.36 0.36 0.36 0.36 0.36 0.36 0.35 0.35 0.35 0.35 0.35 0.35 0.35 0.35 0.35 0.36 0.36 0.36 0.36 0.37 0.39 0.41 0.45 0.49 0.58 0.73 1.06 1.96 0.00 0.00 0.00 
0.00 0.00 0.00 6.86 3.40 2.75 2.40 2.15 1.85 1.75 1.55 1.37 1.21 1.08 0.97 0.87 0.78 0.71 0.65 0.60 0.56 0.53 0.50 0.47 0.45 0.44 0.42 0.41 0.40 0.39 0.38 0.37 0.37 0.36 0.36 0.36 0.36 0.35 0.35 0.35 0.35 0.35 0.35 0.35 0.35 0.35 0.35 0.35 0.35 0.35 0.35 0.35 0.35 0.35 0.35 0.35 0.35 0.35 0.35 0.35 0.35 0.35 0.35 0.35 0.35 0.35 0.35 0.35 0.35 0.35 0.35 0.35 0.35 0.36 0.37 0.38 0.41 0.42 0.49 0.57 0.69 0.97 2.23 0.00 0.00 0.00 
0.00 0.00 0.00 7.18 3.28 2.65 2.31 2.15 1.83 1.71 1.53 1.35 1.18 1.00 0.90 0.81 0.73 0.67 0.61 0.57 0.53 0.50 0.47 0.45 0.43 0.41 0.40 0.38 0.37 0.37 0.36 0.35 0.35 0.34 0.34 0.34 0.33 0.33 0.33 0.33 0.33 0.33 0.33 0.33 0.33 0.33 0.33 0.33 0.33 0.33 0.33 0.33 0.33 0.33 0.33 0.33 0.33 0.33 0.33 0.33 0.33 0.33 0.33 0.33 0.33 0.33 0.33 0.33 0.33 0.33 0.33 0.33 0.33 0.35 0.36 0.38 0.40 0.42 0.48 0.55 0.67 0.93 2.34 0.00 0.00 0.00 
0.00 0.00 0.00 7.19 3.28 2.65 2.31 2.15 1.83 1.71 1.53 1.35 1.18 1.00 0.90 0.81 0.73 0.67 0.61 0.57 0.53 0.50 0.47 0.45 0.43 0.41 0.40 0.38 0.37 0.37 0.36 0.35 0.35 0.34 0.34 0.34 0.33 0.33 0.33 0.33 0.33 0.33 0.33 0.33 0.33 0.33 0.33 0.33 0.33 0.33 0.33 0.33 0.33 0.33 0.33 0.33 0.33 0.33 0.33 0.33 0.33 0.33 0.33 0.33 0.33 0.33 0.33 0.33 0.33 0.33 0.33 0.33 0.33 0.35 0.36 0.38 0.40 0.42 0.48 0.55 0.67 0.93 2.33 0.00 0.00 0.00 
0.00 0.00 0.00 6.87 3.41 2.75 2.41 2.16 1.85 1.75 1.55 1.37 1.21 1.08 0.97 0.87 0.78 0.71 0.65 0.60 0.56 0.53 0.50 0.47 0.45 0.44 0.42 0.41 0.40 0.39 0.38 0.37 0.37 0.36 0.36 0.36 0.36 0.35 0.35 0.35 0.35 0.35 0.35 0.35 0.35 0.35 0.35 0.35 0.35 0.35 0.35 0.35 0.35 0.35 0.35 0.35 0.35 0.35 0.35 0.35 0.35 0.35 0.35 0.35 0.35 0.35 0.35 0.35 0.35 0.35 0.35 0.35 0.35 0.36 0.37 0.38 0.41 0.42 0.49 0.57 0.69 0.96 2.22 0.00 0.00 0.00 
0.00 0.00 0.00 6.06 3.76 2.87 2.48 2.16 1.96 1.73 1.57 1.40 1.25 1.11 0.99 0.89 0.80 0.73 0.67 0.62 0.57 0.54 0.51 0.48 0.46 0.44 0.43 0.42 0.41 0.40 0.39 0.38 0.38 0.37 0.37 0.36 0.36 0.36 0.36 0.36 0.36 0.36 0.36 0.36 0.36 0.36 0.36 0.36 0.36 0.36 0.36 0.36 0.36 0.36 0.36 0.36 0.36 0.36 0.36 0.36 0.36 0.36 0.35 0.35 0.35 0.35 0.35 0.35 0.35 0.35 0.36 0.36 0.36 0.36 0.37 0.39 0.41 0.45 0.49 0.58 0.72 1.05 1.94 0.00 0.00 0.00 
0.00 0.00 0.00 4.43 4.61 3.13 2.59 2.28 2.07 1.80 1.61 1.46 1.28 1.15 1.02 0.92 0.83 0.75 0.69 0.64 0.59 0.55 0.52 0.50 0.48 0.46 0.44 0.43 0.42 0.41 0.40 0.39 0.39 0.38 0.38 0.37 0.37 0.37 0.37 0.37 0.37 0.37 0.37 0.37 0.37 0.37 0.37 0.37 0.37 0.37 0.37 0.37 0.37 0.37 0.37 0.37 0.37 0.37 0.37 0.37 0.37 0.37 0.37 0.36 0.36 0.36 0.36 0.36 0.36 0.36 0.37 0.37 0.37 0.37 0.39 0.40 0.42 0.47 0.52 0.61 0.79 1.29 1.40 0.00 0.00 0.00 
0.00 0.00 0.00 0.64 6.94 3.69 2.90 2.47 2.13 1.95 1.71 1.46 1.31 1.18 1.05 0.95 0.86 0.78 0.71 0.66 0.61 0.58 0.55 0.52 0.50 0.48 0.46 0.45 0.43 0.42 0.42 0.41 0.40 0.40 0.39 0.39 0.39 0.39 0.38 0.38 0.38 0.38 0.38 0.38 0.38 0.38 0.38 0.38 0.38 0.38 0.38 0.38 0.38 0.38 0.38 0.38 0.38 0.38 0.38 0.38 0.38 0.38 0.38 0.38 0.38 0.38 0.38 0.38 0.38 0.38 0.38 0.38 0.39 0.39 0.40 0.42 0.46 0.49 0.56 0.68 0.93 1.94 0.20 0.00 0.00 0.00 
0.00 0.00 0.00 0.00 4.50 5.36 3.41 2.80 2.39 2.06 1.82 1.65 1.47 1.30 1.16 1.04 0.94 0.86 0.78 0.72 0.67 0.63 0.60 0.57 0.54 0.52 0.50 0.49 0.48 0.47 0.46 0.45 0.44 0.44 0.43 0.43 0.43 0.42 0.42 0.42 0.42 0.42 0.42 0.42 0.42 0.42 0.42 0.42 0.42 0.42 0.42 0.42 0.42 0.42 0.42 0.42 0.42 0.42 0.42 0.42 0.42 0.42 0.42 0.42 0.42 0.42 0.42 0.42 0.42 0.42 0.42 0.42 0.42 0.44 0.44 0.46 0.49 0.55 0.64 0.80 1.35 1.24 0.00 0.00 0.00 0.00 
0.00 0.00 0.00 0.00 0.00 6.66 4.81 3.36 2.77 2.30 2.05 1.80 1.55 1.37 1.23 1.11 1.00 0.91 0.84 0.77 0.72 0.68 0.64 0.61 0.58 0.56 0.54 0.52 0.51 0.50 0.49 0.48 0.47 0.47 0.46 0.46 0.45 0.45 0.45 0.45 0.45 0.45 0.45 0.45 0.45 0.45 0.45 0.45 0.45 0.45 0.45 0.45 0.45 0.45 0.45 0.45 0.45 0.45 0.45 0.45 0.45 0.45 0.45 0.45 0.44 0.44 0.44 0.44 0.44 0.45 0.45 0.45 0.45 0.46 0.49 0.51 0.55 0.63 0.77 1.13 1.65 0.00 0.00 0.00 0.00 0.00 
0.00 0.00 0.00 0.00 0.00 0.25 6.72 5.34 3.55 2.82 2.40 2.07 1.79 1.58 1.42 1.28 1.16 1.05 0.97 0.89 0.83 0.78 0.74 0.70 0.67 0.65 0.62 0.61 0.59 0.58 0.56 0.56 0.55 0.54 0.53 0.53 0.53 0.52 0.52 0.52 0.52 0.52 0.52 0.52 0.52 0.52 0.52 0.52 0.52 0.52 0.52 0.52 0.52 0.52 0.52 0.52 0.52 0.52 0.52 0.52 0.52 0.52 0.52 0.52 0.52 0.51 0.51 0.51 0.51 0.52 0.52 0.52 0.52 0.54 0.57 0.60 0.67 0.81 1.21 1.57 0.06 0.00 0.00 0.00 0.00 0.00 
0.00 0.00 0.00 0.00 0.00 0.00 0.00 4.65 6.86 4.28 3.23 2.67 2.31 2.04 1.83 1.65 1.49 1.36 1.24 1.15 1.07 1.01 0.95 0.90 0.86 0.83 0.80 0.78 0.76 0.74 0.73 0.71 0.70 0.70 0.69 0.68 0.68 0.67 0.67 0.67 0.67 0.67 0.67 0.66 0.66 0.66 0.67 0.67 0.67 0.67 0.67 0.67 0.67 0.67 0.67 0.67 0.67 0.67 0.67 0.67 0.67 0.66 0.66 0.66 0.66 0.66 0.66 0.66 0.66 0.66 0.67 0.67 0.67 0.69 0.72 0.81 1.01 1.56 1.04 0.00 0.00 0.00 0.00 0.00 0.00 0.00 
0.00 0.00 0.00 0.00 0.00 0.00 0.00 0.00 0.64 4.28 5.45 5.59 5.23 4.70 4.21 3.78 3.42 3.12 2.86 2.64 2.46 2.31 2.19 2.08 1.99 1.91 1.85 1.79 1.74 1.70 1.67 1.64 1.62 1.60 1.58 1.57 1.56 1.55 1.54 1.54 1.53 1.53 1.53 1.53 1.53 1.53 1.53 1.53 1.53 1.53 1.53 1.53 1.53 1.53 1.53 1.53 1.53 1.53 1.53 1.53 1.53 1.53 1.53 1.52 1.52 1.52 1.52 1.52 1.52 1.52 1.53 1.54 1.55 1.56 1.51 1.35 1.00 0.14 0.00 0.00 0.00 0.00 0.00 0.00 0.00 0.00 
0.00 0.00 0.00 0.00 0.00 0.00 0.00 0.00 0.00 0.00 0.00 0.00 0.00 0.00 0.00 0.00 0.00 0.00 0.00 0.00 0.00 0.00 0.00 0.00 0.00 0.00 0.00 0.00 0.00 0.00 0.00 0.00 0.00 0.00 0.00 0.00 0.00 0.00 0.00 0.00 0.00 0.00 0.00 0.00 0.00 0.00 0.00 0.00 0.00 0.00 0.00 0.00 0.00 0.00 0.00 0.00 0.00 0.00 0.00 0.00 0.00 0.00 0.00 0.00 0.00 0.00 0.00 0.00 0.00 0.00 0.00 0.00 0.00 0.00 0.00 0.00 0.00 0.00 0.00 0.00 0.00 0.00 0.00 0.00 0.00 0.00 
0.00 0.00 0.00 0.00 0.00 0.00 0.00 0.00 0.00 0.00 0.00 0.00 0.00 0.00 0.00 0.00 0.00 0.00 0.00 0.00 0.00 0.00 0.00 0.00 0.00 0.00 0.00 0.00 0.00 0.00 0.00 0.00 0.00 0.00 0.00 0.00 0.00 0.00 0.00 0.00 0.00 0.00 0.00 0.00 0.00 0.00 0.00 0.00 0.00 0.00 0.00 0.00 0.00 0.00 0.00 0.00 0.00 0.00 0.00 0.00 0.00 0.00 0.00 0.00 0.00 0.00 0.00 0.00 0.00 0.00 0.00 0.00 0.00 0.00 0.00 0.00 0.00 0.00 0.00 0.00 0.00 0.00 0.00 0.00 0.00 0.00 
0.00 0.00 0.00 0.00 0.00 0.00 0.00 0.00 0.00 0.00 0.00 0.00 0.00 0.00 0.00 0.00 0.00 0.00 0.00 0.00 0.00 0.00 0.00 0.00 0.00 0.00 0.00 0.00 0.00 0.00 0.00 0.00 0.00 0.00 0.00 0.00 0.00 0.00 0.00 0.00 0.00 0.00 0.00 0.00 0.00 0.00 0.00 0.00 0.00 0.00 0.00 0.00 0.00 0.00 0.00 0.00 0.00 0.00 0.00 0.00 0.00 0.00 0.00 0.00 0.00 0.00 0.00 0.00 0.00 0.00 0.00 0.00 0.00 0.00 0.00 0.00 0.00 0.00 0.00 0.00 0.00 0.00 0.00 0.00 0.00 0.00 
0.00 0.00 0.00 0.00 0.00 0.00 0.00 0.00 0.00 0.00 0.00 0.00 0.00 0.00 0.00 0.00 0.00 0.00 0.00 0.00 0.00 0.00 0.00 0.00 0.00 0.00 0.00 0.00 0.00 0.00 0.00 0.00 0.00 0.00 0.00 0.00 0.00 0.00 0.00 0.00 0.00 0.00 0.00 0.00 0.00 0.00 0.00 0.00 0.00 0.00 0.00 0.00 0.00 0.00 0.00 0.00 0.00 0.00 0.00 0.00 0.00 0.00 0.00 0.00 0.00 0.00 0.00 0.00 0.00 0.00 0.00 0.00 0.00 0.00 0.00 0.00 0.00 0.00 0.00 0.00 0.00 0.00 0.00 0.00 0.00 0.00 
