0.00 0.00 0.00 0.00 0.00 0.00 0.00 0.00 0.00 0.00 0.00 0.00 0.00 0.00 0.00 0.00 0.00 0.00 0.00 0.00 0.00 0.00 0.00 0.00 0.00 0.00 0.00 0.00 0.00 0.00 0.00 0.00 0.00 0.00 0.00 0.00 0.00 0.00 0.00 0.00 0.00 0.00 0.00 0.00 0.00 0.00 0.00 0.00 0.00 0.00 0.00 0.00 0.00 0.00 0.00 0.00 0.00 0.00 0.00 0.00 0.00 0.00 0.00 0.00 0.00 0.00 0.00 0.00 0.00 0.00 0.00 0.00 0.00 0.00 0.00 0.00 0.00 0.00 0.00 0.00 0.00 0.00 0.00 0.00 0.00 0.00 
0.00 0.00 0.00 0.00 0.00 0.00 0.00 0.00 0.00 0.00 0.00 0.00 0.00 0.00 0.00 0.00 0.00 0.00 0.00 0.00 0.00 0.00 0.00 0.00 0.00 0.00 0.00 0.00 0.00 0.00 0.00 0.00 0.00 0.00 0.00 0.00 0.00 0.00 0.00 0.00 0.00 0.00 0.00 0.00 0.00 0.00 0.00 0.00 0.00 0.00 0.00 0.00 0.00 0.00 0.00 0.00 0.00 0.00 0.00 0.00 0.00 0.00 0.00 0.00 0.00 0.00 0.00 0.00 0.00 0.00 0.00 0.00 0.00 0.00 0.00 0.00 0.00 0.00 0.00 0.00 0.00 0.00 0.00 0.00 0.00 0.00 
0.00 0.00 0.00 0.00 0.00 0.00 0.00 0.00 0.00 0.00 0.00 0.00 0.00 0.00 0.00 0.00 0.00 0.00 0.00 0.00 0.00 0.00 0.00 0.00 0.00 0.00 0.00 0.00 0.00 0.00 0.00 0.00 0.00 0.00 0.00 0.00 0.00 0.00 0.00 0.00 0.00 0.00 0.00 0.00 0.00 0.00 0.00 0.00 0.00 0.00 0.00 0.00 0.00 0.00 0.00 0.00 0.00 0.00 0.00 0.00 0.00 0.00 0.00 0.00 0.00 0.00 0.00 0.00 0.00 0.00 0.00 0.00 0.00 0.00 0.00 0.00 0.00 0.00 0.00 0.00 0.00 0.00 0.00 0.00 0.00 0.00 
0.00 0.00 0.00 0.00 0.00 0.00 0.00 0.00 0.15 1.03 1.35 1.47 1.49 1.45 1.42 1.40 1.38 1.37 1.36 1.36 1.36 1.37 1.37 1.38 1.38 1.39 1.40 1.41 1.43 1.44 1.45 1.47 1.48 1.50 1.52 1.54 1.56 1.58 1.61 1.63 1.66 1.70 1.73 1.77 1.81 1.86 1.92 1.97 2.04 2.11 2.19 2.28 2.38 2.49 2.62 2.76 2.91 3.08 3.26 3.46 3.67 3.89 4.11 4.32 4.50 4.64 4.71 4.70 4.63 4.48 4.28 4.05 3.82 3.58 3.22 2.69 1.88 0.26 0.00 0.00 0.00 0.00 0.00 0.00 0.00 0.00 
0.00 0.00 0.00 0.00 0.00 0.00 0.00 1.13 1.65 1.04 0.81 0.71 0.66 0.63 0.62 0.61 0.60 0.60 0.59 0.59 0.59 0.59 0.60 0.60 0.60 0.61 0.61 0.62 0.62 0.63 0.63 0.64 0.65 0.65 0.66 0.67 0.68 0.69 0.70 0.71 0.72 0.74 0.75 0.77 0.79 0.81 0.83 0.86 0.89 0.92 0.95 0.99 1.04 1.09 1.14 1.20 1.27 1.34 1.42 1.51 1.60 1.69 1.79 1.88 1.96 2.02 2.05 2.05 2.01 1.95 1.87 1.77 1.67 1.59 1.56 1.63 1.92 2.78 1.74 0.00 0.00 0.00 0.00 0.00 0.00 0.00 
0.00 0.00 0.00 0.00 0.00 0.07 1.79 1.32 0.86 0.68 0.60 0.55 0.51 0.49 0.48 0.47 0.47 0.46 0.46 0.46 0.46 0.46 0.46 0.47 0.47 0.47 0.48 0.48 0.48 0.49 0.49 0.50 0.50 0.51 0.51 0.52 0.53 0.54 0.54 0.55 0.56 0.58 0.59 0.60 0.62 0.63 0.65 0.67 0.69 0.72 0.74 0.77 0.81 0.84 0.89 0.93 0.98 1.04 1.10 1.17 1.24 1.32 1.39 1.46 1.52 1.57 1.59 1.60 1.57 1.52 1.46 1.38 1.31 1.25 1.23 1.22 1.28 1.44 2.04 2.43 0.09 0.00 0.00 0.00 0.00 0.00 
0.00 0.00 0.00 0.00 0.00 1.94 1.28 0.83 0.67 0.56 0.51 0.48 0.44 0.43 0.42 0.41 0.41 0.40 0.40 0.40 0.40 0.40 0.40 0.40 0.41 0.41 0.41 0.41 0.42 0.42 0.43 0.43 0.43 0.44 0.45 0.45 0.46 0.46 0.47 0.48 0.49 0.50 0.51 0.52 0.53 0.55 0.56 0.58 0.60 0.62 0.64 0.67 0.70 0.73 0.77 0.81 0.85 0.90 0.95 1.01 1.07 1.14 1.20 1.26 1.32 1.36 1.38 1.38 1.36 1.32 1.26 1.20 1.13 1.09 1.07 1.04 1.04 1.12 1.28 1.77 2.41 0.00 0.00 0.00 0.00 0.00 
0.00 0.00 0.00 0.00 1.57 1.60 0.91 0.69 0.58 0.50 0.45 0.43 0.42 0.40 0.39 0.38 0.38 0.38 0.37 0.37 0.37 0.37 0.38 0.38 0.38 0.38 0.39 0.39 0.39 0.39 0.40 0.40 0.41 0.41 0.42 0.42 0.43 0.43 0.44 0.45 0.46 0.47 0.48 0.49 0.50 0.51 0.53 0.54 0.56 0.58 0.60 0.63 0.65 0.68 0.72 0.76 0.80 0.84 0.89 0.95 1.01 1.07 1.13 1.19 1.24 1.27 1.29 1.29 1.27 1.23 1.18 1.12 1.05 1.01 0.96 0.92 0.93 0.97 1.07 1.26 1.97 1.68 0.00 0.00 0.00 0.00 
0.00 0.00 0.00 0.26 2.44 1.10 0.77 0.61 0.51 0.47 0.42 0.39 0.37 0.36 0.36 0.35 0.35 0.34 0.34 0.34 0.34 0.34 0.34 0.35 0.35 0.35 0.35 0.35 0.36 0.36 0.36 0.37 0.37 0.38 0.38 0.39 0.39 0.40 0.40 0.41 0.42 0.43 0.43 0.44 0.46 0.47 0.48 0.50 0.51 0.53 0.55 0.57 0.60 0.62 0.66 0.69 0.73 0.77 0.82 0.87 0.92 0.97 1.03 1.08 1.12 1.16 1.18 1.18 1.16 1.13 1.08 1.03 0.97 0.91 0.87 0.86 0.87 0.87 0.95 1.07 1.35 2.61 0.25 0.00 0.00 0.00 
0.00 0.00 0.00 1.86 1.62 0.94 0.69 0.56 0.50 0.43 0.40 0.38 0.36 0.35 0.34 0.34 0.33 0.33 0.33 0.33 0.33 0.33 0.33 0.33 0.33 0.34 0.34 0.34 0.34 0.35 0.35 0.35 0.36 0.36 0.37 0.37 0.37 0.38 0.39 0.39 0.40 0.41 0.42 0.43 0.44 0.45 0.46 0.47 0.49 0.51 0.53 0.55 0.57 0.60 0.63 0.66 0.70 0.74 0.79 0.83 0.88 0.94 0.99 1.04 1.09 1.12 1.14 1.14 1.12 1.08 1.03 0.98 0.92 0.87 0.84 0.82 0.81 0.84 0.87 0.95 1.15 1.74 1.73 0.00 0.00 0.00 
0.00 0.00 0.00 2.59 1.31 0.85 0.66 0.53 0.47 0.42 0.39 0.36 0.35 0.34 0.33 0.33 0.32 0.32 0.32 0.32 0.32 0.32 0.32 0.32 0.32 0.33 0.33 0.33 0.33 0.34 0.34 0.34 0.35 0.35 0.36 0.36 0.36 0.37 0.38 0.38 0.39 0.40 0.41 0.41 0.42 0.44 0.45 0.46 0.48 0.49 0.51 0.53 0.56 0.58 0.61 0.64 0.68 0.72 0.76 0.81 0.86 0.91 0.96 1.01 1.05 1.08 1.10 1.10 1.08 1.05 1.01 0.95 0.90 0.84 0.80 0.78 0.79 0.79 0.83 0.91 1.05 1.42 2.39 0.00 0.00 0.00 
0.00 0.00 0.00 2.96 1.21 0.81 0.64 0.53 0.45 0.42 0.38 0.36 0.34 0.33 0.33 0.32 0.32 0.32 0.31 0.31 0.31 0.31 0.31 0.32 0.32 0.32 0.32 0.32 0.33 0.33 0.33 0.34 0.34 0.34 0.35 0.35 0.36 0.36 0.37 0.38 0.38 0.39 0.40 0.41 0.42 0.43 0.44 0.45 0.47 0.48 0.50 0.52 0.55 0.57 0.60 0.63 0.67 0.70 0.75 0.79 0.84 0.89 0.94 0.99 1.03 1.06 1.08 1.08 1.06 1.03 0.99 0.94 0.89 0.83 0.79 0.76 0.77 0.76 0.82 0.88 1.01 1.29 2.72 0.00 0.00 0.00 
0.00 0.00 0.00 3.10 1.17 0.77 0.62 0.53 0.44 0.41 0.38 0.35 0.34 0.31 0.31 0.30 0.30 0.30 0.29 0.29 0.29 0.30 0.30 0.30 0.30 0.30 0.30 0.31 0.31 0.31 0.31 0.32 0.32 0.32 0.33 0.33 0.34 0.34 0.35 0.35 0.36 0.37 0.37 0.38 0.39 0.40 0.41 0.43 0.44 0.46 0.47 0.49 0.51 0.54 0.56 0.59 0.63 0.66 0.70 0.74 0.79 0.83 0.88 0.93 0.96 0.99 1.01 1.01 1.00 0.97 0.93 0.89 0.84 0.83 0.79 0.76 0.74 0.76 0.81 0.85 0.97 1.25 2.86 0.00 0.00 0.00 
0.00 0.00 0.00 3.09 1.17 0.77 0.62 0.53 0.44 0.41 0.38 0.35 0.34 0.31 0.31 0.30 0.30 0.30 0.30 0.29 0.29 0.30 0.30 0.30 0.30 0.30 0.30 0.31 0.31 0.31 0.31 0.32 0.32 0.32 0.33 0.33 0.34 0.34 0.35 0.35 0.36 0.37 0.37 0.38 0.39 0.40 0.41 0.43 0.44 0.46 0.47 0.49 0.51 0.54 0.56 0.59 0.63 0.66 0.70 0.74 0.79 0.83 0.88 0.93 0.96 0.99 1.01 1.01 1.00 0.97 0.94 0.89 0.84 0.83 0.79 0.76 0.74 0.76 0.81 0.85 0.97 1.25 2.86 0.00 0.00 0.00 
0.00 0.00 0.00 2.94 1.20 0.81 0.64 0.53 0.45 0.42 0.38 0.36 0.34 0.33 0.33 0.32 0.32 0.32 0.31 0.31 0.31 0.31 0.32 0.32 0.32 0.32 0.32 0.33 0.33 0.33 0.33 0.34 0.34 0.34 0.35 0.35 0.36 0.36 0.37 0.38 0.38 0.39 0.40 0.41 0.42 0.43 0.44 0.45 0.47 0.49 0.50 0.52 0.55 0.57 0.60 0.63 0.67 0.70 0.75 0.79 0.84 0.89 0.94 0.99 1.03 1.06 1.08 1.08 1.07 1.04 0.99 0.94 0.89 0.83 0.79 0.76 0.77 0.76 0.82 0.88 1.01 1.29 2.72 0.00 0.00 0.00 
0.00 0.00 0.00 2.56 1.30 0.85 0.65 0.53 0.47 0.42 0.39 0.36 0.35 0.34 0.33 0.33 0.32 0.32 0.32 0.32 0.32 0.32 0.32 0.32 0.32 0.33 0.33 0.33 0.33 0.34 0.34 0.34 0.35 0.35 0.36 0.36 0.37 0.37 0.38 0.38 0.39 0.40 0.41 0.41 0.42 0.44 0.45 0.46 0.48 0.49 0.51 0.53 0.56 0.58 0.61 0.64 0.68 0.72 0.76 0.81 0.86 0.91 0.96 1.01 1.05 1.09 1.10 1.10 1.09 1.05 1.01 0.96 0.90 0.85 0.81 0.78 0.79 0.79 0.83 0.91 1.05 1.42 2.38 0.00 0.00 0.00 
0.00 0.00 0.00 1.84 1.60 0.93 0.68 0.56 0.50 0.43 0.40 0.38 0.36 0.35 0.34 0.34 0.33 0.33 0.33 0.33 0.33 0.33 0.33 0.33 0.33 0.34 0.34 0.34 0.34 0.35 0.35 0.35 0.36 0.36 0.37 0.37 0.38 0.38 0.39 0.39 0.40 0.41 0.42 0.43 0.44 0.45 0.46 0.48 0.49 0.51 0.53 0.55 0.57 0.60 0.63 0.66 0.70 0.74 0.79 0.83 0.89 0.94 0.99 1.04 1.09 1.12 1.14 1.14 1.12 1.08 1.04 0.98 0.92 0.87 0.85 0.82 0.81 0.84 0.87 0.95 1.15 1.74 1.73 0.00 0.00 0.00 
0.00 0.00 0.00 0.25 2.41 1.09 0.76 0.61 0.51 0.47 0.42 0.39 0.37 0.36 0.36 0.35 0.35 0.34 0.34 0.34 0.34 0.34 0.34 0.35 0.35 0.35 0.35 0.36 0.36 0.36 0.37 0.37 0.37 0.38 0.38 0.39 0.39 0.40 0.40 0.41 0.42 0.43 0.44 0.45 0.46 0.47 0.48 0.50 0.51 0.53 0.55 0.57 0.60 0.63 0.66 0.69 0.73 0.77 0.82 0.87 0.92 0.97 1.03 1.08 1.13 1.16 1.18 1.18 1.17 1.13 1.09 1.03 0.98 0.92 0.88 0.86 0.88 0.88 0.95 1.07 1.36 2.62 0.25 0.00 0.00 0.00 
0.00 0.00 0.00 0.00 1.55 1.59 0.90 0.69 0.57 0.50 0.45 0.43 0.42 0.40 0.39 0.38 0.38 0.38 0.38 0.38 0.38 0.38 0.38 0.38 0.38 0.38 0.39 0.39 0.39 0.40 0.40 0.40 0.41 0.41 0.42 0.42 0.43 0.44 0.44 0.45 0.46 0.47 0.48 0.49 0.50 0.51 0.53 0.54 0.56 0.58 0.60 0.63 0.66 0.69 0.72 0.76 0.80 0.85 0.90 0.95 1.01 1.07 1.13 1.19 1.24 1.28 1.30 1.30 1.28 1.24 1.19 1.13 1.06 1.02 0.97 0.93 0.94 0.98 1.07 1.26 1.97 1.68 0.00 0.00 0.00 0.00 
0.00 0.00 0.00 0.00 0.00 1.92 1.27 0.83 0.67 0.56 0.51 0.48 0.44 0.43 0.42 0.41 0.41 0.40 0.40 0.40 0.40 0.40 0.40 0.41 0.41 0.41 0.41 0.42 0.42 0.42 0.43 0.43 0.44 0.44 0.45 0.45 0.46 0.47 0.47 0.48 0.49 0.50 0.51 0.52 0.53 0.55 0.56 0.58 0.60 0.62 0.64 0.67 0.70 0.73 0.77 0.81 0.85 0.90 0.96 1.01 1.08 1.14 1.20 1.26 1.32 1.36 1.38 1.39 1.37 1.33 1.28 1.21 1.15 1.10 1.08 1.05 1.05 1.13 1.29 1.78 2.42 0.00 0.00 0.00 0.00 0.00 
0.00 0.00 0.00 0.00 0.00 0.07 1.76 1.31 0.85 0.68 0.60 0.55 0.51 0.49 0.48 0.48 0.47 0.47 0.47 0.46 0.46 0.47 0.47 0.47 0.47 0.48 0.48 0.48 0.49 0.49 0.50 0.50 0.51 0.51 0.52 0.52 0.53 0.54 0.55 0.56 0.57 0.58 0.59 0.60 0.62 0.63 0.65 0.67 0.69 0.72 0.75 0.78 0.81 0.85 0.89 0.94 0.99 1.04 1.11 1.17 1.24 1.32 1.39 1.46 1.53 1.57 1.60 1.61 1.59 1.54 1.48 1.41 1.33 1.28 1.25 1.23 1.29 1.46 2.06 2.45 0.09 0.00 0.00 0.00 0.00 0.00 
0.00 0.00 0.00 0.00 0.00 0.00 0.00 1.13 1.64 1.03 0.81 0.71 0.66 0.63 0.62 0.61 0.61 0.60 0.60 0.60 0.60 0.60 0.60 0.60 0.61 0.61 0.62 0.62 0.63 0.63 0.64 0.64 0.65 0.66 0.67 0.67 0.68 0.69 0.70 0.72 0.73 0.74 0.76 0.78 0.80 0.82 0.84 0.87 0.89 0.93 0.96 1.00 1.04 1.09 1.14 1.20 1.27 1.34 1.42 1.51 1.60 1.70 1.79 1.88 1.96 2.03 2.06 2.07 2.04 1.98 1.90 1.81 1.71 1.64 1.59 1.66 1.95 2.81 1.75 0.00 0.00 0.00 0.00 0.00 0.00 0.00 
0.00 0.00 0.00 0.00 0.00 0.00 0.00 0.00 0.15 1.02 1.35 1.47 1.49 1.46 1.43 1.41 1.39 1.38 1.38 1.37 1.37 1.38 1.38 1.39 1.40 1.40 1.41 1.43 1.44 1.45 1.46 1.48 1.49 1.51 1.53 1.55 1.57 1.59 1.62 1.65 1.68 1.71 1.75 1.78 1.83 1.88 1.93 1.99 2.05 2.13 2.21 2.30 2.40 2.51 2.63 2.77 2.92 3.09 3.27 3.47 3.68 3.90 4.12 4.33 4.52 4.66 4.74 4.75 4.69 4.56 4.37 4.15 3.92 3.68 3.30 2.74 1.91 0.26 0.00 0.00 0.00 0.00 0.00 0.00 0.00 0.00 
0.00 0.00 0.00 0.00 0.00 0.00 0.00 0.00 0.00 0.00 0.00 0.00 0.00 0.00 0.00 0.00 0.00 0.00 0.00 0.00 0.00 0.00 0.00 0.00 0.00 0.00 0.00 0.00 0.00 0.00 0.00 0.00 0.00 0.00 0.00 0.00 0.00 0.00 0.00 0.00 0.00 0.00 0.00 0.00 0.00 0.00 0.00 0.00 0.00 0.00 0.00 0.00 0.00 0.00 0.00 0.00 0.00 0.00 0.00 0.00 0.00 0.00 0.00 0.00 0.00 0.00 0.00 0.00 0.00 0.00 0.00 0.00 0.00 0.00 0.00 0.00 0.00 0.00 0.00 0.00 0.00 0.00 0.00 0.00 0.00 0.00 
0.00 0.00 0.00 0.00 0.00 0.00 0.00 0.00 0.00 0.00 0.00 0.00 0.00 0.00 0.00 0.00 0.00 0.00 0.00 0.00 0.00 0.00 0.00 0.00 0.00 0.00 0.00 0.00 0.00 0.00 0.00 0.00 0.00 0.00 0.00 0.00 0.00 0.00 0.00 0.00 0.00 0.00 0.00 0.00 0.00 0.00 0.00 0.00 0.00 0.00 0.00 0.00 0.00 0.00 0.00 0.00 0.00 0.00 0.00 0.00 0.00 0.00 0.00 0.00 0.00 0.00 0.00 0.00 0.00 0.00 0.00 0.00 0.00 0.00 0.00 0.00 0.00 0.00 0.00 0.00 0.00 0.00 0.00 0.00 0.00 0.00 
0.00 0.00 0.00 0.00 0.00 0.00 0.00 0.00 0.00 0.00 0.00 0.00 0.00 0.00 0.00 0.00 0.00 0.00 0.00 0.00 0.00 0.00 0.00 0.00 0.00 0.00 0.00 0.00 0.00 0.00 0.00 0.00 0.00 0.00 0.00 0.00 0.00 0.00 0.00 0.00 0.00 0.00 0.00 0.00 0.00 0.00 0.00 0.00 0.00 0.00 0.00 0.00 0.00 0.00 0.00 0.00 0.00 0.00 0.00 0.00 0.00 0.00 0.00 0.00 0.00 0.00 0.00 0.00 0.00 0.00 0.00 0.00 0.00 0.00 0.00 0.00 0.00 0.00 0.00 0.00 0.00 0.00 0.00 0.00 0.00 0.00 
0.00 0.00 0.00 0.00 0.00 0.00 0.00 0.00 0.00 0.00 0.00 0.00 0.00 0.00 0.00 0.00 0.00 0.00 0.00 0.00 0.00 0.00 0.00 0.00 0.00 0.00 0.00 0.00 0.00 0.00 0.00 0.00 0.00 0.00 0.00 0.00 0.00 0.00 0.00 0.00 0.00 0.00 0.00 0.00 0.00 0.00 0.00 0.00 0.00 0.00 0.00 0.00 0.00 0.00 0.00 0.00 0.00 0.00 0.00 0.00 0.00 0.00 0.00 0.00 0.00 0.00 0.00 0.00 0.00 0.00 0.00 0.00 0.00 0.00 0.00 0.00 0.00 0.00 0.00 0.00 0.00 0.00 0.00 0.00 0.00 0.00 
