0.00 0.00 0.00 0.00 0.00 0.00 0.00 0.00 0.00 0.00 0.00 0.00 0.00 0.00 0.00 0.00 0.00 0.00 0.00 0.00 0.00 0.00 0.00 0.00 0.00 0.00 0.00 0.00 0.00 0.00 0.00 0.00 0.00 0.00 0.00 0.00 0.00 0.00 0.00 0.00 0.00 0.00 0.00 0.00 0.00 0.00 0.00 0.00 0.00 0.00 0.00 0.00 0.00 0.00 0.00 0.00 0.00 0.00 0.00 0.00 0.00 0.00 0.00 0.00 0.00 0.00 0.00 0.00 0.00 0.00 0.00 0.00 0.00 0.00 0.00 0.00 0.00 0.00 0.00 0.00 0.00 0.00 0.00 0.00 0.00 0.00 
0.00 0.00 0.00 0.00 0.00 0.00 0.00 0.00 0.00 0.00 0.00 0.00 0.00 0.00 0.00 0.00 0.00 0.00 0.00 0.00 0.00 0.00 0.00 0.00 0.00 0.00 0.00 0.00 0.00 0.00 0.00 0.00 0.00 0.00 0.00 0.00 0.00 0.00 0.00 0.00 0.00 0.00 0.00 0.00 0.00 0.00 0.00 0.00 0.00 0.00 0.00 0.00 0.00 0.00 0.00 0.00 0.00 0.00 0.00 0.00 0.00 0.00 0.00 0.00 0.00 0.00 0.00 0.00 0.00 0.00 0.00 0.00 0.00 0.00 0.00 0.00 0.00 0.00 0.00 0.00 0.00 0.00 0.00 0.00 0.00 0.00 
0.00 0.00 0.00 0.00 0.00 0.00 0.00 0.00 0.00 0.00 0.00 0.00 0.00 0.00 0.00 0.00 0.00 0.00 0.00 0.00 0.00 0.00 0.00 0.00 0.00 0.00 0.00 0.00 0.00 0.00 0.00 0.00 0.00 0.00 0.00 0.00 0.00 0.00 0.00 0.00 0.00 0.00 0.00 0.00 0.00 0.00 0.00 0.00 0.00 0.00 0.00 0.00 0.00 0.00 0.00 0.00 0.00 0.00 0.00 0.00 0.00 0.00 0.00 0.00 0.00 0.00 0.00 0.00 0.00 0.00 0.00 0.00 0.00 0.00 0.00 0.00 0.00 0.00 0.00 0.00 0.00 0.00 0.00 0.00 0.00 0.00 
0.00 0.00 0.00 0.00 0.00 0.00 0.00 0.00 0.15 1.06 1.45 1.63 1.71 1.71 1.71 1.71 1.72 1.72 1.73 1.74 1.75 1.76 1.77 1.78 1.78 1.79 1.80 1.81 1.82 1.82 1.83 1.84 1.84 1.85 1.86 1.86 1.87 1.87 1.88 1.88 1.88 1.89 1.89 1.89 1.89 1.89 1.89 1.90 1.90 1.90 1.90 1.90 1.90 1.90 1.90 1.90 1.90 1.91 1.91 1.92 1.93 1.94 1.96 1.99 2.02 2.07 2.12 2.19 2.28 2.40 2.54 2.73 2.96 3.25 3.43 3.38 2.73 0.42 0.00 0.00 0.00 0.00 0.00 0.00 0.00 0.00 
0.00 0.00 0.00 0.00 0.00 0.00 0.00 1.08 1.64 1.08 0.87 0.79 0.76 0.74 0.74 0.74 0.75 0.75 0.75 0.76 0.76 0.77 0.77 0.77 0.78 0.78 0.78 0.79 0.79 0.79 0.80 0.80 0.80 0.81 0.81 0.81 0.81 0.81 0.82 0.82 0.82 0.82 0.82 0.82 0.82 0.82 0.82 0.83 0.83 0.83 0.83 0.83 0.83 0.83 0.83 0.83 0.83 0.83 0.83 0.84 0.84 0.85 0.85 0.87 0.88 0.90 0.92 0.95 0.99 1.04 1.11 1.19 1.29 1.43 1.64 2.01 2.76 4.73 3.44 0.00 0.00 0.00 0.00 0.00 0.00 0.00 
0.00 0.00 0.00 0.00 0.00 0.06 1.59 1.26 0.85 0.71 0.65 0.62 0.59 0.58 0.58 0.58 0.58 0.58 0.59 0.59 0.59 0.60 0.60 0.60 0.61 0.61 0.61 0.61 0.62 0.62 0.62 0.62 0.63 0.63 0.63 0.63 0.63 0.63 0.64 0.64 0.64 0.64 0.64 0.64 0.64 0.64 0.64 0.64 0.64 0.64 0.64 0.64 0.64 0.64 0.64 0.64 0.64 0.65 0.65 0.65 0.65 0.66 0.67 0.68 0.69 0.70 0.72 0.74 0.77 0.81 0.86 0.92 1.00 1.11 1.27 1.49 1.81 2.46 4.09 6.10 0.26 0.00 0.00 0.00 0.00 0.00 
0.00 0.00 0.00 0.00 0.00 1.64 1.15 0.79 0.66 0.58 0.55 0.53 0.51 0.50 0.50 0.50 0.50 0.51 0.51 0.51 0.51 0.52 0.52 0.52 0.52 0.53 0.53 0.53 0.53 0.54 0.54 0.54 0.54 0.54 0.54 0.55 0.55 0.55 0.55 0.55 0.55 0.55 0.55 0.55 0.56 0.56 0.56 0.56 0.56 0.56 0.56 0.56 0.56 0.56 0.56 0.56 0.56 0.56 0.56 0.56 0.57 0.57 0.58 0.58 0.59 0.61 0.62 0.64 0.67 0.70 0.74 0.80 0.86 0.96 1.10 1.27 1.48 1.93 2.58 4.32 7.25 0.00 0.00 0.00 0.00 0.00 
0.00 0.00 0.00 0.00 1.21 1.34 0.81 0.66 0.57 0.52 0.49 0.48 0.48 0.47 0.47 0.47 0.47 0.47 0.47 0.48 0.48 0.48 0.48 0.49 0.49 0.49 0.49 0.50 0.50 0.50 0.50 0.50 0.51 0.51 0.51 0.51 0.51 0.51 0.51 0.52 0.52 0.52 0.52 0.52 0.52 0.52 0.52 0.52 0.52 0.52 0.52 0.52 0.52 0.52 0.52 0.52 0.52 0.52 0.52 0.53 0.53 0.53 0.54 0.55 0.56 0.57 0.58 0.60 0.63 0.66 0.70 0.75 0.81 0.90 1.00 1.12 1.32 1.65 2.14 3.05 5.95 6.27 0.00 0.00 0.00 0.00 
0.00 0.00 0.00 0.18 1.87 0.92 0.69 0.58 0.51 0.49 0.46 0.43 0.43 0.43 0.43 0.43 0.43 0.43 0.43 0.44 0.44 0.44 0.44 0.45 0.45 0.45 0.45 0.45 0.46 0.46 0.46 0.46 0.46 0.46 0.47 0.47 0.47 0.47 0.47 0.47 0.47 0.47 0.47 0.47 0.48 0.48 0.48 0.48 0.48 0.48 0.48 0.48 0.48 0.48 0.48 0.48 0.48 0.48 0.48 0.48 0.48 0.49 0.49 0.50 0.51 0.52 0.53 0.55 0.57 0.60 0.64 0.68 0.74 0.80 0.89 1.05 1.24 1.46 1.87 2.58 4.06 9.92 1.13 0.00 0.00 0.00 
0.00 0.00 0.00 1.30 1.24 0.78 0.62 0.54 0.50 0.45 0.43 0.42 0.41 0.41 0.41 0.41 0.41 0.41 0.42 0.42 0.42 0.42 0.42 0.43 0.43 0.43 0.43 0.44 0.44 0.44 0.44 0.44 0.44 0.44 0.45 0.45 0.45 0.45 0.45 0.45 0.45 0.45 0.45 0.45 0.45 0.46 0.46 0.46 0.46 0.46 0.46 0.46 0.46 0.46 0.46 0.46 0.46 0.46 0.46 0.46 0.46 0.47 0.47 0.48 0.49 0.50 0.51 0.53 0.55 0.58 0.61 0.66 0.71 0.78 0.88 0.99 1.15 1.41 1.73 2.31 3.46 6.58 8.28 0.00 0.00 0.00 
0.00 0.00 0.00 1.80 1.01 0.72 0.59 0.51 0.47 0.44 0.42 0.41 0.40 0.40 0.40 0.40 0.40 0.40 0.40 0.41 0.41 0.41 0.41 0.42 0.42 0.42 0.42 0.42 0.43 0.43 0.43 0.43 0.43 0.43 0.43 0.44 0.44 0.44 0.44 0.44 0.44 0.44 0.44 0.44 0.44 0.44 0.44 0.44 0.44 0.44 0.44 0.44 0.44 0.44 0.44 0.44 0.45 0.45 0.45 0.45 0.45 0.46 0.46 0.47 0.47 0.48 0.50 0.51 0.53 0.56 0.59 0.64 0.69 0.76 0.84 0.96 1.10 1.34 1.63 2.20 3.15 5.32 11.64 0.00 0.00 0.00 
0.00 0.00 0.00 2.06 0.92 0.68 0.57 0.50 0.45 0.43 0.41 0.40 0.39 0.39 0.39 0.39 0.39 0.40 0.40 0.40 0.40 0.40 0.41 0.41 0.41 0.41 0.41 0.42 0.42 0.42 0.42 0.42 0.42 0.43 0.43 0.43 0.43 0.43 0.43 0.43 0.43 0.43 0.43 0.43 0.44 0.44 0.44 0.44 0.44 0.44 0.44 0.44 0.44 0.44 0.44 0.44 0.44 0.44 0.44 0.44 0.44 0.45 0.45 0.46 0.47 0.48 0.49 0.50 0.52 0.55 0.58 0.62 0.68 0.74 0.83 0.95 1.10 1.26 1.61 2.20 2.99 4.90 13.33 0.00 0.00 0.00 
0.00 0.00 0.00 2.15 0.89 0.66 0.55 0.50 0.44 0.42 0.40 0.39 0.39 0.37 0.37 0.37 0.37 0.37 0.37 0.38 0.38 0.38 0.38 0.38 0.39 0.39 0.39 0.39 0.39 0.39 0.40 0.40 0.40 0.40 0.40 0.40 0.40 0.40 0.41 0.41 0.41 0.41 0.41 0.41 0.41 0.41 0.41 0.41 0.41 0.41 0.41 0.41 0.41 0.41 0.41 0.41 0.41 0.41 0.41 0.42 0.42 0.42 0.43 0.43 0.44 0.45 0.46 0.47 0.49 0.52 0.55 0.59 0.63 0.72 0.82 0.94 1.08 1.24 1.59 2.14 2.92 4.68 13.97 0.00 0.00 0.00 
0.00 0.00 0.00 2.15 0.89 0.66 0.55 0.50 0.44 0.42 0.40 0.39 0.39 0.37 0.37 0.37 0.37 0.37 0.37 0.38 0.38 0.38 0.38 0.38 0.39 0.39 0.39 0.39 0.39 0.39 0.40 0.40 0.40 0.40 0.40 0.40 0.40 0.41 0.41 0.41 0.41 0.41 0.41 0.41 0.41 0.41 0.41 0.41 0.41 0.41 0.41 0.41 0.41 0.41 0.41 0.41 0.41 0.41 0.41 0.42 0.42 0.42 0.43 0.43 0.44 0.45 0.46 0.47 0.49 0.52 0.55 0.59 0.63 0.72 0.82 0.94 1.08 1.24 1.59 2.14 2.91 4.67 13.92 0.00 0.00 0.00 
0.00 0.00 0.00 2.05 0.92 0.68 0.57 0.50 0.45 0.43 0.41 0.40 0.39 0.39 0.39 0.39 0.39 0.40 0.40 0.40 0.40 0.40 0.41 0.41 0.41 0.41 0.41 0.42 0.42 0.42 0.42 0.42 0.42 0.43 0.43 0.43 0.43 0.43 0.43 0.43 0.43 0.43 0.43 0.44 0.44 0.44 0.44 0.44 0.44 0.44 0.44 0.44 0.44 0.44 0.44 0.44 0.44 0.44 0.44 0.44 0.44 0.45 0.45 0.46 0.47 0.48 0.49 0.50 0.53 0.55 0.58 0.62 0.67 0.74 0.83 0.94 1.10 1.26 1.60 2.19 2.98 4.86 13.20 0.00 0.00 0.00 
0.00 0.00 0.00 1.80 1.01 0.71 0.59 0.51 0.47 0.44 0.42 0.41 0.40 0.40 0.40 0.40 0.40 0.40 0.41 0.41 0.41 0.41 0.41 0.42 0.42 0.42 0.42 0.42 0.43 0.43 0.43 0.43 0.43 0.43 0.43 0.44 0.44 0.44 0.44 0.44 0.44 0.44 0.44 0.44 0.44 0.44 0.44 0.44 0.44 0.44 0.44 0.44 0.44 0.44 0.44 0.45 0.45 0.45 0.45 0.45 0.45 0.46 0.46 0.47 0.47 0.48 0.50 0.51 0.54 0.56 0.59 0.64 0.69 0.76 0.84 0.95 1.09 1.34 1.62 2.19 3.12 5.25 11.45 0.00 0.00 0.00 
0.00 0.00 0.00 1.30 1.24 0.78 0.62 0.54 0.50 0.45 0.43 0.43 0.41 0.41 0.41 0.41 0.41 0.42 0.42 0.42 0.42 0.42 0.43 0.43 0.43 0.43 0.43 0.44 0.44 0.44 0.44 0.44 0.44 0.45 0.45 0.45 0.45 0.45 0.45 0.45 0.45 0.45 0.45 0.46 0.46 0.46 0.46 0.46 0.46 0.46 0.46 0.46 0.46 0.46 0.46 0.46 0.46 0.46 0.46 0.46 0.47 0.47 0.47 0.48 0.49 0.50 0.51 0.53 0.55 0.58 0.61 0.66 0.71 0.77 0.87 0.99 1.14 1.40 1.72 2.28 3.41 6.47 8.11 0.00 0.00 0.00 
0.00 0.00 0.00 0.18 1.86 0.92 0.69 0.58 0.51 0.49 0.46 0.43 0.43 0.43 0.43 0.43 0.43 0.43 0.44 0.44 0.44 0.44 0.44 0.45 0.45 0.45 0.45 0.46 0.46 0.46 0.46 0.46 0.46 0.47 0.47 0.47 0.47 0.47 0.47 0.47 0.47 0.47 0.48 0.48 0.48 0.48 0.48 0.48 0.48 0.48 0.48 0.48 0.48 0.48 0.48 0.48 0.48 0.48 0.48 0.48 0.49 0.49 0.49 0.50 0.51 0.52 0.53 0.55 0.57 0.60 0.64 0.68 0.74 0.80 0.89 1.04 1.23 1.45 1.85 2.54 3.99 9.70 1.10 0.00 0.00 0.00 
0.00 0.00 0.00 0.00 1.20 1.33 0.81 0.66 0.57 0.52 0.49 0.48 0.48 0.47 0.47 0.47 0.47 0.47 0.48 0.48 0.48 0.48 0.49 0.49 0.49 0.49 0.50 0.50 0.50 0.50 0.50 0.51 0.51 0.51 0.51 0.51 0.51 0.51 0.52 0.52 0.52 0.52 0.52 0.52 0.52 0.52 0.52 0.52 0.52 0.52 0.52 0.52 0.52 0.52 0.52 0.52 0.52 0.52 0.53 0.53 0.53 0.54 0.54 0.55 0.56 0.57 0.58 0.60 0.63 0.66 0.70 0.75 0.81 0.89 0.99 1.11 1.31 1.63 2.11 2.99 5.82 6.10 0.00 0.00 0.00 0.00 
0.00 0.00 0.00 0.00 0.00 1.63 1.15 0.79 0.66 0.58 0.55 0.53 0.51 0.50 0.50 0.50 0.51 0.51 0.51 0.51 0.52 0.52 0.52 0.52 0.53 0.53 0.53 0.53 0.54 0.54 0.54 0.54 0.54 0.55 0.55 0.55 0.55 0.55 0.55 0.55 0.55 0.56 0.56 0.56 0.56 0.56 0.56 0.56 0.56 0.56 0.56 0.56 0.56 0.56 0.56 0.56 0.56 0.56 0.56 0.57 0.57 0.57 0.58 0.59 0.60 0.61 0.63 0.65 0.67 0.70 0.75 0.80 0.86 0.95 1.09 1.25 1.46 1.90 2.53 4.22 7.05 0.00 0.00 0.00 0.00 0.00 
0.00 0.00 0.00 0.00 0.00 0.06 1.59 1.26 0.85 0.71 0.65 0.62 0.59 0.58 0.58 0.58 0.59 0.59 0.59 0.59 0.60 0.60 0.60 0.61 0.61 0.61 0.61 0.62 0.62 0.62 0.62 0.63 0.63 0.63 0.63 0.64 0.64 0.64 0.64 0.64 0.64 0.64 0.64 0.65 0.65 0.65 0.65 0.65 0.65 0.65 0.65 0.65 0.65 0.65 0.65 0.65 0.65 0.65 0.65 0.66 0.66 0.66 0.67 0.68 0.69 0.71 0.72 0.75 0.78 0.82 0.86 0.92 0.99 1.09 1.25 1.46 1.78 2.41 4.00 5.94 0.25 0.00 0.00 0.00 0.00 0.00 
0.00 0.00 0.00 0.00 0.00 0.00 0.00 1.08 1.64 1.08 0.87 0.79 0.76 0.75 0.75 0.75 0.75 0.76 0.76 0.76 0.77 0.77 0.78 0.78 0.78 0.79 0.79 0.79 0.80 0.80 0.80 0.81 0.81 0.81 0.81 0.82 0.82 0.82 0.82 0.82 0.83 0.83 0.83 0.83 0.83 0.83 0.83 0.83 0.83 0.83 0.83 0.83 0.83 0.83 0.83 0.83 0.83 0.84 0.84 0.84 0.85 0.85 0.86 0.87 0.89 0.91 0.93 0.96 1.00 1.05 1.11 1.19 1.28 1.41 1.61 1.98 2.70 4.62 3.35 0.00 0.00 0.00 0.00 0.00 0.00 0.00 
0.00 0.00 0.00 0.00 0.00 0.00 0.00 0.00 0.15 1.06 1.45 1.64 1.72 1.72 1.72 1.72 1.73 1.74 1.75 1.75 1.76 1.77 1.78 1.79 1.80 1.81 1.82 1.82 1.83 1.84 1.85 1.85 1.86 1.87 1.87 1.88 1.88 1.89 1.89 1.90 1.90 1.90 1.90 1.91 1.91 1.91 1.91 1.91 1.91 1.91 1.91 1.91 1.91 1.91 1.92 1.92 1.92 1.92 1.93 1.94 1.95 1.96 1.98 2.01 2.04 2.09 2.14 2.21 2.30 2.41 2.55 2.72 2.94 3.19 3.37 3.30 2.66 0.41 0.00 0.00 0.00 0.00 0.00 0.00 0.00 0.00 
0.00 0.00 0.00 0.00 0.00 0.00 0.00 0.00 0.00 0.00 0.00 0.00 0.00 0.00 0.00 0.00 0.00 0.00 0.00 0.00 0.00 0.00 0.00 0.00 0.00 0.00 0.00 0.00 0.00 0.00 0.00 0.00 0.00 0.00 0.00 0.00 0.00 0.00 0.00 0.00 0.00 0.00 0.00 0.00 0.00 0.00 0.00 0.00 0.00 0.00 0.00 0.00 0.00 0.00 0.00 0.00 0.00 0.00 0.00 0.00 0.00 0.00 0.00 0.00 0.00 0.00 0.00 0.00 0.00 0.00 0.00 0.00 0.00 0.00 0.00 0.00 0.00 0.00 0.00 0.00 0.00 0.00 0.00 0.00 0.00 0.00 
0.00 0.00 0.00 0.00 0.00 0.00 0.00 0.00 0.00 0.00 0.00 0.00 0.00 0.00 0.00 0.00 0.00 0.00 0.00 0.00 0.00 0.00 0.00 0.00 0.00 0.00 0.00 0.00 0.00 0.00 0.00 0.00 0.00 0.00 0.00 0.00 0.00 0.00 0.00 0.00 0.00 0.00 0.00 0.00 0.00 0.00 0.00 0.00 0.00 0.00 0.00 0.00 0.00 0.00 0.00 0.00 0.00 0.00 0.00 0.00 0.00 0.00 0.00 0.00 0.00 0.00 0.00 0.00 0.00 0.00 0.00 0.00 0.00 0.00 0.00 0.00 0.00 0.00 0.00 0.00 0.00 0.00 0.00 0.00 0.00 0.00 
0.00 0.00 0.00 0.00 0.00 0.00 0.00 0.00 0.00 0.00 0.00 0.00 0.00 0.00 0.00 0.00 0.00 0.00 0.00 0.00 0.00 0.00 0.00 0.00 0.00 0.00 0.00 0.00 0.00 0.00 0.00 0.00 0.00 0.00 0.00 0.00 0.00 0.00 0.00 0.00 0.00 0.00 0.00 0.00 0.00 0.00 0.00 0.00 0.00 0.00 0.00 0.00 0.00 0.00 0.00 0.00 0.00 0.00 0.00 0.00 0.00 0.00 0.00 0.00 0.00 0.00 0.00 0.00 0.00 0.00 0.00 0.00 0.00 0.00 0.00 0.00 0.00 0.00 0.00 0.00 0.00 0.00 0.00 0.00 0.00 0.00 
0.00 0.00 0.00 0.00 0.00 0.00 0.00 0.00 0.00 0.00 0.00 0.00 0.00 0.00 0.00 0.00 0.00 0.00 0.00 0.00 0.00 0.00 0.00 0.00 0.00 0.00 0.00 0.00 0.00 0.00 0.00 0.00 0.00 0.00 0.00 0.00 0.00 0.00 0.00 0.00 0.00 0.00 0.00 0.00 0.00 0.00 0.00 0.00 0.00 0.00 0.00 0.00 0.00 0.00 0.00 0.00 0.00 0.00 0.00 0.00 0.00 0.00 0.00 0.00 0.00 0.00 0.00 0.00 0.00 0.00 0.00 0.00 0.00 0.00 0.00 0.00 0.00 0.00 0.00 0.00 0.00 0.00 0.00 0.00 0.00 0.00 
