0.00 0.00 0.00 0.00 0.00 0.00 0.00 0.00 0.00 0.00 0.00 0.00 0.00 0.00 0.00 0.00 0.00 0.00 0.00 0.00 0.00 0.00 0.00 0.00 0.00 0.00 0.00 0.00 0.00 0.00 0.00 0.00 0.00 0.00 0.00 0.00 0.00 0.00 0.00 0.00 0.00 0.00 0.00 0.00 0.00 0.00 0.00 0.00 0.00 0.00 0.00 0.00 0.00 0.00 0.00 0.00 0.00 0.00 0.00 0.00 0.00 0.00 0.00 0.00 0.00 0.00 0.00 0.00 0.00 0.00 0.00 0.00 0.00 0.00 0.00 0.00 0.00 0.00 0.00 0.00 0.00 0.00 0.00 0.00 0.00 0.00 
0.00 0.00 0.00 0.00 0.00 0.00 0.00 0.00 0.00 0.00 0.00 0.00 0.00 0.00 0.00 0.00 0.00 0.00 0.00 0.00 0.00 0.00 0.00 0.00 0.00 0.00 0.00 0.00 0.00 0.00 0.00 0.00 0.00 0.00 0.00 0.00 0.00 0.00 0.00 0.00 0.00 0.00 0.00 0.00 0.00 0.00 0.00 0.00 0.00 0.00 0.00 0.00 0.00 0.00 0.00 0.00 0.00 0.00 0.00 0.00 0.00 0.00 0.00 0.00 0.00 0.00 0.00 0.00 0.00 0.00 0.00 0.00 0.00 0.00 0.00 0.00 0.00 0.00 0.00 0.00 0.00 0.00 0.00 0.00 0.00 0.00 
0.00 0.00 0.00 0.00 0.00 0.00 0.00 0.00 0.00 0.00 0.00 0.00 0.00 0.00 0.00 0.00 0.00 0.00 0.00 0.00 0.00 0.00 0.00 0.00 0.00 0.00 0.00 0.00 0.00 0.00 0.00 0.00 0.00 0.00 0.00 0.00 0.00 0.00 0.00 0.00 0.00 0.00 0.00 0.00 0.00 0.00 0.00 0.00 0.00 0.00 0.00 0.00 0.00 0.00 0.00 0.00 0.00 0.00 0.00 0.00 0.00 0.00 0.00 0.00 0.00 0.00 0.00 0.00 0.00 0.00 0.00 0.00 0.00 0.00 0.00 0.00 0.00 0.00 0.00 0.00 0.00 0.00 0.00 0.00 0.00 0.00 
0.00 0.00 0.00 0.00 0.00 0.00 0.00 0.00 0.15 1.06 1.45 1.63 1.70 1.70 1.70 1.70 1.71 1.72 1.72 1.73 1.74 1.75 1.76 1.77 1.77 1.78 1.79 1.80 1.80 1.81 1.82 1.82 1.83 1.83 1.84 1.84 1.84 1.85 1.85 1.85 1.86 1.86 1.86 1.86 1.86 1.86 1.86 1.86 1.86 1.86 1.86 1.86 1.86 1.86 1.86 1.86 1.87 1.87 1.88 1.89 1.90 1.92 1.94 1.97 2.00 2.05 2.11 2.18 2.28 2.40 2.55 2.75 2.99 3.28 3.48 3.43 2.77 0.43 0.00 0.00 0.00 0.00 0.00 0.00 0.00 0.00 
0.00 0.00 0.00 0.00 0.00 0.00 0.00 1.08 1.64 1.08 0.87 0.78 0.75 0.74 0.74 0.74 0.74 0.75 0.75 0.75 0.76 0.76 0.77 0.77 0.77 0.78 0.78 0.78 0.79 0.79 0.79 0.79 0.80 0.80 0.80 0.80 0.80 0.80 0.81 0.81 0.81 0.81 0.81 0.81 0.81 0.81 0.81 0.81 0.81 0.81 0.81 0.81 0.81 0.81 0.81 0.81 0.81 0.81 0.82 0.82 0.83 0.83 0.84 0.86 0.87 0.89 0.92 0.95 0.99 1.04 1.11 1.19 1.30 1.45 1.66 2.04 2.81 4.82 3.51 0.00 0.00 0.00 0.00 0.00 0.00 0.00 
0.00 0.00 0.00 0.00 0.00 0.06 1.59 1.26 0.85 0.71 0.65 0.61 0.59 0.58 0.58 0.58 0.58 0.58 0.58 0.59 0.59 0.59 0.60 0.60 0.60 0.60 0.61 0.61 0.61 0.61 0.62 0.62 0.62 0.62 0.62 0.62 0.63 0.63 0.63 0.63 0.63 0.63 0.63 0.63 0.63 0.63 0.63 0.63 0.63 0.63 0.63 0.63 0.63 0.63 0.63 0.63 0.63 0.63 0.64 0.64 0.64 0.65 0.66 0.67 0.68 0.70 0.72 0.74 0.77 0.81 0.86 0.93 1.01 1.12 1.29 1.51 1.84 2.51 4.18 6.25 0.27 0.00 0.00 0.00 0.00 0.00 
0.00 0.00 0.00 0.00 0.00 1.64 1.15 0.79 0.66 0.58 0.55 0.53 0.51 0.50 0.50 0.50 0.50 0.50 0.51 0.51 0.51 0.51 0.52 0.52 0.52 0.52 0.53 0.53 0.53 0.53 0.53 0.53 0.54 0.54 0.54 0.54 0.54 0.54 0.54 0.54 0.54 0.54 0.55 0.55 0.55 0.55 0.55 0.55 0.55 0.55 0.55 0.55 0.55 0.55 0.55 0.55 0.55 0.55 0.55 0.55 0.56 0.56 0.57 0.58 0.59 0.60 0.62 0.64 0.67 0.70 0.75 0.80 0.87 0.97 1.11 1.29 1.50 1.97 2.64 4.42 7.44 0.00 0.00 0.00 0.00 0.00 
0.00 0.00 0.00 0.00 1.21 1.34 0.81 0.66 0.57 0.52 0.49 0.48 0.48 0.47 0.47 0.47 0.47 0.47 0.47 0.48 0.48 0.48 0.48 0.48 0.49 0.49 0.49 0.49 0.49 0.50 0.50 0.50 0.50 0.50 0.50 0.50 0.51 0.51 0.51 0.51 0.51 0.51 0.51 0.51 0.51 0.51 0.51 0.51 0.51 0.51 0.51 0.51 0.51 0.51 0.51 0.51 0.51 0.51 0.52 0.52 0.52 0.53 0.53 0.54 0.55 0.56 0.58 0.60 0.63 0.66 0.70 0.75 0.81 0.91 1.01 1.14 1.34 1.69 2.19 3.13 6.11 6.44 0.00 0.00 0.00 0.00 
0.00 0.00 0.00 0.18 1.87 0.92 0.69 0.58 0.51 0.49 0.46 0.43 0.43 0.43 0.43 0.43 0.43 0.43 0.43 0.43 0.44 0.44 0.44 0.44 0.45 0.45 0.45 0.45 0.45 0.45 0.46 0.46 0.46 0.46 0.46 0.46 0.46 0.46 0.46 0.47 0.47 0.47 0.47 0.47 0.47 0.47 0.47 0.47 0.47 0.47 0.47 0.47 0.47 0.47 0.47 0.47 0.47 0.47 0.47 0.47 0.48 0.48 0.49 0.49 0.50 0.51 0.53 0.55 0.57 0.60 0.64 0.69 0.74 0.81 0.90 1.07 1.26 1.49 1.91 2.64 4.17 10.21 1.16 0.00 0.00 0.00 
0.00 0.00 0.00 1.31 1.24 0.78 0.62 0.54 0.49 0.45 0.43 0.42 0.41 0.41 0.41 0.41 0.41 0.41 0.41 0.42 0.42 0.42 0.42 0.42 0.43 0.43 0.43 0.43 0.43 0.44 0.44 0.44 0.44 0.44 0.44 0.44 0.44 0.44 0.44 0.45 0.45 0.45 0.45 0.45 0.45 0.45 0.45 0.45 0.45 0.45 0.45 0.45 0.45 0.45 0.45 0.45 0.45 0.45 0.45 0.45 0.46 0.46 0.47 0.47 0.48 0.49 0.51 0.53 0.55 0.58 0.61 0.66 0.72 0.78 0.89 1.01 1.17 1.44 1.77 2.37 3.55 6.77 8.53 0.00 0.00 0.00 
0.00 0.00 0.00 1.81 1.01 0.72 0.59 0.51 0.47 0.44 0.42 0.40 0.40 0.40 0.40 0.40 0.40 0.40 0.40 0.41 0.41 0.41 0.41 0.41 0.42 0.42 0.42 0.42 0.42 0.42 0.43 0.43 0.43 0.43 0.43 0.43 0.43 0.43 0.43 0.43 0.43 0.43 0.43 0.44 0.44 0.44 0.44 0.44 0.44 0.44 0.44 0.44 0.44 0.44 0.44 0.44 0.44 0.44 0.44 0.44 0.44 0.45 0.45 0.46 0.47 0.48 0.49 0.51 0.53 0.56 0.60 0.64 0.70 0.76 0.86 0.97 1.12 1.37 1.67 2.26 3.24 5.47 11.98 0.00 0.00 0.00 
0.00 0.00 0.00 2.06 0.92 0.68 0.57 0.50 0.45 0.43 0.41 0.40 0.39 0.39 0.39 0.39 0.39 0.39 0.40 0.40 0.40 0.40 0.40 0.41 0.41 0.41 0.41 0.41 0.41 0.42 0.42 0.42 0.42 0.42 0.42 0.42 0.42 0.42 0.43 0.43 0.43 0.43 0.43 0.43 0.43 0.43 0.43 0.43 0.43 0.43 0.43 0.43 0.43 0.43 0.43 0.43 0.43 0.43 0.43 0.43 0.44 0.44 0.45 0.45 0.46 0.47 0.49 0.50 0.52 0.55 0.58 0.63 0.68 0.75 0.84 0.96 1.12 1.29 1.64 2.25 3.07 5.04 13.72 0.00 0.00 0.00 
0.00 0.00 0.00 2.16 0.89 0.66 0.55 0.50 0.44 0.42 0.40 0.39 0.39 0.37 0.37 0.37 0.37 0.37 0.37 0.37 0.38 0.38 0.38 0.38 0.38 0.39 0.39 0.39 0.39 0.39 0.39 0.39 0.40 0.40 0.40 0.40 0.40 0.40 0.40 0.40 0.40 0.40 0.40 0.40 0.40 0.40 0.40 0.40 0.40 0.40 0.40 0.40 0.40 0.40 0.40 0.40 0.40 0.40 0.41 0.41 0.41 0.41 0.42 0.43 0.43 0.44 0.46 0.47 0.49 0.52 0.55 0.59 0.64 0.73 0.83 0.95 1.10 1.26 1.63 2.19 2.99 4.81 14.37 0.00 0.00 0.00 
0.00 0.00 0.00 2.16 0.89 0.66 0.55 0.50 0.44 0.42 0.40 0.39 0.39 0.37 0.37 0.37 0.37 0.37 0.37 0.37 0.38 0.38 0.38 0.38 0.38 0.39 0.39 0.39 0.39 0.39 0.39 0.39 0.40 0.40 0.40 0.40 0.40 0.40 0.40 0.40 0.40 0.40 0.40 0.40 0.40 0.40 0.40 0.40 0.40 0.40 0.40 0.40 0.40 0.40 0.40 0.40 0.40 0.40 0.41 0.41 0.41 0.41 0.42 0.43 0.43 0.44 0.46 0.47 0.49 0.52 0.55 0.59 0.64 0.73 0.83 0.95 1.09 1.26 1.62 2.19 2.99 4.80 14.32 0.00 0.00 0.00 
0.00 0.00 0.00 2.05 0.92 0.68 0.57 0.50 0.45 0.43 0.41 0.40 0.39 0.39 0.39 0.39 0.39 0.39 0.40 0.40 0.40 0.40 0.40 0.41 0.41 0.41 0.41 0.41 0.42 0.42 0.42 0.42 0.42 0.42 0.42 0.42 0.42 0.43 0.43 0.43 0.43 0.43 0.43 0.43 0.43 0.43 0.43 0.43 0.43 0.43 0.43 0.43 0.43 0.43 0.43 0.43 0.43 0.43 0.43 0.43 0.44 0.44 0.45 0.45 0.46 0.47 0.49 0.50 0.52 0.55 0.58 0.63 0.68 0.75 0.84 0.96 1.11 1.28 1.64 2.24 3.05 5.00 13.59 0.00 0.00 0.00 
0.00 0.00 0.00 1.80 1.01 0.71 0.59 0.51 0.47 0.44 0.42 0.40 0.40 0.40 0.40 0.40 0.40 0.40 0.40 0.41 0.41 0.41 0.41 0.41 0.42 0.42 0.42 0.42 0.42 0.42 0.43 0.43 0.43 0.43 0.43 0.43 0.43 0.43 0.43 0.43 0.43 0.44 0.44 0.44 0.44 0.44 0.44 0.44 0.44 0.44 0.44 0.44 0.44 0.44 0.44 0.44 0.44 0.44 0.44 0.44 0.45 0.45 0.45 0.46 0.47 0.48 0.49 0.51 0.53 0.56 0.60 0.64 0.69 0.76 0.85 0.97 1.11 1.36 1.66 2.24 3.20 5.40 11.79 0.00 0.00 0.00 
0.00 0.00 0.00 1.30 1.24 0.78 0.62 0.54 0.49 0.45 0.43 0.42 0.41 0.41 0.41 0.41 0.41 0.41 0.42 0.42 0.42 0.42 0.42 0.43 0.43 0.43 0.43 0.43 0.43 0.44 0.44 0.44 0.44 0.44 0.44 0.44 0.44 0.45 0.45 0.45 0.45 0.45 0.45 0.45 0.45 0.45 0.45 0.45 0.45 0.45 0.45 0.45 0.45 0.45 0.45 0.45 0.45 0.45 0.45 0.45 0.46 0.46 0.47 0.47 0.48 0.49 0.51 0.53 0.55 0.58 0.61 0.66 0.71 0.78 0.89 1.00 1.16 1.43 1.76 2.34 3.50 6.65 8.35 0.00 0.00 0.00 
0.00 0.00 0.00 0.18 1.86 0.92 0.69 0.58 0.51 0.49 0.46 0.43 0.43 0.43 0.43 0.43 0.43 0.43 0.43 0.44 0.44 0.44 0.44 0.44 0.45 0.45 0.45 0.45 0.45 0.46 0.46 0.46 0.46 0.46 0.46 0.46 0.46 0.46 0.47 0.47 0.47 0.47 0.47 0.47 0.47 0.47 0.47 0.47 0.47 0.47 0.47 0.47 0.47 0.47 0.47 0.47 0.47 0.47 0.47 0.48 0.48 0.48 0.49 0.50 0.50 0.52 0.53 0.55 0.57 0.60 0.64 0.69 0.74 0.81 0.90 1.06 1.25 1.48 1.89 2.60 4.10 9.98 1.13 0.00 0.00 0.00 
0.00 0.00 0.00 0.00 1.20 1.33 0.81 0.66 0.57 0.52 0.49 0.48 0.48 0.47 0.47 0.47 0.47 0.47 0.47 0.48 0.48 0.48 0.48 0.49 0.49 0.49 0.49 0.49 0.50 0.50 0.50 0.50 0.50 0.50 0.51 0.51 0.51 0.51 0.51 0.51 0.51 0.51 0.51 0.51 0.51 0.51 0.51 0.51 0.51 0.51 0.51 0.51 0.51 0.51 0.51 0.51 0.51 0.52 0.52 0.52 0.52 0.53 0.53 0.54 0.55 0.56 0.58 0.60 0.63 0.66 0.70 0.75 0.81 0.90 1.01 1.13 1.33 1.67 2.16 3.07 5.97 6.27 0.00 0.00 0.00 0.00 
0.00 0.00 0.00 0.00 0.00 1.63 1.14 0.79 0.66 0.58 0.55 0.53 0.51 0.50 0.50 0.50 0.50 0.51 0.51 0.51 0.51 0.52 0.52 0.52 0.52 0.53 0.53 0.53 0.53 0.53 0.54 0.54 0.54 0.54 0.54 0.54 0.54 0.54 0.55 0.55 0.55 0.55 0.55 0.55 0.55 0.55 0.55 0.55 0.55 0.55 0.55 0.55 0.55 0.55 0.55 0.55 0.55 0.55 0.55 0.56 0.56 0.57 0.57 0.58 0.59 0.60 0.62 0.64 0.67 0.71 0.75 0.80 0.86 0.96 1.10 1.27 1.48 1.93 2.59 4.32 7.24 0.00 0.00 0.00 0.00 0.00 
0.00 0.00 0.00 0.00 0.00 0.06 1.59 1.26 0.85 0.71 0.65 0.62 0.59 0.58 0.58 0.58 0.58 0.59 0.59 0.59 0.59 0.60 0.60 0.60 0.61 0.61 0.61 0.61 0.62 0.62 0.62 0.62 0.62 0.63 0.63 0.63 0.63 0.63 0.63 0.63 0.63 0.63 0.63 0.63 0.63 0.64 0.64 0.64 0.63 0.63 0.63 0.63 0.63 0.63 0.64 0.64 0.64 0.64 0.64 0.64 0.65 0.65 0.66 0.67 0.68 0.70 0.72 0.74 0.78 0.82 0.87 0.93 1.00 1.10 1.27 1.49 1.81 2.46 4.09 6.09 0.26 0.00 0.00 0.00 0.00 0.00 
0.00 0.00 0.00 0.00 0.00 0.00 0.00 1.08 1.64 1.08 0.87 0.79 0.76 0.75 0.75 0.75 0.75 0.75 0.76 0.76 0.76 0.77 0.77 0.77 0.78 0.78 0.79 0.79 0.79 0.79 0.80 0.80 0.80 0.80 0.81 0.81 0.81 0.81 0.81 0.81 0.81 0.82 0.82 0.82 0.82 0.82 0.82 0.82 0.82 0.82 0.82 0.82 0.82 0.82 0.82 0.82 0.82 0.82 0.82 0.83 0.83 0.84 0.85 0.86 0.88 0.90 0.93 0.96 1.00 1.05 1.11 1.19 1.29 1.42 1.63 2.01 2.75 4.71 3.42 0.00 0.00 0.00 0.00 0.00 0.00 0.00 
0.00 0.00 0.00 0.00 0.00 0.00 0.00 0.00 0.15 1.06 1.45 1.64 1.71 1.71 1.71 1.72 1.72 1.73 1.74 1.75 1.75 1.76 1.77 1.78 1.79 1.80 1.80 1.81 1.82 1.83 1.83 1.84 1.84 1.85 1.85 1.86 1.86 1.86 1.87 1.87 1.87 1.87 1.87 1.88 1.88 1.88 1.88 1.88 1.88 1.88 1.88 1.88 1.88 1.88 1.88 1.88 1.88 1.89 1.90 1.91 1.92 1.94 1.96 1.99 2.02 2.07 2.13 2.20 2.30 2.41 2.56 2.74 2.96 3.22 3.41 3.36 2.71 0.42 0.00 0.00 0.00 0.00 0.00 0.00 0.00 0.00 
0.00 0.00 0.00 0.00 0.00 0.00 0.00 0.00 0.00 0.00 0.00 0.00 0.00 0.00 0.00 0.00 0.00 0.00 0.00 0.00 0.00 0.00 0.00 0.00 0.00 0.00 0.00 0.00 0.00 0.00 0.00 0.00 0.00 0.00 0.00 0.00 0.00 0.00 0.00 0.00 0.00 0.00 0.00 0.00 0.00 0.00 0.00 0.00 0.00 0.00 0.00 0.00 0.00 0.00 0.00 0.00 0.00 0.00 0.00 0.00 0.00 0.00 0.00 0.00 0.00 0.00 0.00 0.00 0.00 0.00 0.00 0.00 0.00 0.00 0.00 0.00 0.00 0.00 0.00 0.00 0.00 0.00 0.00 0.00 0.00 0.00 
0.00 0.00 0.00 0.00 0.00 0.00 0.00 0.00 0.00 0.00 0.00 0.00 0.00 0.00 0.00 0.00 0.00 0.00 0.00 0.00 0.00 0.00 0.00 0.00 0.00 0.00 0.00 0.00 0.00 0.00 0.00 0.00 0.00 0.00 0.00 0.00 0.00 0.00 0.00 0.00 0.00 0.00 0.00 0.00 0.00 0.00 0.00 0.00 0.00 0.00 0.00 0.00 0.00 0.00 0.00 0.00 0.00 0.00 0.00 0.00 0.00 0.00 0.00 0.00 0.00 0.00 0.00 0.00 0.00 0.00 0.00 0.00 0.00 0.00 0.00 0.00 0.00 0.00 0.00 0.00 0.00 0.00 0.00 0.00 0.00 0.00 
0.00 0.00 0.00 0.00 0.00 0.00 0.00 0.00 0.00 0.00 0.00 0.00 0.00 0.00 0.00 0.00 0.00 0.00 0.00 0.00 0.00 0.00 0.00 0.00 0.00 0.00 0.00 0.00 0.00 0.00 0.00 0.00 0.00 0.00 0.00 0.00 0.00 0.00 0.00 0.00 0.00 0.00 0.00 0.00 0.00 0.00 0.00 0.00 0.00 0.00 0.00 0.00 0.00 0.00 0.00 0.00 0.00 0.00 0.00 0.00 0.00 0.00 0.00 0.00 0.00 0.00 0.00 0.00 0.00 0.00 0.00 0.00 0.00 0.00 0.00 0.00 0.00 0.00 0.00 0.00 0.00 0.00 0.00 0.00 0.00 0.00 
0.00 0.00 0.00 0.00 0.00 0.00 0.00 0.00 0.00 0.00 0.00 0.00 0.00 0.00 0.00 0.00 0.00 0.00 0.00 0.00 0.00 0.00 0.00 0.00 0.00 0.00 0.00 0.00 0.00 0.00 0.00 0.00 0.00 0.00 0.00 0.00 0.00 0.00 0.00 0.00 0.00 0.00 0.00 0.00 0.00 0.00 0.00 0.00 0.00 0.00 0.00 0.00 0.00 0.00 0.00 0.00 0.00 0.00 0.00 0.00 0.00 0.00 0.00 0.00 0.00 0.00 0.00 0.00 0.00 0.00 0.00 0.00 0.00 0.00 0.00 0.00 0.00 0.00 0.00 0.00 0.00 0.00 0.00 0.00 0.00 0.00 
