0.00 0.00 0.00 0.00 0.00 0.00 0.00 0.00 0.00 0.00 0.00 0.00 0.00 0.00 0.00 0.00 0.00 0.00 0.00 0.00 0.00 0.00 0.00 0.00 0.00 0.00 0.00 0.00 0.00 0.00 0.00 0.00 0.00 0.00 0.00 0.00 0.00 0.00 0.00 0.00 0.00 0.00 0.00 0.00 0.00 0.00 0.00 0.00 0.00 0.00 0.00 0.00 0.00 0.00 0.00 0.00 0.00 0.00 0.00 0.00 0.00 0.00 0.00 0.00 0.00 0.00 0.00 0.00 0.00 0.00 0.00 0.00 0.00 0.00 0.00 0.00 0.00 0.00 0.00 0.00 0.00 0.00 0.00 0.00 0.00 0.00 
0.00 0.00 0.00 0.00 0.00 0.00 0.00 0.00 0.00 0.00 0.00 0.00 0.00 0.00 0.00 0.00 0.00 0.00 0.00 0.00 0.00 0.00 0.00 0.00 0.00 0.00 0.00 0.00 0.00 0.00 0.00 0.00 0.00 0.00 0.00 0.00 0.00 0.00 0.00 0.00 0.00 0.00 0.00 0.00 0.00 0.00 0.00 0.00 0.00 0.00 0.00 0.00 0.00 0.00 0.00 0.00 0.00 0.00 0.00 0.00 0.00 0.00 0.00 0.00 0.00 0.00 0.00 0.00 0.00 0.00 0.00 0.00 0.00 0.00 0.00 0.00 0.00 0.00 0.00 0.00 0.00 0.00 0.00 0.00 0.00 0.00 
0.00 0.00 0.00 0.00 0.00 0.00 0.00 0.00 0.00 0.00 0.00 0.00 0.00 0.00 0.00 0.00 0.00 0.00 0.00 0.00 0.00 0.00 0.00 0.00 0.00 0.00 0.00 0.00 0.00 0.00 0.00 0.00 0.00 0.00 0.00 0.00 0.00 0.00 0.00 0.00 0.00 0.00 0.00 0.00 0.00 0.00 0.00 0.00 0.00 0.00 0.00 0.00 0.00 0.00 0.00 0.00 0.00 0.00 0.00 0.00 0.00 0.00 0.00 0.00 0.00 0.00 0.00 0.00 0.00 0.00 0.00 0.00 0.00 0.00 0.00 0.00 0.00 0.00 0.00 0.00 0.00 0.00 0.00 0.00 0.00 0.00 
0.00 0.00 0.00 0.00 0.00 0.00 0.00 0.00 0.33 2.13 2.68 2.78 2.69 2.51 2.36 2.25 2.17 2.11 2.06 2.04 2.02 2.02 2.02 2.03 2.05 2.07 2.09 2.12 2.15 2.18 2.22 2.25 2.28 2.31 2.34 2.37 2.39 2.41 2.42 2.43 2.43 2.43 2.42 2.41 2.39 2.37 2.34 2.32 2.29 2.26 2.23 2.20 2.17 2.14 2.11 2.08 2.06 2.03 2.01 1.98 1.96 1.93 1.91 1.89 1.87 1.85 1.84 1.82 1.80 1.79 1.78 1.77 1.76 1.75 1.67 1.48 1.08 0.16 0.00 0.00 0.00 0.00 0.00 0.00 0.00 0.00 
0.00 0.00 0.00 0.00 0.00 0.00 0.00 2.58 3.62 2.15 1.60 1.33 1.19 1.09 1.03 0.98 0.94 0.92 0.90 0.89 0.88 0.88 0.88 0.88 0.89 0.90 0.91 0.92 0.94 0.95 0.97 0.98 0.99 1.01 1.02 1.03 1.04 1.05 1.05 1.06 1.06 1.06 1.05 1.05 1.04 1.03 1.02 1.01 1.00 0.98 0.97 0.96 0.94 0.93 0.92 0.91 0.90 0.88 0.87 0.86 0.85 0.84 0.83 0.82 0.82 0.81 0.80 0.79 0.78 0.78 0.77 0.77 0.77 0.78 0.81 0.89 1.10 1.67 1.09 0.00 0.00 0.00 0.00 0.00 0.00 0.00 
0.00 0.00 0.00 0.00 0.00 0.19 4.44 3.07 1.88 1.42 1.18 1.03 0.92 0.85 0.80 0.76 0.73 0.71 0.70 0.69 0.69 0.68 0.69 0.69 0.69 0.70 0.71 0.72 0.73 0.74 0.75 0.76 0.77 0.78 0.79 0.80 0.81 0.82 0.82 0.82 0.82 0.82 0.82 0.82 0.81 0.80 0.80 0.79 0.78 0.77 0.76 0.75 0.74 0.73 0.72 0.71 0.70 0.69 0.68 0.67 0.66 0.66 0.65 0.64 0.64 0.63 0.62 0.62 0.61 0.61 0.60 0.60 0.60 0.61 0.63 0.66 0.73 0.86 1.27 1.60 0.06 0.00 0.00 0.00 0.00 0.00 
0.00 0.00 0.00 0.00 0.00 5.12 3.16 1.94 1.47 1.16 1.01 0.89 0.80 0.73 0.69 0.66 0.64 0.62 0.61 0.60 0.59 0.59 0.59 0.60 0.60 0.61 0.61 0.62 0.63 0.64 0.65 0.66 0.67 0.68 0.69 0.69 0.70 0.71 0.71 0.71 0.71 0.71 0.71 0.71 0.70 0.70 0.69 0.68 0.67 0.66 0.66 0.65 0.64 0.63 0.62 0.61 0.60 0.60 0.59 0.58 0.57 0.57 0.56 0.56 0.55 0.54 0.54 0.53 0.53 0.52 0.52 0.52 0.52 0.52 0.55 0.56 0.59 0.67 0.80 1.16 1.65 0.00 0.00 0.00 0.00 0.00 
0.00 0.00 0.00 0.00 4.49 4.26 2.24 1.61 1.27 1.03 0.90 0.81 0.75 0.69 0.65 0.62 0.59 0.58 0.57 0.56 0.55 0.55 0.55 0.56 0.56 0.57 0.57 0.58 0.59 0.60 0.61 0.62 0.63 0.63 0.64 0.65 0.66 0.66 0.66 0.67 0.67 0.67 0.66 0.66 0.66 0.65 0.64 0.64 0.63 0.62 0.61 0.60 0.60 0.59 0.58 0.57 0.56 0.56 0.55 0.54 0.54 0.53 0.52 0.52 0.51 0.51 0.50 0.50 0.49 0.49 0.49 0.48 0.48 0.49 0.49 0.50 0.53 0.58 0.67 0.82 1.34 1.20 0.00 0.00 0.00 0.00 
0.00 0.00 0.00 0.78 6.99 2.92 1.89 1.41 1.12 0.97 0.84 0.72 0.67 0.63 0.59 0.56 0.54 0.53 0.52 0.51 0.51 0.51 0.51 0.51 0.51 0.52 0.53 0.53 0.54 0.55 0.56 0.56 0.57 0.58 0.59 0.59 0.60 0.60 0.61 0.61 0.61 0.61 0.61 0.60 0.60 0.60 0.59 0.58 0.58 0.57 0.56 0.55 0.55 0.54 0.53 0.52 0.52 0.51 0.50 0.50 0.49 0.49 0.48 0.48 0.47 0.47 0.46 0.46 0.45 0.45 0.45 0.44 0.44 0.44 0.44 0.47 0.50 0.52 0.59 0.70 0.92 1.86 0.18 0.00 0.00 0.00 
0.00 0.00 0.00 5.72 4.62 2.48 1.69 1.30 1.09 0.90 0.79 0.71 0.64 0.60 0.57 0.54 0.52 0.51 0.50 0.49 0.49 0.49 0.49 0.49 0.49 0.50 0.50 0.51 0.52 0.53 0.53 0.54 0.55 0.56 0.56 0.57 0.57 0.58 0.58 0.58 0.58 0.58 0.58 0.58 0.57 0.57 0.56 0.56 0.55 0.54 0.54 0.53 0.52 0.51 0.51 0.50 0.49 0.49 0.48 0.48 0.47 0.47 0.46 0.45 0.45 0.45 0.44 0.44 0.43 0.43 0.43 0.42 0.42 0.42 0.43 0.44 0.46 0.50 0.54 0.62 0.78 1.24 1.29 0.00 0.00 0.00 
0.00 0.00 0.00 8.01 3.74 2.26 1.62 1.23 1.03 0.86 0.76 0.69 0.63 0.58 0.55 0.53 0.51 0.49 0.48 0.48 0.47 0.47 0.47 0.48 0.48 0.48 0.49 0.50 0.50 0.51 0.52 0.53 0.53 0.54 0.55 0.55 0.56 0.56 0.57 0.57 0.57 0.57 0.57 0.56 0.56 0.55 0.55 0.54 0.54 0.53 0.52 0.52 0.51 0.50 0.49 0.49 0.48 0.48 0.47 0.46 0.46 0.45 0.45 0.44 0.44 0.43 0.43 0.43 0.42 0.42 0.42 0.41 0.41 0.41 0.42 0.42 0.45 0.47 0.52 0.59 0.72 1.01 1.79 0.00 0.00 0.00 
0.00 0.00 0.00 9.17 3.46 2.13 1.60 1.21 0.97 0.86 0.75 0.67 0.61 0.57 0.54 0.52 0.50 0.48 0.47 0.47 0.47 0.46 0.46 0.47 0.47 0.48 0.48 0.49 0.49 0.50 0.51 0.52 0.52 0.53 0.54 0.54 0.55 0.55 0.56 0.56 0.56 0.56 0.56 0.55 0.55 0.55 0.54 0.53 0.53 0.52 0.51 0.51 0.50 0.49 0.49 0.48 0.47 0.47 0.46 0.46 0.45 0.45 0.44 0.44 0.43 0.43 0.42 0.42 0.41 0.41 0.41 0.41 0.40 0.40 0.41 0.42 0.44 0.45 0.51 0.58 0.69 0.92 2.03 0.00 0.00 0.00 
0.00 0.00 0.00 9.61 3.37 2.02 1.53 1.22 0.96 0.84 0.75 0.67 0.60 0.54 0.51 0.49 0.47 0.46 0.45 0.44 0.44 0.44 0.44 0.44 0.44 0.45 0.45 0.46 0.47 0.47 0.48 0.49 0.49 0.50 0.51 0.51 0.52 0.52 0.52 0.53 0.53 0.53 0.52 0.52 0.52 0.51 0.51 0.50 0.50 0.49 0.48 0.48 0.47 0.46 0.46 0.45 0.45 0.44 0.43 0.43 0.42 0.42 0.41 0.41 0.41 0.40 0.40 0.39 0.39 0.39 0.38 0.38 0.38 0.40 0.40 0.41 0.43 0.45 0.51 0.56 0.66 0.89 2.13 0.00 0.00 0.00 
0.00 0.00 0.00 9.58 3.36 2.02 1.53 1.22 0.96 0.84 0.75 0.67 0.60 0.54 0.51 0.49 0.47 0.46 0.45 0.44 0.44 0.44 0.44 0.44 0.44 0.45 0.45 0.46 0.47 0.47 0.48 0.49 0.49 0.50 0.51 0.51 0.52 0.52 0.52 0.53 0.53 0.53 0.52 0.52 0.52 0.51 0.51 0.50 0.50 0.49 0.48 0.48 0.47 0.46 0.46 0.45 0.45 0.44 0.43 0.43 0.42 0.42 0.41 0.41 0.41 0.40 0.40 0.39 0.39 0.39 0.38 0.38 0.38 0.40 0.40 0.41 0.43 0.45 0.51 0.56 0.66 0.89 2.13 0.00 0.00 0.00 
0.00 0.00 0.00 9.09 3.44 2.12 1.59 1.21 0.97 0.86 0.75 0.67 0.61 0.57 0.54 0.52 0.50 0.48 0.48 0.47 0.47 0.46 0.47 0.47 0.47 0.48 0.48 0.49 0.50 0.50 0.51 0.52 0.53 0.53 0.54 0.54 0.55 0.55 0.56 0.56 0.56 0.56 0.56 0.55 0.55 0.55 0.54 0.53 0.53 0.52 0.51 0.51 0.50 0.49 0.49 0.48 0.47 0.47 0.46 0.46 0.45 0.45 0.44 0.44 0.43 0.43 0.42 0.42 0.42 0.41 0.41 0.41 0.40 0.40 0.41 0.42 0.44 0.45 0.51 0.58 0.69 0.92 2.03 0.00 0.00 0.00 
0.00 0.00 0.00 7.89 3.70 2.24 1.61 1.22 1.03 0.86 0.76 0.69 0.63 0.58 0.55 0.53 0.51 0.49 0.48 0.48 0.47 0.47 0.47 0.48 0.48 0.49 0.49 0.50 0.50 0.51 0.52 0.53 0.53 0.54 0.55 0.55 0.56 0.56 0.57 0.57 0.57 0.57 0.57 0.56 0.56 0.56 0.55 0.54 0.54 0.53 0.52 0.52 0.51 0.50 0.50 0.49 0.48 0.48 0.47 0.46 0.46 0.45 0.45 0.44 0.44 0.43 0.43 0.43 0.42 0.42 0.42 0.41 0.41 0.41 0.42 0.43 0.45 0.47 0.52 0.59 0.72 1.01 1.78 0.00 0.00 0.00 
0.00 0.00 0.00 5.61 4.55 2.45 1.68 1.29 1.08 0.90 0.79 0.71 0.64 0.60 0.57 0.54 0.52 0.51 0.50 0.49 0.49 0.49 0.49 0.49 0.49 0.50 0.50 0.51 0.52 0.53 0.53 0.54 0.55 0.56 0.56 0.57 0.58 0.58 0.58 0.58 0.59 0.58 0.58 0.58 0.58 0.57 0.56 0.56 0.55 0.54 0.54 0.53 0.52 0.52 0.51 0.50 0.50 0.49 0.48 0.48 0.47 0.47 0.46 0.46 0.45 0.45 0.44 0.44 0.43 0.43 0.43 0.43 0.42 0.42 0.44 0.44 0.46 0.50 0.54 0.62 0.78 1.23 1.29 0.00 0.00 0.00 
0.00 0.00 0.00 0.77 6.85 2.87 1.87 1.39 1.12 0.97 0.83 0.72 0.67 0.63 0.59 0.57 0.54 0.53 0.52 0.51 0.51 0.51 0.51 0.51 0.52 0.52 0.53 0.53 0.54 0.55 0.56 0.57 0.57 0.58 0.59 0.60 0.60 0.61 0.61 0.61 0.61 0.61 0.61 0.61 0.60 0.60 0.59 0.58 0.58 0.57 0.56 0.55 0.55 0.54 0.53 0.53 0.52 0.51 0.51 0.50 0.49 0.49 0.48 0.48 0.47 0.47 0.46 0.46 0.45 0.45 0.45 0.44 0.44 0.44 0.44 0.47 0.50 0.52 0.59 0.70 0.92 1.86 0.18 0.00 0.00 0.00 
0.00 0.00 0.00 0.00 4.38 4.18 2.21 1.59 1.25 1.03 0.89 0.81 0.75 0.69 0.65 0.62 0.60 0.58 0.57 0.56 0.56 0.56 0.56 0.56 0.56 0.57 0.58 0.58 0.59 0.60 0.61 0.62 0.63 0.64 0.64 0.65 0.66 0.66 0.67 0.67 0.67 0.67 0.67 0.66 0.66 0.65 0.65 0.64 0.63 0.62 0.61 0.61 0.60 0.59 0.58 0.57 0.57 0.56 0.55 0.55 0.54 0.53 0.53 0.52 0.52 0.51 0.51 0.50 0.50 0.49 0.49 0.49 0.48 0.49 0.50 0.50 0.53 0.58 0.67 0.82 1.34 1.19 0.00 0.00 0.00 0.00 
0.00 0.00 0.00 0.00 0.00 4.98 3.11 1.91 1.45 1.14 1.00 0.89 0.79 0.73 0.69 0.66 0.64 0.62 0.61 0.60 0.60 0.60 0.60 0.60 0.60 0.61 0.62 0.63 0.63 0.64 0.65 0.66 0.67 0.68 0.69 0.70 0.70 0.71 0.71 0.72 0.72 0.72 0.71 0.71 0.71 0.70 0.69 0.68 0.68 0.67 0.66 0.65 0.64 0.63 0.62 0.62 0.61 0.60 0.59 0.58 0.58 0.57 0.56 0.56 0.55 0.55 0.54 0.54 0.53 0.53 0.52 0.52 0.52 0.53 0.55 0.57 0.59 0.67 0.80 1.15 1.64 0.00 0.00 0.00 0.00 0.00 
0.00 0.00 0.00 0.00 0.00 0.18 4.30 3.02 1.85 1.40 1.17 1.02 0.91 0.84 0.80 0.77 0.74 0.72 0.70 0.70 0.69 0.69 0.69 0.69 0.70 0.71 0.71 0.72 0.73 0.75 0.76 0.77 0.78 0.79 0.80 0.81 0.82 0.82 0.83 0.83 0.83 0.83 0.83 0.82 0.82 0.81 0.80 0.79 0.78 0.77 0.76 0.75 0.74 0.73 0.72 0.71 0.70 0.69 0.69 0.68 0.67 0.66 0.65 0.65 0.64 0.63 0.63 0.62 0.62 0.61 0.61 0.60 0.60 0.61 0.63 0.66 0.73 0.86 1.27 1.60 0.06 0.00 0.00 0.00 0.00 0.00 
0.00 0.00 0.00 0.00 0.00 0.00 0.00 2.58 3.57 2.12 1.58 1.32 1.18 1.09 1.03 0.99 0.95 0.92 0.91 0.90 0.89 0.89 0.89 0.89 0.90 0.91 0.92 0.93 0.94 0.96 0.97 0.99 1.00 1.02 1.03 1.04 1.05 1.06 1.06 1.07 1.07 1.07 1.06 1.06 1.05 1.04 1.03 1.02 1.01 0.99 0.98 0.97 0.95 0.94 0.93 0.92 0.90 0.89 0.88 0.87 0.86 0.85 0.84 0.83 0.82 0.81 0.81 0.80 0.79 0.79 0.78 0.78 0.77 0.78 0.81 0.89 1.10 1.67 1.09 0.00 0.00 0.00 0.00 0.00 0.00 0.00 
0.00 0.00 0.00 0.00 0.00 0.00 0.00 0.00 0.32 2.10 2.65 2.75 2.66 2.50 2.37 2.26 2.19 2.13 2.09 2.06 2.04 2.04 2.04 2.05 2.07 2.09 2.11 2.14 2.17 2.20 2.24 2.27 2.30 2.33 2.36 2.39 2.41 2.43 2.44 2.45 2.45 2.45 2.44 2.43 2.41 2.39 2.37 2.34 2.31 2.29 2.26 2.22 2.19 2.16 2.13 2.11 2.08 2.05 2.03 2.00 1.98 1.95 1.93 1.91 1.89 1.87 1.85 1.84 1.82 1.80 1.79 1.78 1.77 1.76 1.68 1.48 1.08 0.16 0.00 0.00 0.00 0.00 0.00 0.00 0.00 0.00 
0.00 0.00 0.00 0.00 0.00 0.00 0.00 0.00 0.00 0.00 0.00 0.00 0.00 0.00 0.00 0.00 0.00 0.00 0.00 0.00 0.00 0.00 0.00 0.00 0.00 0.00 0.00 0.00 0.00 0.00 0.00 0.00 0.00 0.00 0.00 0.00 0.00 0.00 0.00 0.00 0.00 0.00 0.00 0.00 0.00 0.00 0.00 0.00 0.00 0.00 0.00 0.00 0.00 0.00 0.00 0.00 0.00 0.00 0.00 0.00 0.00 0.00 0.00 0.00 0.00 0.00 0.00 0.00 0.00 0.00 0.00 0.00 0.00 0.00 0.00 0.00 0.00 0.00 0.00 0.00 0.00 0.00 0.00 0.00 0.00 0.00 
0.00 0.00 0.00 0.00 0.00 0.00 0.00 0.00 0.00 0.00 0.00 0.00 0.00 0.00 0.00 0.00 0.00 0.00 0.00 0.00 0.00 0.00 0.00 0.00 0.00 0.00 0.00 0.00 0.00 0.00 0.00 0.00 0.00 0.00 0.00 0.00 0.00 0.00 0.00 0.00 0.00 0.00 0.00 0.00 0.00 0.00 0.00 0.00 0.00 0.00 0.00 0.00 0.00 0.00 0.00 0.00 0.00 0.00 0.00 0.00 0.00 0.00 0.00 0.00 0.00 0.00 0.00 0.00 0.00 0.00 0.00 0.00 0.00 0.00 0.00 0.00 0.00 0.00 0.00 0.00 0.00 0.00 0.00 0.00 0.00 0.00 
0.00 0.00 0.00 0.00 0.00 0.00 0.00 0.00 0.00 0.00 0.00 0.00 0.00 0.00 0.00 0.00 0.00 0.00 0.00 0.00 0.00 0.00 0.00 0.00 0.00 0.00 0.00 0.00 0.00 0.00 0.00 0.00 0.00 0.00 0.00 0.00 0.00 0.00 0.00 0.00 0.00 0.00 0.00 0.00 0.00 0.00 0.00 0.00 0.00 0.00 0.00 0.00 0.00 0.00 0.00 0.00 0.00 0.00 0.00 0.00 0.00 0.00 0.00 0.00 0.00 0.00 0.00 0.00 0.00 0.00 0.00 0.00 0.00 0.00 0.00 0.00 0.00 0.00 0.00 0.00 0.00 0.00 0.00 0.00 0.00 0.00 
0.00 0.00 0.00 0.00 0.00 0.00 0.00 0.00 0.00 0.00 0.00 0.00 0.00 0.00 0.00 0.00 0.00 0.00 0.00 0.00 0.00 0.00 0.00 0.00 0.00 0.00 0.00 0.00 0.00 0.00 0.00 0.00 0.00 0.00 0.00 0.00 0.00 0.00 0.00 0.00 0.00 0.00 0.00 0.00 0.00 0.00 0.00 0.00 0.00 0.00 0.00 0.00 0.00 0.00 0.00 0.00 0.00 0.00 0.00 0.00 0.00 0.00 0.00 0.00 0.00 0.00 0.00 0.00 0.00 0.00 0.00 0.00 0.00 0.00 0.00 0.00 0.00 0.00 0.00 0.00 0.00 0.00 0.00 0.00 0.00 0.00 
