0.00 0.00 0.00 0.00 0.00 0.00 0.00 0.00 0.00 0.00 0.00 0.00 0.00 0.00 0.00 0.00 0.00 0.00 0.00 0.00 0.00 0.00 0.00 0.00 0.00 0.00 0.00 0.00 0.00 0.00 0.00 0.00 0.00 0.00 0.00 0.00 0.00 0.00 0.00 0.00 0.00 0.00 0.00 0.00 0.00 0.00 0.00 0.00 0.00 0.00 0.00 0.00 0.00 0.00 0.00 0.00 0.00 0.00 0.00 0.00 0.00 0.00 0.00 0.00 0.00 0.00 0.00 0.00 0.00 0.00 0.00 0.00 0.00 0.00 0.00 0.00 0.00 0.00 0.00 0.00 0.00 0.00 0.00 0.00 0.00 0.00 
0.00 0.00 0.00 0.00 0.00 0.00 0.00 0.00 0.00 0.00 0.00 0.00 0.00 0.00 0.00 0.00 0.00 0.00 0.00 0.00 0.00 0.00 0.00 0.00 0.00 0.00 0.00 0.00 0.00 0.00 0.00 0.00 0.00 0.00 0.00 0.00 0.00 0.00 0.00 0.00 0.00 0.00 0.00 0.00 0.00 0.00 0.00 0.00 0.00 0.00 0.00 0.00 0.00 0.00 0.00 0.00 0.00 0.00 0.00 0.00 0.00 0.00 0.00 0.00 0.00 0.00 0.00 0.00 0.00 0.00 0.00 0.00 0.00 0.00 0.00 0.00 0.00 0.00 0.00 0.00 0.00 0.00 0.00 0.00 0.00 0.00 
0.00 0.00 0.00 0.00 0.00 0.00 0.00 0.00 0.00 0.00 0.00 0.00 0.00 0.00 0.00 0.00 0.00 0.00 0.00 0.00 0.00 0.00 0.00 0.00 0.00 0.00 0.00 0.00 0.00 0.00 0.00 0.00 0.00 0.00 0.00 0.00 0.00 0.00 0.00 0.00 0.00 0.00 0.00 0.00 0.00 0.00 0.00 0.00 0.00 0.00 0.00 0.00 0.00 0.00 0.00 0.00 0.00 0.00 0.00 0.00 0.00 0.00 0.00 0.00 0.00 0.00 0.00 0.00 0.00 0.00 0.00 0.00 0.00 0.00 0.00 0.00 0.00 0.00 0.00 0.00 0.00 0.00 0.00 0.00 0.00 0.00 
0.00 0.00 0.00 0.00 0.00 0.00 0.00 0.00 0.15 1.05 1.43 1.61 1.67 1.67 1.66 1.66 1.66 1.66 1.67 1.67 1.68 1.68 1.69 1.69 1.70 1.70 1.70 1.71 1.71 1.71 1.71 1.71 1.71 1.71 1.71 1.71 1.71 1.71 1.70 1.70 1.70 1.69 1.69 1.69 1.68 1.68 1.68 1.67 1.67 1.67 1.67 1.67 1.67 1.67 1.67 1.68 1.69 1.70 1.72 1.74 1.76 1.79 1.83 1.88 1.94 2.01 2.10 2.21 2.34 2.51 2.72 2.99 3.32 3.72 4.02 4.03 3.30 0.52 0.00 0.00 0.00 0.00 0.00 0.00 0.00 0.00 
0.00 0.00 0.00 0.00 0.00 0.00 0.00 1.07 1.63 1.07 0.87 0.78 0.75 0.73 0.73 0.73 0.73 0.73 0.73 0.74 0.74 0.74 0.74 0.75 0.75 0.75 0.75 0.75 0.75 0.75 0.75 0.76 0.76 0.76 0.75 0.75 0.75 0.75 0.75 0.75 0.75 0.75 0.75 0.74 0.74 0.74 0.74 0.74 0.74 0.74 0.74 0.74 0.74 0.74 0.74 0.74 0.75 0.75 0.76 0.77 0.78 0.80 0.81 0.83 0.86 0.89 0.93 0.98 1.04 1.11 1.20 1.32 1.46 1.66 1.93 2.41 3.34 5.77 4.24 0.00 0.00 0.00 0.00 0.00 0.00 0.00 
0.00 0.00 0.00 0.00 0.00 0.07 1.59 1.26 0.85 0.72 0.65 0.62 0.59 0.58 0.58 0.58 0.58 0.58 0.58 0.58 0.58 0.58 0.59 0.59 0.59 0.59 0.59 0.59 0.59 0.60 0.60 0.60 0.60 0.60 0.60 0.60 0.60 0.60 0.59 0.59 0.59 0.59 0.59 0.59 0.59 0.59 0.59 0.59 0.59 0.59 0.59 0.59 0.59 0.59 0.59 0.59 0.60 0.60 0.61 0.61 0.62 0.63 0.65 0.66 0.68 0.71 0.74 0.78 0.82 0.88 0.95 1.04 1.15 1.30 1.51 1.79 2.21 3.01 5.03 7.47 0.33 0.00 0.00 0.00 0.00 0.00 
0.00 0.00 0.00 0.00 0.00 1.65 1.16 0.80 0.67 0.59 0.56 0.54 0.52 0.50 0.50 0.50 0.50 0.50 0.51 0.51 0.51 0.51 0.51 0.51 0.51 0.51 0.52 0.52 0.52 0.52 0.52 0.52 0.52 0.52 0.52 0.52 0.52 0.52 0.52 0.52 0.52 0.52 0.52 0.51 0.51 0.51 0.51 0.51 0.51 0.51 0.51 0.51 0.51 0.51 0.52 0.52 0.52 0.53 0.53 0.54 0.54 0.55 0.57 0.58 0.60 0.62 0.65 0.68 0.72 0.77 0.83 0.91 1.00 1.13 1.31 1.54 1.81 2.38 3.19 5.28 8.71 0.00 0.00 0.00 0.00 0.00 
0.00 0.00 0.00 0.00 1.23 1.35 0.82 0.67 0.58 0.53 0.50 0.49 0.48 0.47 0.47 0.47 0.47 0.47 0.47 0.48 0.48 0.48 0.48 0.48 0.48 0.48 0.49 0.49 0.49 0.49 0.49 0.49 0.49 0.49 0.49 0.49 0.49 0.49 0.49 0.49 0.49 0.49 0.48 0.48 0.48 0.48 0.48 0.48 0.48 0.48 0.48 0.48 0.48 0.48 0.49 0.49 0.49 0.50 0.50 0.51 0.51 0.52 0.53 0.55 0.57 0.59 0.61 0.64 0.68 0.73 0.78 0.86 0.94 1.07 1.21 1.37 1.63 2.05 2.66 3.75 7.10 7.19 0.00 0.00 0.00 0.00 
0.00 0.00 0.00 0.19 1.90 0.94 0.70 0.59 0.53 0.50 0.47 0.44 0.44 0.44 0.44 0.44 0.44 0.44 0.44 0.44 0.44 0.44 0.44 0.44 0.45 0.45 0.45 0.45 0.45 0.45 0.45 0.45 0.45 0.45 0.45 0.45 0.45 0.45 0.45 0.45 0.45 0.45 0.45 0.45 0.45 0.45 0.45 0.45 0.45 0.45 0.45 0.45 0.45 0.45 0.45 0.45 0.46 0.46 0.46 0.47 0.48 0.49 0.50 0.51 0.52 0.54 0.57 0.59 0.63 0.67 0.72 0.79 0.87 0.96 1.08 1.29 1.54 1.82 2.33 3.17 4.87 11.17 1.19 0.00 0.00 0.00 
0.00 0.00 0.00 1.34 1.27 0.80 0.63 0.55 0.51 0.47 0.45 0.44 0.42 0.42 0.42 0.42 0.42 0.42 0.42 0.42 0.42 0.42 0.43 0.43 0.43 0.43 0.43 0.43 0.43 0.43 0.43 0.43 0.43 0.43 0.43 0.43 0.43 0.43 0.43 0.43 0.43 0.43 0.43 0.43 0.43 0.43 0.43 0.43 0.43 0.43 0.43 0.43 0.43 0.43 0.43 0.44 0.44 0.44 0.45 0.45 0.46 0.47 0.48 0.49 0.51 0.52 0.55 0.57 0.61 0.65 0.70 0.76 0.84 0.93 1.07 1.22 1.43 1.76 2.17 2.85 4.15 7.41 8.49 0.00 0.00 0.00 
0.00 0.00 0.00 1.85 1.03 0.73 0.61 0.52 0.48 0.45 0.43 0.42 0.41 0.41 0.41 0.41 0.41 0.41 0.41 0.41 0.41 0.41 0.41 0.42 0.42 0.42 0.42 0.42 0.42 0.42 0.42 0.42 0.42 0.42 0.42 0.42 0.42 0.42 0.42 0.42 0.42 0.42 0.42 0.42 0.42 0.42 0.42 0.42 0.42 0.42 0.42 0.42 0.42 0.42 0.42 0.43 0.43 0.43 0.44 0.44 0.45 0.46 0.47 0.48 0.49 0.51 0.53 0.56 0.59 0.63 0.68 0.74 0.82 0.91 1.03 1.18 1.36 1.68 2.04 2.73 3.80 6.02 11.70 0.00 0.00 0.00 
0.00 0.00 0.00 2.11 0.95 0.70 0.59 0.52 0.46 0.45 0.42 0.41 0.40 0.40 0.40 0.40 0.40 0.40 0.40 0.40 0.41 0.41 0.41 0.41 0.41 0.41 0.41 0.41 0.41 0.41 0.41 0.42 0.42 0.42 0.42 0.42 0.42 0.42 0.41 0.41 0.41 0.41 0.41 0.41 0.41 0.41 0.41 0.41 0.41 0.41 0.41 0.41 0.41 0.41 0.42 0.42 0.42 0.42 0.43 0.43 0.44 0.45 0.46 0.47 0.48 0.50 0.52 0.55 0.58 0.62 0.67 0.73 0.80 0.89 1.01 1.17 1.37 1.58 2.01 2.72 3.62 5.54 13.25 0.00 0.00 0.00 
0.00 0.00 0.00 2.21 0.92 0.67 0.57 0.52 0.46 0.44 0.42 0.41 0.40 0.38 0.38 0.38 0.38 0.38 0.38 0.38 0.38 0.38 0.39 0.39 0.39 0.39 0.39 0.39 0.39 0.39 0.39 0.39 0.39 0.39 0.39 0.39 0.39 0.39 0.39 0.39 0.39 0.39 0.39 0.39 0.39 0.39 0.39 0.39 0.39 0.39 0.39 0.39 0.39 0.39 0.40 0.40 0.40 0.40 0.41 0.41 0.42 0.43 0.44 0.45 0.46 0.48 0.50 0.52 0.55 0.59 0.63 0.68 0.75 0.87 1.00 1.16 1.35 1.55 2.00 2.65 3.52 5.31 13.82 0.00 0.00 0.00 
0.00 0.00 0.00 2.21 0.92 0.67 0.57 0.52 0.46 0.44 0.42 0.41 0.40 0.38 0.38 0.38 0.38 0.38 0.38 0.38 0.38 0.38 0.39 0.39 0.39 0.39 0.39 0.39 0.39 0.39 0.39 0.39 0.39 0.39 0.39 0.39 0.39 0.39 0.39 0.39 0.39 0.39 0.39 0.39 0.39 0.39 0.39 0.39 0.39 0.39 0.39 0.39 0.39 0.39 0.40 0.40 0.40 0.40 0.41 0.41 0.42 0.43 0.44 0.45 0.46 0.48 0.50 0.52 0.55 0.59 0.63 0.68 0.75 0.87 1.00 1.16 1.35 1.55 1.99 2.64 3.52 5.31 13.81 0.00 0.00 0.00 
0.00 0.00 0.00 2.10 0.95 0.70 0.59 0.52 0.46 0.45 0.42 0.41 0.40 0.40 0.40 0.40 0.40 0.40 0.40 0.40 0.41 0.41 0.41 0.41 0.41 0.41 0.41 0.41 0.41 0.41 0.41 0.42 0.42 0.42 0.42 0.42 0.42 0.42 0.42 0.41 0.41 0.41 0.41 0.41 0.41 0.41 0.41 0.41 0.41 0.41 0.41 0.41 0.41 0.41 0.42 0.42 0.42 0.43 0.43 0.43 0.44 0.45 0.46 0.47 0.48 0.50 0.52 0.55 0.58 0.62 0.67 0.73 0.80 0.89 1.01 1.17 1.37 1.58 2.00 2.71 3.60 5.52 13.21 0.00 0.00 0.00 
0.00 0.00 0.00 1.84 1.03 0.73 0.60 0.52 0.48 0.45 0.43 0.42 0.41 0.41 0.41 0.41 0.41 0.41 0.41 0.41 0.41 0.41 0.42 0.42 0.42 0.42 0.42 0.42 0.42 0.42 0.42 0.42 0.42 0.42 0.42 0.42 0.42 0.42 0.42 0.42 0.42 0.42 0.42 0.42 0.42 0.42 0.42 0.42 0.42 0.42 0.42 0.42 0.42 0.42 0.42 0.43 0.43 0.43 0.44 0.44 0.45 0.46 0.47 0.48 0.49 0.51 0.53 0.56 0.59 0.63 0.68 0.74 0.81 0.91 1.03 1.18 1.36 1.67 2.03 2.71 3.77 5.98 11.63 0.00 0.00 0.00 
0.00 0.00 0.00 1.33 1.26 0.80 0.63 0.55 0.51 0.47 0.45 0.44 0.42 0.42 0.42 0.42 0.42 0.42 0.42 0.42 0.42 0.43 0.43 0.43 0.43 0.43 0.43 0.43 0.43 0.43 0.43 0.43 0.43 0.43 0.43 0.43 0.43 0.43 0.43 0.43 0.43 0.43 0.43 0.43 0.43 0.43 0.43 0.43 0.43 0.43 0.43 0.43 0.43 0.43 0.43 0.44 0.44 0.44 0.45 0.45 0.46 0.47 0.48 0.49 0.51 0.52 0.55 0.57 0.61 0.65 0.70 0.76 0.84 0.93 1.06 1.22 1.42 1.75 2.15 2.82 4.11 7.34 8.42 0.00 0.00 0.00 
0.00 0.00 0.00 0.19 1.89 0.93 0.70 0.59 0.53 0.50 0.47 0.44 0.44 0.44 0.44 0.44 0.44 0.44 0.44 0.44 0.44 0.44 0.44 0.45 0.45 0.45 0.45 0.45 0.45 0.45 0.45 0.45 0.45 0.45 0.45 0.45 0.45 0.45 0.45 0.45 0.45 0.45 0.45 0.45 0.45 0.45 0.45 0.45 0.45 0.45 0.45 0.45 0.45 0.45 0.45 0.45 0.46 0.46 0.47 0.47 0.48 0.49 0.50 0.51 0.53 0.54 0.57 0.60 0.63 0.67 0.72 0.79 0.87 0.96 1.07 1.28 1.52 1.80 2.30 3.13 4.80 11.01 1.18 0.00 0.00 0.00 
0.00 0.00 0.00 0.00 1.22 1.35 0.82 0.67 0.58 0.53 0.50 0.49 0.49 0.48 0.47 0.47 0.47 0.48 0.48 0.48 0.48 0.48 0.48 0.48 0.48 0.49 0.49 0.49 0.49 0.49 0.49 0.49 0.49 0.49 0.49 0.49 0.49 0.49 0.49 0.49 0.49 0.49 0.49 0.49 0.49 0.48 0.48 0.48 0.48 0.48 0.48 0.48 0.48 0.49 0.49 0.49 0.49 0.50 0.50 0.51 0.52 0.53 0.54 0.55 0.57 0.59 0.61 0.64 0.68 0.73 0.78 0.85 0.94 1.06 1.20 1.36 1.61 2.02 2.62 3.69 6.98 7.07 0.00 0.00 0.00 0.00 
0.00 0.00 0.00 0.00 0.00 1.64 1.15 0.80 0.67 0.59 0.56 0.54 0.52 0.51 0.50 0.50 0.51 0.51 0.51 0.51 0.51 0.51 0.51 0.51 0.52 0.52 0.52 0.52 0.52 0.52 0.52 0.52 0.52 0.52 0.52 0.52 0.52 0.52 0.52 0.52 0.52 0.52 0.52 0.52 0.52 0.52 0.51 0.51 0.51 0.51 0.51 0.51 0.51 0.52 0.52 0.52 0.52 0.53 0.53 0.54 0.55 0.56 0.57 0.58 0.60 0.62 0.65 0.68 0.72 0.77 0.83 0.90 0.99 1.12 1.29 1.52 1.78 2.34 3.13 5.18 8.52 0.00 0.00 0.00 0.00 0.00 
0.00 0.00 0.00 0.00 0.00 0.06 1.59 1.26 0.85 0.72 0.65 0.62 0.59 0.58 0.58 0.58 0.58 0.58 0.58 0.58 0.59 0.59 0.59 0.59 0.59 0.59 0.60 0.60 0.60 0.60 0.60 0.60 0.60 0.60 0.60 0.60 0.60 0.60 0.60 0.60 0.60 0.59 0.59 0.59 0.59 0.59 0.59 0.59 0.59 0.59 0.59 0.59 0.59 0.59 0.59 0.60 0.60 0.60 0.61 0.62 0.63 0.64 0.65 0.67 0.69 0.71 0.74 0.78 0.83 0.88 0.95 1.04 1.14 1.27 1.48 1.76 2.16 2.95 4.91 7.29 0.32 0.00 0.00 0.00 0.00 0.00 
0.00 0.00 0.00 0.00 0.00 0.00 0.00 1.08 1.63 1.07 0.87 0.78 0.75 0.74 0.74 0.74 0.74 0.74 0.74 0.74 0.75 0.75 0.75 0.75 0.75 0.76 0.76 0.76 0.76 0.76 0.76 0.76 0.76 0.76 0.76 0.76 0.76 0.76 0.76 0.76 0.76 0.76 0.75 0.75 0.75 0.75 0.75 0.75 0.75 0.75 0.75 0.75 0.75 0.75 0.75 0.75 0.76 0.76 0.77 0.78 0.79 0.81 0.82 0.85 0.87 0.90 0.94 0.99 1.05 1.12 1.21 1.32 1.45 1.63 1.89 2.36 3.26 5.63 4.13 0.00 0.00 0.00 0.00 0.00 0.00 0.00 
0.00 0.00 0.00 0.00 0.00 0.00 0.00 0.00 0.16 1.05 1.43 1.61 1.68 1.68 1.67 1.67 1.67 1.68 1.68 1.69 1.69 1.70 1.70 1.71 1.71 1.71 1.72 1.72 1.72 1.72 1.73 1.73 1.73 1.73 1.73 1.72 1.72 1.72 1.72 1.71 1.71 1.71 1.70 1.70 1.70 1.69 1.69 1.69 1.68 1.68 1.68 1.68 1.68 1.68 1.69 1.69 1.70 1.72 1.73 1.75 1.78 1.81 1.85 1.89 1.95 2.02 2.11 2.22 2.35 2.52 2.72 2.97 3.27 3.63 3.92 3.92 3.21 0.51 0.00 0.00 0.00 0.00 0.00 0.00 0.00 0.00 
0.00 0.00 0.00 0.00 0.00 0.00 0.00 0.00 0.00 0.00 0.00 0.00 0.00 0.00 0.00 0.00 0.00 0.00 0.00 0.00 0.00 0.00 0.00 0.00 0.00 0.00 0.00 0.00 0.00 0.00 0.00 0.00 0.00 0.00 0.00 0.00 0.00 0.00 0.00 0.00 0.00 0.00 0.00 0.00 0.00 0.00 0.00 0.00 0.00 0.00 0.00 0.00 0.00 0.01 0.01 0.01 0.01 0.01 0.01 0.01 0.01 0.01 0.01 0.01 0.01 0.01 0.01 0.01 0.01 0.01 0.01 0.01 0.01 0.01 0.00 0.00 0.00 0.00 0.00 0.00 0.00 0.00 0.00 0.00 0.00 0.00 
0.00 0.00 0.00 0.00 0.00 0.00 0.00 0.00 0.00 0.00 0.00 0.00 0.00 0.00 0.00 0.00 0.00 0.00 0.00 0.00 0.00 0.00 0.00 0.00 0.00 0.00 0.00 0.00 0.00 0.00 0.00 0.00 0.00 0.00 0.00 0.00 0.00 0.00 0.00 0.00 0.00 0.00 0.00 0.00 0.00 0.00 0.00 0.00 0.00 0.00 0.00 0.00 0.00 0.00 0.00 0.00 0.00 0.00 0.00 0.00 0.00 0.00 0.00 0.00 0.00 0.00 0.00 0.00 0.00 0.00 0.00 0.00 0.00 0.00 0.00 0.00 0.00 0.00 0.00 0.00 0.00 0.00 0.00 0.00 0.00 0.00 
0.00 0.00 0.00 0.00 0.00 0.00 0.00 0.00 0.00 0.00 0.00 0.00 0.00 0.00 0.00 0.00 0.00 0.00 0.00 0.00 0.00 0.00 0.00 0.00 0.00 0.00 0.00 0.00 0.00 0.00 0.00 0.00 0.00 0.00 0.00 0.00 0.00 0.00 0.00 0.00 0.00 0.00 0.00 0.00 0.00 0.00 0.00 0.00 0.00 0.00 0.00 0.00 0.00 0.00 0.00 0.00 0.00 0.00 0.00 0.00 0.00 0.00 0.00 0.00 0.00 0.00 0.00 0.00 0.00 0.00 0.00 0.00 0.00 0.00 0.00 0.00 0.00 0.00 0.00 0.00 0.00 0.00 0.00 0.00 0.00 0.00 
0.00 0.00 0.00 0.00 0.00 0.00 0.00 0.00 0.00 0.00 0.00 0.00 0.00 0.00 0.00 0.00 0.00 0.00 0.00 0.00 0.00 0.00 0.00 0.00 0.00 0.00 0.00 0.00 0.00 0.00 0.00 0.00 0.00 0.00 0.00 0.00 0.00 0.00 0.00 0.00 0.00 0.00 0.00 0.00 0.00 0.00 0.00 0.00 0.00 0.00 0.00 0.00 0.00 0.00 0.00 0.00 0.00 0.00 0.00 0.00 0.00 0.00 0.00 0.00 0.00 0.00 0.00 0.00 0.00 0.00 0.00 0.00 0.00 0.00 0.00 0.00 0.00 0.00 0.00 0.00 0.00 0.00 0.00 0.00 0.00 0.00 
