0.00 0.00 0.00 0.00 0.00 0.00 0.00 0.00 0.00 0.00 0.00 0.00 0.00 0.00 0.00 0.00 0.00 0.00 0.00 0.00 0.00 0.00 0.00 0.00 0.00 0.00 0.00 0.00 0.00 0.00 0.00 0.00 0.00 0.00 0.00 0.00 0.00 0.00 0.00 0.00 0.00 0.00 0.00 0.00 0.00 0.00 0.00 0.00 0.00 0.00 0.00 0.00 0.00 0.00 0.00 0.00 0.00 0.00 0.00 0.00 0.00 0.00 0.00 0.00 0.00 0.00 0.00 0.00 0.00 0.00 0.00 0.00 0.00 0.00 0.00 0.00 0.00 0.00 0.00 0.00 0.00 0.00 0.00 0.00 0.00 0.00 
0.00 0.00 0.00 0.00 0.00 0.00 0.00 0.00 0.00 0.00 0.00 0.00 0.00 0.00 0.00 0.00 0.00 0.00 0.00 0.00 0.00 0.00 0.00 0.00 0.00 0.00 0.00 0.00 0.00 0.00 0.00 0.00 0.00 0.00 0.00 0.00 0.00 0.00 0.00 0.00 0.00 0.00 0.00 0.00 0.00 0.00 0.00 0.00 0.00 0.00 0.00 0.00 0.00 0.00 0.00 0.00 0.00 0.00 0.00 0.00 0.00 0.00 0.00 0.00 0.00 0.00 0.00 0.00 0.00 0.00 0.00 0.00 0.00 0.00 0.00 0.00 0.00 0.00 0.00 0.00 0.00 0.00 0.00 0.00 0.00 0.00 
0.00 0.00 0.00 0.00 0.00 0.00 0.00 0.00 0.00 0.00 0.00 0.00 0.00 0.00 0.00 0.00 0.00 0.00 0.00 0.00 0.00 0.00 0.00 0.00 0.00 0.00 0.00 0.00 0.00 0.00 0.00 0.00 0.00 0.00 0.00 0.00 0.00 0.00 0.00 0.00 0.00 0.00 0.00 0.00 0.00 0.00 0.00 0.00 0.00 0.00 0.00 0.00 0.00 0.00 0.00 0.00 0.00 0.00 0.00 0.00 0.00 0.00 0.00 0.00 0.00 0.00 0.00 0.00 0.00 0.00 0.00 0.00 0.00 0.00 0.00 0.00 0.00 0.00 0.00 0.00 0.00 0.00 0.00 0.00 0.00 0.00 
0.00 0.00 0.00 0.00 0.00 0.00 0.00 0.00 0.21 1.23 1.58 1.71 1.71 1.64 1.60 1.56 1.53 1.52 1.51 1.50 1.50 1.51 1.51 1.52 1.54 1.55 1.57 1.59 1.61 1.64 1.66 1.69 1.72 1.75 1.79 1.83 1.87 1.91 1.96 2.01 2.07 2.13 2.20 2.27 2.35 2.43 2.53 2.63 2.74 2.86 2.99 3.12 3.26 3.41 3.55 3.69 3.81 3.92 3.99 4.03 4.03 3.98 3.90 3.78 3.63 3.47 3.30 3.13 2.97 2.82 2.68 2.56 2.45 2.36 2.18 1.87 1.34 0.19 0.00 0.00 0.00 0.00 0.00 0.00 0.00 0.00 
0.00 0.00 0.00 0.00 0.00 0.00 0.00 1.38 1.99 1.27 1.00 0.87 0.81 0.77 0.75 0.73 0.72 0.72 0.71 0.71 0.71 0.71 0.71 0.72 0.72 0.73 0.73 0.74 0.75 0.76 0.77 0.78 0.80 0.81 0.82 0.84 0.86 0.88 0.90 0.92 0.94 0.97 1.00 1.03 1.06 1.10 1.14 1.18 1.23 1.28 1.33 1.39 1.45 1.51 1.57 1.63 1.68 1.73 1.76 1.77 1.77 1.75 1.71 1.66 1.59 1.52 1.44 1.37 1.30 1.23 1.17 1.12 1.07 1.05 1.06 1.13 1.37 2.03 1.30 0.00 0.00 0.00 0.00 0.00 0.00 0.00 
0.00 0.00 0.00 0.00 0.00 0.12 2.21 1.65 1.08 0.89 0.78 0.73 0.68 0.65 0.63 0.62 0.61 0.61 0.60 0.60 0.60 0.60 0.60 0.60 0.61 0.61 0.62 0.62 0.63 0.64 0.64 0.65 0.66 0.67 0.68 0.69 0.71 0.72 0.73 0.75 0.77 0.79 0.81 0.83 0.86 0.88 0.91 0.95 0.98 1.02 1.06 1.10 1.15 1.20 1.24 1.29 1.33 1.36 1.38 1.39 1.39 1.37 1.34 1.30 1.25 1.19 1.14 1.08 1.02 0.97 0.92 0.88 0.84 0.83 0.83 0.85 0.91 1.05 1.52 1.86 0.07 0.00 0.00 0.00 0.00 0.00 
0.00 0.00 0.00 0.00 0.00 2.45 1.63 1.09 0.88 0.76 0.70 0.65 0.61 0.59 0.57 0.56 0.55 0.55 0.54 0.54 0.54 0.54 0.54 0.54 0.55 0.55 0.55 0.56 0.56 0.57 0.58 0.58 0.59 0.60 0.61 0.62 0.63 0.64 0.65 0.67 0.68 0.70 0.72 0.74 0.76 0.78 0.81 0.83 0.86 0.89 0.93 0.97 1.00 1.04 1.08 1.12 1.15 1.18 1.20 1.21 1.21 1.19 1.17 1.13 1.09 1.04 0.99 0.94 0.89 0.84 0.80 0.76 0.73 0.72 0.72 0.73 0.74 0.82 0.96 1.35 1.88 0.00 0.00 0.00 0.00 0.00 
0.00 0.00 0.00 0.00 2.05 2.07 1.20 0.94 0.79 0.71 0.65 0.62 0.59 0.56 0.55 0.54 0.53 0.53 0.52 0.52 0.52 0.52 0.52 0.52 0.53 0.53 0.53 0.54 0.54 0.55 0.55 0.56 0.56 0.57 0.58 0.59 0.60 0.61 0.62 0.63 0.65 0.66 0.68 0.70 0.72 0.74 0.76 0.79 0.82 0.85 0.88 0.91 0.95 0.99 1.02 1.06 1.09 1.11 1.13 1.14 1.14 1.12 1.10 1.06 1.02 0.97 0.92 0.87 0.83 0.79 0.75 0.71 0.68 0.67 0.65 0.65 0.67 0.71 0.80 0.96 1.54 1.34 0.00 0.00 0.00 0.00 
0.00 0.00 0.00 0.37 3.17 1.45 1.03 0.84 0.73 0.67 0.61 0.58 0.56 0.54 0.53 0.52 0.51 0.51 0.50 0.50 0.50 0.50 0.50 0.50 0.50 0.51 0.51 0.51 0.52 0.52 0.53 0.53 0.54 0.54 0.55 0.56 0.57 0.58 0.59 0.60 0.61 0.62 0.64 0.66 0.67 0.69 0.71 0.74 0.76 0.79 0.82 0.85 0.88 0.91 0.94 0.97 1.00 1.03 1.04 1.05 1.05 1.03 1.01 0.98 0.94 0.90 0.85 0.81 0.77 0.73 0.69 0.66 0.63 0.61 0.59 0.60 0.63 0.64 0.71 0.82 1.06 2.08 0.20 0.00 0.00 0.00 
0.00 0.00 0.00 2.48 2.14 1.26 0.95 0.80 0.71 0.65 0.60 0.57 0.54 0.53 0.51 0.50 0.50 0.49 0.49 0.49 0.49 0.49 0.49 0.49 0.49 0.49 0.49 0.50 0.50 0.51 0.51 0.52 0.52 0.53 0.53 0.54 0.55 0.56 0.57 0.58 0.59 0.60 0.62 0.63 0.65 0.67 0.69 0.71 0.73 0.76 0.79 0.82 0.85 0.88 0.91 0.94 0.97 0.99 1.00 1.01 1.01 0.99 0.97 0.94 0.90 0.86 0.81 0.77 0.73 0.69 0.66 0.63 0.60 0.58 0.58 0.57 0.58 0.62 0.65 0.73 0.90 1.39 1.41 0.00 0.00 0.00 
0.00 0.00 0.00 3.43 1.75 1.16 0.91 0.77 0.68 0.63 0.59 0.56 0.53 0.52 0.50 0.49 0.49 0.48 0.48 0.48 0.48 0.48 0.48 0.48 0.48 0.48 0.48 0.49 0.49 0.50 0.50 0.50 0.51 0.52 0.52 0.53 0.54 0.55 0.56 0.57 0.58 0.59 0.60 0.62 0.63 0.65 0.67 0.69 0.72 0.74 0.77 0.80 0.82 0.86 0.89 0.91 0.94 0.96 0.98 0.98 0.98 0.97 0.94 0.91 0.88 0.84 0.79 0.75 0.71 0.68 0.64 0.61 0.59 0.56 0.55 0.55 0.56 0.58 0.62 0.70 0.83 1.13 1.95 0.00 0.00 0.00 
0.00 0.00 0.00 3.93 1.62 1.12 0.90 0.76 0.67 0.63 0.58 0.55 0.52 0.51 0.50 0.49 0.48 0.48 0.47 0.47 0.47 0.47 0.47 0.47 0.47 0.48 0.48 0.48 0.48 0.49 0.49 0.50 0.50 0.51 0.52 0.52 0.53 0.54 0.55 0.56 0.57 0.58 0.59 0.61 0.62 0.64 0.66 0.68 0.70 0.73 0.75 0.78 0.81 0.84 0.87 0.90 0.92 0.94 0.96 0.96 0.96 0.95 0.93 0.90 0.86 0.82 0.78 0.74 0.70 0.67 0.63 0.60 0.58 0.56 0.54 0.54 0.55 0.56 0.62 0.68 0.79 1.03 2.22 0.00 0.00 0.00 
0.00 0.00 0.00 4.11 1.58 1.08 0.88 0.76 0.66 0.62 0.58 0.54 0.52 0.49 0.48 0.47 0.47 0.46 0.46 0.46 0.46 0.46 0.46 0.46 0.46 0.46 0.46 0.47 0.47 0.47 0.48 0.48 0.49 0.49 0.50 0.50 0.51 0.52 0.53 0.54 0.55 0.56 0.57 0.58 0.60 0.61 0.63 0.65 0.67 0.69 0.72 0.74 0.77 0.80 0.82 0.85 0.87 0.89 0.90 0.91 0.91 0.90 0.88 0.85 0.82 0.78 0.74 0.70 0.67 0.63 0.60 0.57 0.55 0.55 0.54 0.53 0.54 0.56 0.61 0.65 0.76 1.00 2.33 0.00 0.00 0.00 
0.00 0.00 0.00 4.10 1.58 1.07 0.88 0.76 0.66 0.62 0.58 0.54 0.52 0.49 0.48 0.48 0.47 0.46 0.46 0.46 0.46 0.46 0.46 0.46 0.46 0.46 0.46 0.47 0.47 0.47 0.48 0.48 0.49 0.49 0.50 0.50 0.51 0.52 0.53 0.54 0.55 0.56 0.57 0.58 0.60 0.61 0.63 0.65 0.67 0.69 0.72 0.74 0.77 0.80 0.82 0.85 0.87 0.89 0.90 0.91 0.91 0.90 0.88 0.85 0.82 0.78 0.74 0.71 0.67 0.63 0.60 0.57 0.55 0.55 0.54 0.53 0.54 0.56 0.61 0.65 0.76 1.00 2.33 0.00 0.00 0.00 
0.00 0.00 0.00 3.90 1.62 1.12 0.90 0.76 0.67 0.63 0.58 0.55 0.52 0.51 0.50 0.49 0.48 0.48 0.47 0.47 0.47 0.47 0.47 0.47 0.47 0.48 0.48 0.48 0.48 0.49 0.49 0.50 0.50 0.51 0.52 0.52 0.53 0.54 0.55 0.56 0.57 0.58 0.59 0.61 0.62 0.64 0.66 0.68 0.70 0.73 0.75 0.78 0.81 0.84 0.87 0.90 0.92 0.94 0.96 0.97 0.96 0.95 0.93 0.90 0.86 0.83 0.78 0.74 0.71 0.67 0.64 0.61 0.58 0.56 0.54 0.54 0.55 0.56 0.62 0.68 0.79 1.03 2.22 0.00 0.00 0.00 
0.00 0.00 0.00 3.39 1.74 1.15 0.91 0.77 0.68 0.63 0.59 0.55 0.53 0.52 0.50 0.49 0.49 0.48 0.48 0.48 0.48 0.48 0.48 0.48 0.48 0.48 0.48 0.49 0.49 0.50 0.50 0.51 0.51 0.52 0.52 0.53 0.54 0.55 0.56 0.57 0.58 0.59 0.60 0.62 0.63 0.65 0.67 0.69 0.72 0.74 0.77 0.80 0.83 0.86 0.89 0.92 0.94 0.96 0.98 0.98 0.98 0.97 0.94 0.91 0.88 0.84 0.80 0.75 0.71 0.68 0.64 0.61 0.59 0.56 0.55 0.55 0.57 0.58 0.62 0.70 0.82 1.13 1.94 0.00 0.00 0.00 
0.00 0.00 0.00 2.44 2.12 1.25 0.95 0.80 0.71 0.65 0.60 0.57 0.54 0.53 0.51 0.51 0.50 0.49 0.49 0.49 0.49 0.49 0.49 0.49 0.49 0.49 0.49 0.50 0.50 0.51 0.51 0.52 0.52 0.53 0.53 0.54 0.55 0.56 0.57 0.58 0.59 0.60 0.62 0.63 0.65 0.67 0.69 0.71 0.73 0.76 0.79 0.82 0.85 0.88 0.91 0.94 0.97 0.99 1.01 1.01 1.01 0.99 0.97 0.94 0.90 0.86 0.82 0.77 0.73 0.69 0.66 0.63 0.60 0.58 0.58 0.58 0.58 0.62 0.65 0.73 0.90 1.39 1.41 0.00 0.00 0.00 
0.00 0.00 0.00 0.36 3.12 1.44 1.03 0.84 0.73 0.67 0.61 0.58 0.56 0.54 0.53 0.52 0.51 0.51 0.50 0.50 0.50 0.50 0.50 0.50 0.51 0.51 0.51 0.51 0.52 0.52 0.53 0.53 0.54 0.55 0.55 0.56 0.57 0.58 0.59 0.60 0.61 0.63 0.64 0.66 0.67 0.69 0.71 0.74 0.76 0.79 0.82 0.85 0.88 0.91 0.95 0.98 1.00 1.03 1.04 1.05 1.05 1.04 1.01 0.98 0.94 0.90 0.86 0.81 0.77 0.73 0.69 0.66 0.63 0.61 0.59 0.60 0.63 0.64 0.71 0.82 1.06 2.08 0.20 0.00 0.00 0.00 
0.00 0.00 0.00 0.00 2.01 2.05 1.19 0.94 0.79 0.70 0.65 0.61 0.59 0.56 0.55 0.54 0.53 0.53 0.52 0.52 0.52 0.52 0.52 0.52 0.53 0.53 0.53 0.54 0.54 0.55 0.55 0.56 0.57 0.57 0.58 0.59 0.60 0.61 0.62 0.64 0.65 0.67 0.68 0.70 0.72 0.74 0.76 0.79 0.82 0.85 0.88 0.91 0.95 0.99 1.02 1.06 1.09 1.12 1.14 1.14 1.14 1.13 1.10 1.07 1.02 0.98 0.93 0.88 0.83 0.79 0.75 0.72 0.69 0.67 0.66 0.65 0.67 0.71 0.80 0.96 1.54 1.34 0.00 0.00 0.00 0.00 
0.00 0.00 0.00 0.00 0.00 2.41 1.62 1.08 0.88 0.76 0.69 0.65 0.61 0.59 0.57 0.56 0.55 0.55 0.54 0.54 0.54 0.54 0.54 0.55 0.55 0.55 0.56 0.56 0.57 0.57 0.58 0.58 0.59 0.60 0.61 0.62 0.63 0.64 0.65 0.67 0.68 0.70 0.72 0.74 0.76 0.78 0.81 0.84 0.87 0.90 0.93 0.97 1.01 1.05 1.09 1.12 1.16 1.19 1.21 1.22 1.22 1.20 1.18 1.14 1.10 1.05 1.00 0.95 0.90 0.85 0.81 0.77 0.74 0.72 0.73 0.73 0.75 0.82 0.96 1.35 1.88 0.00 0.00 0.00 0.00 0.00 
0.00 0.00 0.00 0.00 0.00 0.12 2.17 1.64 1.08 0.88 0.78 0.73 0.68 0.65 0.64 0.62 0.62 0.61 0.60 0.60 0.60 0.60 0.60 0.61 0.61 0.61 0.62 0.62 0.63 0.64 0.65 0.65 0.66 0.67 0.68 0.70 0.71 0.72 0.74 0.75 0.77 0.79 0.81 0.84 0.86 0.89 0.92 0.95 0.99 1.02 1.06 1.11 1.15 1.20 1.25 1.29 1.33 1.36 1.39 1.40 1.40 1.38 1.36 1.31 1.26 1.21 1.15 1.09 1.04 0.98 0.93 0.89 0.85 0.84 0.84 0.85 0.91 1.06 1.52 1.87 0.07 0.00 0.00 0.00 0.00 0.00 
0.00 0.00 0.00 0.00 0.00 0.00 0.02 1.39 1.97 1.27 0.99 0.87 0.82 0.79 0.77 0.75 0.74 0.74 0.73 0.73 0.73 0.73 0.73 0.74 0.74 0.75 0.75 0.76 0.77 0.78 0.79 0.80 0.81 0.83 0.84 0.86 0.87 0.89 0.91 0.93 0.96 0.98 1.01 1.04 1.08 1.11 1.15 1.19 1.24 1.29 1.34 1.40 1.46 1.52 1.58 1.64 1.69 1.74 1.77 1.79 1.79 1.77 1.73 1.68 1.62 1.55 1.47 1.40 1.33 1.26 1.20 1.14 1.09 1.07 1.07 1.14 1.38 2.04 1.30 0.00 0.00 0.00 0.00 0.00 0.00 0.00 
0.00 0.00 0.00 0.00 0.00 0.00 0.00 0.00 0.20 1.22 1.57 1.70 1.70 1.65 1.60 1.57 1.55 1.53 1.52 1.52 1.52 1.52 1.53 1.54 1.55 1.57 1.58 1.60 1.63 1.65 1.67 1.70 1.73 1.77 1.80 1.84 1.88 1.93 1.97 2.03 2.08 2.15 2.21 2.29 2.36 2.45 2.54 2.65 2.76 2.87 3.00 3.13 3.28 3.42 3.56 3.70 3.83 3.94 4.02 4.06 4.07 4.03 3.95 3.83 3.69 3.53 3.36 3.19 3.03 2.88 2.73 2.61 2.50 2.40 2.21 1.89 1.35 0.19 0.00 0.00 0.00 0.00 0.00 0.00 0.00 0.00 
0.00 0.00 0.00 0.00 0.00 0.00 0.00 0.00 0.00 0.00 0.00 0.00 0.01 0.02 0.02 0.02 0.02 0.02 0.02 0.02 0.02 0.02 0.02 0.02 0.01 0.01 0.01 0.01 0.01 0.01 0.01 0.01 0.01 0.01 0.01 0.01 0.01 0.01 0.01 0.01 0.01 0.01 0.01 0.01 0.01 0.01 0.01 0.01 0.01 0.01 0.01 0.01 0.01 0.01 0.01 0.01 0.01 0.01 0.01 0.01 0.01 0.01 0.01 0.01 0.01 0.01 0.01 0.00 0.00 0.00 0.00 0.00 0.00 0.00 0.00 0.00 0.00 0.00 0.00 0.00 0.00 0.00 0.00 0.00 0.00 0.00 
0.00 0.00 0.00 0.00 0.00 0.00 0.00 0.00 0.00 0.00 0.00 0.00 0.00 0.00 0.00 0.00 0.00 0.00 0.00 0.00 0.00 0.00 0.00 0.00 0.00 0.00 0.00 0.00 0.00 0.00 0.00 0.00 0.00 0.00 0.00 0.00 0.00 0.00 0.00 0.00 0.00 0.00 0.00 0.00 0.00 0.00 0.00 0.00 0.00 0.00 0.00 0.00 0.00 0.00 0.00 0.00 0.00 0.00 0.00 0.00 0.00 0.00 0.00 0.00 0.00 0.00 0.00 0.00 0.00 0.00 0.00 0.00 0.00 0.00 0.00 0.00 0.00 0.00 0.00 0.00 0.00 0.00 0.00 0.00 0.00 0.00 
0.00 0.00 0.00 0.00 0.00 0.00 0.00 0.00 0.00 0.00 0.00 0.00 0.00 0.00 0.00 0.00 0.00 0.00 0.00 0.00 0.00 0.00 0.00 0.00 0.00 0.00 0.00 0.00 0.00 0.00 0.00 0.00 0.00 0.00 0.00 0.00 0.00 0.00 0.00 0.00 0.00 0.00 0.00 0.00 0.00 0.00 0.00 0.00 0.00 0.00 0.00 0.00 0.00 0.00 0.00 0.00 0.00 0.00 0.00 0.00 0.00 0.00 0.00 0.00 0.00 0.00 0.00 0.00 0.00 0.00 0.00 0.00 0.00 0.00 0.00 0.00 0.00 0.00 0.00 0.00 0.00 0.00 0.00 0.00 0.00 0.00 
0.00 0.00 0.00 0.00 0.00 0.00 0.00 0.00 0.00 0.00 0.00 0.00 0.00 0.00 0.00 0.00 0.00 0.00 0.00 0.00 0.00 0.00 0.00 0.00 0.00 0.00 0.00 0.00 0.00 0.00 0.00 0.00 0.00 0.00 0.00 0.00 0.00 0.00 0.00 0.00 0.00 0.00 0.00 0.00 0.00 0.00 0.00 0.00 0.00 0.00 0.00 0.00 0.00 0.00 0.00 0.00 0.00 0.00 0.00 0.00 0.00 0.00 0.00 0.00 0.00 0.00 0.00 0.00 0.00 0.00 0.00 0.00 0.00 0.00 0.00 0.00 0.00 0.00 0.00 0.00 0.00 0.00 0.00 0.00 0.00 0.00 
