0.00 0.00 0.00 0.00 0.00 0.00 0.00 0.00 0.00 0.00 0.00 0.00 0.00 0.00 0.00 0.00 0.00 0.00 0.00 0.00 0.00 0.00 0.00 0.00 0.00 0.00 0.00 0.00 0.00 0.00 0.00 0.00 0.00 0.00 0.00 0.00 0.00 0.00 0.00 0.00 0.00 0.00 0.00 0.00 0.00 0.00 0.00 0.00 0.00 0.00 0.00 0.00 0.00 0.00 0.00 0.00 0.00 0.00 0.00 0.00 0.00 0.00 0.00 0.00 0.00 0.00 0.00 0.00 0.00 0.00 0.00 0.00 0.00 0.00 0.00 0.00 0.00 0.00 0.00 0.00 0.00 0.00 0.00 0.00 0.00 0.00 
0.00 0.00 0.00 0.00 0.00 0.00 0.00 0.00 0.00 0.00 0.00 0.00 0.00 0.00 0.00 0.00 0.00 0.00 0.00 0.00 0.00 0.00 0.00 0.00 0.00 0.00 0.00 0.00 0.00 0.00 0.00 0.00 0.00 0.00 0.00 0.00 0.00 0.00 0.00 0.00 0.00 0.00 0.00 0.00 0.00 0.00 0.00 0.00 0.00 0.00 0.00 0.00 0.00 0.00 0.00 0.00 0.00 0.00 0.00 0.00 0.00 0.00 0.00 0.00 0.00 0.00 0.00 0.00 0.00 0.00 0.00 0.00 0.00 0.00 0.00 0.00 0.00 0.00 0.00 0.00 0.00 0.00 0.00 0.00 0.00 0.00 
0.00 0.00 0.00 0.00 0.00 0.00 0.00 0.00 0.00 0.00 0.00 0.00 0.00 0.00 0.00 0.00 0.00 0.00 0.00 0.00 0.00 0.00 0.00 0.00 0.00 0.00 0.00 0.00 0.00 0.00 0.00 0.00 0.00 0.00 0.00 0.00 0.00 0.00 0.00 0.00 0.00 0.00 0.00 0.00 0.00 0.00 0.00 0.00 0.00 0.00 0.00 0.00 0.00 0.00 0.00 0.00 0.00 0.00 0.00 0.00 0.00 0.00 0.00 0.00 0.00 0.00 0.00 0.00 0.00 0.00 0.00 0.00 0.00 0.00 0.00 0.00 0.00 0.00 0.00 0.00 0.00 0.00 0.00 0.00 0.00 0.00 
0.00 0.00 0.00 0.00 0.00 0.00 0.00 0.00 0.16 1.06 1.44 1.63 1.70 1.70 1.70 1.70 1.70 1.71 1.71 1.72 1.73 1.73 1.74 1.75 1.76 1.76 1.77 1.77 1.78 1.78 1.79 1.79 1.79 1.80 1.80 1.80 1.80 1.80 1.80 1.80 1.80 1.80 1.80 1.80 1.80 1.80 1.80 1.79 1.79 1.79 1.79 1.79 1.79 1.79 1.79 1.80 1.80 1.81 1.82 1.83 1.85 1.87 1.90 1.94 1.98 2.04 2.11 2.19 2.30 2.44 2.61 2.82 3.09 3.42 3.65 3.61 2.94 0.47 0.00 0.00 0.00 0.00 0.00 0.00 0.00 0.00 
0.00 0.00 0.00 0.00 0.00 0.00 0.00 1.08 1.64 1.08 0.87 0.79 0.76 0.75 0.74 0.75 0.75 0.75 0.75 0.76 0.76 0.76 0.76 0.77 0.77 0.77 0.78 0.78 0.78 0.78 0.79 0.79 0.79 0.79 0.79 0.79 0.79 0.79 0.79 0.79 0.79 0.79 0.79 0.79 0.79 0.79 0.79 0.79 0.79 0.79 0.79 0.79 0.79 0.79 0.79 0.80 0.80 0.80 0.81 0.82 0.82 0.83 0.85 0.86 0.88 0.91 0.94 0.98 1.03 1.08 1.16 1.25 1.37 1.53 1.76 2.17 2.99 5.12 3.75 0.00 0.00 0.00 0.00 0.00 0.00 0.00 
0.00 0.00 0.00 0.00 0.00 0.06 1.60 1.26 0.86 0.72 0.65 0.62 0.60 0.59 0.59 0.59 0.59 0.59 0.59 0.59 0.60 0.60 0.60 0.60 0.61 0.61 0.61 0.61 0.61 0.62 0.62 0.62 0.62 0.62 0.62 0.62 0.62 0.63 0.63 0.63 0.63 0.63 0.63 0.63 0.63 0.63 0.63 0.63 0.63 0.63 0.63 0.63 0.63 0.63 0.63 0.63 0.64 0.64 0.64 0.65 0.66 0.67 0.68 0.69 0.71 0.73 0.75 0.78 0.82 0.87 0.92 1.00 1.08 1.21 1.39 1.63 1.99 2.69 4.48 6.68 0.30 0.00 0.00 0.00 0.00 0.00 
0.00 0.00 0.00 0.00 0.00 1.64 1.16 0.80 0.67 0.59 0.56 0.54 0.52 0.51 0.51 0.51 0.51 0.51 0.51 0.52 0.52 0.52 0.52 0.53 0.53 0.53 0.53 0.53 0.53 0.54 0.54 0.54 0.54 0.54 0.54 0.54 0.54 0.54 0.54 0.54 0.55 0.55 0.55 0.55 0.55 0.55 0.55 0.55 0.55 0.55 0.55 0.55 0.55 0.55 0.55 0.55 0.56 0.56 0.56 0.57 0.58 0.58 0.59 0.60 0.62 0.64 0.66 0.68 0.72 0.76 0.81 0.87 0.95 1.06 1.21 1.40 1.64 2.13 2.85 4.75 7.96 0.01 0.00 0.00 0.00 0.00 
0.00 0.00 0.00 0.00 1.22 1.35 0.82 0.67 0.58 0.53 0.50 0.49 0.49 0.48 0.48 0.48 0.48 0.48 0.48 0.49 0.49 0.49 0.49 0.49 0.50 0.50 0.50 0.50 0.50 0.50 0.50 0.51 0.51 0.51 0.51 0.51 0.51 0.51 0.51 0.51 0.51 0.51 0.51 0.51 0.51 0.51 0.51 0.51 0.51 0.51 0.52 0.52 0.52 0.52 0.52 0.52 0.52 0.53 0.53 0.54 0.54 0.55 0.56 0.57 0.58 0.60 0.62 0.65 0.68 0.72 0.76 0.82 0.90 1.00 1.12 1.26 1.48 1.84 2.39 3.38 6.56 6.90 0.00 0.00 0.00 0.00 
0.00 0.00 0.00 0.19 1.88 0.93 0.70 0.59 0.53 0.50 0.47 0.45 0.44 0.44 0.44 0.44 0.44 0.44 0.44 0.45 0.45 0.45 0.45 0.45 0.46 0.46 0.46 0.46 0.46 0.46 0.47 0.47 0.47 0.47 0.47 0.47 0.47 0.47 0.47 0.47 0.47 0.47 0.47 0.47 0.47 0.47 0.48 0.48 0.48 0.48 0.48 0.48 0.48 0.48 0.48 0.48 0.49 0.49 0.49 0.50 0.51 0.51 0.52 0.53 0.54 0.56 0.58 0.60 0.63 0.67 0.71 0.76 0.83 0.91 1.01 1.18 1.40 1.65 2.09 2.86 4.49 10.88 1.24 0.00 0.00 0.00 
0.00 0.00 0.00 1.32 1.26 0.79 0.63 0.55 0.51 0.47 0.45 0.44 0.42 0.42 0.42 0.42 0.42 0.43 0.43 0.43 0.43 0.43 0.43 0.44 0.44 0.44 0.44 0.44 0.44 0.45 0.45 0.45 0.45 0.45 0.45 0.45 0.45 0.45 0.45 0.45 0.45 0.45 0.45 0.46 0.46 0.46 0.46 0.46 0.46 0.46 0.46 0.46 0.46 0.46 0.46 0.47 0.47 0.47 0.48 0.48 0.49 0.49 0.50 0.51 0.52 0.54 0.56 0.58 0.61 0.64 0.68 0.74 0.80 0.88 0.99 1.13 1.30 1.59 1.95 2.58 3.84 7.24 9.02 0.00 0.00 0.00 
0.00 0.00 0.00 1.82 1.02 0.73 0.60 0.52 0.48 0.45 0.43 0.42 0.41 0.41 0.41 0.41 0.41 0.41 0.42 0.42 0.42 0.42 0.42 0.42 0.43 0.43 0.43 0.43 0.43 0.43 0.44 0.44 0.44 0.44 0.44 0.44 0.44 0.44 0.44 0.44 0.44 0.44 0.44 0.44 0.44 0.44 0.44 0.45 0.45 0.45 0.45 0.45 0.45 0.45 0.45 0.45 0.46 0.46 0.46 0.47 0.47 0.48 0.49 0.50 0.51 0.53 0.54 0.57 0.59 0.63 0.67 0.72 0.78 0.86 0.96 1.09 1.25 1.52 1.84 2.47 3.51 5.86 12.63 0.00 0.00 0.00 
0.00 0.00 0.00 2.08 0.94 0.70 0.59 0.52 0.46 0.45 0.42 0.41 0.41 0.40 0.40 0.41 0.41 0.41 0.41 0.41 0.41 0.41 0.42 0.42 0.42 0.42 0.42 0.42 0.43 0.43 0.43 0.43 0.43 0.43 0.43 0.43 0.43 0.43 0.43 0.43 0.44 0.44 0.44 0.44 0.44 0.44 0.44 0.44 0.44 0.44 0.44 0.44 0.44 0.44 0.45 0.45 0.45 0.45 0.46 0.46 0.47 0.47 0.48 0.49 0.50 0.52 0.54 0.56 0.58 0.62 0.66 0.70 0.77 0.84 0.95 1.08 1.25 1.44 1.81 2.46 3.34 5.41 14.44 0.00 0.00 0.00 
0.00 0.00 0.00 2.18 0.91 0.67 0.57 0.52 0.46 0.44 0.42 0.41 0.40 0.38 0.38 0.38 0.38 0.39 0.39 0.39 0.39 0.39 0.39 0.39 0.40 0.40 0.40 0.40 0.40 0.40 0.40 0.41 0.41 0.41 0.41 0.41 0.41 0.41 0.41 0.41 0.41 0.41 0.41 0.41 0.41 0.41 0.42 0.42 0.42 0.42 0.42 0.42 0.42 0.42 0.42 0.43 0.43 0.43 0.43 0.44 0.44 0.45 0.46 0.47 0.48 0.49 0.51 0.53 0.56 0.59 0.62 0.67 0.72 0.83 0.94 1.07 1.23 1.41 1.79 2.40 3.26 5.17 15.11 0.00 0.00 0.00 
0.00 0.00 0.00 2.18 0.91 0.67 0.57 0.52 0.46 0.44 0.42 0.41 0.40 0.38 0.38 0.38 0.38 0.39 0.39 0.39 0.39 0.39 0.39 0.39 0.40 0.40 0.40 0.40 0.40 0.40 0.40 0.41 0.41 0.41 0.41 0.41 0.41 0.41 0.41 0.41 0.41 0.41 0.41 0.41 0.41 0.41 0.42 0.42 0.42 0.42 0.42 0.42 0.42 0.42 0.42 0.43 0.43 0.43 0.43 0.44 0.44 0.45 0.46 0.47 0.48 0.49 0.51 0.53 0.56 0.59 0.62 0.67 0.72 0.83 0.94 1.07 1.23 1.41 1.79 2.40 3.25 5.16 15.07 0.00 0.00 0.00 
0.00 0.00 0.00 2.07 0.94 0.70 0.59 0.52 0.46 0.45 0.42 0.41 0.41 0.40 0.40 0.41 0.41 0.41 0.41 0.41 0.41 0.41 0.42 0.42 0.42 0.42 0.42 0.42 0.43 0.43 0.43 0.43 0.43 0.43 0.43 0.43 0.43 0.43 0.43 0.44 0.44 0.44 0.44 0.44 0.44 0.44 0.44 0.44 0.44 0.44 0.44 0.44 0.44 0.44 0.45 0.45 0.45 0.45 0.46 0.46 0.47 0.47 0.48 0.49 0.50 0.52 0.54 0.56 0.58 0.62 0.66 0.70 0.77 0.84 0.94 1.08 1.25 1.43 1.80 2.45 3.32 5.37 14.32 0.00 0.00 0.00 
0.00 0.00 0.00 1.82 1.02 0.73 0.60 0.52 0.48 0.45 0.43 0.42 0.41 0.41 0.41 0.41 0.41 0.42 0.42 0.42 0.42 0.42 0.42 0.43 0.43 0.43 0.43 0.43 0.43 0.43 0.44 0.44 0.44 0.44 0.44 0.44 0.44 0.44 0.44 0.44 0.44 0.44 0.44 0.44 0.44 0.45 0.45 0.45 0.45 0.45 0.45 0.45 0.45 0.45 0.45 0.46 0.46 0.46 0.47 0.47 0.48 0.48 0.49 0.50 0.51 0.53 0.54 0.57 0.59 0.63 0.67 0.72 0.78 0.86 0.96 1.09 1.24 1.51 1.83 2.45 3.47 5.79 12.45 0.00 0.00 0.00 
0.00 0.00 0.00 1.31 1.25 0.79 0.63 0.55 0.51 0.47 0.45 0.44 0.43 0.42 0.42 0.42 0.43 0.43 0.43 0.43 0.43 0.43 0.44 0.44 0.44 0.44 0.44 0.44 0.44 0.45 0.45 0.45 0.45 0.45 0.45 0.45 0.45 0.45 0.45 0.45 0.46 0.46 0.46 0.46 0.46 0.46 0.46 0.46 0.46 0.46 0.46 0.46 0.46 0.46 0.46 0.47 0.47 0.47 0.48 0.48 0.49 0.49 0.50 0.51 0.53 0.54 0.56 0.58 0.61 0.64 0.69 0.74 0.80 0.88 0.99 1.12 1.29 1.58 1.93 2.55 3.79 7.12 8.85 0.00 0.00 0.00 
0.00 0.00 0.00 0.19 1.88 0.93 0.70 0.59 0.53 0.50 0.47 0.45 0.44 0.44 0.44 0.44 0.44 0.44 0.45 0.45 0.45 0.45 0.45 0.46 0.46 0.46 0.46 0.46 0.46 0.47 0.47 0.47 0.47 0.47 0.47 0.47 0.47 0.47 0.47 0.47 0.47 0.47 0.47 0.48 0.48 0.48 0.48 0.48 0.48 0.48 0.48 0.48 0.48 0.48 0.48 0.49 0.49 0.49 0.50 0.50 0.51 0.51 0.52 0.53 0.55 0.56 0.58 0.60 0.63 0.67 0.71 0.76 0.83 0.90 1.00 1.17 1.38 1.63 2.06 2.82 4.41 10.65 1.22 0.00 0.00 0.00 
0.00 0.00 0.00 0.00 1.21 1.35 0.82 0.67 0.58 0.53 0.50 0.49 0.49 0.48 0.48 0.48 0.48 0.48 0.48 0.49 0.49 0.49 0.49 0.49 0.50 0.50 0.50 0.50 0.50 0.51 0.51 0.51 0.51 0.51 0.51 0.51 0.51 0.51 0.51 0.51 0.51 0.51 0.51 0.51 0.52 0.52 0.52 0.52 0.52 0.52 0.52 0.52 0.52 0.52 0.52 0.52 0.53 0.53 0.53 0.54 0.55 0.55 0.56 0.57 0.59 0.60 0.62 0.65 0.68 0.72 0.77 0.82 0.89 0.99 1.11 1.25 1.46 1.82 2.35 3.32 6.41 6.72 0.00 0.00 0.00 0.00 
0.00 0.00 0.00 0.00 0.00 1.64 1.15 0.80 0.67 0.59 0.56 0.54 0.52 0.51 0.51 0.51 0.51 0.51 0.52 0.52 0.52 0.52 0.53 0.53 0.53 0.53 0.53 0.54 0.54 0.54 0.54 0.54 0.54 0.54 0.54 0.55 0.55 0.55 0.55 0.55 0.55 0.55 0.55 0.55 0.55 0.55 0.55 0.55 0.55 0.55 0.55 0.55 0.55 0.55 0.55 0.56 0.56 0.56 0.57 0.57 0.58 0.59 0.60 0.61 0.62 0.64 0.66 0.69 0.72 0.76 0.81 0.87 0.94 1.05 1.20 1.38 1.61 2.09 2.79 4.64 7.75 0.01 0.00 0.00 0.00 0.00 
0.00 0.00 0.00 0.00 0.00 0.06 1.59 1.26 0.86 0.72 0.66 0.63 0.60 0.59 0.59 0.59 0.59 0.59 0.59 0.60 0.60 0.60 0.60 0.61 0.61 0.61 0.61 0.62 0.62 0.62 0.62 0.62 0.62 0.63 0.63 0.63 0.63 0.63 0.63 0.63 0.63 0.63 0.63 0.63 0.63 0.63 0.63 0.63 0.63 0.63 0.63 0.63 0.63 0.63 0.64 0.64 0.64 0.64 0.65 0.65 0.66 0.67 0.68 0.69 0.71 0.73 0.75 0.78 0.82 0.87 0.92 0.99 1.08 1.19 1.37 1.60 1.95 2.63 4.37 6.50 0.29 0.00 0.00 0.00 0.00 0.00 
0.00 0.00 0.00 0.00 0.00 0.00 0.00 1.08 1.65 1.08 0.88 0.79 0.76 0.75 0.75 0.75 0.75 0.76 0.76 0.76 0.77 0.77 0.77 0.78 0.78 0.78 0.78 0.79 0.79 0.79 0.79 0.79 0.80 0.80 0.80 0.80 0.80 0.80 0.80 0.80 0.80 0.80 0.80 0.80 0.80 0.80 0.80 0.80 0.80 0.80 0.80 0.80 0.80 0.80 0.80 0.81 0.81 0.81 0.82 0.83 0.84 0.85 0.86 0.88 0.90 0.92 0.95 0.99 1.04 1.10 1.17 1.26 1.36 1.51 1.73 2.13 2.92 5.00 3.65 0.00 0.00 0.00 0.00 0.00 0.00 0.00 
0.00 0.00 0.00 0.00 0.00 0.00 0.00 0.00 0.16 1.06 1.45 1.64 1.71 1.71 1.71 1.71 1.71 1.72 1.73 1.73 1.74 1.75 1.76 1.76 1.77 1.78 1.78 1.79 1.79 1.80 1.80 1.81 1.81 1.81 1.81 1.82 1.82 1.82 1.82 1.82 1.82 1.82 1.82 1.82 1.81 1.81 1.81 1.81 1.81 1.81 1.81 1.81 1.81 1.81 1.81 1.81 1.82 1.83 1.84 1.85 1.87 1.89 1.92 1.96 2.00 2.06 2.12 2.21 2.32 2.45 2.61 2.81 3.05 3.35 3.57 3.52 2.86 0.46 0.00 0.00 0.00 0.00 0.00 0.00 0.00 0.00 
0.00 0.00 0.00 0.00 0.00 0.00 0.00 0.00 0.00 0.00 0.00 0.00 0.00 0.00 0.00 0.00 0.00 0.00 0.00 0.00 0.00 0.00 0.00 0.00 0.00 0.00 0.00 0.00 0.00 0.00 0.00 0.00 0.00 0.00 0.00 0.00 0.00 0.00 0.00 0.00 0.00 0.00 0.00 0.00 0.00 0.00 0.00 0.00 0.00 0.00 0.00 0.00 0.01 0.01 0.01 0.01 0.01 0.01 0.01 0.01 0.01 0.01 0.01 0.01 0.01 0.01 0.01 0.01 0.01 0.01 0.01 0.01 0.01 0.01 0.00 0.00 0.00 0.00 0.00 0.00 0.00 0.00 0.00 0.00 0.00 0.00 
0.00 0.00 0.00 0.00 0.00 0.00 0.00 0.00 0.00 0.00 0.00 0.00 0.00 0.00 0.00 0.00 0.00 0.00 0.00 0.00 0.00 0.00 0.00 0.00 0.00 0.00 0.00 0.00 0.00 0.00 0.00 0.00 0.00 0.00 0.00 0.00 0.00 0.00 0.00 0.00 0.00 0.00 0.00 0.00 0.00 0.00 0.00 0.00 0.00 0.00 0.00 0.00 0.00 0.00 0.00 0.00 0.00 0.00 0.00 0.00 0.00 0.00 0.00 0.00 0.00 0.00 0.00 0.00 0.00 0.00 0.00 0.00 0.00 0.00 0.00 0.00 0.00 0.00 0.00 0.00 0.00 0.00 0.00 0.00 0.00 0.00 
0.00 0.00 0.00 0.00 0.00 0.00 0.00 0.00 0.00 0.00 0.00 0.00 0.00 0.00 0.00 0.00 0.00 0.00 0.00 0.00 0.00 0.00 0.00 0.00 0.00 0.00 0.00 0.00 0.00 0.00 0.00 0.00 0.00 0.00 0.00 0.00 0.00 0.00 0.00 0.00 0.00 0.00 0.00 0.00 0.00 0.00 0.00 0.00 0.00 0.00 0.00 0.00 0.00 0.00 0.00 0.00 0.00 0.00 0.00 0.00 0.00 0.00 0.00 0.00 0.00 0.00 0.00 0.00 0.00 0.00 0.00 0.00 0.00 0.00 0.00 0.00 0.00 0.00 0.00 0.00 0.00 0.00 0.00 0.00 0.00 0.00 
0.00 0.00 0.00 0.00 0.00 0.00 0.00 0.00 0.00 0.00 0.00 0.00 0.00 0.00 0.00 0.00 0.00 0.00 0.00 0.00 0.00 0.00 0.00 0.00 0.00 0.00 0.00 0.00 0.00 0.00 0.00 0.00 0.00 0.00 0.00 0.00 0.00 0.00 0.00 0.00 0.00 0.00 0.00 0.00 0.00 0.00 0.00 0.00 0.00 0.00 0.00 0.00 0.00 0.00 0.00 0.00 0.00 0.00 0.00 0.00 0.00 0.00 0.00 0.00 0.00 0.00 0.00 0.00 0.00 0.00 0.00 0.00 0.00 0.00 0.00 0.00 0.00 0.00 0.00 0.00 0.00 0.00 0.00 0.00 0.00 0.00 
