0.00 0.00 0.00 0.00 0.00 0.00 0.00 0.00 0.00 0.00 0.00 0.00 0.00 0.00 0.00 0.00 0.00 0.00 0.00 0.00 0.00 0.00 0.00 0.00 0.00 0.00 0.00 0.00 0.00 0.00 0.00 0.00 0.00 0.00 0.00 0.00 0.00 0.00 0.00 0.00 0.00 0.00 0.00 0.00 0.00 0.00 0.00 0.00 0.00 0.00 0.00 0.00 0.00 0.00 0.00 0.00 0.00 0.00 0.00 0.00 0.00 0.00 0.00 0.00 0.00 0.00 0.00 0.00 0.00 0.00 0.00 0.00 0.00 0.00 0.00 0.00 0.00 0.00 0.00 0.00 0.00 0.00 0.00 0.00 0.00 0.00 
0.00 0.00 0.00 0.00 0.00 0.00 0.00 0.00 0.00 0.00 0.00 0.00 0.00 0.00 0.00 0.00 0.00 0.00 0.00 0.00 0.00 0.00 0.00 0.00 0.00 0.00 0.00 0.00 0.00 0.00 0.00 0.00 0.00 0.00 0.00 0.00 0.00 0.00 0.00 0.00 0.00 0.00 0.00 0.00 0.00 0.00 0.00 0.00 0.00 0.00 0.00 0.00 0.00 0.00 0.00 0.00 0.00 0.00 0.00 0.00 0.00 0.00 0.00 0.00 0.00 0.00 0.00 0.00 0.00 0.00 0.00 0.00 0.00 0.00 0.00 0.00 0.00 0.00 0.00 0.00 0.00 0.00 0.00 0.00 0.00 0.00 
0.00 0.00 0.00 0.00 0.00 0.00 0.00 0.00 0.00 0.00 0.00 0.00 0.00 0.00 0.00 0.00 0.00 0.00 0.00 0.00 0.00 0.00 0.00 0.00 0.00 0.00 0.00 0.00 0.00 0.00 0.00 0.00 0.00 0.00 0.00 0.00 0.00 0.00 0.00 0.00 0.00 0.00 0.00 0.00 0.00 0.00 0.00 0.00 0.00 0.00 0.00 0.00 0.00 0.00 0.00 0.00 0.00 0.00 0.00 0.00 0.00 0.00 0.00 0.00 0.00 0.00 0.00 0.00 0.00 0.00 0.00 0.00 0.00 0.00 0.00 0.00 0.00 0.00 0.00 0.00 0.00 0.00 0.00 0.00 0.00 0.00 
0.00 0.00 0.00 0.00 0.00 0.00 0.00 0.00 0.16 1.02 1.35 1.49 1.52 1.50 1.48 1.46 1.45 1.44 1.44 1.44 1.44 1.44 1.44 1.44 1.45 1.45 1.46 1.46 1.47 1.47 1.48 1.48 1.49 1.49 1.50 1.51 1.51 1.52 1.53 1.54 1.55 1.57 1.58 1.60 1.61 1.64 1.66 1.68 1.71 1.75 1.79 1.83 1.88 1.94 2.00 2.08 2.16 2.26 2.37 2.49 2.63 2.80 2.98 3.20 3.44 3.71 4.00 4.33 4.66 4.98 5.26 5.46 5.57 5.55 5.19 4.41 3.10 0.43 0.00 0.00 0.00 0.00 0.00 0.00 0.00 0.00 
0.00 0.00 0.00 0.00 0.00 0.00 0.00 1.09 1.60 1.05 0.84 0.75 0.71 0.69 0.68 0.67 0.67 0.66 0.66 0.66 0.66 0.66 0.66 0.66 0.66 0.67 0.67 0.67 0.67 0.67 0.68 0.68 0.68 0.68 0.69 0.69 0.69 0.70 0.70 0.70 0.71 0.71 0.72 0.73 0.73 0.74 0.75 0.76 0.78 0.79 0.81 0.83 0.85 0.87 0.90 0.93 0.97 1.01 1.06 1.11 1.17 1.24 1.32 1.41 1.52 1.63 1.76 1.90 2.04 2.18 2.30 2.39 2.44 2.48 2.52 2.68 3.15 4.52 2.79 0.00 0.00 0.00 0.00 0.00 0.00 0.00 
0.00 0.00 0.00 0.00 0.00 0.08 1.66 1.29 0.86 0.72 0.65 0.61 0.58 0.56 0.56 0.55 0.55 0.55 0.54 0.54 0.54 0.54 0.54 0.55 0.55 0.55 0.55 0.55 0.55 0.55 0.55 0.56 0.56 0.56 0.56 0.56 0.57 0.57 0.57 0.58 0.58 0.58 0.59 0.59 0.60 0.60 0.61 0.62 0.63 0.64 0.65 0.67 0.68 0.70 0.72 0.75 0.78 0.81 0.84 0.89 0.93 0.99 1.05 1.12 1.20 1.29 1.39 1.49 1.60 1.71 1.80 1.87 1.91 1.94 1.98 2.00 2.10 2.35 3.26 3.80 0.14 0.00 0.00 0.00 0.00 0.00 
0.00 0.00 0.00 0.00 0.00 1.77 1.22 0.84 0.70 0.61 0.57 0.54 0.52 0.50 0.50 0.49 0.49 0.49 0.48 0.48 0.48 0.48 0.48 0.49 0.49 0.49 0.49 0.49 0.49 0.49 0.49 0.49 0.50 0.50 0.50 0.50 0.50 0.51 0.51 0.51 0.51 0.52 0.52 0.53 0.53 0.54 0.54 0.55 0.56 0.57 0.58 0.59 0.60 0.62 0.64 0.66 0.68 0.71 0.74 0.78 0.82 0.86 0.92 0.98 1.04 1.12 1.20 1.29 1.39 1.48 1.56 1.62 1.65 1.69 1.72 1.72 1.72 1.83 2.06 2.78 3.67 0.00 0.00 0.00 0.00 0.00 
0.00 0.00 0.00 0.00 1.40 1.48 0.89 0.72 0.62 0.56 0.52 0.51 0.49 0.48 0.47 0.47 0.47 0.46 0.46 0.46 0.46 0.46 0.46 0.46 0.46 0.47 0.47 0.47 0.47 0.47 0.47 0.47 0.47 0.47 0.48 0.48 0.48 0.48 0.48 0.49 0.49 0.49 0.50 0.50 0.50 0.51 0.52 0.52 0.53 0.54 0.55 0.56 0.57 0.59 0.60 0.62 0.65 0.67 0.70 0.73 0.77 0.82 0.86 0.92 0.99 1.06 1.14 1.22 1.31 1.40 1.47 1.53 1.56 1.58 1.56 1.52 1.54 1.59 1.72 1.97 3.00 2.49 0.00 0.00 0.00 0.00 
0.00 0.00 0.00 0.24 2.16 1.04 0.77 0.64 0.57 0.53 0.49 0.47 0.46 0.45 0.45 0.45 0.44 0.44 0.44 0.44 0.44 0.44 0.44 0.44 0.44 0.44 0.44 0.44 0.44 0.44 0.45 0.45 0.45 0.45 0.45 0.45 0.45 0.46 0.46 0.46 0.46 0.46 0.47 0.47 0.48 0.48 0.49 0.49 0.50 0.51 0.51 0.53 0.54 0.55 0.57 0.58 0.60 0.63 0.65 0.68 0.72 0.75 0.80 0.85 0.91 0.97 1.04 1.12 1.20 1.28 1.34 1.39 1.42 1.42 1.41 1.42 1.45 1.43 1.53 1.68 2.07 3.88 0.36 0.00 0.00 0.00 
0.00 0.00 0.00 1.61 1.46 0.90 0.70 0.61 0.55 0.51 0.48 0.47 0.45 0.44 0.43 0.43 0.43 0.43 0.43 0.42 0.42 0.42 0.42 0.43 0.43 0.43 0.43 0.43 0.43 0.43 0.43 0.43 0.43 0.43 0.44 0.44 0.44 0.44 0.44 0.44 0.45 0.45 0.45 0.46 0.46 0.46 0.47 0.47 0.48 0.49 0.50 0.51 0.52 0.53 0.55 0.56 0.58 0.60 0.63 0.66 0.69 0.73 0.77 0.82 0.88 0.94 1.01 1.09 1.16 1.24 1.30 1.35 1.38 1.37 1.38 1.36 1.34 1.38 1.40 1.50 1.76 2.58 2.50 0.00 0.00 0.00 
0.00 0.00 0.00 2.22 1.19 0.83 0.67 0.58 0.53 0.49 0.47 0.45 0.44 0.43 0.43 0.42 0.42 0.42 0.42 0.42 0.41 0.41 0.42 0.42 0.42 0.42 0.42 0.42 0.42 0.42 0.42 0.42 0.42 0.42 0.43 0.43 0.43 0.43 0.43 0.43 0.44 0.44 0.44 0.44 0.45 0.45 0.46 0.46 0.47 0.48 0.49 0.49 0.51 0.52 0.53 0.55 0.57 0.59 0.61 0.64 0.67 0.71 0.75 0.80 0.85 0.91 0.98 1.05 1.13 1.20 1.26 1.31 1.33 1.33 1.32 1.30 1.31 1.30 1.34 1.44 1.61 2.11 3.44 0.00 0.00 0.00 
0.00 0.00 0.00 2.54 1.10 0.80 0.66 0.58 0.51 0.49 0.46 0.44 0.43 0.42 0.42 0.42 0.41 0.41 0.41 0.41 0.41 0.41 0.41 0.41 0.41 0.41 0.41 0.41 0.41 0.41 0.42 0.42 0.42 0.42 0.42 0.42 0.42 0.42 0.43 0.43 0.43 0.43 0.44 0.44 0.44 0.45 0.45 0.46 0.46 0.47 0.48 0.49 0.50 0.51 0.52 0.54 0.56 0.58 0.60 0.63 0.66 0.70 0.74 0.78 0.83 0.89 0.96 1.03 1.10 1.17 1.23 1.28 1.30 1.30 1.29 1.27 1.28 1.25 1.33 1.38 1.55 1.91 3.92 0.00 0.00 0.00 
0.00 0.00 0.00 2.66 1.07 0.77 0.64 0.57 0.51 0.48 0.46 0.44 0.43 0.41 0.40 0.40 0.40 0.40 0.40 0.39 0.39 0.39 0.39 0.39 0.40 0.40 0.40 0.40 0.40 0.40 0.40 0.40 0.40 0.40 0.40 0.41 0.41 0.41 0.41 0.41 0.41 0.42 0.42 0.42 0.42 0.43 0.43 0.44 0.44 0.45 0.46 0.47 0.48 0.49 0.50 0.51 0.53 0.55 0.57 0.60 0.63 0.66 0.70 0.74 0.79 0.84 0.90 0.97 1.03 1.10 1.16 1.20 1.22 1.28 1.27 1.26 1.24 1.25 1.32 1.33 1.49 1.85 4.12 0.00 0.00 0.00 
0.00 0.00 0.00 2.65 1.07 0.77 0.64 0.57 0.51 0.48 0.46 0.44 0.43 0.41 0.40 0.40 0.40 0.40 0.40 0.39 0.39 0.39 0.39 0.40 0.40 0.40 0.40 0.40 0.40 0.40 0.40 0.40 0.40 0.40 0.40 0.41 0.41 0.41 0.41 0.41 0.41 0.42 0.42 0.42 0.42 0.43 0.43 0.44 0.44 0.45 0.46 0.47 0.48 0.49 0.50 0.51 0.53 0.55 0.57 0.60 0.63 0.66 0.70 0.74 0.79 0.84 0.90 0.97 1.03 1.10 1.16 1.20 1.22 1.28 1.28 1.26 1.24 1.25 1.32 1.33 1.49 1.86 4.12 0.00 0.00 0.00 
0.00 0.00 0.00 2.53 1.10 0.80 0.66 0.57 0.51 0.49 0.46 0.44 0.43 0.42 0.42 0.42 0.41 0.41 0.41 0.41 0.41 0.41 0.41 0.41 0.41 0.41 0.41 0.41 0.41 0.41 0.42 0.42 0.42 0.42 0.42 0.42 0.42 0.42 0.43 0.43 0.43 0.43 0.44 0.44 0.44 0.45 0.45 0.46 0.46 0.47 0.48 0.49 0.50 0.51 0.52 0.54 0.56 0.58 0.60 0.63 0.66 0.70 0.74 0.78 0.83 0.89 0.96 1.03 1.10 1.17 1.23 1.28 1.30 1.30 1.29 1.27 1.28 1.25 1.33 1.39 1.55 1.92 3.92 0.00 0.00 0.00 
0.00 0.00 0.00 2.20 1.19 0.82 0.67 0.58 0.53 0.49 0.47 0.45 0.44 0.43 0.43 0.42 0.42 0.42 0.42 0.42 0.42 0.42 0.42 0.42 0.42 0.42 0.42 0.42 0.42 0.42 0.42 0.42 0.42 0.42 0.43 0.43 0.43 0.43 0.43 0.43 0.44 0.44 0.44 0.45 0.45 0.45 0.46 0.46 0.47 0.48 0.49 0.50 0.51 0.52 0.53 0.55 0.57 0.59 0.61 0.64 0.67 0.71 0.75 0.80 0.85 0.91 0.98 1.05 1.13 1.20 1.26 1.31 1.34 1.33 1.32 1.30 1.32 1.31 1.34 1.44 1.62 2.11 3.44 0.00 0.00 0.00 
0.00 0.00 0.00 1.59 1.45 0.89 0.70 0.61 0.55 0.51 0.48 0.47 0.45 0.44 0.44 0.43 0.43 0.43 0.43 0.43 0.42 0.42 0.43 0.43 0.43 0.43 0.43 0.43 0.43 0.43 0.43 0.43 0.43 0.43 0.44 0.44 0.44 0.44 0.44 0.44 0.45 0.45 0.45 0.46 0.46 0.46 0.47 0.47 0.48 0.49 0.50 0.51 0.52 0.53 0.55 0.56 0.58 0.60 0.63 0.66 0.69 0.73 0.77 0.82 0.88 0.94 1.01 1.09 1.16 1.24 1.31 1.35 1.38 1.38 1.39 1.36 1.35 1.39 1.41 1.51 1.77 2.59 2.50 0.00 0.00 0.00 
0.00 0.00 0.00 0.23 2.14 1.03 0.76 0.64 0.57 0.53 0.49 0.47 0.46 0.45 0.45 0.45 0.44 0.44 0.44 0.44 0.44 0.44 0.44 0.44 0.44 0.44 0.44 0.44 0.44 0.45 0.45 0.45 0.45 0.45 0.45 0.45 0.45 0.46 0.46 0.46 0.46 0.47 0.47 0.47 0.48 0.48 0.49 0.49 0.50 0.51 0.52 0.53 0.54 0.55 0.57 0.58 0.60 0.63 0.65 0.68 0.72 0.76 0.80 0.85 0.91 0.97 1.04 1.12 1.20 1.28 1.35 1.40 1.43 1.43 1.41 1.43 1.46 1.44 1.54 1.69 2.08 3.89 0.36 0.00 0.00 0.00 
0.00 0.00 0.00 0.00 1.38 1.47 0.89 0.72 0.62 0.56 0.52 0.51 0.50 0.48 0.47 0.47 0.47 0.47 0.46 0.46 0.46 0.46 0.46 0.46 0.47 0.47 0.47 0.47 0.47 0.47 0.47 0.47 0.47 0.48 0.48 0.48 0.48 0.48 0.49 0.49 0.49 0.49 0.50 0.50 0.51 0.51 0.52 0.52 0.53 0.54 0.55 0.56 0.57 0.59 0.61 0.63 0.65 0.67 0.70 0.74 0.77 0.82 0.87 0.92 0.99 1.06 1.14 1.23 1.31 1.40 1.48 1.54 1.57 1.59 1.57 1.54 1.55 1.60 1.73 1.99 3.02 2.50 0.00 0.00 0.00 0.00 
0.00 0.00 0.00 0.00 0.00 1.75 1.21 0.84 0.69 0.61 0.57 0.54 0.52 0.50 0.50 0.49 0.49 0.49 0.49 0.49 0.49 0.49 0.49 0.49 0.49 0.49 0.49 0.49 0.49 0.49 0.49 0.50 0.50 0.50 0.50 0.50 0.51 0.51 0.51 0.51 0.52 0.52 0.52 0.53 0.53 0.54 0.54 0.55 0.56 0.57 0.58 0.59 0.61 0.62 0.64 0.66 0.68 0.71 0.74 0.78 0.82 0.86 0.92 0.98 1.05 1.12 1.21 1.30 1.39 1.48 1.56 1.63 1.66 1.70 1.74 1.73 1.74 1.85 2.08 2.80 3.70 0.00 0.00 0.00 0.00 0.00 
0.00 0.00 0.00 0.00 0.00 0.08 1.64 1.28 0.86 0.72 0.65 0.61 0.58 0.57 0.56 0.55 0.55 0.55 0.55 0.55 0.55 0.55 0.55 0.55 0.55 0.55 0.55 0.55 0.55 0.56 0.56 0.56 0.56 0.56 0.56 0.57 0.57 0.57 0.57 0.58 0.58 0.59 0.59 0.60 0.60 0.61 0.62 0.62 0.63 0.64 0.66 0.67 0.69 0.71 0.73 0.75 0.78 0.81 0.85 0.89 0.94 0.99 1.05 1.12 1.20 1.29 1.39 1.49 1.60 1.71 1.80 1.88 1.92 1.96 2.01 2.03 2.13 2.38 3.31 3.84 0.14 0.00 0.00 0.00 0.00 0.00 
0.00 0.00 0.00 0.00 0.00 0.00 0.01 1.09 1.60 1.05 0.84 0.75 0.72 0.70 0.69 0.68 0.68 0.68 0.67 0.67 0.67 0.67 0.67 0.68 0.68 0.68 0.68 0.68 0.68 0.69 0.69 0.69 0.69 0.70 0.70 0.70 0.70 0.71 0.71 0.72 0.72 0.73 0.73 0.74 0.75 0.76 0.77 0.78 0.79 0.80 0.82 0.84 0.86 0.88 0.91 0.94 0.98 1.02 1.07 1.12 1.18 1.25 1.33 1.42 1.53 1.64 1.77 1.90 2.05 2.19 2.31 2.41 2.46 2.51 2.56 2.72 3.21 4.59 2.84 0.00 0.00 0.00 0.00 0.00 0.00 0.00 
0.00 0.00 0.00 0.00 0.00 0.00 0.00 0.00 0.16 1.02 1.34 1.49 1.52 1.50 1.48 1.47 1.46 1.45 1.45 1.45 1.45 1.45 1.45 1.45 1.46 1.46 1.47 1.47 1.48 1.48 1.49 1.49 1.50 1.50 1.51 1.52 1.53 1.53 1.54 1.55 1.57 1.58 1.59 1.61 1.63 1.65 1.67 1.70 1.73 1.76 1.80 1.84 1.89 1.95 2.02 2.09 2.17 2.27 2.38 2.50 2.65 2.81 2.99 3.20 3.44 3.71 4.00 4.32 4.65 4.98 5.27 5.49 5.62 5.63 5.28 4.49 3.15 0.44 0.00 0.00 0.00 0.00 0.00 0.00 0.00 0.00 
0.00 0.00 0.00 0.00 0.00 0.00 0.00 0.00 0.00 0.00 0.00 0.00 0.01 0.01 0.01 0.01 0.01 0.01 0.01 0.01 0.01 0.01 0.01 0.01 0.01 0.01 0.01 0.01 0.01 0.01 0.01 0.01 0.01 0.01 0.01 0.01 0.01 0.01 0.01 0.01 0.01 0.01 0.01 0.01 0.01 0.01 0.01 0.01 0.01 0.01 0.01 0.01 0.01 0.01 0.01 0.01 0.01 0.01 0.01 0.01 0.01 0.01 0.01 0.01 0.01 0.01 0.01 0.01 0.01 0.01 0.01 0.01 0.01 0.00 0.00 0.00 0.00 0.00 0.00 0.00 0.00 0.00 0.00 0.00 0.00 0.00 
0.00 0.00 0.00 0.00 0.00 0.00 0.00 0.00 0.00 0.00 0.00 0.00 0.00 0.00 0.00 0.00 0.00 0.00 0.00 0.00 0.00 0.00 0.00 0.00 0.00 0.00 0.00 0.00 0.00 0.00 0.00 0.00 0.00 0.00 0.00 0.00 0.00 0.00 0.00 0.00 0.00 0.00 0.00 0.00 0.00 0.00 0.00 0.00 0.00 0.00 0.00 0.00 0.00 0.00 0.00 0.00 0.00 0.00 0.00 0.00 0.00 0.00 0.00 0.00 0.00 0.00 0.00 0.00 0.00 0.00 0.00 0.00 0.00 0.00 0.00 0.00 0.00 0.00 0.00 0.00 0.00 0.00 0.00 0.00 0.00 0.00 
0.00 0.00 0.00 0.00 0.00 0.00 0.00 0.00 0.00 0.00 0.00 0.00 0.00 0.00 0.00 0.00 0.00 0.00 0.00 0.00 0.00 0.00 0.00 0.00 0.00 0.00 0.00 0.00 0.00 0.00 0.00 0.00 0.00 0.00 0.00 0.00 0.00 0.00 0.00 0.00 0.00 0.00 0.00 0.00 0.00 0.00 0.00 0.00 0.00 0.00 0.00 0.00 0.00 0.00 0.00 0.00 0.00 0.00 0.00 0.00 0.00 0.00 0.00 0.00 0.00 0.00 0.00 0.00 0.00 0.00 0.00 0.00 0.00 0.00 0.00 0.00 0.00 0.00 0.00 0.00 0.00 0.00 0.00 0.00 0.00 0.00 
0.00 0.00 0.00 0.00 0.00 0.00 0.00 0.00 0.00 0.00 0.00 0.00 0.00 0.00 0.00 0.00 0.00 0.00 0.00 0.00 0.00 0.00 0.00 0.00 0.00 0.00 0.00 0.00 0.00 0.00 0.00 0.00 0.00 0.00 0.00 0.00 0.00 0.00 0.00 0.00 0.00 0.00 0.00 0.00 0.00 0.00 0.00 0.00 0.00 0.00 0.00 0.00 0.00 0.00 0.00 0.00 0.00 0.00 0.00 0.00 0.00 0.00 0.00 0.00 0.00 0.00 0.00 0.00 0.00 0.00 0.00 0.00 0.00 0.00 0.00 0.00 0.00 0.00 0.00 0.00 0.00 0.00 0.00 0.00 0.00 0.00 
