0.00 0.00 0.00 0.00 0.00 0.00 0.00 0.00 0.00 0.00 0.00 0.00 0.00 0.00 0.00 0.00 0.00 0.00 0.00 0.00 0.00 0.00 0.00 0.00 0.00 0.00 0.00 0.00 0.00 0.00 0.00 0.00 0.00 0.00 0.00 0.00 0.00 0.00 0.00 0.00 0.00 0.00 0.00 0.00 0.00 0.00 0.00 0.00 0.00 0.00 0.00 0.00 0.00 0.00 0.00 0.00 0.00 0.00 0.00 0.00 0.00 0.00 0.00 0.00 0.00 0.00 0.00 0.00 0.00 0.00 0.00 0.00 0.00 0.00 0.00 0.00 0.00 0.00 0.00 0.00 0.00 0.00 0.00 0.00 0.00 0.00 
0.00 0.00 0.00 0.00 0.00 0.00 0.00 0.00 0.00 0.00 0.00 0.00 0.00 0.00 0.00 0.00 0.00 0.00 0.00 0.00 0.00 0.00 0.00 0.00 0.00 0.00 0.00 0.00 0.00 0.00 0.00 0.00 0.00 0.00 0.00 0.00 0.00 0.00 0.00 0.00 0.00 0.00 0.00 0.00 0.00 0.00 0.00 0.00 0.00 0.00 0.00 0.00 0.00 0.00 0.00 0.00 0.00 0.00 0.00 0.00 0.00 0.00 0.00 0.00 0.00 0.00 0.00 0.00 0.00 0.00 0.00 0.00 0.00 0.00 0.00 0.00 0.00 0.00 0.00 0.00 0.00 0.00 0.00 0.00 0.00 0.00 
0.00 0.00 0.00 0.00 0.00 0.00 0.00 0.00 0.00 0.00 0.00 0.00 0.00 0.00 0.00 0.00 0.00 0.00 0.00 0.00 0.00 0.00 0.00 0.00 0.00 0.00 0.00 0.00 0.00 0.00 0.00 0.00 0.00 0.00 0.00 0.00 0.00 0.00 0.00 0.00 0.00 0.00 0.00 0.00 0.00 0.00 0.00 0.00 0.00 0.00 0.00 0.00 0.00 0.00 0.00 0.00 0.00 0.00 0.00 0.00 0.00 0.00 0.00 0.00 0.00 0.00 0.00 0.00 0.00 0.00 0.00 0.00 0.00 0.00 0.00 0.00 0.00 0.00 0.00 0.00 0.00 0.00 0.00 0.00 0.00 0.00 
0.00 0.00 0.00 0.00 0.00 0.00 0.00 0.00 0.16 1.07 1.45 1.64 1.71 1.71 1.71 1.71 1.71 1.72 1.73 1.74 1.74 1.75 1.76 1.77 1.78 1.78 1.79 1.80 1.80 1.81 1.82 1.82 1.83 1.83 1.84 1.84 1.84 1.84 1.85 1.85 1.85 1.85 1.85 1.85 1.85 1.85 1.86 1.85 1.85 1.85 1.85 1.86 1.86 1.86 1.86 1.86 1.87 1.87 1.88 1.89 1.91 1.93 1.95 1.98 2.02 2.07 2.14 2.21 2.31 2.44 2.60 2.80 3.04 3.35 3.55 3.50 2.84 0.45 0.00 0.00 0.00 0.00 0.00 0.00 0.00 0.00 
0.00 0.00 0.00 0.00 0.00 0.00 0.00 1.08 1.65 1.08 0.88 0.79 0.76 0.75 0.75 0.75 0.75 0.75 0.76 0.76 0.77 0.77 0.77 0.78 0.78 0.78 0.79 0.79 0.79 0.79 0.80 0.80 0.80 0.80 0.81 0.81 0.81 0.81 0.81 0.81 0.81 0.82 0.82 0.82 0.82 0.82 0.82 0.82 0.82 0.82 0.82 0.82 0.82 0.82 0.82 0.83 0.83 0.83 0.84 0.84 0.85 0.86 0.87 0.89 0.90 0.93 0.95 0.99 1.03 1.09 1.16 1.25 1.35 1.51 1.73 2.12 2.89 4.93 3.60 0.00 0.00 0.00 0.00 0.00 0.00 0.00 
0.00 0.00 0.00 0.00 0.00 0.06 1.60 1.27 0.86 0.72 0.66 0.63 0.60 0.59 0.59 0.59 0.59 0.59 0.60 0.60 0.60 0.60 0.61 0.61 0.61 0.62 0.62 0.62 0.62 0.63 0.63 0.63 0.63 0.63 0.63 0.64 0.64 0.64 0.64 0.64 0.64 0.64 0.64 0.64 0.65 0.65 0.65 0.65 0.65 0.65 0.65 0.65 0.65 0.65 0.66 0.66 0.66 0.66 0.67 0.67 0.68 0.69 0.70 0.71 0.72 0.74 0.77 0.79 0.83 0.87 0.93 1.00 1.08 1.20 1.37 1.59 1.93 2.59 4.30 6.39 0.29 0.00 0.00 0.00 0.00 0.00 
0.00 0.00 0.00 0.00 0.00 1.64 1.16 0.80 0.67 0.59 0.56 0.54 0.52 0.51 0.51 0.51 0.51 0.52 0.52 0.52 0.52 0.53 0.53 0.53 0.53 0.54 0.54 0.54 0.54 0.54 0.55 0.55 0.55 0.55 0.55 0.55 0.55 0.56 0.56 0.56 0.56 0.56 0.56 0.56 0.56 0.56 0.56 0.57 0.57 0.57 0.57 0.57 0.57 0.57 0.57 0.58 0.58 0.58 0.59 0.59 0.60 0.60 0.61 0.62 0.64 0.65 0.67 0.70 0.73 0.77 0.81 0.87 0.94 1.05 1.19 1.37 1.60 2.06 2.74 4.55 7.60 0.01 0.00 0.00 0.00 0.00 
0.00 0.00 0.00 0.00 1.21 1.35 0.82 0.67 0.58 0.53 0.50 0.49 0.49 0.48 0.48 0.48 0.48 0.48 0.49 0.49 0.49 0.49 0.50 0.50 0.50 0.50 0.50 0.51 0.51 0.51 0.51 0.51 0.52 0.52 0.52 0.52 0.52 0.52 0.52 0.52 0.53 0.53 0.53 0.53 0.53 0.53 0.53 0.53 0.53 0.53 0.53 0.54 0.54 0.54 0.54 0.54 0.55 0.55 0.55 0.56 0.56 0.57 0.58 0.59 0.60 0.62 0.64 0.66 0.69 0.73 0.77 0.83 0.89 0.99 1.10 1.23 1.44 1.79 2.30 3.24 6.27 6.59 0.00 0.00 0.00 0.00 
0.00 0.00 0.00 0.19 1.88 0.93 0.70 0.59 0.53 0.50 0.47 0.45 0.44 0.44 0.44 0.44 0.44 0.45 0.45 0.45 0.45 0.45 0.46 0.46 0.46 0.46 0.46 0.47 0.47 0.47 0.47 0.47 0.47 0.48 0.48 0.48 0.48 0.48 0.48 0.48 0.48 0.49 0.49 0.49 0.49 0.49 0.49 0.49 0.49 0.49 0.50 0.50 0.50 0.50 0.50 0.50 0.51 0.51 0.51 0.52 0.52 0.53 0.54 0.55 0.56 0.58 0.59 0.62 0.64 0.68 0.72 0.77 0.83 0.90 1.00 1.16 1.36 1.60 2.02 2.75 4.30 10.42 1.20 0.00 0.00 0.00 
0.00 0.00 0.00 1.31 1.25 0.79 0.63 0.55 0.51 0.47 0.45 0.44 0.43 0.42 0.42 0.43 0.43 0.43 0.43 0.43 0.43 0.44 0.44 0.44 0.44 0.44 0.45 0.45 0.45 0.45 0.45 0.45 0.46 0.46 0.46 0.46 0.46 0.46 0.46 0.46 0.47 0.47 0.47 0.47 0.47 0.47 0.47 0.47 0.47 0.47 0.48 0.48 0.48 0.48 0.48 0.48 0.49 0.49 0.49 0.50 0.50 0.51 0.52 0.53 0.54 0.56 0.57 0.59 0.62 0.65 0.69 0.74 0.80 0.88 0.98 1.11 1.28 1.55 1.89 2.48 3.68 6.94 8.71 0.00 0.00 0.00 
0.00 0.00 0.00 1.81 1.02 0.73 0.60 0.52 0.48 0.45 0.43 0.42 0.41 0.41 0.41 0.41 0.42 0.42 0.42 0.42 0.42 0.42 0.43 0.43 0.43 0.43 0.43 0.44 0.44 0.44 0.44 0.44 0.44 0.45 0.45 0.45 0.45 0.45 0.45 0.45 0.45 0.45 0.46 0.46 0.46 0.46 0.46 0.46 0.46 0.46 0.46 0.47 0.47 0.47 0.47 0.47 0.48 0.48 0.48 0.49 0.49 0.50 0.51 0.52 0.53 0.54 0.56 0.58 0.60 0.64 0.68 0.72 0.78 0.86 0.95 1.07 1.22 1.48 1.78 2.38 3.36 5.62 12.21 0.00 0.00 0.00 
0.00 0.00 0.00 2.07 0.93 0.70 0.59 0.52 0.46 0.45 0.42 0.41 0.41 0.41 0.41 0.41 0.41 0.41 0.41 0.41 0.42 0.42 0.42 0.42 0.42 0.43 0.43 0.43 0.43 0.43 0.43 0.44 0.44 0.44 0.44 0.44 0.44 0.44 0.44 0.45 0.45 0.45 0.45 0.45 0.45 0.45 0.45 0.45 0.45 0.46 0.46 0.46 0.46 0.46 0.46 0.47 0.47 0.47 0.48 0.48 0.49 0.49 0.50 0.51 0.52 0.53 0.55 0.57 0.60 0.63 0.66 0.71 0.77 0.84 0.94 1.06 1.22 1.40 1.75 2.37 3.21 5.19 13.99 0.00 0.00 0.00 
0.00 0.00 0.00 2.17 0.90 0.67 0.57 0.52 0.46 0.44 0.42 0.41 0.40 0.38 0.38 0.38 0.39 0.39 0.39 0.39 0.39 0.39 0.40 0.40 0.40 0.40 0.40 0.41 0.41 0.41 0.41 0.41 0.41 0.41 0.42 0.42 0.42 0.42 0.42 0.42 0.42 0.42 0.42 0.43 0.43 0.43 0.43 0.43 0.43 0.43 0.43 0.43 0.44 0.44 0.44 0.44 0.45 0.45 0.45 0.46 0.46 0.47 0.48 0.48 0.50 0.51 0.52 0.54 0.57 0.60 0.63 0.67 0.73 0.83 0.93 1.06 1.20 1.38 1.74 2.31 3.13 4.96 14.64 0.00 0.00 0.00 
0.00 0.00 0.00 2.17 0.90 0.67 0.57 0.52 0.46 0.44 0.42 0.41 0.40 0.38 0.38 0.38 0.39 0.39 0.39 0.39 0.39 0.39 0.40 0.40 0.40 0.40 0.40 0.41 0.41 0.41 0.41 0.41 0.41 0.41 0.42 0.42 0.42 0.42 0.42 0.42 0.42 0.42 0.42 0.43 0.43 0.43 0.43 0.43 0.43 0.43 0.43 0.44 0.44 0.44 0.44 0.44 0.45 0.45 0.45 0.46 0.46 0.47 0.48 0.49 0.50 0.51 0.52 0.54 0.57 0.60 0.63 0.67 0.73 0.83 0.93 1.05 1.20 1.38 1.74 2.31 3.12 4.95 14.60 0.00 0.00 0.00 
0.00 0.00 0.00 2.06 0.93 0.70 0.59 0.52 0.46 0.45 0.42 0.41 0.41 0.41 0.41 0.41 0.41 0.41 0.41 0.41 0.42 0.42 0.42 0.42 0.42 0.43 0.43 0.43 0.43 0.43 0.43 0.44 0.44 0.44 0.44 0.44 0.44 0.44 0.44 0.45 0.45 0.45 0.45 0.45 0.45 0.45 0.45 0.45 0.45 0.46 0.46 0.46 0.46 0.46 0.46 0.47 0.47 0.47 0.48 0.48 0.49 0.49 0.50 0.51 0.52 0.53 0.55 0.57 0.60 0.63 0.66 0.71 0.77 0.84 0.94 1.06 1.22 1.40 1.75 2.36 3.19 5.15 13.85 0.00 0.00 0.00 
0.00 0.00 0.00 1.81 1.02 0.73 0.60 0.52 0.48 0.45 0.43 0.42 0.41 0.41 0.41 0.41 0.42 0.42 0.42 0.42 0.42 0.42 0.43 0.43 0.43 0.43 0.43 0.44 0.44 0.44 0.44 0.44 0.44 0.45 0.45 0.45 0.45 0.45 0.45 0.45 0.45 0.46 0.46 0.46 0.46 0.46 0.46 0.46 0.46 0.46 0.46 0.47 0.47 0.47 0.47 0.47 0.48 0.48 0.48 0.49 0.49 0.50 0.51 0.52 0.53 0.54 0.56 0.58 0.61 0.64 0.68 0.72 0.78 0.85 0.95 1.07 1.22 1.47 1.77 2.36 3.33 5.55 12.02 0.00 0.00 0.00 
0.00 0.00 0.00 1.31 1.25 0.79 0.63 0.55 0.51 0.47 0.45 0.44 0.43 0.43 0.43 0.43 0.43 0.43 0.43 0.43 0.43 0.44 0.44 0.44 0.44 0.44 0.45 0.45 0.45 0.45 0.45 0.46 0.46 0.46 0.46 0.46 0.46 0.46 0.46 0.47 0.47 0.47 0.47 0.47 0.47 0.47 0.47 0.47 0.47 0.48 0.48 0.48 0.48 0.48 0.48 0.49 0.49 0.49 0.50 0.50 0.51 0.51 0.52 0.53 0.54 0.56 0.57 0.59 0.62 0.65 0.69 0.74 0.80 0.87 0.98 1.10 1.27 1.54 1.87 2.46 3.63 6.82 8.53 0.00 0.00 0.00 
0.00 0.00 0.00 0.19 1.87 0.93 0.70 0.59 0.53 0.50 0.47 0.45 0.44 0.44 0.44 0.44 0.44 0.45 0.45 0.45 0.45 0.45 0.46 0.46 0.46 0.46 0.47 0.47 0.47 0.47 0.47 0.47 0.48 0.48 0.48 0.48 0.48 0.48 0.48 0.48 0.49 0.49 0.49 0.49 0.49 0.49 0.49 0.49 0.49 0.50 0.50 0.50 0.50 0.50 0.50 0.51 0.51 0.51 0.52 0.52 0.53 0.53 0.54 0.55 0.56 0.58 0.60 0.62 0.64 0.68 0.72 0.77 0.83 0.90 0.99 1.15 1.35 1.58 2.00 2.71 4.22 10.19 1.17 0.00 0.00 0.00 
0.00 0.00 0.00 0.00 1.21 1.34 0.82 0.67 0.58 0.53 0.50 0.50 0.49 0.48 0.48 0.48 0.48 0.49 0.49 0.49 0.49 0.49 0.50 0.50 0.50 0.50 0.51 0.51 0.51 0.51 0.51 0.52 0.52 0.52 0.52 0.52 0.52 0.52 0.52 0.53 0.53 0.53 0.53 0.53 0.53 0.53 0.53 0.53 0.53 0.54 0.54 0.54 0.54 0.54 0.54 0.54 0.55 0.55 0.55 0.56 0.57 0.57 0.58 0.59 0.60 0.62 0.64 0.66 0.69 0.73 0.77 0.83 0.89 0.99 1.10 1.22 1.43 1.76 2.27 3.18 6.13 6.42 0.00 0.00 0.00 0.00 
0.00 0.00 0.00 0.00 0.00 1.64 1.15 0.80 0.67 0.59 0.56 0.54 0.52 0.51 0.51 0.51 0.52 0.52 0.52 0.52 0.52 0.53 0.53 0.53 0.53 0.54 0.54 0.54 0.54 0.55 0.55 0.55 0.55 0.55 0.55 0.56 0.56 0.56 0.56 0.56 0.56 0.56 0.56 0.56 0.57 0.57 0.57 0.57 0.57 0.57 0.57 0.57 0.57 0.57 0.58 0.58 0.58 0.58 0.59 0.59 0.60 0.61 0.62 0.63 0.64 0.66 0.68 0.70 0.73 0.77 0.81 0.87 0.94 1.04 1.18 1.36 1.57 2.02 2.69 4.45 7.40 0.01 0.00 0.00 0.00 0.00 
0.00 0.00 0.00 0.00 0.00 0.06 1.59 1.27 0.86 0.72 0.66 0.63 0.60 0.59 0.59 0.59 0.59 0.60 0.60 0.60 0.60 0.61 0.61 0.61 0.62 0.62 0.62 0.62 0.63 0.63 0.63 0.63 0.63 0.64 0.64 0.64 0.64 0.64 0.64 0.64 0.65 0.65 0.65 0.65 0.65 0.65 0.65 0.65 0.65 0.65 0.65 0.66 0.66 0.66 0.66 0.66 0.66 0.67 0.67 0.68 0.68 0.69 0.70 0.71 0.73 0.75 0.77 0.80 0.83 0.88 0.93 0.99 1.07 1.18 1.35 1.56 1.90 2.54 4.20 6.22 0.29 0.00 0.00 0.00 0.00 0.00 
0.00 0.00 0.00 0.00 0.00 0.00 0.00 1.08 1.65 1.09 0.88 0.80 0.77 0.76 0.76 0.76 0.76 0.76 0.77 0.77 0.77 0.78 0.78 0.78 0.79 0.79 0.79 0.80 0.80 0.80 0.81 0.81 0.81 0.81 0.81 0.82 0.82 0.82 0.82 0.82 0.82 0.82 0.83 0.83 0.83 0.83 0.83 0.83 0.83 0.83 0.83 0.83 0.83 0.83 0.84 0.84 0.84 0.84 0.85 0.85 0.86 0.87 0.88 0.90 0.92 0.94 0.97 1.00 1.05 1.10 1.17 1.25 1.35 1.49 1.70 2.08 2.83 4.81 3.51 0.00 0.00 0.00 0.00 0.00 0.00 0.00 
0.00 0.00 0.00 0.00 0.00 0.00 0.00 0.00 0.16 1.07 1.45 1.64 1.72 1.72 1.72 1.72 1.73 1.73 1.74 1.75 1.76 1.77 1.77 1.78 1.79 1.80 1.81 1.81 1.82 1.83 1.83 1.84 1.84 1.85 1.85 1.85 1.86 1.86 1.86 1.87 1.87 1.87 1.87 1.87 1.87 1.87 1.87 1.87 1.87 1.87 1.87 1.87 1.87 1.87 1.88 1.88 1.88 1.89 1.90 1.91 1.93 1.95 1.97 2.00 2.04 2.09 2.15 2.23 2.33 2.45 2.60 2.79 3.01 3.28 3.48 3.42 2.77 0.44 0.00 0.00 0.00 0.00 0.00 0.00 0.00 0.00 
0.00 0.00 0.00 0.00 0.00 0.00 0.00 0.00 0.00 0.00 0.00 0.00 0.00 0.00 0.00 0.00 0.00 0.00 0.00 0.00 0.00 0.00 0.00 0.00 0.00 0.00 0.00 0.00 0.00 0.00 0.00 0.00 0.00 0.00 0.00 0.00 0.00 0.00 0.00 0.00 0.00 0.00 0.00 0.00 0.00 0.00 0.00 0.00 0.00 0.00 0.01 0.01 0.01 0.01 0.01 0.01 0.01 0.01 0.01 0.01 0.01 0.01 0.01 0.01 0.01 0.01 0.01 0.01 0.01 0.01 0.01 0.01 0.01 0.01 0.00 0.00 0.00 0.00 0.00 0.00 0.00 0.00 0.00 0.00 0.00 0.00 
0.00 0.00 0.00 0.00 0.00 0.00 0.00 0.00 0.00 0.00 0.00 0.00 0.00 0.00 0.00 0.00 0.00 0.00 0.00 0.00 0.00 0.00 0.00 0.00 0.00 0.00 0.00 0.00 0.00 0.00 0.00 0.00 0.00 0.00 0.00 0.00 0.00 0.00 0.00 0.00 0.00 0.00 0.00 0.00 0.00 0.00 0.00 0.00 0.00 0.00 0.00 0.00 0.00 0.00 0.00 0.00 0.00 0.00 0.00 0.00 0.00 0.00 0.00 0.00 0.00 0.00 0.00 0.00 0.00 0.00 0.00 0.00 0.00 0.00 0.00 0.00 0.00 0.00 0.00 0.00 0.00 0.00 0.00 0.00 0.00 0.00 
0.00 0.00 0.00 0.00 0.00 0.00 0.00 0.00 0.00 0.00 0.00 0.00 0.00 0.00 0.00 0.00 0.00 0.00 0.00 0.00 0.00 0.00 0.00 0.00 0.00 0.00 0.00 0.00 0.00 0.00 0.00 0.00 0.00 0.00 0.00 0.00 0.00 0.00 0.00 0.00 0.00 0.00 0.00 0.00 0.00 0.00 0.00 0.00 0.00 0.00 0.00 0.00 0.00 0.00 0.00 0.00 0.00 0.00 0.00 0.00 0.00 0.00 0.00 0.00 0.00 0.00 0.00 0.00 0.00 0.00 0.00 0.00 0.00 0.00 0.00 0.00 0.00 0.00 0.00 0.00 0.00 0.00 0.00 0.00 0.00 0.00 
0.00 0.00 0.00 0.00 0.00 0.00 0.00 0.00 0.00 0.00 0.00 0.00 0.00 0.00 0.00 0.00 0.00 0.00 0.00 0.00 0.00 0.00 0.00 0.00 0.00 0.00 0.00 0.00 0.00 0.00 0.00 0.00 0.00 0.00 0.00 0.00 0.00 0.00 0.00 0.00 0.00 0.00 0.00 0.00 0.00 0.00 0.00 0.00 0.00 0.00 0.00 0.00 0.00 0.00 0.00 0.00 0.00 0.00 0.00 0.00 0.00 0.00 0.00 0.00 0.00 0.00 0.00 0.00 0.00 0.00 0.00 0.00 0.00 0.00 0.00 0.00 0.00 0.00 0.00 0.00 0.00 0.00 0.00 0.00 0.00 0.00 
