0.00 0.00 0.00 0.00 0.00 0.00 0.00 0.00 0.00 0.00 0.00 0.00 0.00 0.00 0.00 0.00 0.00 0.00 0.00 0.00 0.00 0.00 0.00 0.00 0.00 0.00 0.00 0.00 0.00 0.00 0.00 0.00 0.00 0.00 0.00 0.00 0.00 0.00 0.00 0.00 0.00 0.00 0.00 0.00 0.00 0.00 0.00 0.00 0.00 0.00 0.00 0.00 0.00 0.00 0.00 0.00 0.00 0.00 0.00 0.00 0.00 0.00 0.00 0.00 0.00 0.00 0.00 0.00 0.00 0.00 0.00 0.00 0.00 0.00 0.00 0.00 0.00 0.00 0.00 0.00 0.00 0.00 0.00 0.00 0.00 0.00 
0.00 0.00 0.00 0.00 0.00 0.00 0.00 0.00 0.00 0.00 0.00 0.00 0.00 0.00 0.00 0.00 0.00 0.00 0.00 0.00 0.00 0.00 0.00 0.00 0.00 0.00 0.00 0.00 0.00 0.00 0.00 0.00 0.00 0.00 0.00 0.00 0.00 0.00 0.00 0.00 0.00 0.00 0.00 0.00 0.00 0.00 0.00 0.00 0.00 0.00 0.00 0.00 0.00 0.00 0.00 0.00 0.00 0.00 0.00 0.00 0.00 0.00 0.00 0.00 0.00 0.00 0.00 0.00 0.00 0.00 0.00 0.00 0.00 0.00 0.00 0.00 0.00 0.00 0.00 0.00 0.00 0.00 0.00 0.00 0.00 0.00 
0.00 0.00 0.00 0.00 0.00 0.00 0.00 0.00 0.00 0.00 0.00 0.00 0.00 0.00 0.00 0.00 0.00 0.00 0.00 0.00 0.00 0.00 0.00 0.00 0.00 0.00 0.00 0.00 0.00 0.00 0.00 0.00 0.00 0.00 0.00 0.00 0.00 0.00 0.00 0.00 0.00 0.00 0.00 0.00 0.00 0.00 0.00 0.00 0.00 0.00 0.00 0.00 0.00 0.00 0.00 0.00 0.00 0.00 0.00 0.00 0.00 0.00 0.00 0.00 0.00 0.00 0.00 0.00 0.00 0.00 0.00 0.00 0.00 0.00 0.00 0.00 0.00 0.00 0.00 0.00 0.00 0.00 0.00 0.00 0.00 0.00 
0.00 0.00 0.00 0.00 0.00 0.00 0.00 0.00 0.43 2.69 3.33 3.41 3.24 2.97 2.75 2.58 2.44 2.33 2.25 2.18 2.13 2.09 2.06 2.04 2.02 2.01 2.00 2.00 1.99 1.99 1.99 1.99 1.99 1.98 1.98 1.98 1.98 1.98 1.98 1.97 1.97 1.97 1.96 1.96 1.95 1.94 1.94 1.93 1.92 1.92 1.91 1.90 1.89 1.88 1.88 1.87 1.86 1.85 1.84 1.83 1.82 1.81 1.80 1.79 1.78 1.77 1.76 1.75 1.74 1.73 1.73 1.72 1.72 1.72 1.65 1.46 1.07 0.16 0.00 0.00 0.00 0.00 0.00 0.00 0.00 0.00 
0.00 0.00 0.00 0.00 0.00 0.00 0.00 3.35 4.62 2.74 2.03 1.67 1.47 1.33 1.24 1.16 1.10 1.05 1.01 0.98 0.96 0.94 0.93 0.91 0.91 0.90 0.89 0.89 0.89 0.89 0.88 0.88 0.88 0.88 0.88 0.88 0.88 0.87 0.87 0.87 0.87 0.87 0.86 0.86 0.86 0.85 0.85 0.85 0.84 0.84 0.84 0.83 0.83 0.83 0.82 0.82 0.82 0.81 0.81 0.80 0.80 0.79 0.79 0.78 0.78 0.78 0.77 0.77 0.76 0.76 0.76 0.76 0.75 0.77 0.80 0.88 1.09 1.65 1.08 0.00 0.00 0.00 0.00 0.00 0.00 0.00 
0.00 0.00 0.00 0.00 0.00 0.27 5.85 4.00 2.45 1.84 1.53 1.33 1.18 1.07 1.00 0.94 0.89 0.85 0.82 0.79 0.77 0.76 0.75 0.74 0.73 0.72 0.72 0.71 0.71 0.71 0.71 0.70 0.70 0.70 0.70 0.70 0.69 0.69 0.69 0.69 0.69 0.68 0.68 0.68 0.68 0.67 0.67 0.67 0.67 0.66 0.66 0.66 0.65 0.65 0.65 0.64 0.64 0.64 0.63 0.63 0.63 0.62 0.62 0.62 0.61 0.61 0.61 0.60 0.60 0.60 0.59 0.59 0.59 0.60 0.63 0.66 0.72 0.86 1.27 1.60 0.06 0.00 0.00 0.00 0.00 0.00 
0.00 0.00 0.00 0.00 0.00 6.83 4.20 2.57 1.95 1.53 1.33 1.16 1.03 0.94 0.88 0.82 0.78 0.75 0.72 0.70 0.68 0.67 0.66 0.65 0.64 0.63 0.63 0.63 0.62 0.62 0.62 0.62 0.61 0.61 0.61 0.61 0.61 0.60 0.60 0.60 0.60 0.60 0.59 0.59 0.59 0.59 0.58 0.58 0.58 0.58 0.57 0.57 0.57 0.57 0.56 0.56 0.56 0.55 0.55 0.55 0.54 0.54 0.54 0.54 0.53 0.53 0.53 0.52 0.52 0.52 0.52 0.52 0.51 0.52 0.55 0.57 0.60 0.68 0.80 1.16 1.65 0.00 0.00 0.00 0.00 0.00 
0.00 0.00 0.00 0.00 6.14 5.75 3.01 2.17 1.70 1.39 1.20 1.08 0.98 0.89 0.83 0.78 0.74 0.71 0.68 0.66 0.65 0.63 0.62 0.61 0.61 0.60 0.60 0.59 0.59 0.59 0.58 0.58 0.58 0.58 0.58 0.57 0.57 0.57 0.57 0.57 0.56 0.56 0.56 0.56 0.55 0.55 0.55 0.55 0.54 0.54 0.54 0.54 0.53 0.53 0.53 0.53 0.52 0.52 0.52 0.51 0.51 0.51 0.51 0.50 0.50 0.50 0.49 0.49 0.49 0.49 0.48 0.48 0.48 0.49 0.50 0.50 0.53 0.59 0.67 0.82 1.35 1.21 0.00 0.00 0.00 0.00 
0.00 0.00 0.00 1.10 9.53 3.95 2.56 1.90 1.53 1.32 1.13 0.98 0.90 0.83 0.78 0.73 0.70 0.67 0.64 0.62 0.61 0.59 0.58 0.57 0.57 0.56 0.56 0.55 0.55 0.55 0.54 0.54 0.54 0.54 0.53 0.53 0.53 0.53 0.53 0.52 0.52 0.52 0.52 0.51 0.51 0.51 0.51 0.50 0.50 0.50 0.50 0.49 0.49 0.49 0.49 0.48 0.48 0.48 0.48 0.47 0.47 0.47 0.47 0.46 0.46 0.46 0.45 0.45 0.45 0.45 0.45 0.44 0.44 0.44 0.45 0.47 0.50 0.53 0.59 0.70 0.93 1.88 0.19 0.00 0.00 0.00 
0.00 0.00 0.00 7.93 6.34 3.39 2.31 1.79 1.48 1.24 1.08 0.97 0.87 0.81 0.75 0.71 0.67 0.64 0.62 0.60 0.58 0.57 0.56 0.55 0.55 0.54 0.54 0.53 0.53 0.52 0.52 0.52 0.52 0.52 0.51 0.51 0.51 0.51 0.50 0.50 0.50 0.50 0.50 0.49 0.49 0.49 0.49 0.48 0.48 0.48 0.48 0.47 0.47 0.47 0.47 0.46 0.46 0.46 0.46 0.45 0.45 0.45 0.45 0.44 0.44 0.44 0.44 0.43 0.43 0.43 0.43 0.43 0.43 0.43 0.44 0.45 0.47 0.51 0.55 0.63 0.79 1.25 1.31 0.00 0.00 0.00 
0.00 0.00 0.00 11.10 5.14 3.09 2.21 1.69 1.41 1.19 1.05 0.94 0.85 0.79 0.73 0.69 0.66 0.63 0.60 0.59 0.57 0.56 0.55 0.54 0.53 0.53 0.52 0.52 0.52 0.51 0.51 0.51 0.50 0.50 0.50 0.50 0.50 0.49 0.49 0.49 0.49 0.49 0.48 0.48 0.48 0.48 0.47 0.47 0.47 0.47 0.46 0.46 0.46 0.46 0.45 0.45 0.45 0.45 0.44 0.44 0.44 0.44 0.43 0.43 0.43 0.43 0.42 0.42 0.42 0.42 0.42 0.42 0.42 0.42 0.42 0.43 0.45 0.48 0.52 0.60 0.73 1.02 1.81 0.00 0.00 0.00 
0.00 0.00 0.00 12.72 4.77 2.93 2.19 1.67 1.35 1.19 1.04 0.93 0.84 0.77 0.72 0.68 0.64 0.62 0.60 0.58 0.56 0.55 0.54 0.53 0.53 0.52 0.51 0.51 0.51 0.50 0.50 0.50 0.50 0.49 0.49 0.49 0.49 0.49 0.48 0.48 0.48 0.48 0.48 0.47 0.47 0.47 0.47 0.46 0.46 0.46 0.46 0.45 0.45 0.45 0.45 0.44 0.44 0.44 0.44 0.43 0.43 0.43 0.43 0.42 0.42 0.42 0.42 0.42 0.41 0.41 0.41 0.41 0.41 0.41 0.41 0.42 0.45 0.46 0.52 0.59 0.70 0.93 2.06 0.00 0.00 0.00 
0.00 0.00 0.00 13.33 4.65 2.79 2.12 1.67 1.33 1.17 1.03 0.92 0.83 0.74 0.69 0.65 0.62 0.59 0.57 0.55 0.54 0.53 0.52 0.51 0.50 0.50 0.49 0.49 0.48 0.48 0.48 0.48 0.47 0.47 0.47 0.47 0.46 0.46 0.46 0.46 0.45 0.45 0.45 0.45 0.45 0.44 0.44 0.44 0.44 0.43 0.43 0.43 0.43 0.42 0.42 0.42 0.42 0.42 0.41 0.41 0.41 0.41 0.40 0.40 0.40 0.40 0.39 0.39 0.39 0.39 0.39 0.39 0.38 0.40 0.41 0.42 0.44 0.46 0.51 0.57 0.67 0.90 2.16 0.00 0.00 0.00 
0.00 0.00 0.00 13.29 4.64 2.79 2.11 1.67 1.33 1.17 1.03 0.92 0.83 0.74 0.69 0.65 0.62 0.59 0.57 0.55 0.54 0.53 0.52 0.51 0.50 0.50 0.49 0.49 0.48 0.48 0.48 0.48 0.47 0.47 0.47 0.47 0.46 0.46 0.46 0.46 0.45 0.45 0.45 0.45 0.45 0.44 0.44 0.44 0.44 0.43 0.43 0.43 0.43 0.43 0.42 0.42 0.42 0.42 0.41 0.41 0.41 0.41 0.40 0.40 0.40 0.40 0.39 0.39 0.39 0.39 0.39 0.39 0.39 0.40 0.41 0.42 0.44 0.46 0.51 0.57 0.67 0.90 2.16 0.00 0.00 0.00 
0.00 0.00 0.00 12.60 4.74 2.91 2.18 1.66 1.35 1.19 1.04 0.93 0.84 0.77 0.72 0.68 0.65 0.62 0.60 0.58 0.56 0.55 0.54 0.53 0.53 0.52 0.52 0.51 0.51 0.50 0.50 0.50 0.50 0.50 0.49 0.49 0.49 0.49 0.48 0.48 0.48 0.48 0.48 0.47 0.47 0.47 0.47 0.46 0.46 0.46 0.46 0.45 0.45 0.45 0.45 0.44 0.44 0.44 0.44 0.44 0.43 0.43 0.43 0.43 0.42 0.42 0.42 0.42 0.41 0.41 0.41 0.41 0.41 0.41 0.41 0.42 0.45 0.46 0.52 0.59 0.70 0.93 2.06 0.00 0.00 0.00 
0.00 0.00 0.00 10.93 5.08 3.06 2.20 1.68 1.41 1.18 1.05 0.94 0.85 0.79 0.73 0.69 0.66 0.63 0.61 0.59 0.57 0.56 0.55 0.54 0.53 0.53 0.52 0.52 0.52 0.51 0.51 0.51 0.51 0.50 0.50 0.50 0.50 0.49 0.49 0.49 0.49 0.49 0.48 0.48 0.48 0.48 0.47 0.47 0.47 0.47 0.46 0.46 0.46 0.46 0.46 0.45 0.45 0.45 0.45 0.44 0.44 0.44 0.44 0.43 0.43 0.43 0.43 0.42 0.42 0.42 0.42 0.42 0.42 0.42 0.42 0.43 0.45 0.48 0.52 0.60 0.73 1.02 1.80 0.00 0.00 0.00 
0.00 0.00 0.00 7.77 6.24 3.35 2.29 1.77 1.47 1.23 1.08 0.97 0.87 0.81 0.75 0.71 0.67 0.64 0.62 0.60 0.59 0.57 0.56 0.55 0.55 0.54 0.54 0.53 0.53 0.53 0.52 0.52 0.52 0.52 0.51 0.51 0.51 0.51 0.51 0.50 0.50 0.50 0.50 0.49 0.49 0.49 0.49 0.48 0.48 0.48 0.48 0.47 0.47 0.47 0.47 0.46 0.46 0.46 0.46 0.45 0.45 0.45 0.45 0.44 0.44 0.44 0.44 0.43 0.43 0.43 0.43 0.43 0.43 0.43 0.44 0.45 0.47 0.51 0.55 0.63 0.79 1.25 1.30 0.00 0.00 0.00 
0.00 0.00 0.00 1.08 9.33 3.89 2.53 1.89 1.52 1.31 1.12 0.98 0.90 0.83 0.78 0.73 0.70 0.67 0.64 0.62 0.61 0.59 0.58 0.58 0.57 0.56 0.56 0.55 0.55 0.55 0.54 0.54 0.54 0.54 0.53 0.53 0.53 0.53 0.53 0.52 0.52 0.52 0.52 0.51 0.51 0.51 0.51 0.51 0.50 0.50 0.50 0.50 0.49 0.49 0.49 0.48 0.48 0.48 0.48 0.47 0.47 0.47 0.47 0.46 0.46 0.46 0.46 0.45 0.45 0.45 0.45 0.45 0.45 0.44 0.45 0.47 0.50 0.53 0.59 0.70 0.93 1.87 0.19 0.00 0.00 0.00 
0.00 0.00 0.00 0.00 5.97 5.62 2.96 2.14 1.68 1.38 1.19 1.08 0.98 0.89 0.83 0.78 0.74 0.71 0.69 0.67 0.65 0.64 0.62 0.62 0.61 0.60 0.60 0.59 0.59 0.59 0.59 0.58 0.58 0.58 0.58 0.58 0.57 0.57 0.57 0.57 0.56 0.56 0.56 0.56 0.56 0.55 0.55 0.55 0.55 0.54 0.54 0.54 0.53 0.53 0.53 0.53 0.52 0.52 0.52 0.52 0.51 0.51 0.51 0.50 0.50 0.50 0.50 0.49 0.49 0.49 0.49 0.48 0.48 0.49 0.50 0.50 0.53 0.59 0.67 0.82 1.34 1.20 0.00 0.00 0.00 0.00 
0.00 0.00 0.00 0.00 0.00 6.63 4.12 2.53 1.92 1.51 1.32 1.15 1.03 0.94 0.88 0.83 0.78 0.75 0.72 0.70 0.69 0.67 0.66 0.65 0.64 0.64 0.63 0.63 0.63 0.62 0.62 0.62 0.62 0.62 0.61 0.61 0.61 0.61 0.61 0.60 0.60 0.60 0.60 0.59 0.59 0.59 0.59 0.58 0.58 0.58 0.58 0.57 0.57 0.57 0.57 0.56 0.56 0.56 0.55 0.55 0.55 0.54 0.54 0.54 0.53 0.53 0.53 0.53 0.52 0.52 0.52 0.52 0.52 0.53 0.55 0.57 0.60 0.67 0.80 1.16 1.65 0.00 0.00 0.00 0.00 0.00 
0.00 0.00 0.00 0.00 0.00 0.26 5.64 3.93 2.41 1.82 1.51 1.32 1.16 1.06 0.99 0.94 0.89 0.85 0.82 0.80 0.78 0.76 0.75 0.74 0.73 0.73 0.72 0.72 0.71 0.71 0.71 0.71 0.71 0.70 0.70 0.70 0.70 0.70 0.70 0.69 0.69 0.69 0.69 0.68 0.68 0.68 0.68 0.67 0.67 0.67 0.66 0.66 0.66 0.65 0.65 0.65 0.64 0.64 0.64 0.63 0.63 0.63 0.62 0.62 0.62 0.61 0.61 0.61 0.60 0.60 0.60 0.60 0.60 0.61 0.63 0.66 0.73 0.86 1.27 1.60 0.06 0.00 0.00 0.00 0.00 0.00 
0.00 0.00 0.00 0.00 0.00 0.00 0.01 3.35 4.55 2.70 2.00 1.64 1.46 1.33 1.25 1.17 1.11 1.07 1.03 1.00 0.97 0.96 0.94 0.93 0.92 0.91 0.91 0.90 0.90 0.90 0.90 0.89 0.89 0.89 0.89 0.89 0.89 0.89 0.88 0.88 0.88 0.88 0.87 0.87 0.87 0.86 0.86 0.86 0.85 0.85 0.85 0.84 0.84 0.84 0.83 0.83 0.82 0.82 0.81 0.81 0.81 0.80 0.80 0.79 0.79 0.78 0.78 0.77 0.77 0.77 0.76 0.76 0.76 0.77 0.80 0.88 1.09 1.65 1.08 0.00 0.00 0.00 0.00 0.00 0.00 0.00 
0.00 0.00 0.00 0.00 0.00 0.00 0.00 0.00 0.43 2.64 3.27 3.35 3.19 2.95 2.75 2.59 2.45 2.35 2.27 2.20 2.15 2.11 2.08 2.06 2.04 2.03 2.02 2.01 2.01 2.01 2.01 2.00 2.00 2.00 2.00 2.00 2.00 2.00 1.99 1.99 1.99 1.98 1.98 1.97 1.97 1.96 1.95 1.95 1.94 1.93 1.93 1.92 1.91 1.90 1.89 1.88 1.87 1.86 1.86 1.85 1.84 1.83 1.82 1.80 1.79 1.78 1.77 1.76 1.76 1.75 1.74 1.74 1.73 1.73 1.65 1.46 1.07 0.16 0.00 0.00 0.00 0.00 0.00 0.00 0.00 0.00 
0.00 0.00 0.00 0.00 0.00 0.00 0.00 0.00 0.00 0.00 0.00 0.00 0.01 0.01 0.01 0.01 0.01 0.01 0.01 0.01 0.01 0.01 0.01 0.01 0.01 0.01 0.01 0.01 0.01 0.01 0.01 0.01 0.01 0.01 0.01 0.01 0.01 0.01 0.01 0.00 0.00 0.00 0.00 0.00 0.00 0.00 0.00 0.00 0.00 0.00 0.00 0.00 0.00 0.00 0.00 0.00 0.00 0.00 0.00 0.00 0.00 0.00 0.00 0.00 0.00 0.00 0.00 0.00 0.00 0.00 0.00 0.00 0.00 0.00 0.00 0.00 0.00 0.00 0.00 0.00 0.00 0.00 0.00 0.00 0.00 0.00 
0.00 0.00 0.00 0.00 0.00 0.00 0.00 0.00 0.00 0.00 0.00 0.00 0.00 0.00 0.00 0.00 0.00 0.00 0.00 0.00 0.00 0.00 0.00 0.00 0.00 0.00 0.00 0.00 0.00 0.00 0.00 0.00 0.00 0.00 0.00 0.00 0.00 0.00 0.00 0.00 0.00 0.00 0.00 0.00 0.00 0.00 0.00 0.00 0.00 0.00 0.00 0.00 0.00 0.00 0.00 0.00 0.00 0.00 0.00 0.00 0.00 0.00 0.00 0.00 0.00 0.00 0.00 0.00 0.00 0.00 0.00 0.00 0.00 0.00 0.00 0.00 0.00 0.00 0.00 0.00 0.00 0.00 0.00 0.00 0.00 0.00 
0.00 0.00 0.00 0.00 0.00 0.00 0.00 0.00 0.00 0.00 0.00 0.00 0.00 0.00 0.00 0.00 0.00 0.00 0.00 0.00 0.00 0.00 0.00 0.00 0.00 0.00 0.00 0.00 0.00 0.00 0.00 0.00 0.00 0.00 0.00 0.00 0.00 0.00 0.00 0.00 0.00 0.00 0.00 0.00 0.00 0.00 0.00 0.00 0.00 0.00 0.00 0.00 0.00 0.00 0.00 0.00 0.00 0.00 0.00 0.00 0.00 0.00 0.00 0.00 0.00 0.00 0.00 0.00 0.00 0.00 0.00 0.00 0.00 0.00 0.00 0.00 0.00 0.00 0.00 0.00 0.00 0.00 0.00 0.00 0.00 0.00 
0.00 0.00 0.00 0.00 0.00 0.00 0.00 0.00 0.00 0.00 0.00 0.00 0.00 0.00 0.00 0.00 0.00 0.00 0.00 0.00 0.00 0.00 0.00 0.00 0.00 0.00 0.00 0.00 0.00 0.00 0.00 0.00 0.00 0.00 0.00 0.00 0.00 0.00 0.00 0.00 0.00 0.00 0.00 0.00 0.00 0.00 0.00 0.00 0.00 0.00 0.00 0.00 0.00 0.00 0.00 0.00 0.00 0.00 0.00 0.00 0.00 0.00 0.00 0.00 0.00 0.00 0.00 0.00 0.00 0.00 0.00 0.00 0.00 0.00 0.00 0.00 0.00 0.00 0.00 0.00 0.00 0.00 0.00 0.00 0.00 0.00 
