0.00 0.00 0.00 0.00 0.00 0.00 0.00 0.00 0.00 0.00 0.00 0.00 0.00 0.00 0.00 0.00 0.00 0.00 0.00 0.00 0.00 0.00 0.00 0.00 0.00 0.00 0.00 0.00 0.00 0.00 0.00 0.00 0.00 0.00 0.00 0.00 0.00 0.00 0.00 0.00 0.00 0.00 0.00 0.00 0.00 0.00 0.00 0.00 0.00 0.00 0.00 0.00 0.00 0.00 0.00 0.00 0.00 0.00 0.00 0.00 0.00 0.00 0.00 0.00 0.00 0.00 0.00 0.00 0.00 0.00 0.00 0.00 0.00 0.00 0.00 0.00 0.00 0.00 0.00 0.00 0.00 0.00 0.00 0.00 0.00 0.00 
0.00 0.00 0.00 0.00 0.00 0.00 0.00 0.00 0.00 0.00 0.00 0.00 0.00 0.00 0.00 0.00 0.00 0.00 0.00 0.00 0.00 0.00 0.00 0.00 0.00 0.00 0.00 0.00 0.00 0.00 0.00 0.00 0.00 0.00 0.00 0.00 0.00 0.00 0.00 0.00 0.00 0.00 0.00 0.00 0.00 0.00 0.00 0.00 0.00 0.00 0.00 0.00 0.00 0.00 0.00 0.00 0.00 0.00 0.00 0.00 0.00 0.00 0.00 0.00 0.00 0.00 0.00 0.00 0.00 0.00 0.00 0.00 0.00 0.00 0.00 0.00 0.00 0.00 0.00 0.00 0.00 0.00 0.00 0.00 0.00 0.00 
0.00 0.00 0.00 0.00 0.00 0.00 0.00 0.00 0.00 0.00 0.00 0.00 0.00 0.00 0.00 0.00 0.00 0.00 0.00 0.00 0.00 0.00 0.00 0.00 0.00 0.00 0.00 0.00 0.00 0.00 0.00 0.00 0.00 0.00 0.00 0.00 0.00 0.00 0.00 0.00 0.00 0.00 0.00 0.00 0.00 0.00 0.00 0.00 0.00 0.00 0.00 0.00 0.00 0.00 0.00 0.00 0.00 0.00 0.00 0.00 0.00 0.00 0.00 0.00 0.00 0.00 0.00 0.00 0.00 0.00 0.00 0.00 0.00 0.00 0.00 0.00 0.00 0.00 0.00 0.00 0.00 0.00 0.00 0.00 0.00 0.00 
0.00 0.00 0.00 0.00 0.00 0.00 0.00 0.00 0.16 1.15 1.58 1.80 1.90 1.93 1.96 2.00 2.04 2.09 2.14 2.20 2.27 2.34 2.42 2.50 2.59 2.68 2.77 2.87 2.96 3.05 3.13 3.19 3.25 3.28 3.30 3.29 3.27 3.23 3.17 3.11 3.03 2.95 2.86 2.78 2.69 2.61 2.53 2.45 2.38 2.31 2.24 2.18 2.12 2.07 2.02 1.97 1.93 1.89 1.86 1.83 1.80 1.77 1.75 1.74 1.73 1.72 1.72 1.73 1.75 1.78 1.82 1.88 1.96 2.06 2.10 1.97 1.56 0.26 0.00 0.00 0.00 0.00 0.00 0.00 0.00 0.00 
0.00 0.00 0.00 0.00 0.00 0.00 0.00 1.14 1.76 1.17 0.95 0.87 0.85 0.84 0.86 0.87 0.89 0.91 0.94 0.96 0.99 1.02 1.06 1.09 1.13 1.17 1.21 1.26 1.30 1.34 1.37 1.40 1.43 1.44 1.45 1.45 1.44 1.43 1.40 1.38 1.35 1.31 1.28 1.24 1.20 1.17 1.14 1.10 1.07 1.04 1.02 0.99 0.97 0.95 0.93 0.91 0.89 0.87 0.86 0.85 0.83 0.83 0.82 0.81 0.81 0.81 0.81 0.81 0.82 0.84 0.86 0.88 0.92 0.98 1.07 1.24 1.61 2.57 1.81 0.00 0.00 0.00 0.00 0.00 0.00 0.00 
0.00 0.00 0.00 0.00 0.00 0.06 1.66 1.33 0.91 0.77 0.71 0.69 0.67 0.66 0.67 0.69 0.70 0.72 0.74 0.76 0.78 0.80 0.83 0.86 0.89 0.92 0.95 0.99 1.02 1.05 1.08 1.11 1.13 1.14 1.15 1.15 1.14 1.13 1.11 1.09 1.07 1.05 1.02 0.99 0.97 0.94 0.92 0.89 0.87 0.85 0.83 0.81 0.79 0.78 0.76 0.75 0.73 0.72 0.71 0.70 0.70 0.69 0.68 0.68 0.68 0.68 0.68 0.69 0.69 0.70 0.72 0.74 0.77 0.82 0.89 0.96 1.11 1.39 2.17 3.00 0.16 0.00 0.00 0.00 0.00 0.00 
0.00 0.00 0.00 0.00 0.00 1.69 1.20 0.84 0.71 0.64 0.61 0.59 0.58 0.57 0.58 0.59 0.61 0.62 0.64 0.66 0.68 0.70 0.72 0.75 0.77 0.80 0.83 0.86 0.89 0.92 0.94 0.96 0.98 0.99 1.00 1.00 1.00 0.99 0.97 0.96 0.94 0.92 0.89 0.87 0.85 0.83 0.81 0.79 0.77 0.75 0.73 0.72 0.70 0.69 0.68 0.67 0.65 0.65 0.64 0.63 0.62 0.62 0.61 0.61 0.61 0.61 0.61 0.62 0.62 0.63 0.65 0.67 0.69 0.73 0.78 0.86 0.95 1.13 1.42 2.19 3.42 0.02 0.00 0.00 0.00 0.00 
0.00 0.00 0.00 0.00 1.22 1.38 0.85 0.70 0.62 0.57 0.54 0.54 0.54 0.54 0.55 0.56 0.57 0.58 0.60 0.61 0.63 0.65 0.67 0.70 0.72 0.75 0.78 0.80 0.83 0.86 0.88 0.90 0.92 0.93 0.94 0.94 0.94 0.93 0.92 0.90 0.88 0.86 0.84 0.82 0.80 0.78 0.76 0.75 0.73 0.71 0.70 0.68 0.67 0.66 0.65 0.64 0.63 0.62 0.61 0.60 0.60 0.59 0.59 0.59 0.59 0.59 0.59 0.59 0.60 0.61 0.62 0.64 0.66 0.70 0.74 0.79 0.88 1.01 1.22 1.60 2.85 2.84 0.00 0.00 0.00 0.00 
0.00 0.00 0.00 0.19 1.90 0.95 0.73 0.62 0.56 0.53 0.51 0.49 0.49 0.49 0.50 0.51 0.52 0.54 0.55 0.57 0.58 0.60 0.62 0.64 0.67 0.69 0.72 0.74 0.77 0.79 0.81 0.83 0.85 0.86 0.87 0.87 0.87 0.86 0.85 0.84 0.82 0.80 0.78 0.77 0.75 0.73 0.71 0.70 0.68 0.67 0.66 0.64 0.63 0.62 0.61 0.60 0.59 0.59 0.58 0.58 0.57 0.57 0.56 0.56 0.56 0.56 0.57 0.57 0.58 0.59 0.60 0.62 0.64 0.66 0.70 0.75 0.84 0.93 1.09 1.37 1.98 4.46 0.52 0.00 0.00 0.00 
0.00 0.00 0.00 1.31 1.27 0.81 0.65 0.57 0.54 0.50 0.48 0.48 0.47 0.47 0.48 0.49 0.50 0.51 0.53 0.54 0.56 0.57 0.59 0.62 0.64 0.66 0.69 0.71 0.73 0.76 0.78 0.80 0.81 0.83 0.83 0.84 0.83 0.83 0.82 0.80 0.79 0.77 0.76 0.74 0.72 0.71 0.69 0.67 0.66 0.65 0.63 0.62 0.61 0.60 0.59 0.58 0.57 0.57 0.56 0.56 0.55 0.55 0.55 0.55 0.55 0.55 0.55 0.55 0.56 0.57 0.58 0.60 0.62 0.64 0.69 0.74 0.80 0.90 1.04 1.26 1.72 3.01 3.57 0.00 0.00 0.00 
0.00 0.00 0.00 1.80 1.03 0.74 0.62 0.55 0.51 0.48 0.46 0.46 0.46 0.46 0.47 0.48 0.49 0.50 0.51 0.53 0.54 0.56 0.58 0.60 0.62 0.65 0.67 0.69 0.72 0.74 0.76 0.78 0.79 0.81 0.81 0.81 0.81 0.81 0.80 0.78 0.77 0.75 0.74 0.72 0.70 0.69 0.67 0.66 0.64 0.63 0.62 0.61 0.60 0.59 0.58 0.57 0.56 0.56 0.55 0.55 0.54 0.54 0.54 0.53 0.53 0.54 0.54 0.54 0.55 0.56 0.57 0.59 0.61 0.63 0.67 0.72 0.78 0.86 0.99 1.21 1.58 2.45 4.96 0.00 0.00 0.00 
0.00 0.00 0.00 2.05 0.94 0.71 0.61 0.54 0.48 0.47 0.45 0.45 0.45 0.45 0.46 0.47 0.48 0.49 0.51 0.52 0.54 0.55 0.57 0.59 0.61 0.64 0.66 0.68 0.71 0.73 0.75 0.77 0.78 0.79 0.80 0.80 0.80 0.79 0.78 0.77 0.76 0.74 0.72 0.71 0.69 0.68 0.66 0.65 0.63 0.62 0.61 0.60 0.59 0.58 0.57 0.56 0.55 0.55 0.54 0.54 0.53 0.53 0.53 0.53 0.53 0.53 0.53 0.54 0.54 0.55 0.56 0.58 0.60 0.62 0.66 0.71 0.77 0.84 0.98 1.20 1.53 2.27 5.68 0.00 0.00 0.00 
0.00 0.00 0.00 2.15 0.91 0.68 0.58 0.54 0.48 0.46 0.45 0.44 0.44 0.43 0.44 0.44 0.45 0.47 0.48 0.49 0.51 0.52 0.54 0.56 0.58 0.60 0.63 0.65 0.67 0.69 0.71 0.73 0.74 0.75 0.76 0.76 0.76 0.75 0.74 0.73 0.72 0.70 0.69 0.67 0.66 0.65 0.63 0.62 0.61 0.60 0.58 0.57 0.57 0.56 0.55 0.54 0.54 0.53 0.53 0.52 0.52 0.52 0.51 0.51 0.51 0.51 0.52 0.52 0.53 0.54 0.55 0.56 0.58 0.62 0.65 0.70 0.76 0.83 0.97 1.17 1.49 2.19 5.95 0.00 0.00 0.00 
0.00 0.00 0.00 2.15 0.91 0.68 0.58 0.54 0.48 0.46 0.45 0.44 0.44 0.43 0.44 0.44 0.45 0.47 0.48 0.49 0.51 0.52 0.54 0.56 0.58 0.60 0.63 0.65 0.67 0.69 0.71 0.73 0.74 0.75 0.76 0.76 0.76 0.75 0.74 0.73 0.72 0.70 0.69 0.68 0.66 0.65 0.63 0.62 0.61 0.60 0.58 0.57 0.57 0.56 0.55 0.54 0.54 0.53 0.53 0.52 0.52 0.52 0.51 0.51 0.51 0.51 0.52 0.52 0.53 0.54 0.55 0.56 0.58 0.62 0.65 0.70 0.76 0.83 0.97 1.17 1.49 2.19 5.93 0.00 0.00 0.00 
0.00 0.00 0.00 2.05 0.94 0.71 0.61 0.54 0.48 0.47 0.45 0.45 0.45 0.45 0.46 0.47 0.48 0.49 0.51 0.52 0.54 0.55 0.57 0.59 0.62 0.64 0.66 0.68 0.71 0.73 0.75 0.77 0.78 0.79 0.80 0.80 0.80 0.79 0.78 0.77 0.76 0.74 0.73 0.71 0.69 0.68 0.66 0.65 0.63 0.62 0.61 0.60 0.59 0.58 0.57 0.56 0.56 0.55 0.54 0.54 0.53 0.53 0.53 0.53 0.53 0.53 0.53 0.54 0.54 0.55 0.56 0.58 0.60 0.62 0.66 0.71 0.77 0.84 0.97 1.20 1.52 2.25 5.64 0.00 0.00 0.00 
0.00 0.00 0.00 1.80 1.03 0.74 0.62 0.55 0.51 0.48 0.46 0.46 0.46 0.46 0.47 0.48 0.49 0.50 0.51 0.53 0.54 0.56 0.58 0.60 0.62 0.65 0.67 0.69 0.72 0.74 0.76 0.78 0.80 0.81 0.81 0.82 0.81 0.81 0.80 0.78 0.77 0.75 0.74 0.72 0.70 0.69 0.67 0.66 0.64 0.63 0.62 0.61 0.60 0.59 0.58 0.57 0.56 0.56 0.55 0.55 0.54 0.54 0.54 0.54 0.54 0.54 0.54 0.54 0.55 0.56 0.57 0.59 0.61 0.63 0.67 0.71 0.78 0.86 0.98 1.20 1.57 2.43 4.90 0.00 0.00 0.00 
0.00 0.00 0.00 1.30 1.26 0.81 0.65 0.57 0.54 0.50 0.48 0.48 0.47 0.47 0.48 0.49 0.50 0.51 0.53 0.54 0.56 0.58 0.60 0.62 0.64 0.66 0.69 0.71 0.74 0.76 0.78 0.80 0.82 0.83 0.84 0.84 0.83 0.83 0.82 0.81 0.79 0.77 0.76 0.74 0.72 0.71 0.69 0.67 0.66 0.65 0.63 0.62 0.61 0.60 0.59 0.58 0.58 0.57 0.56 0.56 0.55 0.55 0.55 0.55 0.55 0.55 0.55 0.55 0.56 0.57 0.58 0.60 0.62 0.64 0.69 0.73 0.80 0.90 1.03 1.25 1.71 2.97 3.51 0.00 0.00 0.00 
0.00 0.00 0.00 0.18 1.90 0.95 0.73 0.62 0.56 0.54 0.51 0.49 0.49 0.50 0.50 0.51 0.53 0.54 0.55 0.57 0.59 0.60 0.62 0.65 0.67 0.69 0.72 0.75 0.77 0.79 0.82 0.84 0.85 0.86 0.87 0.87 0.87 0.86 0.85 0.84 0.82 0.80 0.79 0.77 0.75 0.73 0.72 0.70 0.68 0.67 0.66 0.64 0.63 0.62 0.61 0.60 0.60 0.59 0.58 0.58 0.57 0.57 0.57 0.56 0.56 0.56 0.57 0.57 0.58 0.59 0.60 0.62 0.64 0.66 0.70 0.75 0.83 0.92 1.08 1.36 1.96 4.38 0.51 0.00 0.00 0.00 
0.00 0.00 0.00 0.00 1.22 1.38 0.85 0.70 0.62 0.57 0.54 0.54 0.54 0.54 0.55 0.56 0.57 0.58 0.60 0.62 0.64 0.66 0.68 0.70 0.73 0.75 0.78 0.81 0.84 0.86 0.89 0.91 0.92 0.94 0.94 0.94 0.94 0.93 0.92 0.90 0.89 0.87 0.85 0.83 0.80 0.78 0.77 0.75 0.73 0.71 0.70 0.68 0.67 0.66 0.65 0.64 0.63 0.62 0.61 0.61 0.60 0.60 0.59 0.59 0.59 0.59 0.59 0.60 0.60 0.61 0.63 0.64 0.66 0.70 0.74 0.79 0.87 1.00 1.21 1.58 2.80 2.78 0.00 0.00 0.00 0.00 
0.00 0.00 0.00 0.00 0.00 1.69 1.20 0.84 0.71 0.64 0.61 0.60 0.58 0.58 0.59 0.60 0.61 0.63 0.64 0.66 0.68 0.70 0.73 0.75 0.78 0.81 0.84 0.87 0.89 0.92 0.95 0.97 0.99 1.00 1.00 1.00 1.00 0.99 0.98 0.96 0.94 0.92 0.90 0.87 0.85 0.83 0.81 0.79 0.77 0.75 0.74 0.72 0.71 0.69 0.68 0.67 0.66 0.65 0.64 0.63 0.63 0.62 0.62 0.61 0.61 0.61 0.62 0.62 0.63 0.64 0.65 0.67 0.69 0.73 0.78 0.85 0.94 1.12 1.41 2.16 3.35 0.02 0.00 0.00 0.00 0.00 
0.00 0.00 0.00 0.00 0.00 0.06 1.66 1.34 0.92 0.78 0.71 0.69 0.67 0.67 0.68 0.69 0.71 0.72 0.74 0.76 0.79 0.81 0.84 0.87 0.90 0.93 0.96 1.00 1.03 1.06 1.09 1.11 1.13 1.15 1.15 1.15 1.15 1.14 1.12 1.10 1.07 1.05 1.02 1.00 0.97 0.94 0.92 0.90 0.87 0.85 0.83 0.81 0.80 0.78 0.76 0.75 0.74 0.73 0.72 0.71 0.70 0.69 0.69 0.68 0.68 0.68 0.68 0.69 0.70 0.71 0.72 0.74 0.77 0.81 0.88 0.96 1.10 1.38 2.14 2.94 0.16 0.00 0.00 0.00 0.00 0.00 
0.00 0.00 0.00 0.00 0.00 0.00 0.00 1.14 1.76 1.17 0.96 0.88 0.86 0.85 0.87 0.89 0.90 0.93 0.95 0.98 1.01 1.04 1.07 1.11 1.15 1.19 1.23 1.28 1.32 1.36 1.39 1.42 1.45 1.46 1.47 1.47 1.46 1.44 1.42 1.39 1.36 1.33 1.29 1.26 1.22 1.19 1.15 1.12 1.09 1.06 1.03 1.01 0.99 0.96 0.94 0.93 0.91 0.89 0.88 0.87 0.86 0.85 0.84 0.83 0.83 0.83 0.83 0.84 0.84 0.86 0.88 0.90 0.94 0.99 1.06 1.23 1.59 2.53 1.78 0.00 0.00 0.00 0.00 0.00 0.00 0.00 
0.00 0.00 0.00 0.00 0.00 0.00 0.00 0.00 0.17 1.15 1.58 1.81 1.92 1.95 1.99 2.02 2.07 2.12 2.17 2.23 2.30 2.37 2.45 2.53 2.62 2.72 2.81 2.91 3.00 3.09 3.17 3.23 3.28 3.31 3.33 3.32 3.30 3.25 3.20 3.13 3.05 2.97 2.88 2.80 2.71 2.63 2.55 2.47 2.40 2.33 2.26 2.20 2.14 2.09 2.04 1.99 1.95 1.91 1.87 1.84 1.81 1.79 1.77 1.75 1.74 1.74 1.74 1.75 1.77 1.80 1.84 1.89 1.96 2.05 2.08 1.95 1.53 0.26 0.00 0.00 0.00 0.00 0.00 0.00 0.00 0.00 
0.00 0.00 0.00 0.00 0.00 0.00 0.00 0.00 0.00 0.00 0.00 0.00 0.00 0.00 0.00 0.00 0.00 0.00 0.00 0.00 0.00 0.00 0.00 0.00 0.00 0.00 0.00 0.00 0.01 0.01 0.01 0.01 0.01 0.01 0.01 0.01 0.01 0.01 0.01 0.01 0.01 0.01 0.01 0.01 0.01 0.01 0.01 0.01 0.01 0.01 0.01 0.01 0.01 0.01 0.01 0.01 0.01 0.01 0.01 0.02 0.02 0.02 0.02 0.02 0.02 0.02 0.02 0.02 0.02 0.02 0.02 0.02 0.02 0.02 0.00 0.00 0.00 0.00 0.00 0.00 0.00 0.00 0.00 0.00 0.00 0.00 
0.00 0.00 0.00 0.00 0.00 0.00 0.00 0.00 0.00 0.00 0.00 0.00 0.00 0.00 0.00 0.00 0.00 0.00 0.00 0.00 0.00 0.00 0.00 0.00 0.00 0.00 0.00 0.00 0.00 0.00 0.00 0.00 0.00 0.00 0.00 0.00 0.00 0.00 0.00 0.00 0.00 0.00 0.00 0.00 0.00 0.00 0.00 0.00 0.00 0.00 0.00 0.00 0.00 0.00 0.00 0.00 0.00 0.00 0.00 0.00 0.00 0.00 0.00 0.00 0.00 0.00 0.00 0.00 0.00 0.00 0.00 0.00 0.00 0.00 0.00 0.00 0.00 0.00 0.00 0.00 0.00 0.00 0.00 0.00 0.00 0.00 
0.00 0.00 0.00 0.00 0.00 0.00 0.00 0.00 0.00 0.00 0.00 0.00 0.00 0.00 0.00 0.00 0.00 0.00 0.00 0.00 0.00 0.00 0.00 0.00 0.00 0.00 0.00 0.00 0.00 0.00 0.00 0.00 0.00 0.00 0.00 0.00 0.00 0.00 0.00 0.00 0.00 0.00 0.00 0.00 0.00 0.00 0.00 0.00 0.00 0.00 0.00 0.00 0.00 0.00 0.00 0.00 0.00 0.00 0.00 0.00 0.00 0.00 0.00 0.00 0.00 0.00 0.00 0.00 0.00 0.00 0.00 0.00 0.00 0.00 0.00 0.00 0.00 0.00 0.00 0.00 0.00 0.00 0.00 0.00 0.00 0.00 
0.00 0.00 0.00 0.00 0.00 0.00 0.00 0.00 0.00 0.00 0.00 0.00 0.00 0.00 0.00 0.00 0.00 0.00 0.00 0.00 0.00 0.00 0.00 0.00 0.00 0.00 0.00 0.00 0.00 0.00 0.00 0.00 0.00 0.00 0.00 0.00 0.00 0.00 0.00 0.00 0.00 0.00 0.00 0.00 0.00 0.00 0.00 0.00 0.00 0.00 0.00 0.00 0.00 0.00 0.00 0.00 0.00 0.00 0.00 0.00 0.00 0.00 0.00 0.00 0.00 0.00 0.00 0.00 0.00 0.00 0.00 0.00 0.00 0.00 0.00 0.00 0.00 0.00 0.00 0.00 0.00 0.00 0.00 0.00 0.00 0.00 
