0.00 0.00 0.00 0.00 0.00 0.00 0.00 0.00 0.00 0.00 0.00 0.00 0.00 0.00 0.00 0.00 0.00 0.00 0.00 0.00 0.00 0.00 0.00 0.00 0.00 0.00 0.00 0.00 0.00 0.00 0.00 0.00 0.00 0.00 0.00 0.00 0.00 0.00 0.00 0.00 0.00 0.00 0.00 0.00 0.00 0.00 0.00 0.00 0.00 0.00 0.00 0.00 0.00 0.00 0.00 0.00 0.00 0.00 0.00 0.00 0.00 0.00 0.00 0.00 0.00 0.00 0.00 0.00 0.00 0.00 0.00 0.00 0.00 0.00 0.00 0.00 0.00 0.00 0.00 0.00 0.00 0.00 0.00 0.00 0.00 0.00 
0.00 0.00 0.00 0.00 0.00 0.00 0.00 0.00 0.00 0.00 0.00 0.00 0.00 0.00 0.00 0.00 0.00 0.00 0.00 0.00 0.00 0.00 0.00 0.00 0.00 0.00 0.00 0.00 0.00 0.00 0.00 0.00 0.00 0.00 0.00 0.00 0.00 0.00 0.00 0.00 0.00 0.00 0.00 0.00 0.00 0.00 0.00 0.00 0.00 0.00 0.00 0.00 0.00 0.00 0.00 0.00 0.00 0.00 0.00 0.00 0.00 0.00 0.00 0.00 0.00 0.00 0.00 0.00 0.00 0.00 0.00 0.00 0.00 0.00 0.00 0.00 0.00 0.00 0.00 0.00 0.00 0.00 0.00 0.00 0.00 0.00 
0.00 0.00 0.00 0.00 0.00 0.00 0.00 0.00 0.00 0.00 0.00 0.00 0.00 0.00 0.00 0.00 0.00 0.00 0.00 0.00 0.00 0.00 0.00 0.00 0.00 0.00 0.00 0.00 0.00 0.00 0.00 0.00 0.00 0.00 0.00 0.00 0.00 0.00 0.00 0.00 0.00 0.00 0.00 0.00 0.00 0.00 0.00 0.00 0.00 0.00 0.00 0.00 0.00 0.00 0.00 0.00 0.00 0.00 0.00 0.00 0.00 0.00 0.00 0.00 0.00 0.00 0.00 0.00 0.00 0.00 0.00 0.00 0.00 0.00 0.00 0.00 0.00 0.00 0.00 0.00 0.00 0.00 0.00 0.00 0.00 0.00 
0.00 0.00 0.00 0.00 0.00 0.00 0.00 0.00 43.68 87.23 87.13 108.77 108.66 108.57 108.51 108.47 108.47 108.50 108.58 108.69 108.85 109.05 109.30 109.60 109.95 110.35 110.81 111.33 111.90 112.53 113.22 113.97 114.79 115.67 116.62 117.64 118.72 119.87 121.10 122.40 123.76 125.21 126.72 128.31 129.97 131.71 133.52 135.40 137.35 139.37 141.46 143.62 145.84 148.11 150.45 152.83 155.27 157.74 160.25 162.79 165.34 167.91 170.48 173.04 175.58 178.08 180.52 182.89 185.15 187.29 189.25 190.99 192.42 193.45 193.91 154.95 154.04 76.00 0.00 0.00 0.00 0.00 0.00 0.00 0.00 0.00 
0.00 0.00 0.00 0.00 0.00 0.00 0.00 87.56 109.29 130.97 130.83 130.69 130.57 130.48 130.41 130.38 130.39 130.44 130.54 130.68 130.88 131.13 131.44 131.81 132.23 132.72 133.28 133.90 134.59 135.36 136.19 137.10 138.08 139.15 140.29 141.51 142.81 144.20 145.67 147.23 148.87 150.60 152.41 154.32 156.31 158.39 160.55 162.80 165.13 167.54 170.04 172.61 175.25 177.96 180.73 183.57 186.45 189.38 192.35 195.34 198.36 201.37 204.38 207.36 210.30 213.18 215.97 218.65 221.17 223.50 225.58 227.34 228.69 229.52 229.71 229.13 227.78 187.29 146.85 0.00 0.00 0.00 0.00 0.00 0.00 0.00 
0.00 0.00 0.00 0.00 0.00 44.02 87.87 131.49 131.32 152.96 152.80 174.40 174.26 174.15 174.08 174.05 174.08 174.15 174.29 174.49 174.77 175.11 175.53 176.02 176.60 177.26 178.01 178.84 179.77 180.79 181.91 183.13 184.44 185.86 187.39 189.02 190.76 192.61 194.58 196.65 198.84 201.14 203.56 206.10 208.75 211.51 214.39 217.38 220.48 223.68 226.99 230.40 233.90 237.49 241.17 244.92 248.73 252.60 256.51 260.45 264.41 268.36 272.29 276.18 280.00 283.71 287.29 290.68 293.84 296.71 299.20 301.21 302.64 303.35 303.19 263.33 261.11 219.37 214.53 135.14 63.54 0.00 0.00 0.00 0.00 0.00 
0.00 0.00 0.00 0.00 0.00 88.12 131.89 153.57 153.37 174.98 174.80 174.63 185.37 185.27 185.20 185.19 185.22 185.32 185.48 185.70 186.00 186.38 186.83 187.37 187.99 188.70 189.50 190.39 191.39 192.48 193.67 194.97 196.37 197.89 199.51 201.25 203.10 205.07 207.15 209.36 211.69 214.13 216.70 219.39 222.20 225.13 228.18 231.34 234.62 238.01 241.51 245.11 248.80 252.59 256.46 260.40 264.41 268.47 272.57 276.69 280.82 284.94 289.02 293.03 296.96 300.75 304.37 307.76 310.87 313.62 315.92 317.67 318.74 318.98 298.93 297.02 293.75 250.57 244.04 199.24 123.07 28.14 0.00 0.00 0.00 0.00 
0.00 0.00 0.00 0.00 88.46 132.31 154.01 175.65 175.41 197.00 196.79 196.61 196.47 196.36 196.31 196.30 196.35 196.46 196.64 196.88 197.21 197.61 198.10 198.68 199.34 200.10 200.95 201.91 202.96 204.12 205.39 206.77 208.26 209.87 211.59 213.43 215.40 217.48 219.69 222.03 224.49 227.08 229.79 232.64 235.61 238.70 241.92 245.26 248.72 252.30 255.98 259.78 263.67 267.65 271.72 275.86 280.07 284.33 288.62 292.93 297.23 301.51 305.75 309.90 313.93 317.81 321.48 324.88 327.95 330.61 332.75 334.26 334.99 334.80 333.48 330.76 326.43 281.88 273.68 226.62 179.99 107.34 0.00 0.00 0.00 0.00 
0.00 0.00 0.00 44.39 110.65 132.46 154.17 175.82 197.43 197.19 196.98 218.56 218.41 218.30 218.24 218.24 218.30 218.43 218.63 218.91 219.28 219.73 220.28 220.92 221.66 222.51 223.46 224.52 225.70 226.99 228.41 229.94 231.60 233.39 235.30 237.35 239.53 241.85 244.31 246.90 249.64 252.51 255.53 258.69 261.98 265.42 268.99 272.69 276.53 280.50 284.58 288.78 293.09 297.51 302.01 306.59 311.24 315.94 320.68 325.43 330.18 334.89 339.53 344.08 348.49 352.71 356.69 360.36 363.64 366.44 368.65 370.12 370.69 370.18 368.37 326.30 321.25 314.07 267.30 219.77 172.85 128.88 44.33 0.00 0.00 0.00 
0.00 0.00 0.00 88.84 132.85 154.60 176.26 197.86 197.59 219.14 218.92 218.73 218.59 218.49 218.43 218.44 218.51 218.65 218.86 219.15 219.52 219.98 220.54 221.19 221.94 222.79 223.75 224.82 226.00 227.29 228.71 230.25 231.91 233.70 235.62 237.67 239.86 242.18 244.63 247.23 249.96 252.84 255.85 259.00 262.29 265.72 269.29 272.98 276.81 280.76 284.83 289.01 293.30 297.69 302.17 306.72 311.33 315.99 320.68 325.37 330.06 334.69 339.26 343.71 348.00 352.09 355.92 359.41 362.49 365.05 366.97 368.12 368.34 367.42 365.14 361.25 355.43 308.95 298.40 248.38 198.47 151.18 85.21 0.00 0.00 0.00 
0.00 0.00 0.00 88.91 132.94 154.70 176.37 197.97 197.71 219.27 219.05 218.87 218.73 218.63 218.58 218.60 218.67 218.82 219.04 219.33 219.71 220.18 220.74 221.39 222.15 223.01 223.97 225.04 226.23 227.53 228.95 230.49 232.16 233.95 235.87 237.92 240.11 242.43 244.89 247.48 250.22 253.09 256.10 259.25 262.54 265.96 269.52 273.21 277.02 280.96 285.02 289.19 293.46 297.83 302.28 306.81 311.39 316.02 320.67 325.32 329.96 334.54 339.03 343.40 347.61 351.60 355.30 358.66 361.57 363.94 365.65 366.56 366.49 365.26 362.63 358.33 352.08 305.09 294.08 243.67 194.00 146.70 81.07 0.00 0.00 0.00 
0.00 0.00 0.00 111.14 133.02 176.76 176.45 198.05 219.62 219.36 219.14 218.96 218.82 218.73 218.69 218.70 218.79 218.94 219.16 219.46 219.85 220.32 220.88 221.54 222.30 223.16 224.12 225.20 226.39 227.69 229.12 230.66 232.33 234.12 236.05 238.10 240.29 242.61 245.07 247.66 250.39 253.26 256.27 259.42 262.71 266.12 269.68 273.36 277.17 281.10 285.15 289.31 293.57 297.93 302.37 306.87 311.44 316.04 320.66 325.29 329.88 334.42 338.87 343.19 347.33 351.25 354.87 358.12 360.92 363.17 364.73 365.47 365.22 363.78 360.93 356.35 349.74 340.70 291.14 240.05 223.29 143.22 101.35 0.00 0.00 0.00 
0.00 0.00 0.00 111.16 133.05 176.79 187.45 198.09 219.66 219.40 219.19 219.01 229.74 229.65 229.61 229.63 229.71 229.87 230.11 230.42 230.83 231.32 231.92 232.61 233.40 234.31 235.32 236.45 237.70 239.07 240.56 242.19 243.94 245.82 247.84 250.00 252.29 254.73 257.31 260.04 262.91 265.92 269.08 272.38 275.83 279.42 283.15 287.02 291.02 295.15 299.40 303.77 308.24 312.82 317.48 322.21 327.00 331.84 336.69 341.55 346.37 351.14 355.81 360.35 364.71 368.82 372.64 376.06 379.02 381.39 383.06 383.87 383.65 382.20 360.10 355.41 348.67 339.54 289.77 238.38 221.38 170.93 100.20 0.00 0.00 0.00 
0.00 0.00 0.00 111.16 133.04 176.78 187.44 198.09 219.65 219.40 219.18 219.00 229.74 229.65 229.61 229.63 229.72 229.88 230.11 230.43 230.83 231.33 231.92 232.62 233.41 234.32 235.33 236.46 237.71 239.08 240.57 242.20 243.95 245.83 247.85 250.01 252.30 254.74 257.32 260.05 262.92 265.93 269.09 272.39 275.84 279.43 283.16 287.03 291.03 295.16 299.41 303.78 308.25 312.82 317.48 322.21 327.00 331.84 336.69 341.54 346.37 351.14 355.81 360.35 364.70 368.82 372.63 376.06 379.02 381.40 383.08 383.90 383.70 382.27 360.19 355.54 348.84 339.76 290.04 238.70 221.76 171.32 100.56 0.00 0.00 0.00 
0.00 0.00 0.00 111.12 133.00 176.74 176.43 198.04 219.60 219.35 219.13 218.95 218.82 218.73 218.69 218.71 218.79 218.95 219.17 219.48 219.86 220.34 220.90 221.56 222.32 223.18 224.15 225.23 226.42 227.72 229.14 230.69 232.36 234.15 236.08 238.13 240.32 242.64 245.10 247.69 250.42 253.29 256.30 259.45 262.73 266.15 269.71 273.39 277.20 281.13 285.17 289.33 293.59 297.94 302.38 306.88 311.44 316.04 320.66 325.28 329.87 334.41 338.86 343.17 347.32 351.23 354.86 358.12 360.93 363.19 364.78 365.55 365.35 363.98 361.20 356.73 350.25 341.36 291.96 241.00 224.43 144.33 102.37 0.00 0.00 0.00 
0.00 0.00 0.00 88.88 132.91 154.67 176.34 197.95 197.68 219.25 219.04 218.86 218.72 218.63 218.59 218.61 218.69 218.83 219.06 219.36 219.74 220.21 220.77 221.43 222.19 223.05 224.01 225.09 226.27 227.58 229.00 230.54 232.21 234.00 235.92 237.98 240.16 242.48 244.94 247.53 250.27 253.14 256.15 259.30 262.58 266.01 269.56 273.25 277.06 281.00 285.06 289.22 293.49 297.86 302.30 306.82 311.40 316.02 320.67 325.32 329.94 334.52 339.01 343.38 347.58 351.57 355.28 358.64 361.57 363.97 365.72 366.68 366.69 365.57 363.07 358.94 352.90 306.12 295.40 245.23 195.75 148.53 82.49 0.00 0.00 0.00 
0.00 0.00 0.00 88.80 132.81 154.56 176.22 197.82 197.56 219.12 218.91 218.72 218.58 218.49 218.44 218.45 218.53 218.67 218.89 219.18 219.56 220.03 220.59 221.24 221.99 222.85 223.81 224.88 226.06 227.36 228.78 230.32 231.98 233.77 235.69 237.75 239.93 242.25 244.71 247.30 250.04 252.91 255.92 259.07 262.36 265.79 269.35 273.04 276.87 280.81 284.88 289.06 293.34 297.73 302.19 306.74 311.34 316.00 320.68 325.36 330.04 334.67 339.22 343.67 347.96 352.05 355.88 359.38 362.47 365.07 367.04 368.27 368.58 367.80 365.71 362.04 356.51 310.32 300.18 250.49 200.84 153.64 87.02 0.00 0.00 0.00 
0.00 0.00 0.00 44.37 110.61 132.41 154.13 175.78 197.39 197.16 196.96 218.54 218.40 218.30 218.25 218.26 218.32 218.46 218.67 218.96 219.33 219.79 220.34 220.99 221.73 222.58 223.54 224.61 225.78 227.08 228.49 230.03 231.69 233.48 235.40 237.45 239.63 241.95 244.40 247.00 249.73 252.61 255.62 258.78 262.07 265.50 269.07 272.78 276.61 280.57 284.65 288.84 293.15 297.55 302.05 306.62 311.26 315.95 320.68 325.42 330.15 334.85 339.49 344.03 348.43 352.65 356.63 360.31 363.61 366.44 368.70 370.25 370.95 370.60 369.01 327.18 322.47 315.71 269.32 222.14 175.48 131.54 45.42 0.00 0.00 0.00 
0.00 0.00 0.00 0.00 88.42 132.25 153.96 175.60 175.37 196.96 196.77 196.59 196.46 196.37 196.32 196.32 196.38 196.50 196.69 196.94 197.27 197.68 198.18 198.76 199.43 200.19 201.05 202.00 203.06 204.22 205.49 206.88 208.37 209.98 211.70 213.54 215.51 217.59 219.80 222.14 224.60 227.19 229.90 232.75 235.71 238.81 242.02 245.36 248.81 252.38 256.06 259.85 263.73 267.71 271.77 275.90 280.09 284.34 288.61 292.91 297.20 301.47 305.69 309.82 313.85 317.72 321.38 324.79 327.88 330.56 332.75 334.34 335.20 335.18 334.11 331.71 327.77 283.61 275.97 229.34 183.01 109.81 0.00 0.00 0.00 0.00 
0.00 0.00 0.00 0.00 0.00 88.07 131.83 153.53 153.33 174.95 174.77 174.62 185.36 185.27 185.22 185.22 185.27 185.37 185.54 185.77 186.08 186.46 186.92 187.46 188.09 188.80 189.61 190.51 191.50 192.60 193.79 195.09 196.50 198.01 199.64 201.38 203.23 205.20 207.29 209.49 211.82 214.27 216.83 219.52 222.33 225.25 228.30 231.46 234.73 238.11 241.60 245.19 248.88 252.66 256.52 260.45 264.44 268.49 272.57 276.68 280.79 284.89 288.95 292.95 296.85 300.63 304.24 307.63 310.74 313.51 315.85 317.67 318.85 319.27 299.46 297.89 295.03 252.24 246.27 201.86 125.43 28.79 0.00 0.00 0.00 0.00 
0.00 0.00 0.00 0.00 0.00 43.99 87.82 131.45 131.29 152.93 152.78 174.38 174.25 174.16 174.10 174.09 174.13 174.22 174.36 174.58 174.86 175.21 175.63 176.13 176.72 177.38 178.13 178.97 179.91 180.93 182.05 183.27 184.59 186.01 187.54 189.17 190.91 192.77 194.73 196.80 198.99 201.30 203.72 206.25 208.89 211.66 214.53 217.51 220.61 223.80 227.10 230.50 234.00 237.58 241.24 244.97 248.77 252.62 256.51 260.43 264.37 268.30 272.21 276.08 279.87 283.56 287.12 290.50 293.65 296.52 299.03 301.09 302.61 303.48 303.61 264.06 262.23 220.84 216.52 137.10 64.71 0.00 0.00 0.00 0.00 0.00 
0.00 0.00 0.00 0.00 0.00 0.00 21.93 87.55 109.27 130.94 130.80 130.67 152.29 152.20 152.15 152.12 152.15 152.22 152.34 152.52 152.75 153.05 153.42 153.85 154.35 154.93 155.58 156.31 157.12 158.01 158.99 160.05 161.20 162.45 163.78 165.20 166.73 168.35 170.06 171.88 173.79 175.81 177.93 180.15 182.47 184.89 187.41 190.03 192.75 195.56 198.46 201.45 204.52 207.68 210.91 214.20 217.55 220.96 224.41 227.89 231.39 234.89 238.39 241.86 245.28 248.63 251.87 254.99 257.94 260.68 263.13 265.24 266.92 268.06 229.94 229.68 228.67 188.44 148.11 0.00 0.00 0.00 0.00 0.00 0.00 0.00 
0.00 0.00 0.00 0.00 0.00 0.00 0.00 0.00 43.67 87.21 87.11 108.75 108.66 108.58 108.53 108.51 108.51 108.56 108.64 108.76 108.92 109.13 109.39 109.69 110.05 110.46 110.92 111.43 112.01 112.64 113.34 114.09 114.91 115.80 116.74 117.76 118.85 120.00 121.23 122.52 123.89 125.33 126.85 128.44 130.10 131.83 133.63 135.51 137.46 139.48 141.56 143.71 145.92 148.18 150.51 152.88 155.30 157.76 160.25 162.77 165.31 167.86 170.41 172.94 175.45 177.93 180.34 182.69 184.93 187.04 188.99 190.72 192.19 193.31 194.00 155.25 154.54 76.38 0.00 0.00 0.00 0.00 0.00 0.00 0.00 0.00 
0.00 0.00 0.00 0.00 0.00 0.00 0.00 0.00 0.00 0.00 0.00 0.00 21.74 21.73 21.73 21.73 21.73 21.74 21.76 21.78 21.82 21.86 21.91 21.97 22.05 22.13 22.22 22.33 22.44 22.57 22.71 22.86 23.02 23.20 23.39 23.60 23.81 24.04 24.29 24.55 24.82 25.11 25.41 25.73 26.06 26.41 26.77 27.14 27.53 27.93 28.35 28.78 29.21 29.67 30.13 30.60 31.08 31.57 32.06 32.56 33.06 33.56 34.06 34.56 35.05 35.53 36.00 36.45 36.87 37.27 37.63 37.94 38.19 38.34 0.00 0.00 0.00 0.00 0.00 0.00 0.00 0.00 0.00 0.00 0.00 0.00 
0.00 0.00 0.00 0.00 0.00 0.00 0.00 0.00 0.00 0.00 0.00 0.00 0.00 0.00 0.00 0.00 0.00 0.00 0.00 0.00 0.00 0.00 0.00 0.00 0.00 0.00 0.00 0.00 0.00 0.00 0.00 0.00 0.00 0.00 0.00 0.00 0.00 0.00 0.00 0.00 0.00 0.00 0.00 0.00 0.00 0.00 0.00 0.00 0.00 0.00 0.00 0.00 0.00 0.00 0.00 0.00 0.00 0.00 0.00 0.00 0.00 0.00 0.00 0.00 0.00 0.00 0.00 0.00 0.00 0.00 0.00 0.00 0.00 0.00 0.00 0.00 0.00 0.00 0.00 0.00 0.00 0.00 0.00 0.00 0.00 0.00 
0.00 0.00 0.00 0.00 0.00 0.00 0.00 0.00 0.00 0.00 0.00 0.00 0.00 0.00 0.00 0.00 0.00 0.00 0.00 0.00 0.00 0.00 0.00 0.00 0.00 0.00 0.00 0.00 0.00 0.00 0.00 0.00 0.00 0.00 0.00 0.00 0.00 0.00 0.00 0.00 0.00 0.00 0.00 0.00 0.00 0.00 0.00 0.00 0.00 0.00 0.00 0.00 0.00 0.00 0.00 0.00 0.00 0.00 0.00 0.00 0.00 0.00 0.00 0.00 0.00 0.00 0.00 0.00 0.00 0.00 0.00 0.00 0.00 0.00 0.00 0.00 0.00 0.00 0.00 0.00 0.00 0.00 0.00 0.00 0.00 0.00 
0.00 0.00 0.00 0.00 0.00 0.00 0.00 0.00 0.00 0.00 0.00 0.00 0.00 0.00 0.00 0.00 0.00 0.00 0.00 0.00 0.00 0.00 0.00 0.00 0.00 0.00 0.00 0.00 0.00 0.00 0.00 0.00 0.00 0.00 0.00 0.00 0.00 0.00 0.00 0.00 0.00 0.00 0.00 0.00 0.00 0.00 0.00 0.00 0.00 0.00 0.00 0.00 0.00 0.00 0.00 0.00 0.00 0.00 0.00 0.00 0.00 0.00 0.00 0.00 0.00 0.00 0.00 0.00 0.00 0.00 0.00 0.00 0.00 0.00 0.00 0.00 0.00 0.00 0.00 0.00 0.00 0.00 0.00 0.00 0.00 0.00 
