0.00 0.00 0.00 0.00 0.00 0.00 0.00 0.00 0.00 0.00 0.00 0.00 0.00 0.00 0.00 0.00 0.00 0.00 0.00 0.00 0.00 0.00 0.00 0.00 0.00 0.00 0.00 0.00 0.00 0.00 0.00 0.00 0.00 0.00 0.00 0.00 0.00 0.00 0.00 0.00 0.00 0.00 0.00 0.00 0.00 0.00 0.00 0.00 0.00 0.00 0.00 0.00 0.00 0.00 0.00 0.00 0.00 0.00 0.00 0.00 0.00 0.00 0.00 0.00 0.00 0.00 0.00 0.00 0.00 0.00 0.00 0.00 0.00 0.00 0.00 0.00 0.00 0.00 0.00 0.00 0.00 0.00 0.00 0.00 0.00 0.00 
0.00 0.00 0.00 0.00 0.00 0.00 0.00 0.00 0.00 0.00 0.00 0.00 0.00 0.00 0.00 0.00 0.00 0.00 0.00 0.00 0.00 0.00 0.00 0.00 0.00 0.00 0.00 0.00 0.00 0.00 0.00 0.00 0.00 0.00 0.00 0.00 0.00 0.00 0.00 0.00 0.00 0.00 0.00 0.00 0.00 0.00 0.00 0.00 0.00 0.00 0.00 0.00 0.00 0.00 0.00 0.00 0.00 0.00 0.00 0.00 0.00 0.00 0.00 0.00 0.00 0.00 0.00 0.00 0.00 0.00 0.00 0.00 0.00 0.00 0.00 0.00 0.00 0.00 0.00 0.00 0.00 0.00 0.00 0.00 0.00 0.00 
0.00 0.00 0.00 0.00 0.00 0.00 0.00 0.00 0.00 0.00 0.00 0.00 0.00 0.00 0.00 0.00 0.00 0.00 0.00 0.00 0.00 0.00 0.00 0.00 0.00 0.00 0.00 0.00 0.00 0.00 0.00 0.00 0.00 0.00 0.00 0.00 0.00 0.00 0.00 0.00 0.00 0.00 0.00 0.00 0.00 0.00 0.00 0.00 0.00 0.00 0.00 0.00 0.00 0.00 0.00 0.00 0.00 0.00 0.00 0.00 0.00 0.00 0.00 0.00 0.00 0.00 0.00 0.00 0.00 0.00 0.00 0.00 0.00 0.00 0.00 0.00 0.00 0.00 0.00 0.00 0.00 0.00 0.00 0.00 0.00 0.00 
0.00 0.00 0.00 0.00 0.00 0.00 0.00 0.00 221.52 441.56 440.08 547.36 544.81 541.95 538.90 535.72 532.44 529.07 525.62 522.09 518.50 514.84 511.10 507.29 503.41 499.45 495.41 491.28 487.06 482.74 478.32 473.78 469.13 464.35 459.43 454.37 449.15 443.76 438.18 432.41 426.43 420.22 413.76 407.04 400.02 392.70 385.03 377.00 368.56 359.68 350.32 340.42 329.95 318.82 306.98 294.36 280.88 266.48 251.11 234.77 217.52 199.50 180.99 162.36 144.07 126.61 110.42 95.81 82.98 71.96 62.66 54.93 48.60 43.53 39.68 28.95 27.43 13.16 0.00 0.00 0.00 0.00 0.00 0.00 0.00 0.00 
0.00 0.00 0.00 0.00 0.00 0.00 0.00 445.44 554.78 662.75 660.00 656.86 653.58 650.10 646.45 642.65 638.73 634.70 630.56 626.34 622.03 617.63 613.14 608.55 603.88 599.11 594.24 589.26 584.17 578.95 573.61 568.13 562.51 556.73 550.78 544.65 538.33 531.80 525.05 518.05 510.80 503.26 495.43 487.27 478.75 469.85 460.54 450.78 440.53 429.74 418.37 406.37 393.67 380.20 365.91 350.72 334.56 317.39 299.17 279.93 259.76 238.84 217.47 196.05 175.04 154.94 136.20 119.16 104.01 90.81 79.51 69.97 62.00 55.41 50.02 45.52 42.05 32.50 24.70 0.00 0.00 0.00 0.00 0.00 0.00 0.00 
0.00 0.00 0.00 0.00 0.00 224.91 448.37 668.94 666.18 773.39 769.93 875.37 871.08 866.49 861.65 856.62 851.41 846.06 840.56 834.93 829.19 823.31 817.32 811.20 804.95 798.58 792.06 785.39 778.58 771.60 764.44 757.10 749.56 741.81 733.83 725.61 717.12 708.35 699.28 689.89 680.14 670.02 659.48 648.50 637.05 625.08 612.55 599.42 585.62 571.11 555.83 539.70 522.64 504.60 485.47 465.20 443.70 420.93 396.89 371.62 345.26 318.06 290.38 262.69 235.56 209.55 185.20 162.92 142.95 125.40 110.22 97.26 86.33 77.22 69.74 55.62 50.93 40.27 37.49 23.42 11.42 0.00 0.00 0.00 0.00 0.00 
0.00 0.00 0.00 0.00 0.00 450.57 672.60 780.92 777.47 883.98 879.87 875.45 925.23 920.36 915.23 909.90 904.38 898.70 892.86 886.89 880.78 874.54 868.16 861.64 854.99 848.19 841.24 834.13 826.85 819.40 811.75 803.91 795.85 787.56 779.02 770.23 761.14 751.75 742.04 731.97 721.52 710.67 699.37 687.59 675.30 662.46 649.02 634.92 620.12 604.57 588.18 570.91 552.68 533.41 513.04 491.51 468.75 444.75 419.52 393.13 365.74 337.60 309.07 280.60 252.71 225.94 200.78 177.61 156.69 138.13 121.91 107.92 95.99 85.96 73.04 65.98 60.19 48.54 44.86 35.90 22.59 5.54 0.00 0.00 0.00 0.00 
0.00 0.00 0.00 0.00 453.37 676.40 785.10 892.69 888.64 994.53 989.84 984.86 979.69 974.40 968.92 963.25 957.40 951.38 945.20 938.88 932.40 925.79 919.02 912.11 905.05 897.83 890.45 882.90 875.16 867.24 859.11 850.77 842.19 833.37 824.28 814.91 805.24 795.24 784.88 774.15 763.01 751.43 739.38 726.82 713.71 700.01 685.67 670.63 654.85 638.26 620.81 602.42 583.03 562.58 540.99 518.21 494.21 468.97 442.52 414.96 386.45 357.24 327.70 298.26 269.44 241.75 215.66 191.54 169.66 150.11 132.90 117.92 105.01 93.93 84.36 76.26 69.51 56.96 52.50 42.79 34.36 21.87 0.00 0.00 0.00 0.00 
0.00 0.00 0.00 227.91 567.15 677.01 785.58 893.06 999.58 994.79 989.88 1094.00 1088.43 1082.57 1076.47 1070.16 1063.65 1056.96 1050.10 1043.07 1035.88 1028.52 1021.00 1013.32 1005.46 997.43 989.22 980.81 972.20 963.38 954.33 945.03 935.48 925.65 915.52 905.08 894.29 883.14 871.60 859.63 847.21 834.30 820.85 806.84 792.22 776.93 760.93 744.17 726.57 708.08 688.63 668.16 646.58 623.84 599.86 574.59 548.00 520.08 490.87 460.47 429.07 396.95 364.48 332.15 300.49 270.06 241.35 214.77 190.59 168.93 149.80 133.09 118.64 106.25 95.76 78.89 71.60 65.41 53.89 43.80 34.98 27.41 10.69 0.00 0.00 0.00 
0.00 0.00 0.00 456.26 680.75 789.95 897.85 1004.65 999.86 1105.10 1099.78 1094.15 1088.40 1082.46 1076.32 1069.99 1063.48 1056.79 1049.92 1042.89 1035.69 1028.33 1020.80 1013.10 1005.23 997.19 988.95 980.52 971.89 963.03 953.95 944.62 935.03 925.15 914.98 904.49 893.65 882.44 870.83 858.80 846.30 833.31 819.79 805.69 790.98 775.60 759.50 742.63 724.93 706.35 686.81 666.25 644.61 621.83 597.85 572.63 546.14 518.40 489.46 459.41 428.45 396.85 364.97 333.26 302.22 272.34 244.11 217.89 193.94 172.39 153.23 136.39 121.72 109.02 98.06 88.55 80.58 66.91 61.40 50.70 41.35 33.28 21.21 0.00 0.00 0.00 
0.00 0.00 0.00 456.79 681.13 790.23 898.13 1004.88 1000.01 1105.22 1099.83 1094.19 1088.37 1082.38 1076.21 1069.86 1063.34 1056.64 1049.77 1042.74 1035.54 1028.17 1020.64 1012.93 1005.05 996.99 988.74 980.29 971.64 962.76 953.65 944.29 934.67 924.76 914.56 904.02 893.14 881.89 870.23 858.14 845.59 832.54 818.96 804.79 790.01 774.55 758.38 741.43 723.66 705.00 685.39 664.78 643.10 620.29 596.32 571.15 544.75 517.16 488.42 458.65 428.04 396.84 365.41 334.16 303.58 274.12 246.24 220.29 196.51 175.03 155.86 138.92 124.08 111.16 99.94 90.26 82.01 68.16 62.39 51.47 41.93 33.62 21.16 0.00 0.00 0.00 
0.00 0.00 0.00 570.95 681.49 902.73 898.35 1005.03 1110.73 1105.38 1099.88 1094.18 1088.31 1082.29 1076.10 1069.75 1063.23 1056.53 1049.66 1042.63 1035.42 1028.06 1020.52 1012.81 1004.92 996.85 988.59 980.13 971.46 962.57 953.44 944.06 934.42 924.49 914.25 903.69 892.78 881.49 869.80 857.68 845.09 831.99 818.36 804.15 789.31 773.81 757.58 740.58 722.76 704.05 684.40 663.74 642.03 619.22 595.26 570.12 543.79 516.31 487.72 458.15 427.78 396.87 365.75 334.84 304.57 275.40 247.76 221.99 198.32 176.89 157.70 140.70 125.76 112.68 101.27 91.41 82.94 75.71 63.08 52.01 48.09 33.85 26.56 0.00 0.00 0.00 
0.00 0.00 0.00 571.10 681.62 902.78 954.24 1005.11 1110.75 1105.41 1099.87 1094.14 1142.40 1136.21 1129.79 1123.15 1116.32 1109.30 1102.10 1094.72 1087.17 1079.43 1071.52 1063.43 1055.15 1046.68 1038.01 1029.13 1020.02 1010.69 1001.10 991.26 981.13 970.70 959.96 948.87 937.41 925.56 913.29 900.55 887.33 873.59 859.27 844.35 828.78 812.50 795.46 777.62 758.91 739.27 718.64 696.97 674.18 650.24 625.10 598.71 571.09 542.24 512.24 481.21 449.33 416.87 384.19 351.71 319.91 289.26 260.20 233.11 208.23 185.71 165.57 147.76 132.16 118.62 102.01 92.03 83.47 76.17 63.46 52.30 48.30 39.55 26.59 0.00 0.00 0.00 
0.00 0.00 0.00 571.05 681.57 902.72 954.18 1005.06 1110.69 1105.35 1099.81 1094.08 1142.35 1136.16 1129.74 1123.11 1116.28 1109.27 1102.07 1094.69 1087.14 1079.41 1071.50 1063.41 1055.13 1046.66 1037.99 1029.11 1020.01 1010.67 1001.08 991.24 981.11 970.68 959.93 948.84 937.38 925.53 913.25 900.52 887.29 873.54 859.23 844.30 828.72 812.44 795.40 777.56 758.85 739.21 718.58 696.91 674.13 650.19 625.05 598.68 571.07 542.24 512.25 481.23 449.37 416.94 384.27 351.81 320.02 289.38 260.33 233.24 208.36 185.83 165.68 147.86 132.26 118.71 102.08 92.09 83.52 76.21 63.49 52.32 48.31 39.56 26.60 0.00 0.00 0.00 
0.00 0.00 0.00 570.81 681.33 902.55 898.18 1004.86 1110.55 1105.20 1099.71 1094.02 1088.15 1082.13 1075.96 1069.62 1063.10 1056.42 1049.56 1042.54 1035.34 1027.98 1020.45 1012.75 1004.86 996.79 988.54 980.07 971.40 962.51 953.38 944.00 934.35 924.41 914.17 903.61 892.69 881.39 869.70 857.56 844.96 831.86 818.22 804.00 789.16 773.64 757.41 740.40 722.57 703.86 684.21 663.56 641.87 619.07 595.12 570.01 543.72 516.28 487.74 458.23 427.92 397.06 366.00 335.13 304.90 275.77 248.15 222.38 198.71 177.26 158.05 141.03 126.05 112.94 101.49 91.59 83.10 75.83 63.17 52.07 48.14 33.87 26.58 0.00 0.00 0.00 
0.00 0.00 0.00 456.59 680.87 789.95 897.84 1004.59 999.73 1104.93 1099.54 1093.91 1088.10 1082.12 1075.97 1069.64 1063.14 1056.46 1049.61 1042.59 1035.41 1028.05 1020.53 1012.83 1004.96 996.90 988.65 980.20 971.55 962.67 953.55 944.19 934.56 924.64 914.43 903.88 892.99 881.72 870.05 857.95 845.39 832.32 818.72 804.54 789.74 774.27 758.09 741.13 723.35 704.69 685.08 664.47 642.81 620.03 596.09 570.96 544.63 517.11 488.45 458.78 428.26 397.16 365.83 334.67 304.15 274.75 246.90 220.95 197.17 175.66 156.45 139.47 124.58 111.60 100.32 90.57 82.26 68.35 62.53 51.58 42.00 33.66 21.19 0.00 0.00 0.00 
0.00 0.00 0.00 456.01 680.41 789.58 897.46 1004.25 999.47 1104.69 1099.38 1093.76 1088.02 1082.10 1075.98 1069.68 1063.20 1056.53 1049.69 1042.69 1035.51 1028.17 1020.65 1012.97 1005.11 997.06 988.83 980.40 971.76 962.90 953.81 944.47 934.87 924.99 914.80 904.29 893.44 882.21 870.59 858.53 846.02 833.00 819.46 805.34 790.61 775.20 759.09 742.20 724.49 705.90 686.36 665.81 644.19 621.45 597.51 572.35 545.95 518.31 489.48 459.57 428.75 397.30 365.56 333.98 303.04 273.24 245.06 218.85 194.89 173.30 154.09 137.19 122.43 109.64 98.59 88.98 80.93 67.17 61.60 50.84 41.44 33.34 21.25 0.00 0.00 0.00 
0.00 0.00 0.00 227.76 566.78 676.60 785.13 892.59 999.08 994.31 989.40 1093.49 1087.93 1082.09 1076.02 1069.75 1063.29 1056.64 1049.81 1042.82 1035.65 1028.32 1020.82 1013.14 1005.30 997.27 989.06 980.66 972.04 963.21 954.15 944.85 935.28 925.43 915.29 904.83 894.02 882.85 871.28 859.29 846.84 833.90 820.43 806.39 791.74 776.42 760.40 743.61 725.99 707.49 688.04 667.58 646.02 623.31 599.39 574.20 547.72 519.93 490.87 460.65 429.45 397.52 365.25 333.09 301.58 271.26 242.61 216.05 191.85 170.14 150.94 134.14 119.58 107.08 96.46 79.43 72.03 65.74 54.13 43.96 35.08 27.47 10.71 0.00 0.00 0.00 
0.00 0.00 0.00 0.00 453.02 675.90 784.56 892.13 888.10 993.95 989.25 984.26 979.10 973.83 968.39 962.78 956.98 951.01 944.88 938.59 932.15 925.56 918.82 911.92 904.87 897.66 890.28 882.72 874.99 867.05 858.91 850.56 841.97 833.13 824.02 814.63 804.93 794.90 784.52 773.75 762.58 750.97 738.89 726.30 713.15 699.42 685.04 669.98 654.17 637.57 620.10 601.72 582.35 561.93 540.40 517.71 493.82 468.74 442.47 415.12 386.85 357.89 328.59 299.38 270.75 243.20 217.19 193.10 171.19 151.59 134.29 119.20 106.16 94.94 85.20 76.92 70.03 57.32 52.78 42.97 34.48 21.93 0.00 0.00 0.00 0.00 
0.00 0.00 0.00 0.00 0.00 450.13 672.03 780.34 776.92 883.36 879.23 874.78 924.50 919.67 914.61 909.34 903.90 898.28 892.50 886.57 880.50 874.29 867.93 861.43 854.79 848.00 841.05 833.94 826.65 819.19 811.53 803.67 795.59 787.28 778.72 769.90 760.79 751.37 741.62 731.52 721.03 710.14 698.80 686.98 674.65 661.77 648.28 634.15 619.32 603.74 587.34 570.06 551.84 532.61 512.30 490.85 468.23 444.40 419.38 393.25 366.15 338.33 310.11 281.93 254.29 227.70 202.65 179.52 158.57 139.93 123.60 109.48 97.42 87.21 74.01 66.72 60.75 48.92 45.14 36.08 22.68 5.56 0.00 0.00 0.00 0.00 
0.00 0.00 0.00 0.00 0.00 224.62 447.83 668.42 665.67 772.77 769.27 874.55 870.18 865.66 860.93 856.00 850.88 845.60 840.17 834.60 828.89 823.05 817.08 810.98 804.74 798.37 791.85 785.18 778.36 771.37 764.20 756.84 749.28 741.50 733.49 725.24 716.73 707.92 698.82 689.38 679.59 669.42 658.84 647.81 636.31 624.29 611.71 598.53 584.70 570.15 554.84 538.69 521.64 503.62 484.55 464.36 443.00 420.42 396.62 371.66 345.65 318.84 291.56 264.25 237.43 211.67 187.46 165.21 145.20 127.55 112.23 99.14 88.07 78.78 70.91 56.38 51.50 40.63 37.76 23.55 11.47 0.00 0.00 0.00 0.00 0.00 
0.00 0.00 0.00 0.00 0.00 0.00 111.74 445.25 554.36 662.17 659.37 656.14 761.32 757.51 753.42 749.13 744.66 740.04 735.29 730.42 725.43 720.33 715.11 709.79 704.35 698.79 693.11 687.30 681.35 675.26 669.02 662.61 656.04 649.27 642.31 635.14 627.74 620.09 612.18 603.99 595.49 586.67 577.49 567.92 557.95 547.53 536.63 525.20 513.21 500.59 487.31 473.29 458.48 442.80 426.17 408.53 389.81 369.94 348.91 326.74 303.54 279.49 254.92 230.26 206.02 182.74 160.95 141.04 123.26 107.73 94.41 83.17 73.84 66.26 51.04 46.25 42.58 32.82 24.90 0.00 0.00 0.00 0.00 0.00 0.00 0.00 
0.00 0.00 0.00 0.00 0.00 0.00 0.00 0.00 221.34 441.14 439.62 546.70 544.02 541.23 538.29 535.21 532.01 528.71 525.32 521.84 518.28 514.64 510.92 507.13 503.25 499.29 495.25 491.12 486.89 482.56 478.13 473.58 468.91 464.10 459.17 454.08 448.83 443.41 437.80 432.00 425.98 419.73 413.23 406.47 399.41 392.04 384.33 376.25 367.77 358.85 349.46 339.54 329.05 317.94 306.13 293.57 280.20 265.96 250.80 234.74 217.81 200.17 182.04 163.77 145.78 128.53 112.45 97.86 84.96 73.81 64.38 56.53 50.09 44.88 40.58 29.45 27.82 13.32 0.00 0.00 0.00 0.00 0.00 0.00 0.00 0.00 
0.00 0.00 0.00 0.00 0.00 0.00 0.00 0.00 0.00 0.00 0.00 0.00 108.40 108.05 107.55 106.98 106.36 105.71 105.04 104.34 103.63 102.91 102.16 101.40 100.62 99.83 99.02 98.19 97.34 96.47 95.58 94.67 93.73 92.76 91.77 90.74 89.69 88.59 87.47 86.30 85.08 83.82 82.51 81.15 79.72 78.24 76.68 75.05 73.34 71.53 69.64 67.63 65.51 63.27 60.89 58.37 55.69 52.85 49.84 46.67 43.36 39.93 36.43 32.92 29.47 26.16 23.05 20.20 17.66 15.44 13.55 11.99 10.79 10.03 0.00 0.00 0.00 0.00 0.00 0.00 0.00 0.00 0.00 0.00 0.00 0.00 
0.00 0.00 0.00 0.00 0.00 0.00 0.00 0.00 0.00 0.00 0.00 0.00 0.00 0.00 0.00 0.00 0.00 0.00 0.00 0.00 0.00 0.00 0.00 0.00 0.00 0.00 0.00 0.00 0.00 0.00 0.00 0.00 0.00 0.00 0.00 0.00 0.00 0.00 0.00 0.00 0.00 0.00 0.00 0.00 0.00 0.00 0.00 0.00 0.00 0.00 0.00 0.00 0.00 0.00 0.00 0.00 0.00 0.00 0.00 0.00 0.00 0.00 0.00 0.00 0.00 0.00 0.00 0.00 0.00 0.00 0.00 0.00 0.00 0.00 0.00 0.00 0.00 0.00 0.00 0.00 0.00 0.00 0.00 0.00 0.00 0.00 
0.00 0.00 0.00 0.00 0.00 0.00 0.00 0.00 0.00 0.00 0.00 0.00 0.00 0.00 0.00 0.00 0.00 0.00 0.00 0.00 0.00 0.00 0.00 0.00 0.00 0.00 0.00 0.00 0.00 0.00 0.00 0.00 0.00 0.00 0.00 0.00 0.00 0.00 0.00 0.00 0.00 0.00 0.00 0.00 0.00 0.00 0.00 0.00 0.00 0.00 0.00 0.00 0.00 0.00 0.00 0.00 0.00 0.00 0.00 0.00 0.00 0.00 0.00 0.00 0.00 0.00 0.00 0.00 0.00 0.00 0.00 0.00 0.00 0.00 0.00 0.00 0.00 0.00 0.00 0.00 0.00 0.00 0.00 0.00 0.00 0.00 
0.00 0.00 0.00 0.00 0.00 0.00 0.00 0.00 0.00 0.00 0.00 0.00 0.00 0.00 0.00 0.00 0.00 0.00 0.00 0.00 0.00 0.00 0.00 0.00 0.00 0.00 0.00 0.00 0.00 0.00 0.00 0.00 0.00 0.00 0.00 0.00 0.00 0.00 0.00 0.00 0.00 0.00 0.00 0.00 0.00 0.00 0.00 0.00 0.00 0.00 0.00 0.00 0.00 0.00 0.00 0.00 0.00 0.00 0.00 0.00 0.00 0.00 0.00 0.00 0.00 0.00 0.00 0.00 0.00 0.00 0.00 0.00 0.00 0.00 0.00 0.00 0.00 0.00 0.00 0.00 0.00 0.00 0.00 0.00 0.00 0.00 
