0.00 0.00 0.00 0.00 0.00 0.00 0.00 0.00 0.00 0.00 0.00 0.00 0.00 0.00 0.00 0.00 0.00 0.00 0.00 0.00 0.00 0.00 0.00 0.00 0.00 0.00 0.00 0.00 0.00 0.00 0.00 0.00 0.00 0.00 0.00 0.00 0.00 0.00 0.00 0.00 0.00 0.00 0.00 0.00 0.00 0.00 0.00 0.00 0.00 0.00 0.00 0.00 0.00 0.00 0.00 0.00 0.00 0.00 0.00 0.00 0.00 0.00 0.00 0.00 0.00 0.00 0.00 0.00 0.00 0.00 0.00 0.00 0.00 0.00 0.00 0.00 0.00 0.00 0.00 0.00 0.00 0.00 0.00 0.00 0.00 0.00 
0.00 0.00 0.00 0.00 0.00 0.00 0.00 0.00 0.00 0.00 0.00 0.00 0.00 0.00 0.00 0.00 0.00 0.00 0.00 0.00 0.00 0.00 0.00 0.00 0.00 0.00 0.00 0.00 0.00 0.00 0.00 0.00 0.00 0.00 0.00 0.00 0.00 0.00 0.00 0.00 0.00 0.00 0.00 0.00 0.00 0.00 0.00 0.00 0.00 0.00 0.00 0.00 0.00 0.00 0.00 0.00 0.00 0.00 0.00 0.00 0.00 0.00 0.00 0.00 0.00 0.00 0.00 0.00 0.00 0.00 0.00 0.00 0.00 0.00 0.00 0.00 0.00 0.00 0.00 0.00 0.00 0.00 0.00 0.00 0.00 0.00 
0.00 0.00 0.00 0.00 0.00 0.00 0.00 0.00 0.00 0.00 0.00 0.00 0.00 0.00 0.00 0.00 0.00 0.00 0.00 0.00 0.00 0.00 0.00 0.00 0.00 0.00 0.00 0.00 0.00 0.00 0.00 0.00 0.00 0.00 0.00 0.00 0.00 0.00 0.00 0.00 0.00 0.00 0.00 0.00 0.00 0.00 0.00 0.00 0.00 0.00 0.00 0.00 0.00 0.00 0.00 0.00 0.00 0.00 0.00 0.00 0.00 0.00 0.00 0.00 0.00 0.00 0.00 0.00 0.00 0.00 0.00 0.00 0.00 0.00 0.00 0.00 0.00 0.00 0.00 0.00 0.00 0.00 0.00 0.00 0.00 0.00 
0.00 0.00 0.00 0.00 0.00 0.00 0.00 0.00 198.27 395.45 394.38 490.99 489.15 487.10 484.91 482.64 480.30 477.91 475.47 472.98 470.44 467.87 465.25 462.58 459.87 457.11 454.29 451.42 448.49 445.49 442.42 439.27 436.04 432.72 429.31 425.78 422.15 418.39 414.50 410.47 406.28 401.93 397.39 392.65 387.70 382.52 377.09 371.38 365.37 359.04 352.35 345.27 337.76 329.78 321.27 312.17 302.42 291.94 280.64 268.43 255.21 240.91 225.46 208.90 191.33 173.02 154.39 135.96 118.33 102.04 87.49 74.91 64.35 55.78 49.26 34.66 32.10 15.09 0.00 0.00 0.00 0.00 0.00 0.00 0.00 0.00 
0.00 0.00 0.00 0.00 0.00 0.00 0.00 398.31 496.41 593.52 591.54 589.28 586.92 584.43 581.81 579.10 576.31 573.45 570.52 567.54 564.50 561.40 558.25 555.05 551.78 548.45 545.05 541.59 538.04 534.42 530.71 526.90 523.00 518.98 514.84 510.57 506.17 501.61 496.89 492.00 486.91 481.62 476.10 470.35 464.32 458.02 451.40 444.45 437.13 429.41 421.25 412.62 403.46 393.72 383.35 372.27 360.42 347.71 334.05 319.35 303.53 286.53 268.32 248.96 228.60 207.55 186.23 165.20 145.03 126.29 109.36 94.51 81.78 71.11 62.33 55.01 49.37 36.99 27.46 0.00 0.00 0.00 0.00 0.00 0.00 0.00 
0.00 0.00 0.00 0.00 0.00 200.78 400.47 598.07 596.07 692.65 690.16 785.46 782.38 779.09 775.64 772.05 768.34 764.54 760.65 756.67 752.62 748.49 744.29 740.00 735.63 731.18 726.63 721.99 717.25 712.39 707.42 702.31 697.07 691.68 686.12 680.39 674.48 668.35 662.01 655.43 648.59 641.46 634.04 626.28 618.17 609.67 600.75 591.38 581.50 571.09 560.08 548.43 536.07 522.94 508.96 494.04 478.10 461.04 442.75 423.14 402.13 379.66 355.73 330.45 304.02 276.84 249.40 222.35 196.39 172.13 150.07 130.52 113.59 99.23 87.37 67.64 60.21 46.16 41.77 25.29 12.16 0.00 0.00 0.00 0.00 0.00 
0.00 0.00 0.00 0.00 0.00 402.11 600.78 698.16 695.67 791.75 788.79 785.62 831.16 827.68 824.02 820.21 816.29 812.26 808.13 803.91 799.61 795.21 790.74 786.17 781.52 776.77 771.92 766.96 761.89 756.71 751.39 745.93 740.32 734.55 728.60 722.46 716.12 709.56 702.75 695.69 688.35 680.70 672.72 664.39 655.67 646.53 636.94 626.85 616.22 605.02 593.17 580.63 567.34 553.22 538.20 522.19 505.12 486.89 467.41 446.60 424.40 400.79 375.80 349.54 322.27 294.33 266.23 238.56 211.94 186.97 164.10 143.64 125.73 110.39 91.55 80.56 71.54 56.03 50.29 39.08 23.90 5.79 0.00 0.00 0.00 0.00 
0.00 0.00 0.00 0.00 404.19 603.60 701.25 798.11 795.19 890.82 887.44 883.87 880.17 876.38 872.47 868.43 864.27 860.00 855.63 851.16 846.60 841.94 837.19 832.35 827.41 822.36 817.21 811.94 806.56 801.04 795.38 789.57 783.59 777.45 771.11 764.57 757.81 750.81 743.55 736.02 728.18 720.01 711.49 702.59 693.28 683.51 673.25 662.47 651.11 639.12 626.45 613.05 598.84 583.76 567.73 550.67 532.49 513.13 492.48 470.50 447.13 422.36 396.25 368.94 340.67 311.81 282.83 254.32 226.86 201.02 177.24 155.81 136.84 120.25 105.72 93.30 82.92 66.09 59.21 46.87 36.56 22.72 0.00 0.00 0.00 0.00 
0.00 0.00 0.00 203.02 505.58 604.09 701.66 798.45 894.53 891.08 887.56 981.92 977.93 973.73 969.38 964.89 960.26 955.52 950.66 945.69 940.62 935.45 930.17 924.78 919.29 913.67 907.94 902.07 896.07 889.93 883.62 877.15 870.49 863.64 856.57 849.28 841.74 833.93 825.84 817.43 808.68 799.57 790.06 780.12 769.72 758.81 747.36 735.31 722.62 709.23 695.09 680.12 664.27 647.44 629.57 610.56 590.33 568.80 545.88 521.51 495.65 468.29 439.51 409.45 378.38 346.69 314.91 283.62 253.48 225.08 198.88 175.21 154.19 135.84 120.11 96.71 85.65 76.21 61.13 48.28 37.42 28.48 10.94 0.00 0.00 0.00 
0.00 0.00 0.00 406.36 606.85 704.88 801.96 898.25 894.80 989.96 986.14 982.10 977.98 973.74 969.36 964.85 960.22 955.47 950.61 945.65 940.57 935.39 930.11 924.71 919.20 913.58 907.83 901.94 895.92 889.75 883.42 876.92 870.23 863.34 856.24 848.91 841.33 833.47 825.32 816.86 808.05 798.88 789.30 779.29 768.80 757.81 746.26 734.12 721.33 707.83 693.58 678.50 662.52 645.58 627.60 608.50 588.21 566.64 543.73 519.43 493.71 466.59 438.15 408.53 378.01 346.95 315.83 285.22 255.70 227.82 202.00 178.53 157.54 139.02 122.81 108.57 96.57 78.22 69.86 56.08 44.43 34.74 21.64 0.00 0.00 0.00 
0.00 0.00 0.00 406.75 607.15 705.11 802.20 898.46 894.95 990.10 986.23 982.18 978.02 973.73 969.33 964.82 960.18 955.43 950.57 945.60 940.53 935.35 930.06 924.65 919.14 913.50 907.74 901.84 895.80 889.61 883.26 876.74 870.02 863.11 855.98 848.62 841.00 833.11 824.92 816.41 807.56 798.33 788.70 778.63 768.08 757.02 745.41 733.19 720.32 706.74 692.39 677.22 661.16 644.14 626.08 606.92 586.57 564.98 542.09 517.86 492.26 465.34 437.16 407.90 377.80 347.21 316.61 286.50 257.44 229.93 204.39 181.07 160.11 141.48 125.06 110.72 98.42 79.90 71.20 57.16 45.24 35.21 21.54 0.00 0.00 0.00 
0.00 0.00 0.00 508.42 607.43 805.56 802.39 898.60 994.10 990.25 986.30 982.22 978.01 973.71 969.30 964.78 960.15 955.40 950.54 945.57 940.49 935.31 930.02 924.61 919.09 913.44 907.67 901.76 895.71 889.51 883.15 876.60 869.88 862.94 855.79 848.41 840.76 832.85 824.63 816.09 807.21 797.94 788.27 778.16 767.57 756.46 744.80 732.52 719.59 705.96 691.55 676.32 660.20 643.12 625.01 605.80 585.43 563.83 540.96 516.77 491.27 464.49 436.51 407.49 377.69 347.45 317.19 287.44 258.70 231.45 206.10 182.90 161.95 143.25 126.66 112.15 99.59 88.78 72.14 57.89 51.97 35.53 27.08 0.00 0.00 0.00 
0.00 0.00 0.00 508.53 607.54 805.61 852.35 898.68 994.13 990.29 986.32 982.21 1026.68 1022.26 1017.68 1012.96 1008.10 1003.13 998.03 992.82 987.50 982.06 976.50 970.83 965.03 959.10 953.05 946.84 940.49 933.98 927.30 920.43 913.37 906.09 898.58 890.82 882.80 874.48 865.86 856.89 847.56 837.83 827.68 817.06 805.94 794.28 782.03 769.14 755.57 741.25 726.13 710.15 693.22 675.30 656.29 636.14 614.76 592.10 568.10 542.73 515.97 487.87 458.51 428.06 396.77 365.01 333.24 301.99 271.79 243.17 216.56 192.24 170.38 151.04 127.58 112.94 100.27 89.40 72.65 58.30 52.25 41.57 27.12 0.00 0.00 0.00 
0.00 0.00 0.00 508.49 607.50 805.56 852.31 898.64 994.08 990.25 986.28 982.17 1026.64 1022.22 1017.65 1012.93 1008.08 1003.11 998.01 992.81 987.48 982.04 976.49 970.82 965.02 959.09 953.04 946.84 940.48 933.97 927.29 920.42 913.35 906.07 898.56 890.80 882.78 874.46 865.83 856.86 847.53 837.80 827.64 817.02 805.90 794.23 781.98 769.09 755.51 741.20 726.07 710.08 693.16 675.23 656.23 636.08 614.71 592.06 568.07 542.71 515.97 487.88 458.54 428.11 396.85 365.11 333.36 302.12 271.94 243.32 216.71 192.39 170.52 151.17 127.69 113.04 100.35 89.46 72.70 58.34 52.28 41.59 27.14 0.00 0.00 0.00 
0.00 0.00 0.00 508.31 607.32 805.43 802.27 898.48 993.97 990.13 986.18 982.10 977.91 973.61 969.21 964.69 960.07 955.33 950.48 945.52 940.45 935.27 929.98 924.58 919.06 913.41 907.64 901.73 895.68 889.48 883.11 876.57 869.84 862.90 855.74 848.35 840.70 832.78 824.56 816.01 807.12 797.84 788.16 778.04 767.44 756.33 744.65 732.37 719.43 705.78 691.37 676.14 660.01 642.93 624.82 605.62 585.27 563.69 540.85 516.70 491.24 464.51 436.59 407.65 377.91 347.73 317.54 287.84 259.13 231.91 206.57 183.35 162.38 143.64 127.01 112.45 99.85 88.99 72.29 58.00 52.05 35.58 27.12 0.00 0.00 0.00 
0.00 0.00 0.00 406.60 606.96 704.91 802.00 898.25 894.76 989.89 986.03 981.99 977.83 973.56 969.17 964.67 960.05 955.32 950.47 945.52 940.45 935.28 930.00 924.60 919.09 913.45 907.69 901.79 895.75 889.56 883.20 876.67 869.96 863.04 855.90 848.52 840.90 832.99 824.80 816.28 807.41 798.17 788.52 778.43 767.87 756.79 745.16 732.93 720.04 706.44 692.09 676.91 660.84 643.81 625.76 606.61 586.29 564.74 541.89 517.72 492.20 465.37 437.30 408.15 378.17 347.70 317.20 287.17 258.18 230.71 205.18 181.85 160.84 142.15 125.65 111.22 98.84 80.22 71.45 57.34 45.37 35.29 21.59 0.00 0.00 0.00 
0.00 0.00 0.00 406.17 606.60 704.61 801.68 897.96 894.52 989.67 985.86 981.83 977.72 973.49 969.13 964.64 960.04 955.31 950.47 945.53 940.47 935.30 930.03 924.64 919.14 913.51 907.76 901.88 895.86 889.68 883.34 876.83 870.14 863.24 856.13 848.78 841.19 833.32 825.15 816.67 807.84 798.65 789.05 779.01 768.51 757.49 745.92 733.75 720.94 707.42 693.15 678.05 662.06 645.12 627.14 608.06 587.79 566.27 543.43 519.21 493.60 466.62 438.32 408.88 378.53 347.64 316.68 286.20 256.78 228.95 203.15 179.66 158.61 139.99 123.66 109.29 97.17 78.67 70.21 56.33 44.60 34.85 21.70 0.00 0.00 0.00 
0.00 0.00 0.00 202.90 505.31 603.79 701.34 798.11 894.18 890.74 887.22 981.57 977.58 973.41 969.08 964.62 960.03 955.31 950.48 945.54 940.49 935.34 930.07 924.69 919.20 913.59 907.86 902.00 895.99 889.84 883.53 877.04 870.37 863.51 856.43 849.12 841.56 833.74 825.62 817.19 808.41 799.28 789.74 779.77 769.34 758.40 746.91 734.84 722.12 708.70 694.53 679.54 663.67 646.83 628.96 609.97 589.77 568.30 545.46 521.20 495.47 468.29 439.71 409.87 379.04 347.59 316.01 284.92 254.92 226.60 200.43 176.73 155.63 137.15 121.25 97.61 86.38 76.79 61.54 48.56 37.60 28.60 10.98 0.00 0.00 0.00 
0.00 0.00 0.00 0.00 403.94 603.23 700.86 797.71 794.81 890.41 887.03 883.46 879.76 876.00 872.12 868.12 864.00 859.77 855.43 850.99 846.45 841.82 837.08 832.25 827.32 822.28 817.13 811.86 806.46 800.94 795.27 789.45 783.46 777.30 770.95 764.39 757.60 750.58 743.30 735.74 727.87 719.68 711.13 702.19 692.84 683.03 672.74 661.92 650.52 638.50 625.80 612.36 598.13 583.03 566.99 549.94 531.80 512.49 491.93 470.07 446.86 422.29 396.42 369.38 341.41 312.84 284.14 255.86 228.59 202.88 179.15 157.69 138.63 121.87 107.10 94.42 83.81 66.73 59.70 47.20 36.77 22.84 0.00 0.00 0.00 0.00 
0.00 0.00 0.00 0.00 0.00 401.79 600.37 697.75 695.28 791.31 788.35 785.16 830.67 827.21 823.60 819.85 815.98 812.00 807.91 803.73 799.45 795.08 790.62 786.07 781.42 776.67 771.82 766.87 761.79 756.60 751.27 745.79 740.17 734.38 728.41 722.25 715.89 709.30 702.47 695.37 688.00 680.31 672.30 663.93 655.16 645.98 636.34 626.21 615.54 604.29 592.40 579.82 566.49 552.35 537.31 521.31 504.26 486.08 466.69 446.01 423.99 400.61 375.90 349.98 323.08 295.52 267.78 240.43 214.06 189.25 166.45 145.99 127.98 112.44 93.17 81.82 72.52 56.69 50.78 39.40 24.07 5.83 0.00 0.00 0.00 0.00 
0.00 0.00 0.00 0.00 0.00 200.57 400.09 597.70 595.71 692.21 689.70 784.90 781.76 778.53 775.15 771.64 768.00 764.26 760.42 756.48 752.46 748.36 744.17 739.89 735.53 731.08 726.54 721.89 717.14 712.27 707.29 702.17 696.91 691.49 685.92 680.16 674.22 668.07 661.69 655.07 648.20 641.03 633.56 625.76 617.60 609.06 600.08 590.66 580.73 570.26 559.20 547.50 535.10 521.93 507.92 492.99 477.06 460.04 441.84 422.36 401.54 379.32 355.72 330.84 304.87 278.16 251.19 224.57 198.92 174.88 152.93 133.40 116.41 101.87 89.38 68.97 61.22 46.80 42.25 25.53 12.26 0.00 0.00 0.00 0.00 0.00 
0.00 0.00 0.00 0.00 0.00 0.00 99.86 398.18 496.12 593.12 591.10 588.79 683.91 681.18 678.26 675.20 672.02 668.75 665.39 661.95 658.43 654.85 651.19 647.46 643.66 639.78 635.82 631.77 627.63 623.40 619.06 614.61 610.03 605.33 600.49 595.49 590.33 584.99 579.46 573.72 567.75 561.55 555.08 548.32 541.26 533.86 526.10 517.94 509.36 500.31 490.75 480.63 469.91 458.52 446.40 433.47 419.66 404.87 389.01 371.99 353.71 334.11 313.18 290.97 267.65 243.53 219.09 194.92 171.66 149.94 130.27 112.96 98.17 85.94 64.11 56.29 50.33 37.57 27.83 0.00 0.00 0.00 0.00 0.00 0.00 0.00 
0.00 0.00 0.00 0.00 0.00 0.00 0.00 0.00 198.15 395.16 394.05 490.54 488.61 486.61 484.51 482.31 480.04 477.69 475.29 472.83 470.33 467.77 465.16 462.51 459.80 457.04 454.22 451.35 448.41 445.40 442.32 439.16 435.91 432.58 429.14 425.60 421.94 418.16 414.25 410.19 405.97 401.58 397.00 392.23 387.24 382.02 376.54 370.78 364.73 358.35 351.61 344.48 336.93 328.90 320.35 311.23 301.48 291.02 279.77 267.66 254.60 240.51 225.36 209.17 192.03 174.19 156.00 137.97 120.64 104.53 90.07 77.49 66.88 58.14 50.87 35.58 32.81 15.38 0.00 0.00 0.00 0.00 0.00 0.00 0.00 0.00 
0.00 0.00 0.00 0.00 0.00 0.00 0.00 0.00 0.00 0.00 0.00 0.00 97.44 97.19 96.84 96.43 95.99 95.53 95.05 94.56 94.06 93.55 93.03 92.50 91.95 91.40 90.83 90.26 89.66 89.06 88.44 87.81 87.15 86.48 85.79 85.08 84.34 83.58 82.79 81.97 81.12 80.23 79.31 78.34 77.34 76.28 75.17 74.01 72.78 71.49 70.13 68.68 67.15 65.52 63.79 61.94 59.97 57.85 55.58 53.15 50.53 47.73 44.74 41.56 38.24 34.81 31.34 27.91 24.61 21.54 18.78 16.40 14.50 13.27 0.00 0.00 0.00 0.00 0.00 0.00 0.00 0.00 0.00 0.00 0.00 0.00 
0.00 0.00 0.00 0.00 0.00 0.00 0.00 0.00 0.00 0.00 0.00 0.00 0.00 0.00 0.00 0.00 0.00 0.00 0.00 0.00 0.00 0.00 0.00 0.00 0.00 0.00 0.00 0.00 0.00 0.00 0.00 0.00 0.00 0.00 0.00 0.00 0.00 0.00 0.00 0.00 0.00 0.00 0.00 0.00 0.00 0.00 0.00 0.00 0.00 0.00 0.00 0.00 0.00 0.00 0.00 0.00 0.00 0.00 0.00 0.00 0.00 0.00 0.00 0.00 0.00 0.00 0.00 0.00 0.00 0.00 0.00 0.00 0.00 0.00 0.00 0.00 0.00 0.00 0.00 0.00 0.00 0.00 0.00 0.00 0.00 0.00 
0.00 0.00 0.00 0.00 0.00 0.00 0.00 0.00 0.00 0.00 0.00 0.00 0.00 0.00 0.00 0.00 0.00 0.00 0.00 0.00 0.00 0.00 0.00 0.00 0.00 0.00 0.00 0.00 0.00 0.00 0.00 0.00 0.00 0.00 0.00 0.00 0.00 0.00 0.00 0.00 0.00 0.00 0.00 0.00 0.00 0.00 0.00 0.00 0.00 0.00 0.00 0.00 0.00 0.00 0.00 0.00 0.00 0.00 0.00 0.00 0.00 0.00 0.00 0.00 0.00 0.00 0.00 0.00 0.00 0.00 0.00 0.00 0.00 0.00 0.00 0.00 0.00 0.00 0.00 0.00 0.00 0.00 0.00 0.00 0.00 0.00 
0.00 0.00 0.00 0.00 0.00 0.00 0.00 0.00 0.00 0.00 0.00 0.00 0.00 0.00 0.00 0.00 0.00 0.00 0.00 0.00 0.00 0.00 0.00 0.00 0.00 0.00 0.00 0.00 0.00 0.00 0.00 0.00 0.00 0.00 0.00 0.00 0.00 0.00 0.00 0.00 0.00 0.00 0.00 0.00 0.00 0.00 0.00 0.00 0.00 0.00 0.00 0.00 0.00 0.00 0.00 0.00 0.00 0.00 0.00 0.00 0.00 0.00 0.00 0.00 0.00 0.00 0.00 0.00 0.00 0.00 0.00 0.00 0.00 0.00 0.00 0.00 0.00 0.00 0.00 0.00 0.00 0.00 0.00 0.00 0.00 0.00 
