0.00 0.00 0.00 0.00 0.00 0.00 0.00 0.00 0.00 0.00 0.00 0.00 0.00 0.00 0.00 0.00 0.00 0.00 0.00 0.00 0.00 0.00 0.00 0.00 0.00 0.00 0.00 0.00 0.00 0.00 0.00 0.00 0.00 0.00 0.00 0.00 0.00 0.00 0.00 0.00 0.00 0.00 0.00 0.00 0.00 0.00 0.00 0.00 0.00 0.00 0.00 0.00 0.00 0.00 0.00 0.00 0.00 0.00 0.00 0.00 0.00 0.00 0.00 0.00 0.00 0.00 0.00 0.00 0.00 0.00 0.00 0.00 0.00 0.00 0.00 0.00 0.00 0.00 0.00 0.00 0.00 0.00 0.00 0.00 0.00 0.00 
0.00 0.00 0.00 0.00 0.00 0.00 0.00 0.00 0.00 0.00 0.00 0.00 0.00 0.00 0.00 0.00 0.00 0.00 0.00 0.00 0.00 0.00 0.00 0.00 0.00 0.00 0.00 0.00 0.00 0.00 0.00 0.00 0.00 0.00 0.00 0.00 0.00 0.00 0.00 0.00 0.00 0.00 0.00 0.00 0.00 0.00 0.00 0.00 0.00 0.00 0.00 0.00 0.00 0.00 0.00 0.00 0.00 0.00 0.00 0.00 0.00 0.00 0.00 0.00 0.00 0.00 0.00 0.00 0.00 0.00 0.00 0.00 0.00 0.00 0.00 0.00 0.00 0.00 0.00 0.00 0.00 0.00 0.00 0.00 0.00 0.00 
0.00 0.00 0.00 0.00 0.00 0.00 0.00 0.00 0.00 0.00 0.00 0.00 0.00 0.00 0.00 0.00 0.00 0.00 0.00 0.00 0.00 0.00 0.00 0.00 0.00 0.00 0.00 0.00 0.00 0.00 0.00 0.00 0.00 0.00 0.00 0.00 0.00 0.00 0.00 0.00 0.00 0.00 0.00 0.00 0.00 0.00 0.00 0.00 0.00 0.00 0.00 0.00 0.00 0.00 0.00 0.00 0.00 0.00 0.00 0.00 0.00 0.00 0.00 0.00 0.00 0.00 0.00 0.00 0.00 0.00 0.00 0.00 0.00 0.00 0.00 0.00 0.00 0.00 0.00 0.00 0.00 0.00 0.00 0.00 0.00 0.00 
0.00 0.00 0.00 0.00 0.00 0.00 0.00 0.00 90.17 180.07 179.82 224.37 224.02 223.65 223.28 222.93 222.59 222.27 221.98 221.71 221.47 221.26 221.07 220.91 220.78 220.68 220.60 220.55 220.53 220.53 220.56 220.60 220.67 220.76 220.86 220.98 221.11 221.25 221.40 221.55 221.71 221.86 222.00 222.13 222.25 222.34 222.41 222.44 222.43 222.38 222.27 222.09 221.84 221.51 221.08 220.54 219.88 219.07 218.11 216.97 215.63 214.06 212.22 210.09 207.61 204.73 201.39 197.49 192.93 187.60 181.34 174.01 165.52 155.94 145.75 106.44 98.74 45.22 0.00 0.00 0.00 0.00 0.00 0.00 0.00 0.00 
0.00 0.00 0.00 0.00 0.00 0.00 0.00 180.79 225.64 270.30 269.90 269.46 269.03 268.59 268.16 267.75 267.35 266.98 266.64 266.32 266.03 265.78 265.55 265.36 265.21 265.08 264.99 264.92 264.89 264.88 264.91 264.96 265.03 265.12 265.24 265.37 265.51 265.67 265.83 266.00 266.16 266.33 266.48 266.61 266.72 266.81 266.86 266.86 266.82 266.71 266.54 266.28 265.93 265.47 264.89 264.17 263.30 262.25 260.99 259.52 257.79 255.76 253.41 250.68 247.52 243.85 239.62 234.70 229.01 222.40 214.73 205.88 195.75 184.35 171.78 158.01 144.68 107.18 76.65 0.00 0.00 0.00 0.00 0.00 0.00 0.00 
0.00 0.00 0.00 0.00 0.00 90.86 181.40 271.44 271.01 315.58 315.09 359.43 358.88 358.32 357.77 357.23 356.71 356.22 355.77 355.35 354.97 354.64 354.34 354.09 353.87 353.70 353.58 353.49 353.44 353.43 353.45 353.51 353.60 353.71 353.85 354.02 354.20 354.39 354.59 354.80 355.00 355.19 355.37 355.53 355.65 355.74 355.77 355.75 355.65 355.47 355.19 354.80 354.28 353.61 352.77 351.75 350.50 349.01 347.25 345.17 342.74 339.91 336.62 332.81 328.42 323.34 317.49 310.74 302.96 294.00 283.72 271.98 258.73 244.03 228.23 182.22 166.26 125.65 111.26 61.57 27.36 0.00 0.00 0.00 0.00 0.00 
0.00 0.00 0.00 0.00 0.00 181.87 272.21 316.93 316.41 360.88 360.32 359.73 381.55 380.97 380.39 379.83 379.29 378.78 378.31 377.87 377.48 377.12 376.81 376.54 376.31 376.13 375.99 375.89 375.83 375.81 375.83 375.88 375.96 376.07 376.21 376.37 376.55 376.74 376.93 377.13 377.32 377.50 377.67 377.80 377.90 377.96 377.96 377.89 377.74 377.50 377.15 376.68 376.06 375.28 374.31 373.13 371.71 370.02 368.03 365.69 362.96 359.79 356.12 351.88 347.00 341.38 334.93 327.53 319.06 309.37 298.35 285.88 271.96 256.70 224.18 206.31 188.05 144.82 127.82 93.41 51.88 11.61 0.00 0.00 0.00 0.00 
0.00 0.00 0.00 0.00 182.50 273.01 317.79 362.41 361.80 406.18 405.54 404.88 404.24 403.61 403.00 402.41 401.85 401.32 400.82 400.36 399.94 399.57 399.24 398.95 398.71 398.52 398.36 398.26 398.19 398.16 398.17 398.22 398.30 398.41 398.54 398.70 398.87 399.06 399.25 399.44 399.63 399.80 399.95 400.07 400.15 400.18 400.14 400.04 399.84 399.55 399.13 398.58 397.87 396.98 395.88 394.56 392.97 391.09 388.87 386.28 383.27 379.77 375.73 371.08 365.74 359.60 352.58 344.56 335.40 324.99 313.19 299.91 285.06 268.59 250.30 230.57 210.29 164.84 145.71 108.74 78.20 43.76 0.00 0.00 0.00 0.00 
0.00 0.00 0.00 91.54 228.26 273.25 318.04 362.65 407.13 406.45 405.79 449.97 449.28 448.59 447.92 447.27 446.64 446.05 445.51 445.00 444.54 444.12 443.75 443.44 443.17 442.95 442.78 442.66 442.58 442.55 442.56 442.60 442.69 442.80 442.94 443.11 443.30 443.49 443.69 443.90 444.09 444.27 444.42 444.54 444.61 444.63 444.57 444.43 444.19 443.84 443.35 442.70 441.88 440.85 439.60 438.08 436.27 434.12 431.60 428.66 425.24 421.28 416.71 411.45 405.42 398.52 390.63 381.63 371.39 359.77 346.63 331.86 315.42 297.35 277.97 228.10 207.58 186.26 144.44 107.84 77.34 53.57 18.70 0.00 0.00 0.00 
0.00 0.00 0.00 183.18 274.01 318.89 363.56 408.06 407.36 451.65 450.93 450.21 449.50 448.81 448.14 447.49 446.87 446.29 445.74 445.24 444.78 444.37 444.00 443.69 443.42 443.20 443.02 442.90 442.81 442.78 442.78 442.82 442.89 443.00 443.13 443.29 443.46 443.64 443.83 444.01 444.19 444.35 444.48 444.58 444.62 444.61 444.52 444.35 444.07 443.68 443.14 442.45 441.58 440.49 439.17 437.58 435.69 433.46 430.85 427.80 424.26 420.18 415.47 410.07 403.89 396.83 388.78 379.62 369.24 357.49 344.26 329.43 312.94 294.79 275.04 253.59 231.71 184.46 163.20 123.78 90.81 64.78 36.13 0.00 0.00 0.00 
0.00 0.00 0.00 183.30 274.15 319.04 363.72 408.23 407.52 451.82 451.10 450.38 449.67 448.98 448.30 447.66 447.05 446.47 445.93 445.43 444.97 444.56 444.19 443.88 443.61 443.39 443.21 443.08 443.00 442.95 442.95 442.99 443.05 443.15 443.28 443.42 443.58 443.76 443.93 444.10 444.27 444.41 444.52 444.60 444.63 444.59 444.48 444.28 443.98 443.55 442.98 442.25 441.34 440.21 438.84 437.19 435.24 432.94 430.26 427.13 423.50 419.32 414.52 409.01 402.71 395.53 387.36 378.10 367.61 355.79 342.49 327.63 311.11 292.92 273.14 252.02 230.30 183.51 162.38 123.27 90.79 64.59 35.09 0.00 0.00 0.00 
0.00 0.00 0.00 229.13 274.28 364.54 363.85 408.34 452.70 451.95 451.22 450.49 449.78 449.09 448.42 447.78 447.17 446.59 446.06 445.56 445.10 444.69 444.33 444.01 443.74 443.52 443.34 443.21 443.13 443.08 443.07 443.10 443.17 443.26 443.38 443.52 443.67 443.84 444.00 444.17 444.32 444.45 444.56 444.62 444.63 444.58 444.45 444.24 443.91 443.46 442.87 442.11 441.17 440.00 438.60 436.92 434.93 432.58 429.84 426.66 422.98 418.73 413.86 408.27 401.90 394.65 386.41 377.07 366.53 354.65 341.34 326.47 309.97 291.81 271.99 250.88 228.93 206.41 161.88 122.64 104.98 64.36 44.26 0.00 0.00 0.00 
0.00 0.00 0.00 229.17 274.33 364.58 386.53 408.41 452.76 452.01 451.28 450.55 472.21 471.51 470.82 470.15 469.51 468.91 468.35 467.83 467.35 466.92 466.54 466.21 465.93 465.69 465.51 465.37 465.28 465.23 465.22 465.26 465.32 465.42 465.55 465.69 465.86 466.03 466.20 466.38 466.54 466.67 466.78 466.85 466.86 466.81 466.68 466.45 466.11 465.64 465.02 464.22 463.23 462.01 460.54 458.78 456.69 454.24 451.37 448.03 444.18 439.74 434.63 428.80 422.14 414.55 405.94 396.19 385.18 372.80 358.93 343.50 326.47 307.93 271.60 250.47 228.52 206.32 161.75 122.52 104.81 76.45 44.14 0.00 0.00 0.00 
0.00 0.00 0.00 229.16 274.32 364.57 386.52 408.40 452.75 452.01 451.27 450.54 472.21 471.51 470.82 470.15 469.52 468.91 468.35 467.83 467.36 466.93 466.55 466.22 465.93 465.70 465.52 465.38 465.29 465.24 465.23 465.27 465.33 465.43 465.55 465.70 465.86 466.03 466.21 466.38 466.54 466.68 466.78 466.85 466.86 466.81 466.67 466.44 466.10 465.63 465.01 464.21 463.22 462.00 460.53 458.77 456.68 454.23 451.36 448.03 444.18 439.74 434.65 428.82 422.17 414.60 406.01 396.28 385.30 372.94 359.10 343.70 326.70 308.19 271.88 250.76 228.83 206.62 162.02 122.74 105.00 76.59 44.23 0.00 0.00 0.00 
0.00 0.00 0.00 229.10 274.24 364.51 363.82 408.32 452.68 451.93 451.20 450.48 449.77 449.08 448.42 447.78 447.18 446.60 446.07 445.57 445.12 444.71 444.35 444.04 443.77 443.55 443.37 443.24 443.15 443.11 443.10 443.13 443.19 443.28 443.40 443.54 443.69 443.85 444.02 444.18 444.33 444.46 444.56 444.62 444.63 444.58 444.45 444.23 443.90 443.45 442.85 442.09 441.14 439.98 438.57 436.89 434.90 432.56 429.83 426.65 422.98 418.75 413.89 408.34 402.00 394.79 386.60 377.33 366.86 355.07 341.84 327.07 310.66 292.58 272.84 251.78 229.85 207.32 162.70 123.32 105.58 64.76 44.53 0.00 0.00 0.00 
0.00 0.00 0.00 183.26 274.10 318.99 363.68 408.18 407.48 451.79 451.07 450.36 449.65 448.97 448.30 447.66 447.06 446.48 445.95 445.45 445.00 444.59 444.23 443.92 443.65 443.43 443.25 443.13 443.04 443.00 442.99 443.03 443.09 443.19 443.31 443.46 443.62 443.79 443.96 444.13 444.29 444.43 444.54 444.61 444.63 444.59 444.47 444.27 443.96 443.53 442.96 442.22 441.30 440.16 438.79 437.15 435.20 432.90 430.22 427.11 423.50 419.34 414.57 409.10 402.86 395.75 387.67 378.51 368.15 356.46 343.33 328.62 312.27 294.23 274.57 253.53 231.87 184.94 163.77 124.42 91.70 65.27 35.47 0.00 0.00 0.00 
0.00 0.00 0.00 183.12 273.94 318.82 363.49 408.00 407.30 451.61 450.90 450.18 449.48 448.80 448.13 447.49 446.89 446.31 445.77 445.28 444.83 444.42 444.06 443.74 443.48 443.26 443.08 442.96 442.88 442.84 442.84 442.88 442.95 443.05 443.18 443.34 443.50 443.68 443.87 444.05 444.22 444.37 444.50 444.58 444.63 444.61 444.51 444.33 444.05 443.65 443.10 442.40 441.52 440.43 439.11 437.52 435.63 433.40 430.80 427.76 424.25 420.19 415.53 410.19 404.08 397.12 389.19 380.18 369.97 358.43 345.42 330.83 314.57 296.63 277.06 255.73 233.93 186.50 165.17 125.41 92.08 65.72 36.65 0.00 0.00 0.00 
0.00 0.00 0.00 91.51 228.18 273.17 317.96 362.58 407.06 406.39 405.74 449.93 449.25 448.57 447.91 447.27 446.66 446.09 445.55 445.05 444.59 444.19 443.82 443.51 443.25 443.03 442.86 442.74 442.66 442.63 442.63 442.68 442.76 442.87 443.01 443.17 443.35 443.55 443.74 443.94 444.13 444.30 444.44 444.55 444.62 444.62 444.56 444.41 444.16 443.80 443.29 442.64 441.81 440.77 439.51 437.99 436.18 434.04 431.53 428.60 425.20 421.28 416.76 411.57 405.64 398.85 391.11 382.30 372.29 360.93 348.09 333.65 317.53 299.76 280.62 230.71 210.27 188.95 146.79 109.76 78.80 54.61 19.03 0.00 0.00 0.00 
0.00 0.00 0.00 0.00 182.43 272.92 317.70 362.32 361.73 406.12 405.48 404.84 404.20 403.59 403.00 402.42 401.88 401.36 400.87 400.42 400.01 399.65 399.32 399.04 398.80 398.61 398.46 398.35 398.28 398.26 398.27 398.31 398.39 398.49 398.62 398.77 398.94 399.12 399.31 399.49 399.67 399.83 399.97 400.08 400.15 400.17 400.13 400.01 399.81 399.50 399.07 398.50 397.78 396.88 395.78 394.45 392.86 390.98 388.77 386.19 383.20 379.74 375.75 371.17 365.92 359.91 353.06 345.24 336.35 326.25 314.82 301.94 287.50 271.41 253.40 233.86 213.68 167.89 148.66 111.15 80.02 44.79 0.00 0.00 0.00 0.00 
0.00 0.00 0.00 0.00 0.00 181.79 272.11 316.85 316.34 360.81 360.26 359.68 381.51 380.94 380.39 379.85 379.33 378.83 378.37 377.95 377.56 377.21 376.91 376.64 376.42 376.24 376.10 376.00 375.94 375.92 375.94 375.98 376.06 376.17 376.31 376.46 376.63 376.81 377.00 377.19 377.37 377.55 377.70 377.82 377.91 377.96 377.94 377.86 377.70 377.45 377.08 376.59 375.96 375.17 374.18 373.00 371.57 369.88 367.88 365.56 362.85 359.71 356.09 351.92 347.14 341.65 335.38 328.21 320.02 310.71 300.13 288.19 274.82 260.05 227.67 209.98 191.82 148.14 131.02 95.94 53.38 11.93 0.00 0.00 0.00 0.00 
0.00 0.00 0.00 0.00 0.00 90.81 181.30 271.37 270.95 315.51 315.03 359.37 358.82 358.29 357.76 357.25 356.75 356.28 355.85 355.44 355.08 354.75 354.46 354.21 354.00 353.83 353.70 353.62 353.57 353.55 353.57 353.63 353.71 353.82 353.96 354.12 354.29 354.48 354.67 354.87 355.06 355.24 355.41 355.55 355.66 355.74 355.76 355.72 355.60 355.41 355.11 354.70 354.16 353.48 352.63 351.58 350.33 348.83 347.06 344.99 342.57 339.76 336.52 332.78 328.47 323.52 317.85 311.33 303.87 295.33 285.58 274.50 262.02 248.07 232.45 186.13 170.28 129.11 114.60 63.57 28.23 0.00 0.00 0.00 0.00 0.00 
0.00 0.00 0.00 0.00 0.00 0.00 45.29 180.78 225.59 270.24 269.84 269.41 313.74 313.28 312.82 312.36 311.93 311.51 311.13 310.77 310.45 310.16 309.90 309.69 309.50 309.36 309.25 309.18 309.14 309.13 309.16 309.21 309.29 309.40 309.53 309.68 309.84 310.02 310.20 310.39 310.57 310.75 310.92 311.07 311.19 311.27 311.32 311.32 311.25 311.12 310.90 310.59 310.17 309.62 308.93 308.09 307.07 305.84 304.39 302.68 300.68 298.35 295.66 292.55 288.96 284.83 280.08 274.60 268.31 261.06 252.74 243.24 232.50 220.67 175.58 161.97 148.74 110.62 79.32 0.00 0.00 0.00 0.00 0.00 0.00 0.00 
0.00 0.00 0.00 0.00 0.00 0.00 0.00 0.00 90.16 180.03 179.78 224.32 223.97 223.62 223.28 222.95 222.63 222.33 222.05 221.79 221.56 221.35 221.17 221.02 220.89 220.79 220.71 220.66 220.64 220.64 220.66 220.70 220.77 220.85 220.95 221.06 221.19 221.33 221.47 221.61 221.76 221.90 222.03 222.15 222.26 222.34 222.39 222.41 222.39 222.32 222.20 222.01 221.74 221.39 220.94 220.39 219.71 218.90 217.93 216.78 215.44 213.87 212.06 209.96 207.53 204.74 201.51 197.78 193.47 188.48 182.69 175.99 168.27 159.45 149.35 109.53 101.85 46.77 0.00 0.00 0.00 0.00 0.00 0.00 0.00 0.00 
0.00 0.00 0.00 0.00 0.00 0.00 0.00 0.00 0.00 0.00 0.00 0.00 44.77 44.73 44.67 44.61 44.55 44.50 44.44 44.39 44.35 44.30 44.27 44.24 44.21 44.19 44.18 44.17 44.16 44.16 44.16 44.17 44.18 44.20 44.22 44.24 44.26 44.29 44.31 44.34 44.37 44.39 44.42 44.44 44.46 44.47 44.48 44.48 44.47 44.45 44.42 44.37 44.32 44.24 44.14 44.02 43.88 43.70 43.50 43.26 42.97 42.64 42.26 41.82 41.31 40.72 40.05 39.28 38.39 37.39 36.27 35.05 33.82 32.85 0.00 0.00 0.00 0.00 0.00 0.00 0.00 0.00 0.00 0.00 0.00 0.00 
0.00 0.00 0.00 0.00 0.00 0.00 0.00 0.00 0.00 0.00 0.00 0.00 0.00 0.00 0.00 0.00 0.00 0.00 0.00 0.00 0.00 0.00 0.00 0.00 0.00 0.00 0.00 0.00 0.00 0.00 0.00 0.00 0.00 0.00 0.00 0.00 0.00 0.00 0.00 0.00 0.00 0.00 0.00 0.00 0.00 0.00 0.00 0.00 0.00 0.00 0.00 0.00 0.00 0.00 0.00 0.00 0.00 0.00 0.00 0.00 0.00 0.00 0.00 0.00 0.00 0.00 0.00 0.00 0.00 0.00 0.00 0.00 0.00 0.00 0.00 0.00 0.00 0.00 0.00 0.00 0.00 0.00 0.00 0.00 0.00 0.00 
0.00 0.00 0.00 0.00 0.00 0.00 0.00 0.00 0.00 0.00 0.00 0.00 0.00 0.00 0.00 0.00 0.00 0.00 0.00 0.00 0.00 0.00 0.00 0.00 0.00 0.00 0.00 0.00 0.00 0.00 0.00 0.00 0.00 0.00 0.00 0.00 0.00 0.00 0.00 0.00 0.00 0.00 0.00 0.00 0.00 0.00 0.00 0.00 0.00 0.00 0.00 0.00 0.00 0.00 0.00 0.00 0.00 0.00 0.00 0.00 0.00 0.00 0.00 0.00 0.00 0.00 0.00 0.00 0.00 0.00 0.00 0.00 0.00 0.00 0.00 0.00 0.00 0.00 0.00 0.00 0.00 0.00 0.00 0.00 0.00 0.00 
0.00 0.00 0.00 0.00 0.00 0.00 0.00 0.00 0.00 0.00 0.00 0.00 0.00 0.00 0.00 0.00 0.00 0.00 0.00 0.00 0.00 0.00 0.00 0.00 0.00 0.00 0.00 0.00 0.00 0.00 0.00 0.00 0.00 0.00 0.00 0.00 0.00 0.00 0.00 0.00 0.00 0.00 0.00 0.00 0.00 0.00 0.00 0.00 0.00 0.00 0.00 0.00 0.00 0.00 0.00 0.00 0.00 0.00 0.00 0.00 0.00 0.00 0.00 0.00 0.00 0.00 0.00 0.00 0.00 0.00 0.00 0.00 0.00 0.00 0.00 0.00 0.00 0.00 0.00 0.00 0.00 0.00 0.00 0.00 0.00 0.00 
