0.00 0.00 0.00 0.00 0.00 0.00 0.00 0.00 0.00 0.00 0.00 0.00 0.00 0.00 0.00 0.00 0.00 0.00 0.00 0.00 0.00 0.00 0.00 0.00 0.00 0.00 0.00 0.00 0.00 0.00 0.00 0.00 0.00 0.00 0.00 0.00 0.00 0.00 0.00 0.00 0.00 0.00 0.00 0.00 0.00 0.00 0.00 0.00 0.00 0.00 0.00 0.00 0.00 0.00 0.00 0.00 0.00 0.00 0.00 0.00 0.00 0.00 0.00 0.00 0.00 0.00 0.00 0.00 0.00 0.00 0.00 0.00 0.00 0.00 0.00 0.00 0.00 0.00 0.00 0.00 0.00 0.00 0.00 0.00 0.00 0.00 
0.00 0.00 0.00 0.00 0.00 0.00 0.00 0.00 0.00 0.00 0.00 0.00 0.00 0.00 0.00 0.00 0.00 0.00 0.00 0.00 0.00 0.00 0.00 0.00 0.00 0.00 0.00 0.00 0.00 0.00 0.00 0.00 0.00 0.00 0.00 0.00 0.00 0.00 0.00 0.00 0.00 0.00 0.00 0.00 0.00 0.00 0.00 0.00 0.00 0.00 0.00 0.00 0.00 0.00 0.00 0.00 0.00 0.00 0.00 0.00 0.00 0.00 0.00 0.00 0.00 0.00 0.00 0.00 0.00 0.00 0.00 0.00 0.00 0.00 0.00 0.00 0.00 0.00 0.00 0.00 0.00 0.00 0.00 0.00 0.00 0.00 
0.00 0.00 0.00 0.00 0.00 0.00 0.00 0.00 0.00 0.00 0.00 0.00 0.00 0.00 0.00 0.00 0.00 0.00 0.00 0.00 0.00 0.00 0.00 0.00 0.00 0.00 0.00 0.00 0.00 0.00 0.00 0.00 0.00 0.00 0.00 0.00 0.00 0.00 0.00 0.00 0.00 0.00 0.00 0.00 0.00 0.00 0.00 0.00 0.00 0.00 0.00 0.00 0.00 0.00 0.00 0.00 0.00 0.00 0.00 0.00 0.00 0.00 0.00 0.00 0.00 0.00 0.00 0.00 0.00 0.00 0.00 0.00 0.00 0.00 0.00 0.00 0.00 0.00 0.00 0.00 0.00 0.00 0.00 0.00 0.00 0.00 
0.00 0.00 0.00 0.00 0.00 0.00 0.00 0.00 250.23 498.23 495.97 615.74 611.79 607.37 602.64 597.70 592.59 587.34 581.96 576.45 570.83 565.09 559.23 553.26 547.16 540.95 534.60 528.11 521.48 514.71 507.77 500.67 493.38 485.91 478.24 470.35 462.22 453.85 445.22 436.30 427.08 417.52 407.61 397.32 386.61 375.45 363.81 351.63 338.89 325.52 311.49 296.76 281.30 265.10 248.20 230.68 212.69 194.45 176.24 158.42 141.33 125.32 110.64 97.46 85.85 75.78 67.18 59.89 53.77 48.66 44.41 40.88 37.98 35.63 33.83 25.75 25.03 12.26 0.00 0.00 0.00 0.00 0.00 0.00 0.00 0.00 
0.00 0.00 0.00 0.00 0.00 0.00 0.00 504.15 627.09 747.90 743.66 738.80 733.72 728.33 722.66 716.76 710.65 704.37 697.92 691.32 684.58 677.68 670.65 663.46 656.13 648.65 641.00 633.19 625.20 617.02 608.66 600.08 591.29 582.27 573.00 563.46 553.64 543.53 533.09 522.30 511.14 499.58 487.59 475.14 462.20 448.71 434.65 419.97 404.61 388.55 371.73 354.13 335.73 316.55 296.63 276.08 255.08 233.88 212.78 192.14 172.34 153.70 136.52 120.97 107.13 95.01 84.52 75.53 67.89 61.44 56.01 51.46 47.67 44.52 41.92 39.75 38.05 30.47 23.75 0.00 0.00 0.00 0.00 0.00 0.00 0.00 
0.00 0.00 0.00 0.00 0.00 255.39 508.58 757.35 753.08 872.71 867.35 984.25 977.61 970.48 962.97 955.14 947.04 938.69 930.11 921.33 912.33 903.14 893.75 884.16 874.37 864.36 854.14 843.69 833.00 822.07 810.87 799.39 787.61 775.52 763.10 750.32 737.16 723.60 709.60 695.13 680.16 664.66 648.59 631.89 614.54 596.47 577.64 557.99 537.48 516.05 493.66 470.29 445.93 420.61 394.42 367.51 340.09 312.48 285.06 258.25 232.49 208.19 185.67 165.18 146.83 130.62 116.48 104.27 93.81 84.90 77.36 71.00 65.66 61.21 57.54 47.74 45.42 37.27 35.89 23.16 11.45 0.00 0.00 0.00 0.00 0.00 
0.00 0.00 0.00 0.00 0.00 511.91 762.88 884.21 878.87 997.43 991.06 984.21 1038.08 1030.52 1022.56 1014.26 1005.66 996.81 987.71 978.38 968.83 959.06 949.07 938.86 928.43 917.78 906.88 895.74 884.34 872.67 860.72 848.47 835.89 822.98 809.71 796.05 781.98 767.48 752.51 737.04 721.04 704.46 687.27 669.43 650.89 631.59 611.51 590.57 568.75 545.99 522.27 497.57 471.91 445.34 417.94 389.90 361.42 332.82 304.46 276.74 250.08 224.86 201.40 179.93 160.56 143.33 128.18 114.98 103.57 93.78 85.42 78.31 72.31 67.28 59.44 55.90 53.00 44.34 42.49 35.16 22.78 5.65 0.00 0.00 0.00 0.00 
0.00 0.00 0.00 0.00 516.15 768.64 890.55 1010.76 1004.48 1122.07 1114.80 1107.08 1099.06 1090.85 1082.33 1073.51 1064.40 1055.02 1045.38 1035.50 1025.38 1015.03 1004.44 993.62 982.56 971.25 959.68 947.85 935.75 923.35 910.65 897.63 884.26 870.53 856.42 841.89 826.93 811.50 795.57 779.11 762.08 744.44 726.16 707.18 687.47 666.97 645.64 623.44 600.32 576.25 551.20 525.18 498.20 470.34 441.69 412.42 382.78 353.06 323.62 294.86 267.17 240.95 216.48 194.00 173.64 155.42 139.30 125.17 112.89 102.27 93.15 85.35 78.69 73.03 68.16 64.05 60.63 51.49 49.23 41.51 34.44 22.46 0.00 0.00 0.00 0.00 
0.00 0.00 0.00 259.92 645.83 769.51 891.20 1011.22 1129.75 1122.34 1114.72 1229.56 1220.91 1211.81 1202.33 1192.52 1182.38 1171.96 1161.25 1150.27 1139.03 1127.52 1115.75 1103.72 1091.42 1078.84 1065.98 1052.81 1039.34 1025.55 1011.41 996.91 982.02 966.74 951.01 934.84 918.17 900.98 883.24 864.90 845.93 826.29 805.93 784.80 762.85 740.05 716.33 691.65 665.97 639.25 611.48 582.66 552.82 522.02 490.40 458.13 425.48 392.76 360.36 328.72 298.24 269.34 242.35 217.51 194.96 174.74 156.79 141.02 127.26 115.34 105.06 96.24 88.71 82.30 76.90 65.56 61.82 58.66 50.01 42.08 34.79 28.13 11.13 0.00 0.00 0.00 
0.00 0.00 0.00 520.51 775.20 897.87 1018.52 1137.50 1130.08 1246.64 1238.40 1229.66 1220.74 1211.52 1201.97 1192.12 1181.98 1171.54 1160.83 1149.85 1138.60 1127.09 1115.31 1103.26 1090.94 1078.34 1065.45 1052.26 1038.76 1024.92 1010.74 996.20 981.26 965.92 950.14 933.90 917.17 899.92 882.10 863.69 844.65 824.93 804.49 783.29 761.28 738.41 714.65 689.95 664.27 637.59 609.90 581.21 551.56 521.02 489.73 457.85 425.65 393.44 361.56 330.42 300.42 271.94 245.27 220.66 198.23 178.04 160.04 144.14 130.21 118.07 107.56 98.49 90.70 84.02 78.30 73.38 69.26 59.51 56.68 48.44 40.88 33.97 22.18 0.00 0.00 0.00 
0.00 0.00 0.00 521.30 775.75 898.23 1018.88 1137.78 1130.22 1246.74 1238.38 1229.62 1220.59 1211.28 1201.69 1191.81 1181.65 1171.21 1160.50 1149.51 1138.26 1126.74 1114.96 1102.90 1090.57 1077.95 1065.04 1051.83 1038.30 1024.43 1010.22 995.64 980.67 965.28 949.46 933.17 916.39 899.08 881.21 862.74 843.64 823.86 803.37 782.11 760.05 737.15 713.35 688.64 662.97 636.33 608.71 580.13 550.63 520.30 489.26 457.69 425.84 394.00 362.52 331.76 302.12 273.94 247.52 223.07 200.74 180.57 162.53 146.54 132.47 120.17 109.48 100.22 92.23 85.36 79.45 74.38 70.09 60.22 57.24 48.87 41.20 34.16 22.16 0.00 0.00 0.00 
0.00 0.00 0.00 651.57 776.26 1025.96 1019.17 1137.96 1255.22 1246.92 1238.39 1229.55 1220.42 1211.07 1201.45 1191.57 1181.40 1170.96 1160.25 1149.26 1138.01 1126.49 1114.70 1102.63 1090.29 1077.66 1064.74 1051.51 1037.96 1024.08 1009.84 995.24 980.24 964.83 948.97 932.65 915.83 898.49 880.58 862.07 842.93 823.11 802.57 781.28 759.19 736.26 712.45 687.72 662.06 635.45 607.88 579.38 549.99 519.81 488.95 457.61 426.00 394.43 363.22 332.73 303.33 275.36 249.11 224.77 202.50 182.34 164.27 148.21 134.04 121.63 110.82 101.43 93.31 86.30 80.25 75.06 70.64 66.88 57.63 49.18 47.18 34.29 27.76 0.00 0.00 0.00 
0.00 0.00 0.00 651.78 776.44 1026.01 1082.48 1138.05 1255.21 1246.93 1238.34 1229.44 1280.95 1271.32 1261.33 1251.01 1240.37 1229.43 1218.19 1206.67 1194.86 1182.77 1170.40 1157.74 1144.78 1131.53 1117.96 1104.07 1089.85 1075.27 1060.33 1044.99 1029.24 1013.06 996.42 979.28 961.62 943.41 924.61 905.18 885.08 864.27 842.71 820.36 797.17 773.10 748.11 722.16 695.23 667.29 638.36 608.44 577.60 545.92 513.52 480.61 447.42 414.26 381.48 349.45 318.56 289.16 261.56 235.98 212.57 191.38 172.39 155.52 140.65 127.62 116.28 106.46 97.99 90.73 80.69 75.43 70.94 67.14 57.84 49.34 47.29 40.02 27.78 0.00 0.00 0.00 
0.00 0.00 0.00 651.70 776.36 1025.92 1082.39 1137.96 1255.12 1246.84 1238.25 1229.35 1280.86 1271.24 1261.25 1250.94 1240.30 1229.37 1218.14 1206.62 1194.82 1182.73 1170.36 1157.70 1144.75 1131.49 1117.93 1104.04 1089.82 1075.24 1060.29 1044.96 1029.21 1013.02 996.38 979.24 961.58 943.36 924.56 905.13 885.03 864.22 842.66 820.31 797.12 773.05 748.06 722.11 695.19 667.26 638.33 608.43 577.60 545.93 513.55 480.66 447.48 414.34 381.57 349.55 318.66 289.27 261.67 236.10 212.68 191.48 172.48 155.61 140.73 127.70 116.35 106.52 98.04 90.77 80.73 75.46 70.97 67.16 57.85 49.35 47.30 40.03 27.78 0.00 0.00 0.00 
0.00 0.00 0.00 651.35 776.02 1025.68 1018.91 1137.68 1254.93 1246.64 1238.11 1229.28 1220.16 1210.82 1201.22 1191.34 1181.20 1170.77 1160.07 1149.11 1137.87 1126.36 1114.58 1102.52 1090.19 1077.56 1064.64 1051.41 1037.87 1023.98 1009.74 995.13 980.13 964.71 948.85 932.53 915.70 898.35 880.43 861.92 842.77 822.95 802.41 781.12 759.03 736.10 712.30 687.59 661.94 635.35 607.81 579.34 549.99 519.85 489.04 457.74 426.18 394.65 363.48 333.03 303.66 275.70 249.45 225.11 202.83 182.65 164.56 148.47 134.29 121.85 111.01 101.60 93.46 86.43 80.36 75.15 70.71 66.94 57.67 49.20 47.19 34.30 27.76 0.00 0.00 0.00 
0.00 0.00 0.00 520.99 775.35 897.81 1018.44 1137.32 1129.78 1246.28 1237.92 1229.17 1220.15 1210.86 1201.29 1191.44 1181.31 1170.90 1160.21 1149.25 1138.03 1126.53 1114.76 1102.71 1090.39 1077.78 1064.88 1051.66 1038.13 1024.27 1010.05 995.46 980.48 965.09 949.26 932.96 916.17 898.85 880.97 862.49 843.38 823.60 803.10 781.84 759.78 736.88 713.10 688.40 662.76 636.15 608.58 580.05 550.61 520.35 489.39 457.91 426.14 394.38 362.96 332.27 302.67 274.51 248.10 223.65 201.30 181.10 163.02 146.99 132.88 120.54 109.80 100.50 92.48 85.57 79.62 74.52 70.20 60.30 57.30 48.91 41.23 34.17 22.17 0.00 0.00 0.00 
0.00 0.00 0.00 520.12 774.67 897.30 1017.92 1136.86 1129.47 1246.00 1237.76 1229.03 1220.12 1210.92 1201.41 1191.60 1181.50 1171.11 1160.44 1149.49 1138.28 1126.79 1115.04 1103.01 1090.70 1078.11 1065.23 1052.04 1038.53 1024.69 1010.51 995.95 981.01 965.66 949.87 933.61 916.87 899.59 881.76 863.34 844.28 824.55 804.10 782.90 760.89 738.03 714.28 689.61 663.96 637.33 609.70 581.09 551.52 521.09 489.91 458.15 426.07 393.97 362.20 331.15 301.21 272.76 246.11 221.49 199.04 178.80 160.74 144.79 130.79 118.59 108.01 98.89 91.04 84.31 78.55 73.57 69.42 59.62 56.77 48.49 40.91 33.98 22.19 0.00 0.00 0.00 
0.00 0.00 0.00 259.68 645.25 768.86 890.50 1010.48 1128.97 1121.56 1113.95 1228.74 1220.10 1211.02 1201.59 1191.84 1181.77 1171.40 1160.75 1149.82 1138.62 1127.15 1115.41 1103.40 1091.11 1078.55 1065.69 1052.53 1039.06 1025.26 1011.11 996.60 981.70 966.40 950.66 934.46 917.77 900.57 882.80 864.45 845.46 825.80 805.43 784.29 762.35 739.55 715.84 691.19 665.55 638.90 611.20 582.48 552.75 522.09 490.61 458.51 426.02 393.46 361.20 329.67 299.29 270.45 243.48 218.62 196.03 175.74 157.72 141.86 128.02 116.01 105.66 96.77 89.16 82.69 77.22 65.80 62.00 58.80 50.10 42.14 34.82 28.15 11.13 0.00 0.00 0.00 
0.00 0.00 0.00 0.00 515.60 767.86 889.71 1009.88 1003.63 1121.14 1113.86 1106.12 1098.10 1089.91 1081.46 1072.72 1063.69 1054.38 1044.81 1034.99 1024.92 1014.61 1004.05 993.26 982.21 970.92 959.36 947.53 935.42 923.02 910.31 897.27 883.89 870.14 856.01 841.46 826.47 811.02 795.06 778.58 761.53 743.87 725.57 706.58 686.86 666.37 645.05 622.88 599.80 575.80 550.84 524.92 498.08 470.37 441.90 412.83 383.39 353.87 324.61 296.00 268.43 242.28 217.84 195.34 174.93 156.63 140.42 126.18 113.79 103.08 93.86 85.97 79.24 73.49 68.53 64.34 60.85 51.64 49.34 41.58 34.48 22.48 0.00 0.00 0.00 0.00 
0.00 0.00 0.00 0.00 0.00 511.24 761.99 883.31 878.00 996.43 990.03 983.12 1036.90 1029.39 1021.53 1013.33 1004.85 996.09 987.07 977.81 968.31 958.59 948.64 938.46 928.05 917.41 906.52 895.38 883.97 872.30 860.33 848.06 835.47 822.53 809.23 795.55 781.46 766.92 751.92 736.42 720.39 703.79 686.58 668.72 650.16 630.87 610.79 589.88 568.10 545.41 521.79 497.21 471.71 445.32 418.14 390.34 362.11 333.76 305.63 278.11 251.61 226.48 203.05 181.56 162.13 144.79 129.51 116.18 104.64 94.72 86.25 79.06 72.97 67.84 59.87 56.22 53.24 44.49 42.60 35.23 22.81 5.65 0.00 0.00 0.00 0.00 
0.00 0.00 0.00 0.00 0.00 254.94 507.75 756.52 752.26 871.72 866.29 982.94 976.15 969.13 961.78 954.10 946.13 937.90 929.42 920.71 911.78 902.64 893.29 883.73 873.96 863.96 853.74 843.29 832.60 821.65 810.44 798.94 787.14 775.02 762.57 749.76 736.57 722.97 708.93 694.43 679.43 663.89 647.78 631.06 613.69 595.61 576.78 557.16 536.69 515.33 493.04 469.80 445.61 420.51 394.58 367.95 340.85 313.56 286.43 259.88 234.31 210.13 187.66 167.14 148.69 132.35 118.06 105.68 95.05 86.00 78.32 71.86 66.44 61.90 58.05 48.07 45.65 37.42 35.99 23.21 11.47 0.00 0.00 0.00 0.00 0.00 
0.00 0.00 0.00 0.00 0.00 0.00 126.60 503.83 626.42 746.98 742.64 737.65 854.13 848.21 841.86 835.18 828.22 821.02 813.60 805.99 798.18 790.19 782.02 773.67 765.14 756.42 747.51 738.39 729.07 719.53 709.75 699.74 689.46 678.91 668.07 656.93 645.45 633.61 621.40 608.79 595.74 582.23 568.22 553.68 538.56 522.82 506.42 489.31 471.43 452.75 433.22 412.81 391.50 369.31 346.30 322.59 298.38 273.92 249.56 225.69 202.73 181.05 160.99 142.77 126.50 112.19 99.78 89.13 80.06 72.41 65.98 60.62 56.19 52.58 42.36 40.05 38.27 30.60 23.83 0.00 0.00 0.00 0.00 0.00 0.00 0.00 
0.00 0.00 0.00 0.00 0.00 0.00 0.00 0.00 249.95 497.56 495.22 614.68 610.52 606.20 601.64 596.85 591.87 586.72 581.42 575.98 570.40 564.70 558.88 552.93 546.84 540.63 534.29 527.80 521.16 514.38 507.43 500.30 493.00 485.51 477.81 469.89 461.74 453.34 444.67 435.72 426.46 416.87 406.93 396.61 385.88 374.71 363.06 350.89 338.17 324.85 310.90 296.27 280.96 264.95 248.29 231.03 213.33 195.39 177.47 159.88 142.98 127.06 112.40 99.18 87.46 77.26 68.50 61.06 54.79 49.54 45.18 41.58 38.63 36.22 34.21 25.96 25.19 12.32 0.00 0.00 0.00 0.00 0.00 0.00 0.00 0.00 
0.00 0.00 0.00 0.00 0.00 0.00 0.00 0.00 0.00 0.00 0.00 0.00 121.46 120.92 120.14 119.25 118.29 117.27 116.22 115.14 114.03 112.89 111.72 110.53 109.31 108.07 106.79 105.49 104.16 102.80 101.40 99.97 98.51 97.00 95.45 93.86 92.22 90.53 88.79 86.99 85.12 83.19 81.19 79.12 76.96 74.71 72.36 69.92 67.36 64.69 61.90 58.98 55.93 52.76 49.47 46.08 42.63 39.14 35.67 32.26 28.99 25.89 23.02 20.41 18.07 16.02 14.23 12.70 11.40 10.31 9.40 8.67 8.10 7.75 0.00 0.00 0.00 0.00 0.00 0.00 0.00 0.00 0.00 0.00 0.00 0.00 
0.00 0.00 0.00 0.00 0.00 0.00 0.00 0.00 0.00 0.00 0.00 0.00 0.00 0.00 0.00 0.00 0.00 0.00 0.00 0.00 0.00 0.00 0.00 0.00 0.00 0.00 0.00 0.00 0.00 0.00 0.00 0.00 0.00 0.00 0.00 0.00 0.00 0.00 0.00 0.00 0.00 0.00 0.00 0.00 0.00 0.00 0.00 0.00 0.00 0.00 0.00 0.00 0.00 0.00 0.00 0.00 0.00 0.00 0.00 0.00 0.00 0.00 0.00 0.00 0.00 0.00 0.00 0.00 0.00 0.00 0.00 0.00 0.00 0.00 0.00 0.00 0.00 0.00 0.00 0.00 0.00 0.00 0.00 0.00 0.00 0.00 
0.00 0.00 0.00 0.00 0.00 0.00 0.00 0.00 0.00 0.00 0.00 0.00 0.00 0.00 0.00 0.00 0.00 0.00 0.00 0.00 0.00 0.00 0.00 0.00 0.00 0.00 0.00 0.00 0.00 0.00 0.00 0.00 0.00 0.00 0.00 0.00 0.00 0.00 0.00 0.00 0.00 0.00 0.00 0.00 0.00 0.00 0.00 0.00 0.00 0.00 0.00 0.00 0.00 0.00 0.00 0.00 0.00 0.00 0.00 0.00 0.00 0.00 0.00 0.00 0.00 0.00 0.00 0.00 0.00 0.00 0.00 0.00 0.00 0.00 0.00 0.00 0.00 0.00 0.00 0.00 0.00 0.00 0.00 0.00 0.00 0.00 
0.00 0.00 0.00 0.00 0.00 0.00 0.00 0.00 0.00 0.00 0.00 0.00 0.00 0.00 0.00 0.00 0.00 0.00 0.00 0.00 0.00 0.00 0.00 0.00 0.00 0.00 0.00 0.00 0.00 0.00 0.00 0.00 0.00 0.00 0.00 0.00 0.00 0.00 0.00 0.00 0.00 0.00 0.00 0.00 0.00 0.00 0.00 0.00 0.00 0.00 0.00 0.00 0.00 0.00 0.00 0.00 0.00 0.00 0.00 0.00 0.00 0.00 0.00 0.00 0.00 0.00 0.00 0.00 0.00 0.00 0.00 0.00 0.00 0.00 0.00 0.00 0.00 0.00 0.00 0.00 0.00 0.00 0.00 0.00 0.00 0.00 
