0.00 0.00 0.00 0.00 0.00 0.00 0.00 0.00 0.00 0.00 0.00 0.00 0.00 0.00 0.00 0.00 0.00 0.00 0.00 0.00 0.00 0.00 0.00 0.00 0.00 0.00 0.00 0.00 0.00 0.00 0.00 0.00 0.00 0.00 0.00 0.00 0.00 0.00 0.00 0.00 0.00 0.00 0.00 0.00 0.00 0.00 0.00 0.00 0.00 0.00 0.00 0.00 0.00 0.00 0.00 0.00 0.00 0.00 0.00 0.00 0.00 0.00 0.00 0.00 0.00 0.00 0.00 0.00 0.00 0.00 0.00 0.00 0.00 0.00 0.00 0.00 0.00 0.00 0.00 0.00 0.00 0.00 0.00 0.00 0.00 0.00 
0.00 0.00 0.00 0.00 0.00 0.00 0.00 0.00 0.00 0.00 0.00 0.00 0.00 0.00 0.00 0.00 0.00 0.00 0.00 0.00 0.00 0.00 0.00 0.00 0.00 0.00 0.00 0.00 0.00 0.00 0.00 0.00 0.00 0.00 0.00 0.00 0.00 0.00 0.00 0.00 0.00 0.00 0.00 0.00 0.00 0.00 0.00 0.00 0.00 0.00 0.00 0.00 0.00 0.00 0.00 0.00 0.00 0.00 0.00 0.00 0.00 0.00 0.00 0.00 0.00 0.00 0.00 0.00 0.00 0.00 0.00 0.00 0.00 0.00 0.00 0.00 0.00 0.00 0.00 0.00 0.00 0.00 0.00 0.00 0.00 0.00 
0.00 0.00 0.00 0.00 0.00 0.00 0.00 0.00 0.00 0.00 0.00 0.00 0.00 0.00 0.00 0.00 0.00 0.00 0.00 0.00 0.00 0.00 0.00 0.00 0.00 0.00 0.00 0.00 0.00 0.00 0.00 0.00 0.00 0.00 0.00 0.00 0.00 0.00 0.00 0.00 0.00 0.00 0.00 0.00 0.00 0.00 0.00 0.00 0.00 0.00 0.00 0.00 0.00 0.00 0.00 0.00 0.00 0.00 0.00 0.00 0.00 0.00 0.00 0.00 0.00 0.00 0.00 0.00 0.00 0.00 0.00 0.00 0.00 0.00 0.00 0.00 0.00 0.00 0.00 0.00 0.00 0.00 0.00 0.00 0.00 0.00 
0.00 0.00 0.00 0.00 0.00 0.00 0.00 0.00 275.69 547.85 544.29 673.67 667.42 660.41 652.92 645.10 637.02 628.71 620.20 611.50 602.63 593.58 584.36 574.97 565.39 555.64 545.71 535.57 525.24 514.70 503.94 492.94 481.70 470.20 458.42 446.36 433.98 421.27 408.22 394.78 380.96 366.71 352.03 336.88 321.27 305.18 288.64 271.68 254.37 236.82 219.16 201.59 184.30 167.55 151.54 136.50 122.59 109.92 98.54 88.46 79.63 71.96 65.35 59.70 54.88 50.79 47.32 44.40 41.93 39.86 38.12 36.66 35.46 34.48 33.73 26.44 26.15 12.98 0.00 0.00 0.00 0.00 0.00 0.00 0.00 0.00 
0.00 0.00 0.00 0.00 0.00 0.00 0.00 557.23 691.60 822.61 815.87 808.16 800.11 791.56 782.59 773.24 763.58 753.65 743.46 733.05 722.41 711.55 700.48 689.19 677.69 665.96 654.00 641.81 629.37 616.68 603.72 590.47 576.93 563.07 548.88 534.35 519.44 504.14 488.42 472.26 455.64 438.54 420.94 402.82 384.17 365.02 345.38 325.30 304.89 284.24 263.54 242.98 222.78 203.20 184.48 166.84 150.45 135.44 121.88 109.77 99.07 89.70 81.56 74.53 68.49 63.32 58.92 55.17 51.99 49.30 47.03 45.12 43.52 42.19 41.09 40.18 39.47 32.38 25.66 0.00 0.00 0.00 0.00 0.00 0.00 0.00 
0.00 0.00 0.00 0.00 0.00 283.84 564.22 837.56 830.75 959.86 951.35 1076.15 1065.61 1054.31 1042.42 1030.03 1017.21 1004.01 990.47 976.60 962.43 947.96 933.20 918.14 902.78 887.12 871.15 854.86 838.24 821.27 803.94 786.23 768.12 749.59 730.62 711.18 691.25 670.80 649.80 628.23 606.05 583.25 559.80 535.70 510.95 485.56 459.59 433.11 406.24 379.14 352.00 325.09 298.69 273.08 248.57 225.43 203.87 184.04 166.04 149.87 135.51 122.86 111.81 102.20 93.91 86.77 80.65 75.43 70.97 67.19 63.98 61.28 59.00 57.11 55.55 47.51 46.53 39.20 38.63 25.47 12.69 0.00 0.00 0.00 0.00 0.00 
0.00 0.00 0.00 0.00 0.00 569.50 846.30 978.09 969.57 1096.97 1086.83 1075.94 1131.08 1119.10 1106.48 1093.35 1079.76 1065.77 1051.40 1036.69 1021.64 1006.27 990.57 974.56 958.22 941.56 924.56 907.21 889.50 871.43 852.96 834.08 814.78 795.03 774.82 754.10 732.87 711.08 688.73 665.78 642.21 617.99 593.13 567.61 541.45 514.68 487.35 459.55 431.41 403.08 374.78 346.76 319.28 292.63 267.10 242.94 220.36 199.51 180.50 163.33 147.99 134.39 122.43 111.97 102.88 95.02 88.24 82.42 77.44 73.18 69.56 66.49 63.90 61.73 56.45 54.93 53.70 46.15 45.38 38.40 25.36 6.33 0.00 0.00 0.00 0.00 
0.00 0.00 0.00 0.00 576.21 855.43 988.11 1118.11 1108.09 1233.95 1222.38 1210.11 1197.38 1184.36 1170.87 1156.91 1142.50 1127.68 1112.48 1096.90 1080.96 1064.68 1048.05 1031.08 1013.77 996.10 978.07 959.67 940.88 921.70 902.10 882.07 861.58 840.62 819.17 797.18 774.66 751.55 727.86 703.54 678.58 652.96 626.69 599.75 572.17 544.00 515.28 486.12 456.65 427.03 397.49 368.25 339.60 311.82 285.19 259.95 236.31 214.43 194.40 176.25 159.96 145.45 132.64 121.38 111.55 103.00 95.61 89.23 83.74 79.04 75.02 71.60 68.69 66.23 64.12 62.35 60.88 53.13 52.19 45.04 38.17 25.27 0.00 0.00 0.00 0.00 
0.00 0.00 0.00 291.03 721.27 856.76 989.07 1118.75 1246.08 1234.26 1222.14 1343.66 1329.93 1315.50 1300.49 1284.96 1268.94 1252.47 1235.58 1218.27 1200.57 1182.48 1164.00 1145.14 1125.89 1106.25 1086.20 1065.74 1044.84 1023.51 1001.71 979.43 956.64 933.32 909.45 885.01 859.95 834.27 807.93 780.90 753.18 724.74 695.59 665.72 635.16 603.96 572.19 539.95 507.40 474.71 442.11 409.87 378.28 347.64 318.25 290.39 264.27 240.06 217.86 197.71 179.58 163.41 149.09 136.49 125.45 115.84 107.49 100.28 94.07 88.74 84.17 80.27 76.96 74.15 71.79 63.07 61.46 60.11 52.56 45.32 38.35 31.64 12.63 0.00 0.00 0.00 
0.00 0.00 0.00 583.14 865.83 999.69 1130.36 1258.36 1246.52 1370.73 1357.61 1343.72 1329.56 1314.93 1299.82 1284.24 1268.20 1251.72 1234.83 1217.52 1199.82 1181.72 1163.24 1144.37 1125.10 1105.44 1085.36 1064.87 1043.95 1022.57 1000.73 978.41 955.58 932.22 908.31 883.82 858.73 833.02 806.65 779.62 751.91 723.50 694.40 664.61 634.18 603.14 571.58 539.60 507.35 475.00 442.77 410.92 379.73 349.47 320.43 292.87 266.98 242.94 220.84 200.72 182.56 166.30 151.84 139.08 127.86 118.05 109.51 102.10 95.70 90.19 85.45 81.40 77.93 74.99 72.48 70.33 68.56 60.53 59.33 51.97 44.89 38.07 25.23 0.00 0.00 0.00 
0.00 0.00 0.00 584.40 866.67 1000.23 1130.87 1258.75 1246.68 1370.82 1357.50 1343.59 1329.24 1314.48 1299.29 1283.66 1267.60 1251.12 1234.22 1216.92 1199.22 1181.12 1162.63 1143.75 1124.48 1104.79 1084.70 1064.19 1043.24 1021.84 999.97 977.61 954.75 931.36 907.41 882.90 857.78 832.04 805.67 778.63 750.93 722.55 693.49 663.78 633.45 602.55 571.15 539.37 507.35 475.26 443.32 411.77 380.87 350.90 322.13 294.78 269.08 245.16 223.13 203.03 184.84 168.51 153.96 141.07 129.71 119.75 111.06 103.51 96.96 91.31 86.45 82.27 78.70 75.64 73.03 70.82 68.95 60.87 59.60 52.18 45.05 38.18 25.24 0.00 0.00 0.00 
0.00 0.00 0.00 730.40 867.47 1142.17 1131.30 1258.99 1384.28 1371.06 1357.47 1343.41 1328.93 1314.09 1298.86 1283.22 1267.15 1250.67 1233.78 1216.48 1198.78 1180.68 1162.19 1143.31 1124.02 1104.33 1084.23 1063.70 1042.73 1021.31 999.42 977.05 954.16 930.75 906.78 882.24 857.11 831.36 804.98 777.94 750.25 721.89 692.87 663.21 632.95 602.14 570.86 539.23 507.37 475.47 443.73 412.39 381.70 351.93 323.33 296.14 270.56 246.72 224.74 204.65 186.44 170.06 155.44 142.46 131.00 120.94 112.15 104.49 97.84 92.09 87.14 82.88 79.23 76.10 73.42 71.15 69.22 67.61 59.79 52.33 51.52 38.25 31.58 0.00 0.00 0.00 
0.00 0.00 0.00 730.73 867.75 1142.24 1201.38 1259.12 1384.25 1371.04 1357.37 1343.22 1394.58 1379.32 1363.50 1347.17 1330.35 1313.08 1295.36 1277.21 1258.64 1239.65 1220.25 1200.43 1180.19 1159.52 1138.41 1116.86 1094.85 1072.37 1049.39 1025.89 1001.87 977.29 952.13 926.37 899.98 872.95 845.25 816.87 787.80 758.03 727.57 696.43 664.67 632.33 599.49 566.27 532.83 499.33 466.00 433.08 400.85 369.57 339.53 310.96 284.07 259.03 235.92 214.81 195.68 178.48 163.12 149.49 137.46 126.90 117.67 109.63 102.66 96.64 91.45 86.99 83.18 79.94 73.63 71.32 69.37 67.73 59.90 52.41 51.57 44.62 31.59 0.00 0.00 0.00 
0.00 0.00 0.00 730.60 867.62 1142.09 1201.24 1258.97 1384.10 1370.89 1357.22 1343.07 1394.44 1379.18 1363.37 1347.04 1330.24 1312.97 1295.26 1277.12 1258.56 1239.58 1220.18 1200.37 1180.13 1159.46 1138.36 1116.81 1094.80 1072.32 1049.34 1025.85 1001.82 977.24 952.08 926.32 899.94 872.91 845.21 816.84 787.77 758.00 727.55 696.42 664.66 632.33 599.50 566.30 532.87 499.38 466.06 433.16 400.93 369.66 339.62 311.06 284.17 259.13 236.02 214.91 195.77 178.56 163.19 149.56 137.52 126.95 117.72 109.68 102.70 96.67 91.47 87.02 83.20 79.96 73.64 71.33 69.37 67.73 59.90 52.41 51.57 44.62 31.59 0.00 0.00 0.00 
0.00 0.00 0.00 730.04 867.08 1141.73 1130.87 1258.54 1383.82 1370.60 1357.02 1342.97 1328.50 1313.68 1298.47 1282.85 1266.81 1250.36 1233.49 1216.22 1198.54 1180.46 1161.99 1143.12 1123.85 1104.17 1084.07 1063.55 1042.59 1021.17 999.28 976.91 954.02 930.61 906.65 882.11 856.98 831.24 804.86 777.83 750.15 721.80 692.80 663.17 632.93 602.15 570.91 539.30 507.48 475.62 443.92 412.61 381.95 352.21 323.63 296.45 270.87 247.03 225.04 204.93 186.71 170.31 155.66 142.66 131.19 121.10 112.29 104.61 97.95 92.19 87.22 82.95 79.29 76.15 73.46 71.17 69.24 67.62 59.80 52.33 51.52 38.25 31.58 0.00 0.00 0.00 
0.00 0.00 0.00 583.90 866.03 999.55 1130.16 1258.01 1245.96 1370.07 1356.76 1342.85 1328.52 1313.79 1298.63 1283.05 1267.04 1250.60 1233.75 1216.49 1198.83 1180.76 1162.30 1143.45 1124.19 1104.53 1084.45 1063.94 1043.00 1021.60 999.74 977.38 954.52 931.13 907.19 882.67 857.56 831.83 805.47 778.45 750.76 722.40 693.38 663.71 633.41 602.56 571.22 539.50 507.54 475.52 443.64 412.15 381.30 351.37 322.63 295.30 269.60 245.68 223.64 203.51 185.29 168.93 154.34 141.41 130.02 120.02 111.30 103.71 97.14 91.46 86.58 82.38 78.79 75.72 73.09 70.86 68.99 60.89 59.62 52.19 45.05 38.17 25.24 0.00 0.00 0.00 
0.00 0.00 0.00 582.52 864.97 998.76 1129.38 1257.33 1245.52 1369.68 1356.57 1342.69 1328.54 1313.95 1298.89 1283.37 1267.40 1251.00 1234.17 1216.92 1199.28 1181.23 1162.79 1143.95 1124.71 1105.06 1085.01 1064.53 1043.61 1022.24 1000.41 978.08 955.26 931.90 907.99 883.50 858.42 832.71 806.36 779.35 751.66 723.29 694.23 664.49 634.12 603.15 571.67 539.77 507.61 475.35 443.22 411.46 380.34 350.14 321.15 293.61 267.74 243.69 221.57 201.41 183.20 166.89 152.39 139.56 128.29 118.43 109.84 102.39 95.95 90.40 85.64 81.55 78.07 75.09 72.56 70.40 68.60 60.56 59.35 51.97 44.89 38.07 25.23 0.00 0.00 0.00 
0.00 0.00 0.00 290.65 720.34 855.71 987.94 1117.55 1244.81 1233.00 1220.88 1342.31 1328.60 1314.21 1299.27 1283.83 1267.91 1251.54 1234.74 1217.51 1199.88 1181.85 1163.43 1144.61 1125.39 1105.77 1085.75 1065.30 1044.42 1023.09 1001.29 979.01 956.22 932.91 909.04 884.59 859.55 833.87 807.55 780.54 752.85 724.46 695.35 665.55 635.07 603.95 572.29 540.16 507.73 475.16 442.68 410.56 379.07 348.52 319.20 291.37 265.27 241.05 218.82 198.62 180.43 164.19 149.80 137.12 126.01 116.33 107.92 100.65 94.39 89.01 84.41 80.47 77.13 74.29 71.91 63.15 61.52 60.15 52.58 45.33 38.35 31.63 12.62 0.00 0.00 0.00 
0.00 0.00 0.00 0.00 575.32 854.17 986.75 1116.68 1106.70 1232.43 1220.83 1208.54 1195.80 1182.82 1169.43 1155.60 1141.32 1126.62 1111.52 1096.04 1080.19 1063.98 1047.41 1030.48 1013.20 995.56 977.55 959.17 940.39 921.21 901.62 881.59 861.10 840.14 818.68 796.70 774.17 751.08 727.40 703.10 678.17 652.60 626.38 599.52 572.03 543.96 515.36 486.33 457.01 427.55 398.15 369.06 340.54 312.87 286.32 261.13 237.51 215.62 195.55 177.34 160.98 146.39 133.48 122.13 112.21 103.59 96.11 89.66 84.12 79.36 75.30 71.84 68.90 66.40 64.25 62.44 60.95 53.17 52.21 45.05 38.17 25.27 0.00 0.00 0.00 0.00 
0.00 0.00 0.00 0.00 0.00 568.40 844.86 976.61 968.15 1095.35 1085.15 1074.17 1129.16 1117.25 1104.79 1091.82 1078.40 1064.56 1050.33 1035.73 1020.77 1005.48 989.85 973.89 957.59 940.95 923.98 906.64 888.95 870.87 852.40 833.53 814.22 794.47 774.25 753.53 732.29 710.52 688.18 665.25 641.71 617.54 592.74 567.31 541.24 514.59 487.40 459.76 431.80 403.66 375.55 347.71 320.39 293.88 268.46 244.36 221.81 200.95 181.89 164.65 149.21 135.50 123.43 112.86 103.66 95.70 88.83 82.93 77.87 73.56 69.89 66.77 64.15 61.94 56.60 55.04 53.77 46.19 45.40 38.41 25.35 6.33 0.00 0.00 0.00 0.00 
0.00 0.00 0.00 0.00 0.00 283.12 562.89 836.21 829.42 958.24 949.62 1074.01 1063.23 1052.10 1040.45 1028.30 1015.70 1002.68 989.30 975.56 961.49 947.11 932.41 917.41 902.09 886.46 870.51 854.24 837.62 820.65 803.32 785.60 767.49 748.95 729.97 710.52 690.59 670.14 649.15 627.59 605.45 582.69 559.31 535.30 510.65 485.41 459.60 433.31 406.64 379.76 352.86 326.18 299.98 274.55 250.18 227.12 205.59 185.75 167.69 151.43 136.95 124.17 112.97 103.23 94.80 87.55 81.32 76.00 71.46 67.61 64.35 61.60 59.30 57.36 55.73 47.62 46.60 39.24 38.65 25.47 12.69 0.00 0.00 0.00 0.00 0.00 
0.00 0.00 0.00 0.00 0.00 0.00 140.19 556.68 690.51 821.10 814.20 806.28 930.42 921.04 910.98 900.40 889.39 878.01 866.29 854.28 841.97 829.39 816.55 803.43 790.05 776.40 762.48 748.27 733.77 718.96 703.84 688.38 672.58 656.40 639.85 622.88 605.49 587.64 569.31 550.48 531.12 511.21 490.73 469.66 448.01 425.78 403.01 379.75 356.12 332.23 308.28 284.48 261.09 238.39 216.64 196.10 176.98 159.42 143.51 129.27 116.66 105.59 95.96 87.64 80.48 74.35 69.13 64.68 60.92 57.74 55.06 52.82 50.96 49.44 41.25 40.28 39.53 32.42 25.68 0.00 0.00 0.00 0.00 0.00 0.00 0.00 
0.00 0.00 0.00 0.00 0.00 0.00 0.00 0.00 275.23 546.76 543.07 671.94 665.34 658.49 651.26 643.68 635.80 627.65 619.28 610.69 601.90 592.92 583.75 574.40 564.86 555.13 545.20 535.08 524.75 514.20 503.43 492.43 481.18 469.66 457.88 445.80 433.42 420.71 407.65 394.23 380.42 366.21 351.57 336.50 320.97 305.00 288.60 271.81 254.69 237.34 219.90 202.53 185.44 168.85 152.96 137.99 124.10 111.41 99.97 89.79 80.85 73.05 66.32 60.54 55.61 51.41 47.86 44.85 42.32 40.19 38.41 36.92 35.70 34.70 33.87 26.51 26.20 12.99 0.00 0.00 0.00 0.00 0.00 0.00 0.00 0.00 
0.00 0.00 0.00 0.00 0.00 0.00 0.00 0.00 0.00 0.00 0.00 0.00 132.03 131.17 129.95 128.53 127.01 125.41 123.75 122.04 120.28 118.49 116.66 114.78 112.87 110.92 108.94 106.91 104.84 102.72 100.56 98.35 96.10 93.79 91.42 89.00 86.51 83.96 81.34 78.65 75.89 73.04 70.11 67.10 64.01 60.83 57.57 54.25 50.87 47.46 44.04 40.64 37.31 34.06 30.96 28.02 25.29 22.77 20.49 18.45 16.64 15.05 13.67 12.48 11.45 10.57 9.83 9.20 8.66 8.21 7.84 7.54 7.30 7.15 0.00 0.00 0.00 0.00 0.00 0.00 0.00 0.00 0.00 0.00 0.00 0.00 
0.00 0.00 0.00 0.00 0.00 0.00 0.00 0.00 0.00 0.00 0.00 0.00 0.00 0.00 0.00 0.00 0.00 0.00 0.00 0.00 0.00 0.00 0.00 0.00 0.00 0.00 0.00 0.00 0.00 0.00 0.00 0.00 0.00 0.00 0.00 0.00 0.00 0.00 0.00 0.00 0.00 0.00 0.00 0.00 0.00 0.00 0.00 0.00 0.00 0.00 0.00 0.00 0.00 0.00 0.00 0.00 0.00 0.00 0.00 0.00 0.00 0.00 0.00 0.00 0.00 0.00 0.00 0.00 0.00 0.00 0.00 0.00 0.00 0.00 0.00 0.00 0.00 0.00 0.00 0.00 0.00 0.00 0.00 0.00 0.00 0.00 
0.00 0.00 0.00 0.00 0.00 0.00 0.00 0.00 0.00 0.00 0.00 0.00 0.00 0.00 0.00 0.00 0.00 0.00 0.00 0.00 0.00 0.00 0.00 0.00 0.00 0.00 0.00 0.00 0.00 0.00 0.00 0.00 0.00 0.00 0.00 0.00 0.00 0.00 0.00 0.00 0.00 0.00 0.00 0.00 0.00 0.00 0.00 0.00 0.00 0.00 0.00 0.00 0.00 0.00 0.00 0.00 0.00 0.00 0.00 0.00 0.00 0.00 0.00 0.00 0.00 0.00 0.00 0.00 0.00 0.00 0.00 0.00 0.00 0.00 0.00 0.00 0.00 0.00 0.00 0.00 0.00 0.00 0.00 0.00 0.00 0.00 
0.00 0.00 0.00 0.00 0.00 0.00 0.00 0.00 0.00 0.00 0.00 0.00 0.00 0.00 0.00 0.00 0.00 0.00 0.00 0.00 0.00 0.00 0.00 0.00 0.00 0.00 0.00 0.00 0.00 0.00 0.00 0.00 0.00 0.00 0.00 0.00 0.00 0.00 0.00 0.00 0.00 0.00 0.00 0.00 0.00 0.00 0.00 0.00 0.00 0.00 0.00 0.00 0.00 0.00 0.00 0.00 0.00 0.00 0.00 0.00 0.00 0.00 0.00 0.00 0.00 0.00 0.00 0.00 0.00 0.00 0.00 0.00 0.00 0.00 0.00 0.00 0.00 0.00 0.00 0.00 0.00 0.00 0.00 0.00 0.00 0.00 
