0.00 0.00 0.00 0.00 0.00 0.00 0.00 0.00 0.00 0.00 0.00 0.00 0.00 0.00 0.00 0.00 0.00 0.00 0.00 0.00 0.00 0.00 0.00 0.00 0.00 0.00 0.00 0.00 0.00 0.00 0.00 0.00 0.00 0.00 0.00 0.00 0.00 0.00 0.00 0.00 0.00 0.00 0.00 0.00 0.00 0.00 0.00 0.00 0.00 0.00 0.00 0.00 0.00 0.00 0.00 0.00 0.00 0.00 0.00 0.00 0.00 0.00 0.00 0.00 0.00 0.00 0.00 0.00 0.00 0.00 0.00 0.00 0.00 0.00 0.00 0.00 0.00 0.00 0.00 0.00 0.00 0.00 0.00 0.00 0.00 0.00 
0.00 0.00 0.00 0.00 0.00 0.00 0.00 0.00 0.00 0.00 0.00 0.00 0.00 0.00 0.00 0.00 0.00 0.00 0.00 0.00 0.00 0.00 0.00 0.00 0.00 0.00 0.00 0.00 0.00 0.00 0.00 0.00 0.00 0.00 0.00 0.00 0.00 0.00 0.00 0.00 0.00 0.00 0.00 0.00 0.00 0.00 0.00 0.00 0.00 0.00 0.00 0.00 0.00 0.00 0.00 0.00 0.00 0.00 0.00 0.00 0.00 0.00 0.00 0.00 0.00 0.00 0.00 0.00 0.00 0.00 0.00 0.00 0.00 0.00 0.00 0.00 0.00 0.00 0.00 0.00 0.00 0.00 0.00 0.00 0.00 0.00 
0.00 0.00 0.00 0.00 0.00 0.00 0.00 0.00 0.00 0.00 0.00 0.00 0.00 0.00 0.00 0.00 0.00 0.00 0.00 0.00 0.00 0.00 0.00 0.00 0.00 0.00 0.00 0.00 0.00 0.00 0.00 0.00 0.00 0.00 0.00 0.00 0.00 0.00 0.00 0.00 0.00 0.00 0.00 0.00 0.00 0.00 0.00 0.00 0.00 0.00 0.00 0.00 0.00 0.00 0.00 0.00 0.00 0.00 0.00 0.00 0.00 0.00 0.00 0.00 0.00 0.00 0.00 0.00 0.00 0.00 0.00 0.00 0.00 0.00 0.00 0.00 0.00 0.00 0.00 0.00 0.00 0.00 0.00 0.00 0.00 0.00 
0.00 0.00 0.00 0.00 0.00 0.00 0.00 0.00 17.84 38.68 42.55 62.09 71.70 83.98 98.54 114.96 132.66 150.97 169.23 186.85 203.47 218.86 232.99 245.90 257.69 268.45 278.32 287.40 295.78 303.54 310.74 317.45 323.72 329.59 335.10 340.28 345.16 349.77 354.13 358.26 362.18 365.91 369.47 372.86 376.10 379.20 382.18 385.04 387.80 390.45 393.02 395.51 397.92 400.27 402.55 404.77 406.95 409.07 411.15 413.20 415.21 417.18 419.13 421.04 422.93 424.80 426.64 428.46 430.25 432.01 433.74 435.43 437.06 438.59 439.98 353.18 354.01 177.42 0.00 0.00 0.00 0.00 0.00 0.00 0.00 0.00 
0.00 0.00 0.00 0.00 0.00 0.00 0.00 31.54 43.37 59.36 67.47 77.97 90.37 105.07 121.97 140.75 160.86 181.66 202.46 222.71 241.98 260.02 276.75 292.17 306.34 319.37 331.37 342.43 352.66 362.15 370.97 379.19 386.87 394.05 400.79 407.13 413.10 418.74 424.06 429.10 433.89 438.44 442.77 446.90 450.84 454.62 458.24 461.72 465.07 468.30 471.42 474.44 477.36 480.20 482.97 485.66 488.29 490.86 493.38 495.85 498.27 500.65 503.00 505.30 507.58 509.82 512.03 514.21 516.36 518.46 520.52 522.53 524.48 526.34 528.11 529.82 531.31 444.13 356.22 0.00 0.00 0.00 0.00 0.00 0.00 0.00 
0.00 0.00 0.00 0.00 0.00 13.42 28.23 47.91 54.11 72.30 82.71 108.94 125.22 144.46 166.37 190.51 216.28 242.89 269.59 295.70 320.71 344.30 366.34 386.78 405.67 423.12 439.24 454.15 467.96 480.78 492.70 503.82 514.21 523.93 533.05 541.62 549.70 557.31 564.51 571.32 577.78 583.92 589.76 595.33 600.65 605.74 610.62 615.30 619.81 624.15 628.35 632.40 636.33 640.15 643.86 647.48 651.01 654.45 657.83 661.13 664.38 667.57 670.70 673.79 676.83 679.82 682.76 685.66 688.51 691.31 694.04 696.70 699.27 701.73 704.03 618.21 620.08 533.31 534.83 357.93 179.43 0.00 0.00 0.00 0.00 0.00 
0.00 0.00 0.00 0.00 0.00 26.20 43.81 57.74 65.71 85.78 98.17 113.14 138.08 158.09 180.69 205.43 231.71 258.84 286.11 312.90 338.72 363.25 386.31 407.85 427.87 446.46 463.69 479.68 494.52 508.33 521.18 533.18 544.39 554.89 564.74 573.99 582.70 590.91 598.67 606.02 612.98 619.59 625.88 631.88 637.60 643.07 648.32 653.35 658.19 662.85 667.35 671.70 675.92 680.01 683.98 687.85 691.63 695.32 698.92 702.46 705.92 709.32 712.66 715.95 719.18 722.37 725.50 728.58 731.60 734.56 737.46 740.27 742.99 745.58 704.24 706.62 708.84 622.44 624.33 536.96 359.26 90.05 0.00 0.00 0.00 0.00 
0.00 0.00 0.00 0.00 24.23 40.04 52.64 68.10 77.54 99.28 113.36 130.03 149.17 170.47 194.05 219.63 246.70 274.60 302.68 330.34 357.10 382.64 406.76 429.40 450.53 470.21 488.53 505.56 521.40 536.16 549.91 562.76 574.77 586.02 596.58 606.49 615.83 624.63 632.95 640.81 648.26 655.34 662.07 668.48 674.60 680.45 686.06 691.43 696.60 701.58 706.38 711.02 715.52 719.88 724.11 728.24 732.26 736.18 740.02 743.77 747.46 751.07 754.62 758.11 761.54 764.91 768.23 771.49 774.69 777.82 780.89 783.88 786.78 789.60 792.36 795.04 797.57 711.50 713.71 626.71 539.09 360.66 0.00 0.00 0.00 0.00 
0.00 0.00 0.00 11.52 30.44 41.05 54.32 70.35 89.48 102.24 117.01 147.41 167.90 191.26 217.20 245.30 274.98 305.57 336.35 366.70 396.10 424.21 450.82 475.83 499.24 521.08 541.44 560.39 578.05 594.51 609.87 624.22 637.65 650.23 662.03 673.12 683.56 693.40 702.69 711.49 719.82 727.73 735.25 742.41 749.25 755.78 762.04 768.04 773.81 779.37 784.73 789.91 794.92 799.78 804.50 809.10 813.58 817.95 822.23 826.41 830.51 834.53 838.48 842.36 846.17 849.92 853.61 857.23 860.79 864.27 867.68 871.00 874.23 877.35 880.33 795.20 797.84 800.43 714.01 627.06 539.49 451.20 181.08 0.00 0.00 0.00 
0.00 0.00 0.00 22.71 37.27 48.88 63.20 80.46 91.73 115.27 131.18 149.88 170.75 194.04 219.64 247.22 276.26 306.15 336.25 365.97 394.85 422.56 448.88 473.71 497.02 518.84 539.23 558.26 576.02 592.59 608.08 622.56 636.11 648.81 660.72 671.92 682.47 692.41 701.79 710.67 719.08 727.06 734.65 741.88 748.77 755.35 761.66 767.71 773.52 779.11 784.51 789.72 794.76 799.65 804.40 809.02 813.52 817.91 822.20 826.40 830.52 834.55 838.51 842.39 846.21 849.97 853.65 857.28 860.83 864.31 867.73 871.06 874.30 877.46 880.53 883.55 886.41 800.69 803.28 716.71 629.52 541.59 362.44 0.00 0.00 0.00 
0.00 0.00 0.00 22.56 37.84 49.88 64.50 82.01 93.63 117.24 133.40 152.02 172.97 196.18 221.54 248.73 277.29 306.66 336.25 365.50 393.98 421.36 447.45 472.12 495.35 517.14 537.54 556.62 574.44 591.10 606.68 621.25 634.90 647.69 659.70 670.99 681.61 691.63 701.09 710.03 718.50 726.54 734.18 741.45 748.39 755.02 761.36 767.45 773.29 778.91 784.34 789.57 794.64 799.55 804.32 808.96 813.47 817.88 822.18 826.40 830.52 834.56 838.52 842.42 846.24 849.99 853.68 857.31 860.86 864.35 867.76 871.10 874.36 877.54 880.64 883.66 886.56 800.85 803.49 716.94 629.73 541.85 362.75 0.00 0.00 0.00 
0.00 0.00 0.00 28.40 38.20 57.43 65.38 83.09 104.13 118.43 134.85 153.58 174.62 197.78 222.95 249.87 278.09 307.09 336.30 365.22 393.41 420.56 446.47 471.03 494.19 515.96 536.37 555.47 573.34 590.06 605.69 620.33 634.04 646.90 658.97 670.32 681.00 691.07 700.58 709.57 718.09 726.16 733.84 741.15 748.12 754.78 761.15 767.26 773.12 778.77 784.21 789.47 794.55 799.48 804.26 808.91 813.44 817.86 822.17 826.39 830.52 834.56 838.53 842.43 846.26 850.01 853.70 857.32 860.88 864.36 867.77 871.11 874.38 877.57 880.70 883.75 886.70 889.59 803.62 717.14 719.53 542.05 453.43 0.00 0.00 0.00 
0.00 0.00 0.00 28.45 38.42 57.84 69.66 83.66 104.82 119.15 135.67 154.52 184.39 208.29 234.53 262.70 292.30 322.73 353.39 383.73 413.31 441.80 468.98 494.74 519.04 541.86 563.27 583.31 602.05 619.59 636.00 651.36 665.75 679.25 691.92 703.83 715.05 725.62 735.60 745.04 753.98 762.46 770.53 778.20 785.52 792.51 799.20 805.62 811.78 817.71 823.42 828.94 834.28 839.45 844.47 849.35 854.11 858.75 863.27 867.70 872.04 876.29 880.45 884.54 888.55 892.50 896.37 900.16 903.89 907.54 911.11 914.60 917.99 921.27 880.71 883.78 886.75 889.62 803.68 717.22 719.64 632.11 453.51 0.00 0.00 0.00 
0.00 0.00 0.00 28.46 38.44 57.89 69.72 83.73 104.92 119.27 135.81 154.68 184.56 208.47 234.71 262.88 292.46 322.88 353.51 383.83 413.38 441.84 469.00 494.74 519.02 541.83 563.22 583.26 602.00 619.53 635.94 651.30 665.69 679.19 691.87 703.78 715.00 725.57 735.56 745.00 753.95 762.43 770.50 778.17 785.49 792.49 799.18 805.60 811.76 817.69 823.41 828.93 834.27 839.44 844.47 849.35 854.10 858.74 863.27 867.70 872.03 876.28 880.45 884.53 888.55 892.49 896.35 900.15 903.87 907.52 911.09 914.57 917.96 921.24 880.68 883.75 886.72 889.59 803.64 717.19 719.61 632.07 453.48 0.00 0.00 0.00 
0.00 0.00 0.00 28.45 38.28 57.56 65.55 83.32 104.43 118.79 135.28 154.06 175.14 198.33 223.50 250.40 278.58 307.52 336.66 365.49 393.60 420.68 446.52 471.02 494.14 515.86 536.23 555.32 573.17 589.88 605.51 620.15 633.87 646.73 658.81 670.17 680.86 690.94 700.46 709.46 717.98 726.07 733.75 741.07 748.05 754.71 761.09 767.21 773.08 778.73 784.18 789.44 794.53 799.46 804.24 808.90 813.43 817.84 822.16 826.38 830.51 834.55 838.52 842.41 846.23 849.98 853.67 857.28 860.83 864.31 867.71 871.04 874.30 877.49 880.62 883.66 886.61 889.49 803.52 717.05 719.43 541.97 453.34 0.00 0.00 0.00 
0.00 0.00 0.00 22.63 37.97 50.07 64.77 82.39 94.10 117.85 134.11 152.84 173.86 197.12 222.48 249.64 278.13 307.39 336.85 365.96 394.30 421.55 447.52 472.10 495.24 516.96 537.31 556.35 574.16 590.80 606.38 620.95 634.60 647.41 659.43 670.73 681.37 691.41 700.88 709.84 718.33 726.38 734.03 741.32 748.27 754.91 761.27 767.36 773.22 778.85 784.28 789.53 794.60 799.52 804.29 808.93 813.45 817.86 822.17 826.38 830.50 834.54 838.50 842.39 846.20 849.95 853.63 857.24 860.78 864.26 867.66 870.98 874.23 877.40 880.50 883.51 886.40 800.70 803.33 716.79 629.58 541.70 362.64 0.00 0.00 0.00 
0.00 0.00 0.00 22.81 37.44 49.14 63.58 80.99 92.39 116.13 132.21 151.06 172.05 195.41 221.02 248.53 277.46 307.19 337.09 366.62 395.29 422.81 448.96 473.65 496.84 518.57 538.89 557.87 575.60 592.16 607.64 622.13 635.69 648.40 660.34 671.57 682.13 692.10 701.50 710.41 718.84 726.84 734.45 741.69 748.61 755.21 761.53 767.60 773.42 779.03 784.43 789.66 794.71 799.61 804.36 808.99 813.49 817.89 822.18 826.38 830.49 834.52 838.47 842.35 846.16 849.91 853.58 857.19 860.72 864.19 867.58 870.89 874.12 877.26 880.32 883.33 886.19 800.48 803.06 716.50 629.32 541.40 362.30 0.00 0.00 0.00 
0.00 0.00 0.00 11.58 30.63 41.35 54.76 70.97 90.33 103.30 118.29 149.00 169.67 193.13 219.06 247.07 276.58 306.94 337.45 367.51 396.64 424.49 450.88 475.71 498.96 520.69 540.96 559.87 577.49 593.94 609.30 623.66 637.10 649.70 661.53 672.65 683.12 693.00 702.32 711.15 719.51 727.44 734.99 742.18 749.04 755.60 761.88 767.90 773.69 779.26 784.63 789.82 794.85 799.72 804.45 809.06 813.54 817.92 822.20 826.38 830.48 834.50 838.44 842.31 846.11 849.85 853.52 857.12 860.65 864.11 867.49 870.79 873.99 877.09 880.06 794.94 797.58 800.16 713.76 626.82 539.27 450.99 181.00 0.00 0.00 0.00 
0.00 0.00 0.00 0.00 24.41 40.39 53.17 68.85 78.49 100.60 114.98 131.98 151.39 172.81 196.36 221.80 248.62 276.21 303.95 331.24 357.66 382.89 406.75 429.17 450.14 469.70 487.92 504.90 520.72 535.46 549.23 562.09 574.13 585.41 596.00 605.95 615.33 624.17 632.52 640.42 647.91 655.02 661.78 668.22 674.36 680.24 685.87 691.27 696.46 701.45 706.27 710.93 715.44 719.81 724.06 728.19 732.22 736.15 739.99 743.74 747.43 751.04 754.58 758.06 761.48 764.83 768.13 771.36 774.54 777.64 780.67 783.63 786.50 789.29 792.05 794.72 797.25 711.21 713.41 626.43 538.83 360.48 0.00 0.00 0.00 0.00 
0.00 0.00 0.00 0.00 0.00 26.51 44.35 58.51 66.70 87.23 100.02 115.46 140.93 161.07 183.59 208.10 234.04 260.75 287.56 313.88 339.27 363.43 386.18 407.48 427.32 445.77 462.92 478.86 493.68 507.49 520.36 532.39 543.63 554.17 564.06 573.36 582.12 590.38 598.18 605.57 612.57 619.22 625.54 631.57 637.33 642.83 648.10 653.16 658.03 662.71 667.23 671.60 675.83 679.94 683.92 687.80 691.59 695.28 698.89 702.43 705.89 709.29 712.62 715.90 719.12 722.28 725.39 728.44 731.43 734.35 737.20 739.97 742.64 745.21 703.88 706.27 708.49 622.13 624.01 536.68 359.06 90.00 0.00 0.00 0.00 0.00 
0.00 0.00 0.00 0.00 0.00 13.65 28.73 48.63 55.07 73.80 84.68 111.87 128.95 148.25 169.96 193.74 219.02 245.08 271.18 296.71 321.19 344.35 366.03 386.20 404.91 422.23 438.27 453.14 466.95 479.78 491.74 502.90 513.33 523.11 532.29 540.91 549.04 556.71 563.95 570.81 577.32 583.50 589.38 594.99 600.35 605.47 610.38 615.09 619.63 624.00 628.21 632.29 636.24 640.07 643.80 647.42 650.96 654.42 657.80 661.11 664.35 667.54 670.67 673.74 676.76 679.74 682.66 685.52 688.34 691.08 693.76 696.36 698.86 701.26 703.60 617.84 619.72 533.00 534.52 357.72 179.32 0.00 0.00 0.00 0.00 0.00 
0.00 0.00 0.00 0.00 0.00 0.00 7.45 31.93 44.21 60.81 69.40 80.60 109.98 126.65 146.01 167.52 190.51 214.22 237.92 260.97 282.94 303.57 322.75 340.48 356.84 371.92 385.84 398.71 410.64 421.72 432.03 441.65 450.64 459.07 466.98 474.42 481.42 488.04 494.29 500.22 505.84 511.18 516.26 521.11 525.75 530.18 534.43 538.51 542.44 546.23 549.88 553.42 556.85 560.18 563.41 566.56 569.64 572.64 575.58 578.46 581.29 584.07 586.79 589.48 592.11 594.71 597.26 599.77 602.23 604.63 606.97 609.24 611.40 613.43 527.73 529.46 530.97 443.85 355.99 0.00 0.00 0.00 0.00 0.00 0.00 0.00 
0.00 0.00 0.00 0.00 0.00 0.00 0.00 0.00 18.26 39.76 43.96 64.52 75.13 87.50 101.86 117.92 135.16 152.92 170.59 187.65 203.77 218.77 232.59 245.28 256.91 267.59 277.42 286.49 294.88 302.66 309.91 316.66 322.98 328.90 334.46 339.69 344.62 349.28 353.68 357.85 361.81 365.58 369.16 372.59 375.86 378.99 381.99 384.88 387.65 390.33 392.92 395.42 397.85 400.21 402.50 404.73 406.92 409.05 411.14 413.18 415.19 417.17 419.11 421.02 422.90 424.75 426.57 428.36 430.12 431.84 433.52 435.14 436.70 438.18 439.62 352.91 353.75 177.30 0.00 0.00 0.00 0.00 0.00 0.00 0.00 0.00 
0.00 0.00 0.00 0.00 0.00 0.00 0.00 0.00 0.00 0.00 0.00 0.00 17.16 18.80 21.24 24.16 27.35 30.68 34.03 37.30 40.42 43.36 46.11 48.64 50.99 53.14 55.14 56.98 58.68 60.27 61.74 63.11 64.40 65.60 66.73 67.79 68.79 69.73 70.63 71.47 72.27 73.04 73.76 74.45 75.11 75.75 76.35 76.94 77.50 78.04 78.56 79.06 79.55 80.03 80.49 80.94 81.38 81.81 82.23 82.64 83.04 83.44 83.83 84.21 84.59 84.96 85.32 85.68 86.03 86.36 86.69 86.99 87.25 87.44 0.00 0.00 0.00 0.00 0.00 0.00 0.00 0.00 0.00 0.00 0.00 0.00 
0.00 0.00 0.00 0.00 0.00 0.00 0.00 0.00 0.00 0.00 0.00 0.00 0.00 0.00 0.00 0.00 0.00 0.00 0.00 0.00 0.00 0.00 0.00 0.00 0.00 0.00 0.00 0.00 0.00 0.00 0.00 0.00 0.00 0.00 0.00 0.00 0.00 0.00 0.00 0.00 0.00 0.00 0.00 0.00 0.00 0.00 0.00 0.00 0.00 0.00 0.00 0.00 0.00 0.00 0.00 0.00 0.00 0.00 0.00 0.00 0.00 0.00 0.00 0.00 0.00 0.00 0.00 0.00 0.00 0.00 0.00 0.00 0.00 0.00 0.00 0.00 0.00 0.00 0.00 0.00 0.00 0.00 0.00 0.00 0.00 0.00 
0.00 0.00 0.00 0.00 0.00 0.00 0.00 0.00 0.00 0.00 0.00 0.00 0.00 0.00 0.00 0.00 0.00 0.00 0.00 0.00 0.00 0.00 0.00 0.00 0.00 0.00 0.00 0.00 0.00 0.00 0.00 0.00 0.00 0.00 0.00 0.00 0.00 0.00 0.00 0.00 0.00 0.00 0.00 0.00 0.00 0.00 0.00 0.00 0.00 0.00 0.00 0.00 0.00 0.00 0.00 0.00 0.00 0.00 0.00 0.00 0.00 0.00 0.00 0.00 0.00 0.00 0.00 0.00 0.00 0.00 0.00 0.00 0.00 0.00 0.00 0.00 0.00 0.00 0.00 0.00 0.00 0.00 0.00 0.00 0.00 0.00 
0.00 0.00 0.00 0.00 0.00 0.00 0.00 0.00 0.00 0.00 0.00 0.00 0.00 0.00 0.00 0.00 0.00 0.00 0.00 0.00 0.00 0.00 0.00 0.00 0.00 0.00 0.00 0.00 0.00 0.00 0.00 0.00 0.00 0.00 0.00 0.00 0.00 0.00 0.00 0.00 0.00 0.00 0.00 0.00 0.00 0.00 0.00 0.00 0.00 0.00 0.00 0.00 0.00 0.00 0.00 0.00 0.00 0.00 0.00 0.00 0.00 0.00 0.00 0.00 0.00 0.00 0.00 0.00 0.00 0.00 0.00 0.00 0.00 0.00 0.00 0.00 0.00 0.00 0.00 0.00 0.00 0.00 0.00 0.00 0.00 0.00 
