0.00 0.00 0.00 0.00 0.00 0.00 0.00 0.00 0.00 0.00 0.00 0.00 0.00 0.00 0.00 0.00 0.00 0.00 0.00 0.00 0.00 0.00 0.00 0.00 0.00 0.00 0.00 0.00 0.00 0.00 0.00 0.00 0.00 0.00 0.00 0.00 0.00 0.00 0.00 0.00 0.00 0.00 0.00 0.00 0.00 0.00 0.00 0.00 0.00 0.00 0.00 0.00 0.00 0.00 0.00 0.00 0.00 0.00 0.00 0.00 0.00 0.00 0.00 0.00 0.00 0.00 0.00 0.00 0.00 0.00 0.00 0.00 0.00 0.00 0.00 0.00 0.00 0.00 0.00 0.00 0.00 0.00 0.00 0.00 0.00 0.00 
0.00 0.00 0.00 0.00 0.00 0.00 0.00 0.00 0.00 0.00 0.00 0.00 0.00 0.00 0.00 0.00 0.00 0.00 0.00 0.00 0.00 0.00 0.00 0.00 0.00 0.00 0.00 0.00 0.00 0.00 0.00 0.00 0.00 0.00 0.00 0.00 0.00 0.00 0.00 0.00 0.00 0.00 0.00 0.00 0.00 0.00 0.00 0.00 0.00 0.00 0.00 0.00 0.00 0.00 0.00 0.00 0.00 0.00 0.00 0.00 0.00 0.00 0.00 0.00 0.00 0.00 0.00 0.00 0.00 0.00 0.00 0.00 0.00 0.00 0.00 0.00 0.00 0.00 0.00 0.00 0.00 0.00 0.00 0.00 0.00 0.00 
0.00 0.00 0.00 0.00 0.00 0.00 0.00 0.00 0.00 0.00 0.00 0.00 0.00 0.00 0.00 0.00 0.00 0.00 0.00 0.00 0.00 0.00 0.00 0.00 0.00 0.00 0.00 0.00 0.00 0.00 0.00 0.00 0.00 0.00 0.00 0.00 0.00 0.00 0.00 0.00 0.00 0.00 0.00 0.00 0.00 0.00 0.00 0.00 0.00 0.00 0.00 0.00 0.00 0.00 0.00 0.00 0.00 0.00 0.00 0.00 0.00 0.00 0.00 0.00 0.00 0.00 0.00 0.00 0.00 0.00 0.00 0.00 0.00 0.00 0.00 0.00 0.00 0.00 0.00 0.00 0.00 0.00 0.00 0.00 0.00 0.00 
0.00 0.00 0.00 0.00 0.00 0.00 0.00 0.00 60.38 126.63 131.13 169.99 174.26 177.81 180.63 182.80 184.42 185.58 186.36 186.84 187.04 187.03 186.82 186.46 185.96 185.34 184.62 183.82 182.95 182.02 181.05 180.04 179.00 177.95 176.88 175.80 174.73 173.66 172.60 171.55 170.52 169.52 168.54 167.59 166.67 165.78 164.93 164.11 163.33 162.59 161.89 161.23 160.62 160.04 159.51 159.02 158.58 158.18 157.82 157.51 157.24 157.01 156.83 156.68 156.58 156.52 156.49 156.51 156.56 156.64 156.76 156.90 157.07 157.25 157.44 126.14 126.29 63.24 0.00 0.00 0.00 0.00 0.00 0.00 0.00 0.00 
0.00 0.00 0.00 0.00 0.00 0.00 0.00 109.09 145.52 185.37 193.04 200.06 205.78 210.43 214.15 217.07 219.30 220.97 222.15 222.92 223.36 223.50 223.39 223.08 222.59 221.94 221.16 220.27 219.30 218.24 217.13 215.96 214.76 213.53 212.28 211.02 209.75 208.50 207.25 206.01 204.80 203.61 202.45 201.32 200.23 199.17 198.16 197.19 196.26 195.38 194.54 193.76 193.02 192.34 191.70 191.12 190.59 190.11 189.68 189.31 188.98 188.71 188.48 188.31 188.18 188.10 188.06 188.07 188.12 188.22 188.34 188.50 188.69 188.90 189.13 189.37 189.60 158.24 126.77 0.00 0.00 0.00 0.00 0.00 0.00 0.00 
0.00 0.00 0.00 0.00 0.00 41.59 91.82 157.20 168.83 211.25 220.95 263.86 271.46 277.84 283.04 287.20 290.44 292.91 294.71 295.95 296.71 297.06 297.06 296.76 296.21 295.44 294.49 293.38 292.14 290.80 289.36 287.86 286.29 284.69 283.06 281.41 279.75 278.10 276.46 274.83 273.23 271.67 270.13 268.64 267.20 265.80 264.46 263.17 261.94 260.77 259.66 258.62 257.64 256.73 255.89 255.12 254.41 253.77 253.20 252.70 252.26 251.89 251.59 251.36 251.18 251.07 251.02 251.02 251.08 251.20 251.35 251.55 251.79 252.05 252.33 221.13 221.40 190.09 190.36 127.21 63.73 0.00 0.00 0.00 0.00 0.00 
0.00 0.00 0.00 0.00 0.00 78.77 136.25 177.92 192.06 236.86 248.51 258.66 284.69 291.78 297.64 302.40 306.17 309.09 311.28 312.85 313.87 314.44 314.62 314.45 314.00 313.30 312.40 311.31 310.08 308.72 307.26 305.72 304.12 302.46 300.77 299.05 297.33 295.60 293.89 292.19 290.51 288.86 287.25 285.68 284.16 282.69 281.28 279.92 278.62 277.39 276.22 275.12 274.09 273.12 272.23 271.41 270.66 269.98 269.37 268.84 268.38 267.98 267.66 267.40 267.21 267.09 267.03 267.03 267.08 267.19 267.34 267.54 267.78 268.04 252.61 252.91 253.23 221.97 222.29 190.90 127.56 31.96 0.00 0.00 0.00 0.00 
0.00 0.00 0.00 0.00 63.51 114.93 155.24 199.74 216.05 262.90 276.31 287.98 297.75 305.78 312.38 317.75 322.04 325.41 327.97 329.84 331.12 331.90 332.23 332.19 331.83 331.20 330.33 329.27 328.03 326.66 325.17 323.59 321.93 320.22 318.47 316.69 314.89 313.09 311.29 309.52 307.76 306.03 304.35 302.70 301.10 299.56 298.07 296.64 295.27 293.97 292.74 291.58 290.49 289.47 288.53 287.66 286.87 286.16 285.51 284.95 284.46 284.04 283.69 283.42 283.21 283.08 283.00 283.00 283.05 283.15 283.31 283.51 283.76 284.04 284.35 284.69 285.05 253.84 254.21 222.88 191.45 127.95 0.00 0.00 0.00 0.00 
0.00 0.00 0.00 26.16 77.40 110.89 150.83 195.06 241.62 257.85 271.85 318.35 329.01 338.05 345.55 351.68 356.61 360.49 363.47 365.67 367.20 368.15 368.61 368.65 368.32 367.67 366.76 365.63 364.30 362.81 361.19 359.47 357.66 355.78 353.85 351.89 349.91 347.93 345.95 343.99 342.05 340.14 338.27 336.45 334.69 332.98 331.33 329.75 328.23 326.79 325.43 324.14 322.93 321.81 320.76 319.80 318.92 318.12 317.41 316.78 316.23 315.77 315.38 315.07 314.84 314.69 314.61 314.59 314.64 314.76 314.93 315.15 315.42 315.72 316.06 284.92 285.28 285.67 254.42 223.08 191.64 160.06 64.19 0.00 0.00 0.00 
0.00 0.00 0.00 50.43 92.34 128.59 171.50 218.71 237.33 286.19 301.32 314.63 325.82 335.22 343.04 349.45 354.64 358.76 361.95 364.35 366.06 367.17 367.77 367.93 367.71 367.16 366.34 365.28 364.02 362.60 361.03 359.35 357.58 355.74 353.85 351.92 349.98 348.02 346.06 344.12 342.20 340.31 338.46 336.65 334.89 333.19 331.56 329.98 328.48 327.04 325.68 324.40 323.20 322.07 321.03 320.07 319.19 318.40 317.68 317.05 316.50 316.04 315.65 315.34 315.10 314.94 314.86 314.84 314.88 314.99 315.15 315.37 315.63 315.93 316.27 316.64 317.03 285.87 286.29 255.03 223.66 192.16 128.46 0.00 0.00 0.00 
0.00 0.00 0.00 48.33 90.52 126.70 168.86 215.76 234.39 283.24 298.53 311.94 323.40 333.06 341.11 347.73 353.11 357.42 360.78 363.33 365.17 366.40 367.11 367.37 367.23 366.76 366.01 365.01 363.80 362.42 360.90 359.26 357.52 355.72 353.85 351.95 350.02 348.08 346.14 344.22 342.31 340.43 338.59 336.80 335.05 333.36 331.73 330.16 328.66 327.24 325.88 324.60 323.40 322.28 321.24 320.28 319.40 318.61 317.90 317.26 316.71 316.25 315.85 315.54 315.31 315.14 315.05 315.02 315.06 315.17 315.32 315.53 315.79 316.09 316.42 316.79 317.18 286.01 286.43 255.16 223.78 192.27 128.55 0.00 0.00 0.00 
0.00 0.00 0.00 60.74 88.86 147.11 166.82 213.82 263.18 280.99 296.61 310.19 321.83 331.63 339.81 346.57 352.08 356.50 359.97 362.62 364.55 365.87 366.65 366.97 366.90 366.48 365.77 364.81 363.64 362.30 360.81 359.19 357.48 355.69 353.85 351.96 350.05 348.13 346.20 344.29 342.39 340.52 338.69 336.90 335.16 333.48 331.85 330.29 328.80 327.37 326.02 324.75 323.55 322.43 321.39 320.43 319.55 318.76 318.05 317.41 316.86 316.39 316.00 315.69 315.45 315.28 315.18 315.16 315.19 315.29 315.44 315.65 315.90 316.19 316.53 316.90 317.29 317.71 286.53 255.27 255.72 192.36 160.70 0.00 0.00 0.00 
0.00 0.00 0.00 60.25 88.25 146.72 178.90 212.78 262.38 280.07 295.76 309.42 338.80 348.79 357.21 364.20 369.91 374.50 378.11 380.86 382.87 384.23 385.04 385.36 385.27 384.83 384.08 383.07 381.83 380.42 378.85 377.15 375.36 373.48 371.54 369.56 367.55 365.53 363.51 361.50 359.51 357.55 355.62 353.75 351.92 350.15 348.44 346.80 345.23 343.74 342.32 340.98 339.72 338.54 337.45 336.45 335.53 334.69 333.94 333.28 332.70 332.21 331.79 331.46 331.21 331.04 330.93 330.90 330.94 331.04 331.20 331.41 331.67 331.97 316.58 316.95 317.34 317.76 286.57 255.32 255.77 224.34 160.73 0.00 0.00 0.00 
0.00 0.00 0.00 60.43 88.49 147.03 179.20 213.09 262.68 280.33 295.98 309.61 338.96 348.93 357.32 364.28 369.98 374.55 378.14 380.89 382.88 384.24 385.04 385.37 385.27 384.83 384.07 383.06 381.83 380.42 378.85 377.15 375.36 373.48 371.54 369.56 367.55 365.53 363.51 361.50 359.51 357.55 355.63 353.75 351.93 350.16 348.45 346.81 345.24 343.75 342.33 340.99 339.73 338.55 337.46 336.46 335.54 334.70 333.95 333.29 332.71 332.22 331.80 331.47 331.22 331.04 330.94 330.91 330.94 331.04 331.20 331.41 331.67 331.97 316.58 316.94 317.34 317.75 286.57 255.32 255.76 224.33 160.72 0.00 0.00 0.00 
0.00 0.00 0.00 61.26 89.56 148.02 167.72 214.75 264.07 281.78 297.29 310.77 322.31 332.02 340.13 346.82 352.27 356.65 360.08 362.70 364.61 365.91 366.67 366.98 366.90 366.48 365.77 364.81 363.64 362.29 360.80 359.19 357.48 355.69 353.85 351.97 350.06 348.14 346.21 344.30 342.41 340.54 338.71 336.92 335.19 333.50 331.88 330.32 328.82 327.40 326.05 324.77 323.57 322.46 321.42 320.46 319.58 318.79 318.07 317.44 316.89 316.42 316.02 315.71 315.47 315.30 315.20 315.17 315.20 315.30 315.45 315.65 315.90 316.19 316.52 316.89 317.28 317.70 286.51 255.25 255.69 192.34 160.67 0.00 0.00 0.00 
0.00 0.00 0.00 49.07 91.71 128.11 170.39 217.33 235.79 284.55 299.65 312.89 324.19 333.71 341.62 348.14 353.43 357.65 360.95 363.45 365.25 366.45 367.14 367.38 367.23 366.75 365.99 364.99 363.79 362.41 360.89 359.25 357.52 355.72 353.86 351.96 350.03 348.10 346.16 344.24 342.34 340.46 338.63 336.83 335.09 333.40 331.77 330.21 328.71 327.28 325.93 324.65 323.45 322.33 321.29 320.33 319.45 318.66 317.94 317.31 316.76 316.29 315.90 315.58 315.34 315.17 315.08 315.05 315.08 315.18 315.33 315.54 315.79 316.08 316.41 316.77 317.15 285.98 286.40 255.13 223.74 192.24 128.52 0.00 0.00 0.00 
0.00 0.00 0.00 51.43 94.02 130.59 173.67 220.90 239.28 287.99 302.86 315.93 326.90 336.10 343.74 350.00 355.05 359.07 362.18 364.51 366.16 367.23 367.80 367.94 367.70 367.15 366.32 365.26 364.00 362.58 361.02 359.34 357.58 355.74 353.86 351.94 349.99 348.04 346.09 344.15 342.23 340.35 338.50 336.70 334.94 333.25 331.61 330.04 328.54 327.11 325.75 324.47 323.26 322.14 321.10 320.14 319.26 318.46 317.75 317.12 316.57 316.10 315.71 315.39 315.15 314.99 314.90 314.87 314.91 315.01 315.17 315.37 315.62 315.92 316.25 316.61 317.00 285.83 286.24 254.98 223.61 192.11 128.42 0.00 0.00 0.00 
0.00 0.00 0.00 26.81 79.30 113.24 153.41 197.66 244.11 259.99 273.65 319.97 330.35 339.14 346.41 352.35 357.11 360.85 363.72 365.84 367.31 368.21 368.64 368.65 368.30 367.65 366.73 365.60 364.27 362.79 361.17 359.45 357.65 355.78 353.86 351.91 349.94 347.96 345.99 344.03 342.10 340.19 338.33 336.52 334.75 333.05 331.40 329.82 328.31 326.88 325.51 324.23 323.02 321.89 320.85 319.89 319.01 318.21 317.50 316.86 316.31 315.85 315.46 315.15 314.91 314.75 314.66 314.64 314.68 314.79 314.95 315.16 315.41 315.71 316.03 284.89 285.24 285.62 254.36 223.02 191.58 160.00 64.17 0.00 0.00 0.00 
0.00 0.00 0.00 0.00 65.42 117.93 158.49 202.93 218.79 265.44 278.45 289.76 299.22 306.96 313.30 318.44 322.55 325.76 328.21 330.00 331.21 331.93 332.24 332.17 331.80 331.16 330.29 329.22 327.99 326.63 325.15 323.57 321.92 320.22 318.48 316.70 314.92 313.12 311.34 309.57 307.82 306.10 304.41 302.77 301.18 299.64 298.15 296.73 295.37 294.07 292.84 291.68 290.59 289.58 288.64 287.77 286.98 286.26 285.61 285.05 284.55 284.13 283.78 283.50 283.29 283.15 283.07 283.05 283.09 283.19 283.33 283.53 283.76 284.02 284.32 284.66 285.00 253.79 254.15 222.82 191.39 127.90 0.00 0.00 0.00 0.00 
0.00 0.00 0.00 0.00 0.00 81.58 139.86 181.27 194.86 239.48 250.72 260.51 286.29 293.04 298.60 303.10 306.67 309.43 311.50 312.97 313.93 314.45 314.59 314.41 313.94 313.24 312.34 311.26 310.03 308.68 307.23 305.70 304.10 302.46 300.78 299.08 297.36 295.64 293.94 292.24 290.58 288.94 287.33 285.77 284.26 282.79 281.38 280.03 278.73 277.50 276.34 275.24 274.20 273.24 272.35 271.53 270.78 270.10 269.49 268.96 268.49 268.09 267.77 267.50 267.31 267.18 267.11 267.09 267.14 267.23 267.37 267.56 267.78 268.02 252.58 252.87 253.18 221.92 222.23 190.84 127.51 31.94 0.00 0.00 0.00 0.00 
0.00 0.00 0.00 0.00 0.00 43.51 95.33 160.30 171.40 213.76 223.09 265.90 273.21 279.17 284.00 287.86 290.88 293.18 294.86 296.01 296.71 297.01 296.99 296.68 296.12 295.35 294.41 293.31 292.08 290.74 289.32 287.83 286.28 284.69 283.07 281.44 279.79 278.15 276.52 274.90 273.31 271.75 270.23 268.74 267.30 265.91 264.57 263.29 262.07 260.90 259.80 258.76 257.78 256.87 256.03 255.25 254.55 253.91 253.34 252.83 252.39 252.02 251.72 251.47 251.29 251.17 251.11 251.11 251.15 251.25 251.39 251.57 251.79 252.03 252.29 221.08 221.35 190.04 190.29 127.16 63.70 0.00 0.00 0.00 0.00 0.00 
0.00 0.00 0.00 0.00 0.00 0.00 25.12 110.14 147.49 187.59 195.00 201.73 242.62 247.29 251.12 254.15 256.49 258.23 259.46 260.26 260.69 260.80 260.64 260.25 259.66 258.89 257.98 256.95 255.81 254.59 253.29 251.94 250.54 249.12 247.67 246.21 244.74 243.28 241.83 240.40 238.99 237.61 236.26 234.95 233.68 232.46 231.28 230.14 229.07 228.04 227.07 226.15 225.30 224.50 223.76 223.08 222.46 221.90 221.40 220.96 220.58 220.25 219.99 219.78 219.62 219.52 219.47 219.47 219.52 219.61 219.74 219.91 220.10 220.31 189.09 189.33 189.55 158.19 126.73 0.00 0.00 0.00 0.00 0.00 0.00 0.00 
0.00 0.00 0.00 0.00 0.00 0.00 0.00 0.00 61.08 128.11 132.49 171.43 175.53 178.73 181.24 183.17 184.62 185.66 186.37 186.79 186.96 186.93 186.72 186.35 185.85 185.24 184.53 183.74 182.89 181.97 181.01 180.01 178.99 177.94 176.89 175.82 174.76 173.70 172.65 171.61 170.59 169.59 168.62 167.67 166.76 165.87 165.02 164.21 163.44 162.70 162.00 161.34 160.73 160.16 159.63 159.14 158.70 158.30 157.94 157.62 157.35 157.12 156.93 156.78 156.68 156.61 156.58 156.58 156.62 156.69 156.79 156.92 157.06 157.23 157.41 126.11 126.25 63.22 0.00 0.00 0.00 0.00 0.00 0.00 0.00 0.00 
0.00 0.00 0.00 0.00 0.00 0.00 0.00 0.00 0.00 0.00 0.00 0.00 35.31 35.65 36.05 36.41 36.71 36.94 37.10 37.21 37.27 37.28 37.25 37.19 37.11 36.99 36.86 36.71 36.55 36.37 36.19 35.99 35.79 35.59 35.38 35.17 34.96 34.75 34.55 34.34 34.14 33.94 33.75 33.56 33.38 33.20 33.04 32.87 32.72 32.57 32.43 32.30 32.18 32.07 31.96 31.86 31.78 31.70 31.62 31.56 31.51 31.46 31.42 31.39 31.37 31.36 31.35 31.35 31.36 31.37 31.38 31.41 31.43 31.44 0.00 0.00 0.00 0.00 0.00 0.00 0.00 0.00 0.00 0.00 0.00 0.00 
0.00 0.00 0.00 0.00 0.00 0.00 0.00 0.00 0.00 0.00 0.00 0.00 0.00 0.00 0.00 0.00 0.00 0.00 0.00 0.00 0.00 0.00 0.00 0.00 0.00 0.00 0.00 0.00 0.00 0.00 0.00 0.00 0.00 0.00 0.00 0.00 0.00 0.00 0.00 0.00 0.00 0.00 0.00 0.00 0.00 0.00 0.00 0.00 0.00 0.00 0.00 0.00 0.00 0.00 0.00 0.00 0.00 0.00 0.00 0.00 0.00 0.00 0.00 0.00 0.00 0.00 0.00 0.00 0.00 0.00 0.00 0.00 0.00 0.00 0.00 0.00 0.00 0.00 0.00 0.00 0.00 0.00 0.00 0.00 0.00 0.00 
0.00 0.00 0.00 0.00 0.00 0.00 0.00 0.00 0.00 0.00 0.00 0.00 0.00 0.00 0.00 0.00 0.00 0.00 0.00 0.00 0.00 0.00 0.00 0.00 0.00 0.00 0.00 0.00 0.00 0.00 0.00 0.00 0.00 0.00 0.00 0.00 0.00 0.00 0.00 0.00 0.00 0.00 0.00 0.00 0.00 0.00 0.00 0.00 0.00 0.00 0.00 0.00 0.00 0.00 0.00 0.00 0.00 0.00 0.00 0.00 0.00 0.00 0.00 0.00 0.00 0.00 0.00 0.00 0.00 0.00 0.00 0.00 0.00 0.00 0.00 0.00 0.00 0.00 0.00 0.00 0.00 0.00 0.00 0.00 0.00 0.00 
0.00 0.00 0.00 0.00 0.00 0.00 0.00 0.00 0.00 0.00 0.00 0.00 0.00 0.00 0.00 0.00 0.00 0.00 0.00 0.00 0.00 0.00 0.00 0.00 0.00 0.00 0.00 0.00 0.00 0.00 0.00 0.00 0.00 0.00 0.00 0.00 0.00 0.00 0.00 0.00 0.00 0.00 0.00 0.00 0.00 0.00 0.00 0.00 0.00 0.00 0.00 0.00 0.00 0.00 0.00 0.00 0.00 0.00 0.00 0.00 0.00 0.00 0.00 0.00 0.00 0.00 0.00 0.00 0.00 0.00 0.00 0.00 0.00 0.00 0.00 0.00 0.00 0.00 0.00 0.00 0.00 0.00 0.00 0.00 0.00 0.00 
