0.00 0.00 0.00 0.00 0.00 0.00 0.00 0.00 0.00 0.00 0.00 0.00 0.00 0.00 0.00 0.00 0.00 0.00 0.00 0.00 0.00 0.00 0.00 0.00 0.00 0.00 0.00 0.00 0.00 0.00 0.00 0.00 0.00 0.00 0.00 0.00 0.00 0.00 0.00 0.00 0.00 0.00 0.00 0.00 0.00 0.00 0.00 0.00 0.00 0.00 0.00 0.00 0.00 0.00 0.00 0.00 0.00 0.00 0.00 0.00 0.00 0.00 0.00 0.00 0.00 0.00 0.00 0.00 0.00 0.00 0.00 0.00 0.00 0.00 0.00 0.00 0.00 0.00 0.00 0.00 0.00 0.00 0.00 0.00 0.00 0.00 
0.00 0.00 0.00 0.00 0.00 0.00 0.00 0.00 0.00 0.00 0.00 0.00 0.00 0.00 0.00 0.00 0.00 0.00 0.00 0.00 0.00 0.00 0.00 0.00 0.00 0.00 0.00 0.00 0.00 0.00 0.00 0.00 0.00 0.00 0.00 0.00 0.00 0.00 0.00 0.00 0.00 0.00 0.00 0.00 0.00 0.00 0.00 0.00 0.00 0.00 0.00 0.00 0.00 0.00 0.00 0.00 0.00 0.00 0.00 0.00 0.00 0.00 0.00 0.00 0.00 0.00 0.00 0.00 0.00 0.00 0.00 0.00 0.00 0.00 0.00 0.00 0.00 0.00 0.00 0.00 0.00 0.00 0.00 0.00 0.00 0.00 
0.00 0.00 0.00 0.00 0.00 0.00 0.00 0.00 0.00 0.00 0.00 0.00 0.00 0.00 0.00 0.00 0.00 0.00 0.00 0.00 0.00 0.00 0.00 0.00 0.00 0.00 0.00 0.00 0.00 0.00 0.00 0.00 0.00 0.00 0.00 0.00 0.00 0.00 0.00 0.00 0.00 0.00 0.00 0.00 0.00 0.00 0.00 0.00 0.00 0.00 0.00 0.00 0.00 0.00 0.00 0.00 0.00 0.00 0.00 0.00 0.00 0.00 0.00 0.00 0.00 0.00 0.00 0.00 0.00 0.00 0.00 0.00 0.00 0.00 0.00 0.00 0.00 0.00 0.00 0.00 0.00 0.00 0.00 0.00 0.00 0.00 
0.00 0.00 0.00 0.00 0.00 0.00 0.00 0.00 153.43 306.23 305.63 380.96 379.97 378.87 377.73 376.55 375.34 374.13 372.90 371.66 370.42 369.17 367.91 366.64 365.36 364.08 362.77 361.46 360.12 358.76 357.38 355.97 354.53 353.05 351.53 349.97 348.35 346.67 344.93 343.12 341.23 339.25 337.18 335.01 332.71 330.30 327.74 325.04 322.16 319.11 315.86 312.39 308.68 304.71 300.45 295.86 290.92 285.58 279.80 273.52 266.66 259.17 250.93 241.85 231.78 220.61 208.19 194.41 179.27 162.88 145.59 127.99 110.89 95.26 82.18 55.54 49.76 22.50 0.00 0.00 0.00 0.00 0.00 0.00 0.00 0.00 
0.00 0.00 0.00 0.00 0.00 0.00 0.00 307.87 384.00 459.61 458.54 457.32 456.07 454.75 453.38 451.97 450.54 449.09 447.62 446.14 444.65 443.14 441.63 440.10 438.56 437.01 435.43 433.84 432.23 430.58 428.91 427.20 425.45 423.65 421.80 419.89 417.92 415.88 413.76 411.55 409.25 406.83 404.30 401.64 398.84 395.88 392.75 389.44 385.92 382.17 378.18 373.92 369.36 364.48 359.24 353.59 347.51 340.94 333.82 326.09 317.67 308.48 298.41 287.34 275.16 261.74 246.96 230.76 213.17 194.36 174.72 154.84 135.48 117.41 101.26 86.96 75.62 54.11 38.52 0.00 0.00 0.00 0.00 0.00 0.00 0.00 
0.00 0.00 0.00 0.00 0.00 154.89 309.14 462.21 461.12 536.45 535.11 609.76 608.13 606.40 604.59 602.74 600.84 598.91 596.96 594.99 593.00 591.00 588.97 586.93 584.87 582.79 580.68 578.55 576.38 574.17 571.92 569.62 567.27 564.85 562.36 559.79 557.14 554.38 551.52 548.54 545.43 542.17 538.75 535.15 531.36 527.36 523.12 518.64 513.87 508.79 503.38 497.60 491.42 484.79 477.67 470.01 461.75 452.82 443.16 432.67 421.26 408.82 395.22 380.34 364.04 346.18 326.66 305.44 282.61 258.41 233.31 208.03 183.41 160.38 139.83 105.19 91.11 66.86 58.10 33.15 15.41 0.00 0.00 0.00 0.00 0.00 
0.00 0.00 0.00 0.00 0.00 310.11 463.82 539.58 538.23 613.29 611.71 610.02 646.24 644.41 642.51 640.54 638.54 636.50 634.43 632.34 630.23 628.10 625.94 623.77 621.57 619.35 617.10 614.81 612.49 610.13 607.72 605.25 602.72 600.13 597.45 594.69 591.84 588.87 585.79 582.58 579.23 575.71 572.02 568.14 564.05 559.72 555.15 550.29 545.13 539.64 533.78 527.53 520.83 513.64 505.93 497.62 488.67 479.00 468.53 457.19 444.87 431.46 416.86 400.95 383.60 364.71 344.22 322.13 298.55 273.75 248.19 222.52 197.54 174.13 142.70 123.50 107.13 80.60 69.65 51.53 29.87 7.04 0.00 0.00 0.00 0.00 
0.00 0.00 0.00 0.00 311.36 465.48 541.40 616.88 615.29 690.12 688.31 686.41 684.45 682.47 680.44 678.36 676.24 674.08 671.89 669.68 667.44 665.18 662.89 660.59 658.25 655.89 653.49 651.06 648.59 646.07 643.50 640.87 638.17 635.40 632.55 629.60 626.54 623.37 620.08 616.64 613.05 609.28 605.33 601.17 596.78 592.14 587.23 582.02 576.48 570.58 564.28 557.56 550.35 542.63 534.33 525.40 515.78 505.39 494.15 481.98 468.79 454.46 438.89 421.98 403.62 383.72 362.24 339.21 314.75 289.14 262.81 236.37 210.52 185.85 162.59 141.50 123.18 94.63 81.89 61.87 45.88 27.19 0.00 0.00 0.00 0.00 
0.00 0.00 0.00 156.24 389.43 465.83 541.72 617.18 692.25 690.40 688.52 762.68 760.57 758.38 756.12 753.80 751.45 749.05 746.62 744.16 741.68 739.16 736.62 734.06 731.46 728.83 726.16 723.45 720.70 717.89 715.02 712.09 709.08 705.98 702.80 699.50 696.09 692.55 688.87 685.02 681.01 676.80 672.38 667.72 662.81 657.62 652.12 646.29 640.09 633.48 626.43 618.90 610.83 602.18 592.88 582.88 572.11 560.48 547.92 534.32 519.59 503.62 486.29 467.50 447.14 425.13 401.43 376.07 349.19 321.09 292.23 263.26 234.94 208.06 183.42 144.53 125.67 108.95 84.17 63.65 46.96 33.96 12.61 0.00 0.00 0.00 
0.00 0.00 0.00 312.67 467.44 543.58 619.19 694.37 692.51 767.08 765.04 762.90 760.73 758.51 756.24 753.93 751.57 749.17 746.74 744.29 741.80 739.29 736.74 734.17 731.57 728.93 726.25 723.53 720.76 717.94 715.05 712.10 709.07 705.96 702.74 699.42 695.99 692.42 688.70 684.82 680.77 676.51 672.05 667.34 662.38 657.13 651.57 645.67 639.40 632.71 625.57 617.94 609.78 601.01 591.60 581.48 570.58 558.81 546.11 532.39 517.53 501.46 484.06 465.25 444.93 423.04 399.56 374.54 348.12 320.59 292.36 264.02 236.23 209.65 184.80 161.68 141.49 111.00 96.18 74.01 55.92 41.59 24.73 0.00 0.00 0.00 
0.00 0.00 0.00 312.91 467.66 543.77 619.40 694.57 692.68 767.25 765.19 763.04 760.85 758.62 756.34 754.02 751.66 749.27 746.84 744.38 741.89 739.38 736.83 734.26 731.65 729.00 726.32 723.59 720.81 717.97 715.08 712.11 709.07 705.93 702.70 699.36 695.90 692.31 688.57 684.66 680.57 676.29 671.79 667.05 662.04 656.75 651.14 645.19 638.85 632.10 624.90 617.20 608.95 600.10 590.60 580.38 569.38 557.52 544.72 530.89 515.95 499.81 482.37 463.55 443.27 421.49 398.20 373.45 347.39 320.29 292.54 264.67 237.27 210.95 186.19 163.41 143.15 112.82 97.70 75.35 57.02 42.22 24.46 0.00 0.00 0.00 
0.00 0.00 0.00 391.14 467.85 621.29 619.56 694.70 769.46 767.40 765.29 763.13 760.92 758.68 756.40 754.08 751.72 749.33 746.90 744.45 741.96 739.44 736.90 734.32 731.70 729.05 726.36 723.63 720.84 718.00 715.09 712.12 709.06 705.92 702.67 699.32 695.84 692.23 688.47 684.55 680.44 676.13 671.60 666.83 661.80 656.47 650.83 644.84 638.46 631.67 624.42 616.66 608.36 599.46 589.89 579.61 568.54 556.60 543.73 529.85 514.85 498.66 481.20 462.38 442.15 420.45 397.30 372.75 346.95 320.17 292.77 265.25 238.16 212.03 187.29 164.52 144.02 125.78 98.78 76.20 65.67 42.62 30.84 0.00 0.00 0.00 
0.00 0.00 0.00 391.21 467.92 621.34 658.17 694.77 769.50 767.45 765.34 763.16 798.84 796.53 794.17 791.75 789.28 786.77 784.23 781.65 779.05 776.40 773.73 771.03 768.28 765.50 762.68 759.81 756.88 753.90 750.85 747.72 744.51 741.21 737.80 734.28 730.63 726.84 722.89 718.77 714.46 709.93 705.18 700.17 694.88 689.29 683.37 677.07 670.38 663.25 655.63 647.49 638.78 629.43 619.39 608.60 596.98 584.47 570.97 556.40 540.68 523.71 505.40 485.67 464.46 441.72 417.45 391.72 364.68 336.62 307.93 279.19 251.03 224.16 188.04 165.19 144.64 126.47 99.39 76.72 66.03 50.06 30.89 0.00 0.00 0.00 
0.00 0.00 0.00 391.19 467.90 621.31 658.15 694.75 769.48 767.43 765.32 763.15 798.82 796.52 794.15 791.74 789.27 786.77 784.23 781.65 779.04 776.40 773.73 771.03 768.28 765.50 762.68 759.81 756.88 753.90 750.85 747.72 744.51 741.21 737.80 734.28 730.63 726.83 722.88 718.76 714.44 709.92 705.16 700.15 694.86 689.27 683.34 677.05 670.35 663.21 655.60 647.45 638.74 629.39 619.35 608.55 596.94 584.42 570.92 556.36 540.64 523.68 505.39 485.68 464.49 441.77 417.53 391.83 364.82 336.79 308.13 279.40 251.26 224.38 188.25 165.39 144.82 126.62 99.51 76.81 66.10 50.11 30.92 0.00 0.00 0.00 
0.00 0.00 0.00 391.08 467.78 621.22 619.49 694.63 769.39 767.33 765.23 763.08 760.87 758.64 756.36 754.05 751.69 749.31 746.89 744.44 741.95 739.44 736.90 734.32 731.71 729.06 726.37 723.63 720.85 718.00 715.09 712.12 709.06 705.91 702.66 699.31 695.83 692.21 688.45 684.52 680.40 676.09 671.55 666.78 661.74 656.41 650.75 644.75 638.37 631.57 624.31 616.55 608.24 599.32 589.75 579.47 568.39 556.47 543.60 529.73 514.75 498.59 481.17 462.40 442.22 420.60 397.53 373.08 347.37 320.68 293.36 265.90 238.84 212.71 187.94 165.12 144.56 126.23 99.13 76.46 65.88 42.75 30.93 0.00 0.00 0.00 
0.00 0.00 0.00 312.83 467.55 543.66 619.29 694.46 692.57 767.15 765.09 762.95 760.77 758.54 756.27 753.96 751.62 749.23 746.81 744.36 741.88 739.37 736.83 734.26 731.65 729.01 726.32 723.60 720.82 717.98 715.08 712.11 709.06 705.92 702.69 699.34 695.88 692.27 688.52 684.61 680.52 676.22 671.71 666.96 661.94 656.63 651.01 645.04 638.70 631.93 624.71 617.00 608.74 599.88 590.37 580.15 569.14 557.28 544.49 530.69 515.78 499.68 482.31 463.57 443.39 421.73 398.58 373.99 348.10 321.15 293.54 265.78 238.44 212.12 187.31 164.43 144.06 113.53 98.30 75.78 57.33 42.43 24.58 0.00 0.00 0.00 
0.00 0.00 0.00 312.57 467.30 543.43 619.04 694.22 692.37 766.94 764.91 762.77 760.62 758.41 756.15 753.85 751.51 749.12 746.71 744.26 741.79 739.28 736.74 734.18 731.58 728.94 726.26 723.54 720.77 717.94 715.06 712.10 709.07 705.94 702.72 699.40 695.95 692.37 688.64 684.75 680.68 676.42 671.94 667.22 662.24 656.97 651.40 645.47 639.18 632.47 625.32 617.67 609.48 600.70 591.28 581.14 570.23 558.47 545.79 532.08 517.27 501.26 483.95 465.24 445.06 423.35 400.07 375.28 349.11 321.81 293.80 265.63 237.93 211.37 186.42 163.15 142.78 112.02 97.01 74.62 56.34 41.88 24.88 0.00 0.00 0.00 
0.00 0.00 0.00 156.18 389.27 465.66 541.55 617.00 692.07 690.23 688.35 762.51 760.42 758.24 756.00 753.70 751.37 748.99 746.58 744.13 741.66 739.16 736.63 734.07 731.47 728.85 726.18 723.47 720.71 717.90 715.03 712.09 709.07 705.97 702.77 699.47 696.04 692.49 688.79 684.94 680.90 676.68 672.23 667.56 662.63 657.42 651.89 646.04 639.81 633.17 626.10 618.54 610.44 601.77 592.45 582.44 571.65 560.03 547.47 533.90 519.22 503.32 486.10 467.44 447.26 425.48 402.04 376.99 350.45 322.69 294.15 265.43 237.26 210.39 185.63 146.37 127.26 110.28 85.16 64.35 47.43 34.26 12.71 0.00 0.00 0.00 
0.00 0.00 0.00 0.00 311.21 465.27 541.18 616.67 615.10 689.91 688.11 686.21 684.27 682.30 680.30 678.24 676.15 674.01 671.85 669.65 667.43 665.18 662.90 660.60 658.27 655.91 653.52 651.09 648.61 646.09 643.51 640.87 638.17 635.39 632.52 629.56 626.49 623.31 620.00 616.54 612.93 609.14 605.17 600.98 596.57 591.91 586.97 581.73 576.16 570.23 563.90 557.14 549.91 542.15 533.83 524.87 515.23 504.83 493.60 481.45 468.30 454.05 438.59 421.83 403.66 384.02 362.86 340.20 316.17 291.00 265.10 239.03 213.39 188.76 165.29 143.88 125.20 96.12 83.10 62.71 46.44 27.48 0.00 0.00 0.00 0.00 
0.00 0.00 0.00 0.00 0.00 309.93 463.59 539.37 538.03 613.07 611.49 609.80 646.01 644.21 642.34 640.41 638.44 636.43 634.39 632.32 630.22 628.10 625.96 623.79 621.60 619.38 617.13 614.84 612.52 610.15 607.73 605.25 602.72 600.11 597.42 594.65 591.78 588.80 585.70 582.47 579.09 575.55 571.84 567.93 563.81 559.46 554.85 549.96 544.76 539.24 533.34 527.04 520.30 513.08 505.33 496.99 488.01 478.33 467.86 456.53 444.24 430.91 416.41 400.66 383.52 364.93 344.81 323.18 300.13 275.91 250.94 225.80 201.19 177.86 145.93 126.23 109.40 82.20 70.92 52.38 30.32 7.13 0.00 0.00 0.00 0.00 
0.00 0.00 0.00 0.00 0.00 154.78 308.93 462.02 460.94 536.23 534.89 609.50 607.84 606.15 604.40 602.59 600.73 598.84 596.92 594.97 593.00 591.01 589.00 586.97 584.91 582.83 580.72 578.58 576.41 574.20 571.94 569.63 567.26 564.83 562.33 559.75 557.08 554.30 551.42 548.42 545.28 541.99 538.55 534.92 531.10 527.06 522.79 518.26 513.45 508.33 502.88 497.05 490.82 484.15 476.99 469.28 460.98 452.03 442.35 431.86 420.47 408.08 394.58 379.86 363.78 346.23 327.13 306.44 284.26 260.81 236.51 212.00 188.02 165.27 143.94 108.14 93.52 68.49 59.38 33.79 15.68 0.00 0.00 0.00 0.00 0.00 
0.00 0.00 0.00 0.00 0.00 0.00 77.14 307.81 383.86 459.42 458.33 457.09 531.66 530.23 528.71 527.13 525.51 523.85 522.17 520.46 518.74 517.00 515.25 513.48 511.68 509.87 508.04 506.18 504.29 502.37 500.41 498.41 496.35 494.25 492.08 489.84 487.53 485.14 482.64 480.05 477.34 474.50 471.53 468.40 465.10 461.62 457.94 454.05 449.91 445.50 440.81 435.81 430.45 424.72 418.57 411.95 404.83 397.15 388.83 379.82 370.02 359.35 347.70 334.94 320.95 305.60 288.77 270.41 250.55 229.40 207.35 185.06 163.40 143.37 105.03 89.95 78.02 55.67 39.52 0.00 0.00 0.00 0.00 0.00 0.00 0.00 
0.00 0.00 0.00 0.00 0.00 0.00 0.00 0.00 153.37 306.09 305.47 380.74 379.71 378.66 377.56 376.43 375.26 374.08 372.87 371.66 370.43 369.19 367.94 366.68 365.40 364.11 362.81 361.49 360.15 358.79 357.40 355.99 354.53 353.04 351.51 349.93 348.30 346.61 344.85 343.02 341.11 339.12 337.02 334.82 332.50 330.06 327.47 324.73 321.82 318.73 315.44 311.93 308.18 304.17 299.86 295.23 290.25 284.88 279.06 272.76 265.91 258.43 250.25 241.27 231.38 220.45 208.39 195.10 180.57 164.92 148.44 131.65 115.23 99.86 85.76 57.80 51.59 23.28 0.00 0.00 0.00 0.00 0.00 0.00 0.00 0.00 
0.00 0.00 0.00 0.00 0.00 0.00 0.00 0.00 0.00 0.00 0.00 0.00 75.81 75.68 75.50 75.29 75.06 74.83 74.59 74.35 74.10 73.86 73.61 73.35 73.10 72.84 72.58 72.31 72.04 71.77 71.49 71.20 70.91 70.61 70.30 69.98 69.65 69.31 68.95 68.58 68.20 67.79 67.37 66.92 66.45 65.95 65.43 64.87 64.28 63.65 62.99 62.27 61.51 60.69 59.81 58.87 57.85 56.76 55.57 54.28 52.88 51.36 49.69 47.86 45.86 43.67 41.26 38.65 35.85 32.88 29.85 26.88 24.22 22.33 0.00 0.00 0.00 0.00 0.00 0.00 0.00 0.00 0.00 0.00 0.00 0.00 
0.00 0.00 0.00 0.00 0.00 0.00 0.00 0.00 0.00 0.00 0.00 0.00 0.00 0.00 0.00 0.00 0.00 0.00 0.00 0.00 0.00 0.00 0.00 0.00 0.00 0.00 0.00 0.00 0.00 0.00 0.00 0.00 0.00 0.00 0.00 0.00 0.00 0.00 0.00 0.00 0.00 0.00 0.00 0.00 0.00 0.00 0.00 0.00 0.00 0.00 0.00 0.00 0.00 0.00 0.00 0.00 0.00 0.00 0.00 0.00 0.00 0.00 0.00 0.00 0.00 0.00 0.00 0.00 0.00 0.00 0.00 0.00 0.00 0.00 0.00 0.00 0.00 0.00 0.00 0.00 0.00 0.00 0.00 0.00 0.00 0.00 
0.00 0.00 0.00 0.00 0.00 0.00 0.00 0.00 0.00 0.00 0.00 0.00 0.00 0.00 0.00 0.00 0.00 0.00 0.00 0.00 0.00 0.00 0.00 0.00 0.00 0.00 0.00 0.00 0.00 0.00 0.00 0.00 0.00 0.00 0.00 0.00 0.00 0.00 0.00 0.00 0.00 0.00 0.00 0.00 0.00 0.00 0.00 0.00 0.00 0.00 0.00 0.00 0.00 0.00 0.00 0.00 0.00 0.00 0.00 0.00 0.00 0.00 0.00 0.00 0.00 0.00 0.00 0.00 0.00 0.00 0.00 0.00 0.00 0.00 0.00 0.00 0.00 0.00 0.00 0.00 0.00 0.00 0.00 0.00 0.00 0.00 
0.00 0.00 0.00 0.00 0.00 0.00 0.00 0.00 0.00 0.00 0.00 0.00 0.00 0.00 0.00 0.00 0.00 0.00 0.00 0.00 0.00 0.00 0.00 0.00 0.00 0.00 0.00 0.00 0.00 0.00 0.00 0.00 0.00 0.00 0.00 0.00 0.00 0.00 0.00 0.00 0.00 0.00 0.00 0.00 0.00 0.00 0.00 0.00 0.00 0.00 0.00 0.00 0.00 0.00 0.00 0.00 0.00 0.00 0.00 0.00 0.00 0.00 0.00 0.00 0.00 0.00 0.00 0.00 0.00 0.00 0.00 0.00 0.00 0.00 0.00 0.00 0.00 0.00 0.00 0.00 0.00 0.00 0.00 0.00 0.00 0.00 
