0.00 0.00 0.00 0.00 0.00 0.00 0.00 0.00 0.00 0.00 0.00 0.00 0.00 0.00 0.00 0.00 0.00 0.00 0.00 0.00 0.00 0.00 0.00 0.00 0.00 0.00 0.00 0.00 0.00 0.00 0.00 0.00 0.00 0.00 0.00 0.00 0.00 0.00 0.00 0.00 0.00 0.00 0.00 0.00 0.00 0.00 0.00 0.00 0.00 0.00 0.00 0.00 0.00 0.00 0.00 0.00 0.00 0.00 0.00 0.00 0.00 0.00 0.00 0.00 0.00 0.00 0.00 0.00 0.00 0.00 0.00 0.00 0.00 0.00 0.00 0.00 0.00 0.00 0.00 0.00 0.00 0.00 0.00 0.00 0.00 0.00 
0.00 0.00 0.00 0.00 0.00 0.00 0.00 0.00 0.00 0.00 0.00 0.00 0.00 0.00 0.00 0.00 0.00 0.00 0.00 0.00 0.00 0.00 0.00 0.00 0.00 0.00 0.00 0.00 0.00 0.00 0.00 0.00 0.00 0.00 0.00 0.00 0.00 0.00 0.00 0.00 0.00 0.00 0.00 0.00 0.00 0.00 0.00 0.00 0.00 0.00 0.00 0.00 0.00 0.00 0.00 0.00 0.00 0.00 0.00 0.00 0.00 0.00 0.00 0.00 0.00 0.00 0.00 0.00 0.00 0.00 0.00 0.00 0.00 0.00 0.00 0.00 0.00 0.00 0.00 0.00 0.00 0.00 0.00 0.00 0.00 0.00 
0.00 0.00 0.00 0.00 0.00 0.00 0.00 0.00 0.00 0.00 0.00 0.00 0.00 0.00 0.00 0.00 0.00 0.00 0.00 0.00 0.00 0.00 0.00 0.00 0.00 0.00 0.00 0.00 0.00 0.00 0.00 0.00 0.00 0.00 0.00 0.00 0.00 0.00 0.00 0.00 0.00 0.00 0.00 0.00 0.00 0.00 0.00 0.00 0.00 0.00 0.00 0.00 0.00 0.00 0.00 0.00 0.00 0.00 0.00 0.00 0.00 0.00 0.00 0.00 0.00 0.00 0.00 0.00 0.00 0.00 0.00 0.00 0.00 0.00 0.00 0.00 0.00 0.00 0.00 0.00 0.00 0.00 0.00 0.00 0.00 0.00 
0.00 0.00 0.00 0.00 0.00 0.00 0.00 0.00 286.19 565.89 559.37 687.03 675.71 663.08 649.66 635.71 621.37 606.72 591.79 576.63 561.26 545.68 529.92 513.97 497.85 481.56 465.10 448.48 431.70 414.77 397.70 380.51 363.21 345.82 328.39 310.96 293.57 276.30 259.21 242.41 225.97 210.01 194.61 179.89 165.92 152.79 140.53 129.20 118.80 109.34 100.78 93.09 86.22 80.11 74.71 69.95 65.76 62.10 58.90 56.12 53.70 51.60 49.79 48.22 46.88 45.74 44.76 43.94 43.24 42.67 42.19 41.81 41.51 41.27 41.11 32.78 32.74 16.37 0.00 0.00 0.00 0.00 0.00 0.00 0.00 0.00 
0.00 0.00 0.00 0.00 0.00 0.00 0.00 583.22 719.88 850.38 838.04 824.00 809.43 794.05 777.97 761.33 744.23 726.73 708.91 690.79 672.40 653.76 634.89 615.80 596.49 576.98 557.27 537.38 517.30 497.06 476.66 456.13 435.49 414.78 394.03 373.31 352.67 332.18 311.95 292.06 272.62 253.75 235.54 218.12 201.57 185.97 171.39 157.86 145.41 134.03 123.70 114.38 106.01 98.55 91.91 86.03 80.85 76.29 72.30 68.81 65.76 63.11 60.82 58.83 57.12 55.65 54.40 53.33 52.43 51.68 51.06 50.55 50.13 49.81 49.55 49.36 49.22 40.95 32.74 0.00 0.00 0.00 0.00 0.00 0.00 0.00 
0.00 0.00 0.00 0.00 0.00 301.41 596.32 878.06 865.43 992.42 976.82 1096.14 1077.07 1056.75 1035.48 1013.44 990.77 967.57 943.90 919.82 895.37 870.59 845.48 820.07 794.38 768.41 742.18 715.71 689.01 662.09 634.99 607.72 580.33 552.86 525.37 497.94 470.64 443.57 416.85 390.60 364.96 340.06 316.05 293.05 271.18 250.54 231.22 213.25 196.68 181.49 167.65 155.13 143.86 133.77 124.77 116.78 109.71 103.48 98.00 93.19 88.99 85.33 82.15 79.39 77.01 74.96 73.21 71.72 70.45 69.38 68.50 67.77 67.17 66.69 66.32 57.81 57.61 49.29 49.21 32.82 16.43 0.00 0.00 0.00 0.00 0.00 
0.00 0.00 0.00 0.00 0.00 606.27 894.44 1026.18 1010.36 1134.19 1115.63 1095.81 1142.38 1120.84 1098.30 1074.96 1050.97 1026.41 1001.35 975.85 949.95 923.68 897.07 870.13 842.89 815.36 787.56 759.51 731.22 702.72 674.03 645.20 616.25 587.25 558.25 529.33 500.59 472.11 444.02 416.45 389.52 363.38 338.15 313.98 290.97 269.23 248.83 229.83 212.25 196.10 181.34 167.94 155.84 144.96 135.23 126.57 118.87 112.06 106.06 100.79 96.16 92.12 88.59 85.53 82.88 80.59 78.63 76.95 75.52 74.31 73.30 72.46 71.77 71.22 66.65 66.30 66.04 57.66 57.54 49.30 32.89 8.24 0.00 0.00 0.00 0.00 
0.00 0.00 0.00 0.00 619.05 911.67 1044.98 1173.36 1154.76 1275.74 1254.54 1232.22 1209.21 1185.80 1161.71 1136.93 1111.51 1085.53 1059.04 1032.09 1004.72 976.95 948.82 920.34 891.55 862.45 833.07 803.43 773.55 743.46 713.18 682.76 652.24 621.68 591.15 560.73 530.50 500.58 471.08 442.14 413.88 386.44 359.96 334.58 310.41 287.54 266.06 246.01 227.43 210.32 194.66 180.40 167.49 155.86 145.43 136.11 127.81 120.46 113.95 108.22 103.19 98.78 94.93 91.57 88.66 86.15 83.98 82.12 80.54 79.20 78.07 77.13 76.35 75.71 75.19 74.78 74.47 66.05 65.90 57.62 49.40 32.98 0.00 0.00 0.00 0.00 
0.00 0.00 0.00 315.13 775.76 914.24 1046.83 1174.60 1298.15 1276.36 1254.15 1367.51 1342.69 1316.77 1289.97 1262.41 1234.17 1205.32 1175.92 1146.01 1115.63 1084.81 1053.59 1021.99 990.04 957.74 925.14 892.25 859.10 825.72 792.14 758.42 724.59 690.73 656.91 623.22 589.76 556.65 524.01 491.99 460.73 430.38 401.09 373.00 346.24 320.92 297.11 274.87 254.25 235.23 217.81 201.93 187.53 174.54 162.88 152.44 143.15 134.89 127.58 121.14 115.46 110.49 106.14 102.35 99.05 96.20 93.74 91.63 89.83 88.30 87.01 85.94 85.05 84.32 83.73 75.04 74.69 74.43 66.06 57.75 49.50 41.27 16.55 0.00 0.00 0.00 
0.00 0.00 0.00 632.36 931.51 1066.89 1196.37 1321.01 1299.02 1416.95 1392.92 1367.66 1342.06 1315.80 1288.84 1261.21 1232.95 1204.12 1174.75 1144.88 1114.54 1083.78 1052.61 1021.06 989.15 956.92 924.37 891.55 858.47 825.17 791.69 758.08 724.38 690.66 657.01 623.49 590.23 557.33 524.91 493.12 462.08 431.95 402.87 374.97 348.38 323.18 299.48 277.31 256.72 237.70 220.24 204.30 189.82 176.72 164.94 154.38 144.95 136.56 129.12 122.54 116.75 111.65 107.19 103.30 99.91 96.97 94.43 92.24 90.38 88.79 87.44 86.32 85.38 84.61 83.98 83.47 83.07 74.59 74.38 66.07 57.81 49.58 33.12 0.00 0.00 0.00 
0.00 0.00 0.00 634.81 933.15 1067.95 1197.38 1321.78 1299.34 1417.15 1392.76 1367.44 1341.52 1315.02 1287.93 1260.24 1231.97 1203.15 1173.81 1143.97 1113.68 1082.95 1051.82 1020.32 988.46 956.27 923.77 891.00 857.98 824.75 791.35 757.82 724.22 690.62 657.09 623.72 590.61 557.87 525.62 494.00 463.14 433.18 404.26 376.50 350.03 324.94 301.31 279.19 258.62 239.60 222.11 206.12 191.58 178.41 166.54 155.88 146.35 137.85 130.31 123.63 117.74 112.55 108.01 104.03 100.57 97.56 94.96 92.72 90.80 89.16 87.78 86.61 85.64 84.83 84.17 83.64 83.22 74.72 74.50 66.16 57.88 49.64 33.15 0.00 0.00 0.00 
0.00 0.00 0.00 793.34 934.71 1218.72 1198.21 1322.25 1442.00 1417.60 1392.71 1367.15 1340.97 1314.35 1287.20 1259.49 1231.23 1202.42 1173.10 1143.30 1113.04 1082.34 1051.25 1019.78 987.95 955.79 923.34 890.61 857.63 824.45 791.11 757.64 724.12 690.60 657.16 623.89 590.89 558.26 526.14 494.64 463.90 434.05 405.24 377.59 351.20 326.18 302.60 280.51 259.96 240.93 223.43 207.40 192.81 179.58 167.65 156.92 147.32 138.75 131.14 124.39 118.43 113.18 108.58 104.54 101.03 97.97 95.33 93.05 91.09 89.42 88.01 86.82 85.82 84.99 84.31 83.76 83.33 83.00 74.57 66.23 66.15 49.68 41.45 0.00 0.00 0.00 
0.00 0.00 0.00 793.97 935.26 1218.85 1271.91 1322.49 1441.95 1417.58 1392.53 1366.80 1406.58 1379.19 1350.99 1322.07 1292.49 1262.30 1231.56 1200.30 1168.55 1136.35 1103.72 1070.69 1037.29 1003.54 969.47 935.11 900.50 865.67 830.67 795.54 760.34 725.15 690.05 655.11 620.46 586.20 552.47 519.39 487.11 455.77 425.51 396.46 368.74 342.46 317.69 294.50 272.90 252.92 234.54 217.71 202.38 188.50 175.96 164.70 154.62 145.63 137.64 130.56 124.30 118.79 113.96 109.73 106.04 102.84 100.06 97.67 95.62 93.87 92.39 91.14 90.10 89.24 84.38 83.82 83.38 83.04 74.61 66.27 66.18 57.93 41.46 0.00 0.00 0.00 
0.00 0.00 0.00 793.73 935.00 1218.56 1271.62 1322.20 1441.65 1417.29 1392.25 1366.52 1406.31 1378.94 1350.75 1321.84 1292.28 1262.11 1231.39 1200.15 1168.42 1136.23 1103.61 1070.60 1037.21 1003.47 969.41 935.06 900.46 865.64 830.64 795.52 760.34 725.16 690.06 655.14 620.49 586.24 552.51 519.44 487.17 455.83 425.58 396.53 368.82 342.54 317.77 294.58 272.98 253.00 234.61 217.78 202.45 188.56 176.02 164.75 154.67 145.67 137.67 130.59 124.33 118.82 113.98 109.75 106.06 102.85 100.07 97.68 95.63 93.88 92.39 91.14 90.10 89.24 84.38 83.82 83.38 83.04 74.61 66.27 66.17 57.93 41.45 0.00 0.00 0.00 
0.00 0.00 0.00 792.63 933.94 1217.85 1197.38 1321.39 1441.12 1416.74 1391.86 1366.32 1340.17 1313.58 1286.47 1258.82 1230.61 1201.86 1172.60 1142.85 1112.64 1081.99 1050.94 1019.50 987.71 955.59 923.16 890.46 857.51 824.36 791.04 757.60 724.11 690.61 657.20 623.96 590.98 558.38 526.28 494.80 464.08 434.26 405.46 377.82 351.44 326.42 302.84 280.76 260.20 241.16 223.65 207.61 193.01 179.77 167.82 157.08 147.46 138.88 131.25 124.49 118.52 113.26 108.64 104.60 101.08 98.02 95.36 93.08 91.12 89.44 88.02 86.83 85.83 85.00 84.31 83.76 83.32 82.99 74.57 66.22 66.14 49.67 41.44 0.00 0.00 0.00 
0.00 0.00 0.00 633.84 931.89 1066.62 1196.00 1320.35 1297.95 1415.71 1391.34 1366.05 1340.17 1313.73 1286.71 1259.11 1230.94 1202.21 1172.97 1143.22 1113.01 1082.37 1051.31 1019.87 988.06 955.93 923.48 890.76 857.78 824.60 791.24 757.75 724.20 690.64 657.16 623.83 590.76 558.07 525.86 494.28 463.45 433.52 404.63 376.89 350.43 325.35 301.72 279.60 259.02 239.99 222.49 206.48 191.91 178.71 166.82 156.13 146.58 138.06 130.49 123.80 117.88 112.68 108.12 104.13 100.65 97.63 95.02 92.77 90.84 89.20 87.80 86.63 85.65 84.84 84.18 83.64 83.22 74.71 74.48 66.15 57.87 49.62 33.14 0.00 0.00 0.00 
0.00 0.00 0.00 631.14 929.82 1065.09 1194.48 1319.03 1297.10 1414.95 1390.94 1365.70 1340.15 1313.96 1287.11 1259.61 1231.49 1202.80 1173.57 1143.83 1113.62 1082.96 1051.89 1020.43 988.61 956.45 923.97 891.21 858.20 824.96 791.54 757.98 724.34 690.69 657.09 623.64 590.44 557.60 525.24 493.50 462.52 432.44 403.40 375.53 348.95 323.77 300.07 277.90 257.29 238.25 220.77 204.80 190.28 177.16 165.34 154.74 145.28 136.85 129.38 122.77 116.95 111.83 107.35 103.43 100.02 97.06 94.51 92.31 90.43 88.83 87.48 86.34 85.40 84.62 83.98 83.46 83.07 74.58 74.37 66.05 57.78 49.56 33.10 0.00 0.00 0.00 
0.00 0.00 0.00 314.39 773.94 912.20 1044.64 1172.29 1295.72 1273.96 1251.77 1364.97 1340.19 1314.36 1287.71 1260.34 1232.29 1203.64 1174.42 1144.68 1114.45 1083.78 1052.69 1021.20 989.35 957.15 924.63 891.82 858.75 825.44 791.94 758.29 724.54 690.76 657.02 623.41 590.03 557.00 524.44 492.49 461.30 431.02 401.78 373.73 347.00 321.69 297.89 275.65 255.00 235.96 218.50 202.58 188.14 175.11 163.40 152.91 143.57 135.27 127.92 121.43 115.73 110.72 106.34 102.52 99.20 96.33 93.85 91.72 89.91 88.36 87.06 85.97 85.07 84.33 83.74 75.04 74.68 74.41 66.03 57.73 49.47 41.25 16.54 0.00 0.00 0.00 
0.00 0.00 0.00 0.00 617.32 909.23 1042.34 1170.60 1152.09 1272.84 1251.62 1229.26 1206.24 1182.94 1159.05 1134.50 1109.34 1083.60 1057.34 1030.59 1003.39 975.79 947.80 919.45 890.77 861.78 832.50 802.94 773.15 743.14 712.94 682.61 652.18 621.71 591.27 560.94 530.81 500.99 471.59 442.73 414.55 387.19 360.78 335.45 311.31 288.46 266.99 246.93 228.33 211.19 195.48 181.18 168.22 156.53 146.04 136.66 128.31 120.90 114.35 108.58 103.50 99.05 95.16 91.78 88.84 86.30 84.11 82.23 80.63 79.27 78.13 77.17 76.38 75.73 75.20 74.78 74.46 66.03 65.87 57.59 49.37 32.96 0.00 0.00 0.00 0.00 
0.00 0.00 0.00 0.00 0.00 604.15 891.65 1023.34 1007.64 1131.11 1112.45 1092.48 1138.79 1117.40 1095.15 1072.14 1048.47 1024.21 999.42 974.16 948.47 922.38 895.93 869.13 842.02 814.61 786.91 758.95 730.76 702.35 673.76 645.02 616.17 587.27 558.38 529.57 500.94 472.58 444.61 417.14 390.32 364.26 339.12 315.01 292.05 270.33 249.95 230.94 213.33 197.13 182.33 168.87 156.70 145.76 135.96 127.22 119.46 112.59 106.53 101.20 96.52 92.43 88.86 85.77 83.08 80.76 78.77 77.07 75.62 74.40 73.37 72.52 71.82 71.25 66.66 66.30 66.03 57.64 57.52 49.27 32.86 8.23 0.00 0.00 0.00 0.00 
0.00 0.00 0.00 0.00 0.00 300.02 593.75 875.45 862.88 989.34 973.56 1092.13 1072.65 1052.63 1031.83 1010.25 987.99 965.15 941.80 917.99 893.77 869.18 844.25 818.99 793.43 767.58 741.46 715.09 688.49 661.67 634.67 607.51 580.23 552.87 525.51 498.20 471.03 444.10 417.51 391.40 365.88 341.09 317.17 294.25 272.44 251.84 232.52 214.55 197.94 182.70 168.80 156.21 144.86 134.69 125.61 117.53 110.39 104.08 98.53 93.66 89.40 85.69 82.46 79.66 77.24 75.16 73.38 71.86 70.57 69.48 68.58 67.83 67.22 66.73 66.34 57.81 57.60 49.26 49.18 32.79 16.42 0.00 0.00 0.00 0.00 0.00 
0.00 0.00 0.00 0.00 0.00 0.00 147.43 582.14 717.79 847.52 834.89 820.48 938.70 921.83 903.84 885.03 865.57 845.56 825.09 804.23 783.01 761.46 739.61 717.47 695.08 672.42 649.53 626.41 603.08 579.55 555.84 531.98 508.00 483.93 459.83 435.76 411.79 388.01 364.51 341.41 318.84 296.90 275.74 255.47 236.19 218.01 200.99 185.19 170.63 157.30 145.18 134.23 124.40 115.61 107.80 100.88 94.77 89.39 84.68 80.56 76.96 73.83 71.12 68.78 66.76 65.02 63.54 62.28 61.22 60.33 59.59 58.99 58.50 58.12 49.57 49.35 49.21 40.93 32.72 0.00 0.00 0.00 0.00 0.00 0.00 0.00 
0.00 0.00 0.00 0.00 0.00 0.00 0.00 0.00 285.30 563.82 557.07 683.79 671.85 659.53 646.58 633.08 619.13 604.80 590.14 575.20 560.01 544.59 528.96 513.13 497.11 480.91 464.53 447.99 431.28 414.43 397.44 380.33 363.12 345.83 328.50 311.17 293.90 276.74 259.77 243.08 226.76 210.89 195.59 180.93 167.01 153.90 141.66 130.31 119.88 110.37 101.75 93.99 87.05 80.87 75.40 70.57 66.32 62.59 59.34 56.50 54.03 51.89 50.04 48.44 47.07 45.89 44.90 44.05 43.34 42.75 42.26 41.86 41.55 41.31 41.12 32.78 32.73 16.36 0.00 0.00 0.00 0.00 0.00 0.00 0.00 0.00 
0.00 0.00 0.00 0.00 0.00 0.00 0.00 0.00 0.00 0.00 0.00 0.00 132.50 130.96 128.77 126.26 123.56 120.75 117.85 114.88 111.86 108.78 105.66 102.50 99.30 96.07 92.80 89.49 86.16 82.80 79.41 76.00 72.57 69.13 65.69 62.25 58.82 55.42 52.07 48.77 45.54 42.41 39.38 36.48 33.73 31.13 28.70 26.44 24.35 22.44 20.71 19.14 17.74 16.48 15.36 14.37 13.50 12.73 12.06 11.47 10.96 10.52 10.13 9.80 9.51 9.27 9.06 8.88 8.73 8.60 8.50 8.42 8.36 8.32 0.00 0.00 0.00 0.00 0.00 0.00 0.00 0.00 0.00 0.00 0.00 0.00 
0.00 0.00 0.00 0.00 0.00 0.00 0.00 0.00 0.00 0.00 0.00 0.00 0.00 0.00 0.00 0.00 0.00 0.00 0.00 0.00 0.00 0.00 0.00 0.00 0.00 0.00 0.00 0.00 0.00 0.00 0.00 0.00 0.00 0.00 0.00 0.00 0.00 0.00 0.00 0.00 0.00 0.00 0.00 0.00 0.00 0.00 0.00 0.00 0.00 0.00 0.00 0.00 0.00 0.00 0.00 0.00 0.00 0.00 0.00 0.00 0.00 0.00 0.00 0.00 0.00 0.00 0.00 0.00 0.00 0.00 0.00 0.00 0.00 0.00 0.00 0.00 0.00 0.00 0.00 0.00 0.00 0.00 0.00 0.00 0.00 0.00 
0.00 0.00 0.00 0.00 0.00 0.00 0.00 0.00 0.00 0.00 0.00 0.00 0.00 0.00 0.00 0.00 0.00 0.00 0.00 0.00 0.00 0.00 0.00 0.00 0.00 0.00 0.00 0.00 0.00 0.00 0.00 0.00 0.00 0.00 0.00 0.00 0.00 0.00 0.00 0.00 0.00 0.00 0.00 0.00 0.00 0.00 0.00 0.00 0.00 0.00 0.00 0.00 0.00 0.00 0.00 0.00 0.00 0.00 0.00 0.00 0.00 0.00 0.00 0.00 0.00 0.00 0.00 0.00 0.00 0.00 0.00 0.00 0.00 0.00 0.00 0.00 0.00 0.00 0.00 0.00 0.00 0.00 0.00 0.00 0.00 0.00 
0.00 0.00 0.00 0.00 0.00 0.00 0.00 0.00 0.00 0.00 0.00 0.00 0.00 0.00 0.00 0.00 0.00 0.00 0.00 0.00 0.00 0.00 0.00 0.00 0.00 0.00 0.00 0.00 0.00 0.00 0.00 0.00 0.00 0.00 0.00 0.00 0.00 0.00 0.00 0.00 0.00 0.00 0.00 0.00 0.00 0.00 0.00 0.00 0.00 0.00 0.00 0.00 0.00 0.00 0.00 0.00 0.00 0.00 0.00 0.00 0.00 0.00 0.00 0.00 0.00 0.00 0.00 0.00 0.00 0.00 0.00 0.00 0.00 0.00 0.00 0.00 0.00 0.00 0.00 0.00 0.00 0.00 0.00 0.00 0.00 0.00 
