0.00 0.00 0.00 0.00 0.00 0.00 0.00 0.00 0.00 0.00 0.00 0.00 0.00 0.00 0.00 0.00 0.00 0.00 0.00 0.00 0.00 0.00 0.00 0.00 0.00 0.00 0.00 0.00 0.00 0.00 0.00 0.00 0.00 0.00 0.00 0.00 0.00 0.00 0.00 0.00 0.00 0.00 0.00 0.00 0.00 0.00 0.00 0.00 0.00 0.00 0.00 0.00 0.00 0.00 0.00 0.00 0.00 0.00 0.00 0.00 0.00 0.00 0.00 0.00 0.00 0.00 0.00 0.00 0.00 0.00 0.00 0.00 0.00 0.00 0.00 0.00 0.00 0.00 0.00 0.00 0.00 0.00 0.00 0.00 0.00 0.00 
0.00 0.00 0.00 0.00 0.00 0.00 0.00 0.00 0.00 0.00 0.00 0.00 0.00 0.00 0.00 0.00 0.00 0.00 0.00 0.00 0.00 0.00 0.00 0.00 0.00 0.00 0.00 0.00 0.00 0.00 0.00 0.00 0.00 0.00 0.00 0.00 0.00 0.00 0.00 0.00 0.00 0.00 0.00 0.00 0.00 0.00 0.00 0.00 0.00 0.00 0.00 0.00 0.00 0.00 0.00 0.00 0.00 0.00 0.00 0.00 0.00 0.00 0.00 0.00 0.00 0.00 0.00 0.00 0.00 0.00 0.00 0.00 0.00 0.00 0.00 0.00 0.00 0.00 0.00 0.00 0.00 0.00 0.00 0.00 0.00 0.00 
0.00 0.00 0.00 0.00 0.00 0.00 0.00 0.00 0.00 0.00 0.00 0.00 0.00 0.00 0.00 0.00 0.00 0.00 0.00 0.00 0.00 0.00 0.00 0.00 0.00 0.00 0.00 0.00 0.00 0.00 0.00 0.00 0.00 0.00 0.00 0.00 0.00 0.00 0.00 0.00 0.00 0.00 0.00 0.00 0.00 0.00 0.00 0.00 0.00 0.00 0.00 0.00 0.00 0.00 0.00 0.00 0.00 0.00 0.00 0.00 0.00 0.00 0.00 0.00 0.00 0.00 0.00 0.00 0.00 0.00 0.00 0.00 0.00 0.00 0.00 0.00 0.00 0.00 0.00 0.00 0.00 0.00 0.00 0.00 0.00 0.00 
0.00 0.00 0.00 0.00 0.00 0.00 0.00 0.00 58.36 116.56 116.43 145.33 145.16 145.01 144.87 144.76 144.67 144.62 144.61 144.63 144.70 144.80 144.94 145.13 145.36 145.64 145.96 146.33 146.75 147.21 147.72 148.27 148.88 149.53 150.23 150.98 151.78 152.62 153.51 154.44 155.42 156.44 157.50 158.60 159.74 160.91 162.11 163.35 164.61 165.89 167.20 168.51 169.84 171.16 172.49 173.80 175.09 176.36 177.58 178.76 179.88 180.93 181.88 182.73 183.44 184.01 184.39 184.55 184.45 184.04 183.25 181.99 180.18 177.72 174.57 135.88 132.17 63.52 0.00 0.00 0.00 0.00 0.00 0.00 0.00 0.00 
0.00 0.00 0.00 0.00 0.00 0.00 0.00 117.00 146.05 175.00 174.80 174.58 174.39 174.21 174.06 173.94 173.85 173.80 173.79 173.83 173.91 174.04 174.22 174.45 174.73 175.06 175.45 175.89 176.39 176.95 177.56 178.23 178.95 179.74 180.57 181.47 182.42 183.42 184.48 185.60 186.76 187.98 189.24 190.55 191.90 193.30 194.73 196.19 197.69 199.20 200.74 202.29 203.85 205.41 206.96 208.49 209.99 211.46 212.87 214.22 215.49 216.65 217.70 218.60 219.33 219.85 220.13 220.13 219.78 219.03 217.78 215.94 213.39 210.02 205.66 200.10 193.80 153.83 116.48 0.00 0.00 0.00 0.00 0.00 0.00 0.00 
0.00 0.00 0.00 0.00 0.00 58.80 117.40 175.69 175.45 204.36 204.12 232.94 232.70 232.49 232.30 232.15 232.04 231.98 231.98 232.04 232.15 232.33 232.57 232.88 233.26 233.71 234.23 234.82 235.49 236.23 237.04 237.93 238.90 239.94 241.06 242.25 243.51 244.85 246.25 247.73 249.28 250.89 252.56 254.30 256.09 257.93 259.82 261.76 263.73 265.73 267.76 269.80 271.84 273.89 275.91 277.91 279.87 281.77 283.60 285.32 286.93 288.40 289.69 290.78 291.62 292.17 292.37 292.17 291.48 290.22 288.28 285.54 281.85 277.09 271.17 229.07 220.94 178.59 168.07 99.39 44.92 0.00 0.00 0.00 0.00 0.00 
0.00 0.00 0.00 0.00 0.00 117.71 176.19 205.17 204.89 233.75 233.47 233.21 247.48 247.27 247.08 246.93 246.83 246.78 246.79 246.86 246.99 247.18 247.44 247.78 248.19 248.67 249.22 249.85 250.56 251.35 252.22 253.16 254.19 255.29 256.47 257.73 259.07 260.48 261.97 263.53 265.17 266.87 268.63 270.46 272.35 274.29 276.28 278.31 280.39 282.48 284.61 286.74 288.88 291.00 293.11 295.18 297.20 299.15 301.02 302.77 304.38 305.83 307.08 308.09 308.82 309.22 309.22 308.77 307.76 306.11 303.71 300.43 296.12 290.68 266.03 257.65 247.71 203.12 190.18 147.30 85.52 18.99 0.00 0.00 0.00 0.00 
0.00 0.00 0.00 0.00 118.13 176.72 205.72 234.64 234.31 263.13 262.82 262.53 262.26 262.03 261.84 261.70 261.60 261.55 261.57 261.64 261.79 262.00 262.28 262.64 263.08 263.59 264.18 264.85 265.60 266.44 267.35 268.35 269.44 270.60 271.85 273.18 274.59 276.09 277.66 279.30 281.02 282.81 284.67 286.60 288.58 290.62 292.71 294.85 297.02 299.22 301.44 303.67 305.90 308.11 310.30 312.45 314.53 316.54 318.45 320.23 321.85 323.28 324.50 325.44 326.07 326.33 326.14 325.44 324.14 322.12 319.27 315.44 310.47 304.17 296.24 286.46 274.87 228.33 213.33 167.83 125.92 71.28 0.00 0.00 0.00 0.00 
0.00 0.00 0.00 59.27 147.76 176.90 205.92 234.84 263.70 263.36 263.04 291.80 291.52 291.28 291.07 290.91 290.81 290.76 290.78 290.87 291.04 291.28 291.59 291.99 292.48 293.05 293.71 294.45 295.29 296.22 297.24 298.35 299.55 300.84 302.23 303.71 305.27 306.93 308.67 310.49 312.40 314.38 316.44 318.58 320.77 323.03 325.34 327.70 330.10 332.53 334.98 337.44 339.90 342.34 344.74 347.10 349.39 351.58 353.66 355.59 357.34 358.88 360.16 361.14 361.75 361.94 361.63 360.74 359.15 356.76 353.43 349.00 343.28 336.11 327.35 281.85 269.62 255.04 208.11 162.83 121.23 85.74 29.01 0.00 0.00 0.00 
0.00 0.00 0.00 118.60 177.40 206.46 235.41 264.27 263.89 292.67 292.33 292.01 291.73 291.48 291.28 291.13 291.03 291.00 291.02 291.12 291.29 291.53 291.86 292.26 292.75 293.32 293.98 294.73 295.57 296.50 297.51 298.62 299.83 301.12 302.50 303.97 305.54 307.19 308.92 310.74 312.64 314.62 316.67 318.79 320.97 323.21 325.51 327.85 330.23 332.63 335.06 337.49 339.92 342.32 344.69 347.00 349.24 351.38 353.39 355.25 356.92 358.37 359.55 360.40 360.89 360.92 360.44 359.35 357.55 354.91 351.30 346.56 340.51 332.95 323.66 312.31 299.00 250.41 233.06 184.76 140.10 101.63 55.61 0.00 0.00 0.00 
0.00 0.00 0.00 118.68 177.51 206.58 235.54 264.41 264.03 292.82 292.48 292.16 291.88 291.64 291.44 291.30 291.21 291.18 291.21 291.31 291.49 291.74 292.06 292.47 292.96 293.54 294.20 294.95 295.78 296.71 297.73 298.84 300.04 301.33 302.71 304.18 305.74 307.39 309.12 310.93 312.82 314.79 316.84 318.95 321.12 323.35 325.64 327.96 330.33 332.71 335.12 337.53 339.93 342.31 344.64 346.92 349.12 351.21 353.18 354.98 356.59 357.97 359.06 359.83 360.21 360.13 359.51 358.27 356.30 353.48 349.66 344.69 338.39 330.55 320.96 309.42 295.88 247.16 229.68 181.49 137.58 99.30 53.09 0.00 0.00 0.00 
0.00 0.00 0.00 148.36 177.60 236.04 235.64 264.50 293.30 292.92 292.58 292.27 291.99 291.75 291.56 291.42 291.33 291.30 291.34 291.45 291.62 291.88 292.21 292.62 293.11 293.68 294.35 295.10 295.94 296.87 297.88 298.99 300.19 301.48 302.86 304.33 305.89 307.53 309.26 311.07 312.96 314.92 316.96 319.06 321.23 323.45 325.73 328.04 330.39 332.77 335.16 337.55 339.94 342.29 344.61 346.86 349.03 351.10 353.03 354.79 356.36 357.69 358.73 359.43 359.74 359.58 358.87 357.53 355.45 352.50 348.55 343.43 336.97 328.97 319.19 307.44 293.58 277.33 227.45 178.80 159.05 97.47 66.71 0.00 0.00 0.00 
0.00 0.00 0.00 148.39 177.63 236.08 250.33 264.55 293.34 292.97 292.63 292.32 306.55 306.32 306.12 305.97 305.89 305.86 305.90 306.01 306.20 306.46 306.81 307.24 307.76 308.36 309.06 309.85 310.73 311.70 312.77 313.94 315.20 316.55 318.00 319.54 321.18 322.90 324.72 326.62 328.60 330.66 332.80 335.01 337.29 339.62 342.01 344.44 346.91 349.41 351.92 354.43 356.93 359.41 361.84 364.21 366.49 368.66 370.69 372.55 374.20 375.60 376.70 377.45 377.78 377.63 376.92 375.53 373.38 370.33 366.25 360.98 354.35 346.19 318.39 306.56 292.62 276.48 226.47 177.66 157.85 116.63 66.16 0.00 0.00 0.00 
0.00 0.00 0.00 148.39 177.63 236.07 250.32 264.54 293.34 292.97 292.63 292.31 306.55 306.32 306.12 305.98 305.89 305.86 305.90 306.02 306.20 306.47 306.82 307.25 307.77 308.37 309.07 309.86 310.74 311.71 312.78 313.95 315.21 316.56 318.01 319.55 321.19 322.91 324.73 326.63 328.61 330.67 332.81 335.02 337.29 339.63 342.01 344.45 346.91 349.41 351.92 354.43 356.94 359.41 361.84 364.21 366.49 368.66 370.69 372.55 374.20 375.60 376.71 377.46 377.80 377.65 376.94 375.57 373.43 370.40 366.33 361.08 354.48 346.35 318.58 306.79 292.88 276.78 226.78 177.98 158.18 116.90 66.36 0.00 0.00 0.00 
0.00 0.00 0.00 148.34 177.57 236.02 235.62 264.48 293.28 292.91 292.57 292.26 291.98 291.75 291.56 291.42 291.34 291.32 291.36 291.46 291.64 291.90 292.23 292.64 293.13 293.71 294.37 295.13 295.97 296.89 297.91 299.02 300.22 301.51 302.89 304.36 305.92 307.56 309.28 311.09 312.98 314.94 316.98 319.08 321.25 323.47 325.74 328.06 330.41 332.78 335.17 337.56 339.94 342.30 344.61 346.86 349.03 351.10 353.03 354.80 356.36 357.70 358.74 359.46 359.78 359.63 358.95 357.64 355.59 352.69 348.79 343.74 337.35 329.43 319.75 308.11 294.36 278.23 228.41 179.75 160.04 98.25 67.32 0.00 0.00 0.00 
0.00 0.00 0.00 118.65 177.47 206.54 235.51 264.38 264.01 292.80 292.46 292.15 291.88 291.64 291.45 291.31 291.22 291.20 291.24 291.34 291.52 291.77 292.10 292.51 293.00 293.58 294.24 294.99 295.83 296.76 297.78 298.89 300.09 301.38 302.76 304.23 305.79 307.43 309.16 310.98 312.87 314.83 316.88 318.98 321.16 323.38 325.67 327.99 330.35 332.73 335.14 337.54 339.94 342.31 344.65 346.92 349.12 351.21 353.18 354.98 356.60 357.98 359.09 359.87 360.27 360.22 359.64 358.44 356.53 353.78 350.05 345.19 339.01 331.31 321.88 310.52 297.18 248.57 231.28 183.09 139.10 100.64 53.94 0.00 0.00 0.00 
0.00 0.00 0.00 118.56 177.35 206.42 235.37 264.23 263.86 292.64 292.31 292.00 291.72 291.48 291.29 291.15 291.06 291.03 291.06 291.16 291.34 291.59 291.91 292.32 292.81 293.39 294.05 294.80 295.63 296.56 297.58 298.69 299.89 301.19 302.57 304.04 305.60 307.25 308.99 310.80 312.70 314.67 316.72 318.84 321.02 323.26 325.55 327.89 330.26 332.66 335.08 337.51 339.93 342.33 344.69 347.00 349.24 351.37 353.39 355.25 356.93 358.38 359.57 360.45 360.96 361.04 360.60 359.58 357.85 355.32 351.83 347.24 341.36 333.99 324.93 313.82 300.79 252.36 235.27 187.00 142.22 103.49 56.74 0.00 0.00 0.00 
0.00 0.00 0.00 59.25 147.71 176.85 205.87 234.80 263.66 263.33 263.02 291.79 291.52 291.28 291.08 290.93 290.84 290.80 290.83 290.93 291.10 291.34 291.67 292.07 292.56 293.13 293.79 294.54 295.38 296.30 297.32 298.44 299.64 300.93 302.32 303.79 305.36 307.01 308.75 310.57 312.48 314.46 316.52 318.64 320.84 323.09 325.40 327.75 330.14 332.57 335.01 337.46 339.91 342.35 344.75 347.10 349.38 351.57 353.65 355.58 357.34 358.89 360.18 361.18 361.83 362.07 361.82 361.00 359.51 357.25 354.07 349.82 344.33 337.41 328.93 283.63 271.73 257.52 210.72 165.43 123.66 87.79 29.72 0.00 0.00 0.00 
0.00 0.00 0.00 0.00 118.08 176.65 205.66 234.59 234.27 263.10 262.79 262.51 262.25 262.04 261.86 261.72 261.64 261.60 261.63 261.71 261.86 262.08 262.37 262.73 263.17 263.68 264.28 264.95 265.70 266.54 267.46 268.46 269.54 270.71 271.95 273.28 274.69 276.18 277.75 279.40 281.11 282.90 284.76 286.68 288.66 290.69 292.78 294.91 297.07 299.26 301.47 303.70 305.92 308.13 310.31 312.45 314.53 316.53 318.43 320.21 321.84 323.28 324.51 325.47 326.13 326.43 326.31 325.69 324.49 322.61 319.93 316.31 311.60 305.59 297.98 288.57 277.39 231.07 216.48 171.01 128.89 73.29 0.00 0.00 0.00 0.00 
0.00 0.00 0.00 0.00 0.00 117.66 176.13 205.12 204.85 233.71 233.44 233.19 247.47 247.27 247.10 246.97 246.88 246.84 246.86 246.94 247.07 247.28 247.55 247.89 248.30 248.78 249.34 249.97 250.68 251.47 252.34 253.28 254.31 255.41 256.59 257.85 259.19 260.60 262.09 263.64 265.27 266.97 268.73 270.56 272.44 274.37 276.36 278.38 280.45 282.54 284.65 286.77 288.90 291.02 293.12 295.18 297.19 299.14 300.99 302.74 304.35 305.81 307.07 308.10 308.86 309.30 309.36 308.99 308.10 306.59 304.38 301.33 297.32 292.20 267.83 259.85 250.35 205.96 193.48 150.57 87.96 19.57 0.00 0.00 0.00 0.00 
0.00 0.00 0.00 0.00 0.00 58.77 117.33 175.64 175.42 204.32 204.09 232.92 232.69 232.49 232.32 232.19 232.10 232.06 232.07 232.13 232.25 232.44 232.69 233.00 233.39 233.84 234.36 234.96 235.63 236.37 237.18 238.08 239.04 240.08 241.19 242.38 243.64 244.98 246.38 247.86 249.40 251.01 252.68 254.40 256.19 258.03 259.91 261.84 263.80 265.79 267.81 269.84 271.87 273.90 275.92 277.91 279.86 281.75 283.56 285.28 286.89 288.36 289.66 290.76 291.62 292.21 292.47 292.34 291.76 290.65 288.91 286.42 283.08 278.72 273.14 231.23 223.56 181.37 171.30 101.96 46.23 0.00 0.00 0.00 0.00 0.00 
0.00 0.00 0.00 0.00 0.00 0.00 29.31 117.00 146.02 174.97 174.77 174.57 203.40 203.22 203.07 202.94 202.86 202.81 202.81 202.86 202.97 203.13 203.34 203.61 203.94 204.34 204.79 205.31 205.90 206.55 207.26 208.04 208.89 209.80 210.78 211.82 212.93 214.10 215.33 216.63 217.98 219.40 220.87 222.39 223.97 225.59 227.25 228.95 230.69 232.45 234.24 236.04 237.85 239.66 241.46 243.24 244.99 246.70 248.34 249.92 251.40 252.77 254.00 255.08 255.96 256.63 257.03 257.12 256.84 256.13 254.92 253.10 250.59 247.31 207.29 202.12 196.24 156.36 118.83 0.00 0.00 0.00 0.00 0.00 0.00 0.00 
0.00 0.00 0.00 0.00 0.00 0.00 0.00 0.00 58.36 116.54 116.41 145.31 145.15 145.01 144.89 144.79 144.73 144.69 144.68 144.72 144.79 144.89 145.04 145.24 145.47 145.75 146.07 146.44 146.86 147.32 147.83 148.39 149.00 149.65 150.35 151.10 151.89 152.73 153.62 154.55 155.52 156.54 157.59 158.69 159.82 160.99 162.19 163.42 164.67 165.95 167.24 168.54 169.86 171.18 172.49 173.79 175.07 176.32 177.54 178.71 179.82 180.86 181.81 182.66 183.39 183.97 184.38 184.58 184.55 184.24 183.60 182.54 181.01 178.87 175.97 137.32 133.86 64.51 0.00 0.00 0.00 0.00 0.00 0.00 0.00 0.00 
0.00 0.00 0.00 0.00 0.00 0.00 0.00 0.00 0.00 0.00 0.00 0.00 29.03 29.02 29.00 28.99 28.97 28.97 28.97 28.98 28.99 29.01 29.04 29.08 29.13 29.19 29.25 29.33 29.41 29.50 29.60 29.72 29.84 29.97 30.11 30.26 30.41 30.58 30.76 30.94 31.14 31.34 31.55 31.77 31.99 32.22 32.46 32.71 32.95 33.21 33.46 33.72 33.98 34.24 34.50 34.75 35.00 35.25 35.48 35.71 35.92 36.12 36.30 36.46 36.59 36.68 36.75 36.77 36.74 36.66 36.51 36.31 36.07 35.85 0.00 0.00 0.00 0.00 0.00 0.00 0.00 0.00 0.00 0.00 0.00 0.00 
0.00 0.00 0.00 0.00 0.00 0.00 0.00 0.00 0.00 0.00 0.00 0.00 0.00 0.00 0.00 0.00 0.00 0.00 0.00 0.00 0.00 0.00 0.00 0.00 0.00 0.00 0.00 0.00 0.00 0.00 0.00 0.00 0.00 0.00 0.00 0.00 0.00 0.00 0.00 0.00 0.00 0.00 0.00 0.00 0.00 0.00 0.00 0.00 0.00 0.00 0.00 0.00 0.00 0.00 0.00 0.00 0.00 0.00 0.00 0.00 0.00 0.00 0.00 0.00 0.00 0.00 0.00 0.00 0.00 0.00 0.00 0.00 0.00 0.00 0.00 0.00 0.00 0.00 0.00 0.00 0.00 0.00 0.00 0.00 0.00 0.00 
0.00 0.00 0.00 0.00 0.00 0.00 0.00 0.00 0.00 0.00 0.00 0.00 0.00 0.00 0.00 0.00 0.00 0.00 0.00 0.00 0.00 0.00 0.00 0.00 0.00 0.00 0.00 0.00 0.00 0.00 0.00 0.00 0.00 0.00 0.00 0.00 0.00 0.00 0.00 0.00 0.00 0.00 0.00 0.00 0.00 0.00 0.00 0.00 0.00 0.00 0.00 0.00 0.00 0.00 0.00 0.00 0.00 0.00 0.00 0.00 0.00 0.00 0.00 0.00 0.00 0.00 0.00 0.00 0.00 0.00 0.00 0.00 0.00 0.00 0.00 0.00 0.00 0.00 0.00 0.00 0.00 0.00 0.00 0.00 0.00 0.00 
0.00 0.00 0.00 0.00 0.00 0.00 0.00 0.00 0.00 0.00 0.00 0.00 0.00 0.00 0.00 0.00 0.00 0.00 0.00 0.00 0.00 0.00 0.00 0.00 0.00 0.00 0.00 0.00 0.00 0.00 0.00 0.00 0.00 0.00 0.00 0.00 0.00 0.00 0.00 0.00 0.00 0.00 0.00 0.00 0.00 0.00 0.00 0.00 0.00 0.00 0.00 0.00 0.00 0.00 0.00 0.00 0.00 0.00 0.00 0.00 0.00 0.00 0.00 0.00 0.00 0.00 0.00 0.00 0.00 0.00 0.00 0.00 0.00 0.00 0.00 0.00 0.00 0.00 0.00 0.00 0.00 0.00 0.00 0.00 0.00 0.00 
