0.00 0.00 0.00 0.00 0.00 0.00 0.00 0.00 0.00 0.00 0.00 0.00 0.00 0.00 0.00 0.00 0.00 0.00 0.00 0.00 0.00 0.00 0.00 0.00 0.00 0.00 0.00 0.00 0.00 0.00 0.00 0.00 0.00 0.00 0.00 0.00 0.00 0.00 0.00 0.00 0.00 0.00 0.00 0.00 0.00 0.00 0.00 0.00 0.00 0.00 0.00 0.00 0.00 0.00 0.00 0.00 0.00 0.00 0.00 0.00 0.00 0.00 0.00 0.00 0.00 0.00 0.00 0.00 0.00 0.00 0.00 0.00 0.00 0.00 0.00 0.00 0.00 0.00 0.00 0.00 0.00 0.00 0.00 0.00 0.00 0.00 
0.00 0.00 0.00 0.00 0.00 0.00 0.00 0.00 0.00 0.00 0.00 0.00 0.00 0.00 0.00 0.00 0.00 0.00 0.00 0.00 0.00 0.00 0.00 0.00 0.00 0.00 0.00 0.00 0.00 0.00 0.00 0.00 0.00 0.00 0.00 0.00 0.00 0.00 0.00 0.00 0.00 0.00 0.00 0.00 0.00 0.00 0.00 0.00 0.00 0.00 0.00 0.00 0.00 0.00 0.00 0.00 0.00 0.00 0.00 0.00 0.00 0.00 0.00 0.00 0.00 0.00 0.00 0.00 0.00 0.00 0.00 0.00 0.00 0.00 0.00 0.00 0.00 0.00 0.00 0.00 0.00 0.00 0.00 0.00 0.00 0.00 
0.00 0.00 0.00 0.00 0.00 0.00 0.00 0.00 0.00 0.00 0.00 0.00 0.00 0.00 0.00 0.00 0.00 0.00 0.00 0.00 0.00 0.00 0.00 0.00 0.00 0.00 0.00 0.00 0.00 0.00 0.00 0.00 0.00 0.00 0.00 0.00 0.00 0.00 0.00 0.00 0.00 0.00 0.00 0.00 0.00 0.00 0.00 0.00 0.00 0.00 0.00 0.00 0.00 0.00 0.00 0.00 0.00 0.00 0.00 0.00 0.00 0.00 0.00 0.00 0.00 0.00 0.00 0.00 0.00 0.00 0.00 0.00 0.00 0.00 0.00 0.00 0.00 0.00 0.00 0.00 0.00 0.00 0.00 0.00 0.00 0.00 
0.00 0.00 0.00 0.00 0.00 0.00 0.00 0.00 19.20 38.37 38.35 47.96 48.00 48.08 48.21 48.38 48.61 48.91 49.28 49.72 50.26 50.89 51.64 52.50 53.51 54.66 55.98 57.49 59.20 61.15 63.35 65.83 68.63 71.77 75.30 79.24 83.65 88.55 93.99 100.00 106.63 113.92 121.89 130.56 139.96 150.10 160.98 172.58 184.91 197.92 211.58 225.86 240.70 256.06 271.87 288.10 304.68 321.57 338.72 356.08 373.61 391.27 409.04 426.87 444.73 462.61 480.45 498.24 515.93 533.47 550.79 567.77 584.25 599.90 614.03 503.52 511.81 260.10 0.00 0.00 0.00 0.00 0.00 0.00 0.00 0.00 
0.00 0.00 0.00 0.00 0.00 0.00 0.00 38.48 48.06 57.64 57.66 57.70 57.78 57.91 58.09 58.33 58.64 59.02 59.50 60.07 60.76 61.57 62.51 63.60 64.86 66.31 67.97 69.85 71.99 74.41 77.15 80.23 83.69 87.58 91.92 96.77 102.16 108.15 114.78 122.09 130.13 138.94 148.55 158.98 170.27 182.41 195.42 209.27 223.96 239.45 255.71 272.69 290.33 308.58 327.38 346.67 366.39 386.48 406.88 427.54 448.42 469.46 490.63 511.88 533.18 554.48 575.74 596.93 617.99 638.86 659.46 679.68 699.37 718.38 736.56 754.20 769.86 655.98 534.32 0.00 0.00 0.00 0.00 0.00 0.00 0.00 
0.00 0.00 0.00 0.00 0.00 19.35 38.62 57.81 57.79 67.39 67.43 77.10 77.23 77.42 77.69 78.03 78.48 79.03 79.70 80.50 81.46 82.58 83.88 85.40 87.14 89.13 91.41 94.00 96.93 100.25 103.99 108.20 112.92 118.20 124.10 130.67 137.97 146.07 155.00 164.85 175.65 187.45 200.31 214.25 229.30 245.47 262.77 281.17 300.66 321.20 342.74 365.23 388.58 412.75 437.63 463.17 489.28 515.88 542.91 570.30 597.97 625.87 653.93 682.11 710.35 738.60 766.79 794.86 822.75 850.37 877.60 904.32 930.33 955.40 979.13 879.05 898.81 789.43 805.82 551.84 280.60 0.00 0.00 0.00 0.00 0.00 
0.00 0.00 0.00 0.00 0.00 38.74 57.99 67.57 67.55 77.16 77.21 77.32 82.29 82.52 82.83 83.24 83.75 84.37 85.12 86.03 87.09 88.34 89.79 91.46 93.38 95.58 98.08 100.93 104.14 107.77 111.86 116.44 121.58 127.32 133.72 140.83 148.71 157.43 167.05 177.61 189.17 201.79 215.50 230.34 246.33 263.48 281.80 301.28 321.88 343.57 366.29 390.00 414.63 440.10 466.33 493.25 520.78 548.83 577.34 606.24 635.44 664.89 694.52 724.28 754.10 783.93 813.69 843.34 872.78 901.94 930.70 958.92 986.44 1012.97 979.10 1003.96 1027.45 922.09 942.55 827.52 565.50 143.80 0.00 0.00 0.00 0.00 
0.00 0.00 0.00 0.00 38.91 58.18 67.75 77.32 77.31 86.93 87.00 87.13 87.33 87.61 87.96 88.42 88.99 89.68 90.52 91.51 92.69 94.05 95.64 97.47 99.56 101.96 104.68 107.77 111.26 115.19 119.60 124.56 130.10 136.28 143.16 150.79 159.24 168.57 178.84 190.10 202.42 215.83 230.39 246.12 263.05 281.19 300.54 321.09 342.81 365.66 389.60 414.56 440.48 467.29 494.89 523.22 552.20 581.73 611.75 642.18 672.94 703.96 735.19 766.55 797.98 829.42 860.81 892.07 923.13 953.91 984.31 1014.25 1043.62 1072.42 1101.00 1128.98 1155.79 1054.02 1078.00 967.08 849.70 580.17 0.00 0.00 0.00 0.00 
0.00 0.00 0.00 19.54 48.68 58.28 67.86 77.45 87.05 87.09 87.18 96.93 97.16 97.48 97.89 98.41 99.06 99.85 100.80 101.93 103.26 104.81 106.60 108.67 111.03 113.73 116.80 120.27 124.20 128.62 133.58 139.14 145.35 152.28 159.98 168.52 177.97 188.40 199.86 212.42 226.14 241.07 257.27 274.76 293.56 313.71 335.18 357.97 382.06 407.39 433.91 461.57 490.28 519.96 550.54 581.91 614.00 646.72 679.97 713.67 747.75 782.12 816.72 851.46 886.29 921.13 955.91 990.56 1025.00 1059.14 1092.90 1126.15 1158.80 1190.66 1221.46 1128.79 1156.85 1184.65 1079.77 969.56 853.10 728.89 297.95 0.00 0.00 0.00 
0.00 0.00 0.00 39.10 58.46 68.04 77.61 87.18 87.18 96.82 96.93 97.10 97.35 97.69 98.13 98.68 99.36 100.18 101.17 102.33 103.70 105.30 107.14 109.25 111.68 114.44 117.57 121.12 125.12 129.62 134.67 140.32 146.62 153.64 161.44 170.08 179.62 190.13 201.67 214.31 228.09 243.08 259.30 276.81 295.62 315.74 337.17 359.90 383.90 409.13 435.54 463.06 491.63 521.16 551.58 582.80 614.72 647.28 680.37 713.91 747.83 782.06 816.51 851.11 885.80 920.51 955.16 989.69 1024.02 1058.09 1091.82 1125.12 1157.93 1190.19 1221.93 1253.54 1283.89 1185.99 1214.28 1108.23 995.88 875.88 599.07 0.00 0.00 0.00 
0.00 0.00 0.00 39.14 58.51 68.10 77.68 87.27 87.27 96.93 97.05 97.24 97.50 97.86 98.31 98.88 99.59 100.43 101.45 102.64 104.04 105.67 107.55 109.71 112.18 114.99 118.17 121.77 125.83 130.40 135.51 141.23 147.61 154.70 162.57 171.28 180.90 191.47 203.08 215.77 229.60 244.62 260.88 278.40 297.20 317.30 338.70 361.39 385.32 410.48 436.80 464.22 492.68 522.10 552.39 583.48 615.28 647.71 680.67 714.09 747.89 782.00 816.33 850.82 885.39 919.99 954.54 988.97 1023.23 1057.24 1090.94 1124.28 1157.22 1189.75 1221.87 1253.53 1284.33 1186.58 1215.48 1109.81 997.49 878.18 602.51 0.00 0.00 0.00 
0.00 0.00 0.00 48.92 58.56 77.81 77.74 87.33 96.94 97.00 97.13 97.33 97.60 97.97 98.44 99.03 99.74 100.61 101.64 102.86 104.28 105.93 107.84 110.03 112.53 115.37 118.59 122.23 126.33 130.94 136.10 141.87 148.29 155.44 163.36 172.12 181.79 192.41 204.06 216.79 230.66 245.71 261.98 279.51 298.31 318.40 339.78 362.43 386.32 411.42 437.68 465.03 493.41 522.75 552.96 583.96 615.67 648.00 680.87 714.20 747.92 781.93 816.17 850.58 885.07 919.58 954.05 988.41 1022.60 1056.56 1090.23 1123.57 1156.56 1189.23 1221.64 1253.60 1285.01 1316.10 1216.23 1111.29 1138.18 880.08 752.86 0.00 0.00 0.00 
0.00 0.00 0.00 48.94 58.58 77.83 82.58 87.36 96.97 97.04 97.17 97.37 102.47 102.86 103.35 103.96 104.71 105.62 106.70 107.98 109.47 111.21 113.21 115.50 118.12 121.11 124.49 128.31 132.61 137.45 142.86 148.92 155.66 163.16 171.48 180.68 190.82 201.98 214.21 227.58 242.14 257.94 275.03 293.43 313.18 334.28 356.73 380.51 405.60 431.96 459.53 488.25 518.05 548.85 580.57 613.12 646.41 680.35 714.86 749.84 785.23 820.92 856.86 892.96 929.15 965.36 1001.52 1037.55 1073.40 1108.97 1144.20 1178.99 1213.24 1246.83 1221.27 1253.43 1285.03 1316.04 1216.43 1111.78 1139.02 1023.65 753.69 0.00 0.00 0.00 
0.00 0.00 0.00 48.93 58.57 77.83 82.58 87.35 96.97 97.04 97.17 97.37 102.47 102.86 103.35 103.96 104.72 105.63 106.71 107.99 109.48 111.22 113.22 115.51 118.14 121.12 124.51 128.33 132.63 137.47 142.89 148.95 155.69 163.20 171.52 180.72 190.87 202.03 214.26 227.63 242.20 258.00 275.09 293.49 313.24 334.34 356.79 380.57 405.66 432.01 459.58 488.29 518.09 548.88 580.59 613.13 646.41 680.34 714.83 749.80 785.17 820.85 856.77 892.85 929.02 965.20 1001.34 1037.34 1073.16 1108.70 1143.90 1178.67 1212.90 1246.47 1220.90 1253.05 1284.64 1315.64 1216.04 1111.41 1138.64 1023.29 753.36 0.00 0.00 0.00 
0.00 0.00 0.00 48.91 58.54 77.80 77.73 87.31 96.93 96.99 97.12 97.32 97.60 97.97 98.44 99.03 99.75 100.62 101.66 102.88 104.30 105.96 107.87 110.06 112.57 115.41 118.64 122.29 126.40 131.01 136.18 141.95 148.39 155.54 163.48 172.25 181.92 192.56 204.22 216.96 230.83 245.88 262.16 279.69 298.50 318.59 339.96 362.61 386.49 411.58 437.82 465.16 493.52 522.83 553.02 583.99 615.67 647.96 680.80 714.09 747.75 781.71 815.90 850.25 884.67 919.12 953.51 987.79 1021.90 1055.77 1089.35 1122.62 1155.54 1188.16 1220.53 1252.46 1283.85 1314.92 1215.07 1110.19 1137.03 879.05 751.91 0.00 0.00 0.00 
0.00 0.00 0.00 39.12 58.49 68.08 77.66 87.25 87.26 96.91 97.04 97.23 97.50 97.86 98.32 98.89 99.60 100.45 101.47 102.67 104.08 105.71 107.60 109.77 112.24 115.06 118.26 121.87 125.94 130.51 135.64 141.37 147.77 154.88 162.76 171.49 181.12 191.71 203.34 216.04 229.89 244.92 261.18 278.71 297.51 317.62 339.01 361.69 385.61 410.74 437.04 464.43 492.86 522.24 552.49 583.54 615.28 647.65 680.55 713.90 747.62 781.64 815.88 850.27 884.74 919.22 953.64 987.94 1022.05 1055.91 1089.47 1122.68 1155.51 1187.95 1220.01 1251.63 1282.39 1184.73 1213.57 1107.98 995.73 876.50 601.21 0.00 0.00 0.00 
0.00 0.00 0.00 39.08 58.43 68.01 77.58 87.15 87.15 96.80 96.91 97.09 97.35 97.69 98.13 98.69 99.38 100.21 101.20 102.38 103.75 105.36 107.21 109.34 111.77 114.54 117.69 121.25 125.27 129.79 134.85 140.52 146.85 153.89 161.71 170.37 179.94 190.47 202.04 214.69 228.50 243.50 259.74 277.25 296.06 316.18 337.61 360.33 384.31 409.51 435.89 463.37 491.89 521.37 551.73 582.88 614.73 647.20 680.20 713.65 747.47 781.57 815.90 850.36 884.90 919.43 953.91 988.24 1022.37 1056.23 1089.75 1122.86 1155.51 1187.65 1219.31 1250.88 1281.19 1183.42 1211.65 1105.73 993.52 873.67 597.46 0.00 0.00 0.00 
0.00 0.00 0.00 19.52 48.65 58.24 67.83 77.42 87.02 87.07 87.17 96.92 97.16 97.48 97.90 98.43 99.09 99.89 100.85 101.99 103.33 104.89 106.69 108.77 111.15 113.87 116.95 120.45 124.39 128.83 133.82 139.40 145.64 152.60 160.33 168.91 178.39 188.84 200.33 212.92 226.67 241.62 257.83 275.34 294.15 314.30 335.76 358.54 382.60 407.89 434.38 461.98 490.63 520.24 550.74 582.03 614.02 646.63 679.77 713.35 747.29 781.52 815.95 850.52 885.15 919.78 954.32 988.72 1022.88 1056.74 1090.21 1123.20 1155.62 1187.33 1218.05 1125.58 1153.61 1181.38 1076.70 966.71 850.48 726.54 296.99 0.00 0.00 0.00 
0.00 0.00 0.00 0.00 38.88 58.14 67.71 77.28 77.27 86.90 86.98 87.12 87.33 87.61 87.98 88.44 89.02 89.73 90.57 91.58 92.76 94.15 95.75 97.59 99.71 102.12 104.86 107.97 111.48 115.44 119.89 124.87 130.44 136.66 143.57 151.24 159.73 169.10 179.40 190.70 203.05 216.49 231.07 246.81 263.75 281.89 301.24 321.77 343.46 366.27 390.16 415.06 440.91 467.63 495.15 523.38 552.24 581.66 611.55 641.83 672.44 703.30 734.34 765.50 796.71 827.91 859.02 889.98 920.71 951.14 981.19 1010.78 1039.85 1068.47 1097.02 1125.01 1151.84 1050.42 1074.34 963.71 846.65 577.99 0.00 0.00 0.00 0.00 
0.00 0.00 0.00 0.00 0.00 38.71 57.95 67.53 67.51 77.13 77.19 77.31 82.29 82.53 82.85 83.27 83.79 84.42 85.19 86.10 87.18 88.45 89.91 91.60 93.55 95.77 98.30 101.16 104.41 108.07 112.19 116.81 121.98 127.76 134.20 141.36 149.29 158.05 167.71 178.31 189.92 202.57 216.31 231.17 247.17 264.33 282.64 302.09 322.65 344.30 366.97 390.61 415.15 440.52 466.65 493.46 520.86 548.78 577.14 605.88 634.91 664.17 693.60 723.13 752.70 782.24 811.69 840.99 870.04 898.76 927.06 954.82 981.92 1008.20 974.60 999.61 1023.19 918.33 938.77 824.17 563.11 143.19 0.00 0.00 0.00 0.00 
0.00 0.00 0.00 0.00 0.00 19.33 38.58 57.78 57.76 67.36 67.41 77.08 77.23 77.43 77.71 78.07 78.52 79.09 79.77 80.59 81.56 82.70 84.03 85.56 87.33 89.35 91.65 94.27 97.24 100.59 104.37 108.62 113.38 118.71 124.66 131.29 138.64 146.79 155.78 165.67 176.52 188.36 201.25 215.22 230.29 246.46 263.75 282.13 301.58 322.07 343.54 365.94 389.21 413.26 438.03 463.43 489.40 515.86 542.72 569.93 597.42 625.11 652.96 680.89 708.85 736.79 764.63 792.31 819.74 846.84 873.50 899.57 924.94 949.55 973.72 874.52 894.45 785.71 802.13 549.29 279.32 0.00 0.00 0.00 0.00 0.00 
0.00 0.00 0.00 0.00 0.00 0.00 9.64 38.47 48.03 57.62 57.64 57.69 67.39 67.54 67.76 68.05 68.42 68.88 69.44 70.12 70.93 71.89 73.00 74.29 75.78 77.48 79.43 81.65 84.17 87.02 90.24 93.87 97.94 102.51 107.61 113.31 119.64 126.68 134.45 143.03 152.45 162.76 174.00 186.21 199.39 213.57 228.74 244.89 262.00 280.03 298.95 318.69 339.19 360.40 382.23 404.62 427.51 450.81 474.47 498.43 522.61 546.98 571.47 596.04 620.62 645.18 669.65 693.97 718.06 741.85 765.21 787.98 809.93 830.69 731.76 749.78 765.64 652.52 531.57 0.00 0.00 0.00 0.00 0.00 0.00 0.00 
0.00 0.00 0.00 0.00 0.00 0.00 0.00 0.00 19.19 38.35 38.34 47.94 48.00 48.09 48.23 48.41 48.65 48.96 49.34 49.80 50.35 51.00 51.76 52.64 53.66 54.83 56.18 57.71 59.45 61.42 63.65 66.17 69.01 72.19 75.76 79.75 84.20 89.15 94.63 100.69 107.37 114.69 122.69 131.38 140.80 150.95 161.82 173.41 185.70 198.67 212.28 226.49 241.25 256.52 272.24 288.36 304.83 321.59 338.61 355.83 373.22 390.72 408.31 425.95 443.60 461.22 478.79 496.25 513.55 530.63 547.41 563.78 579.61 594.79 609.61 500.22 508.70 258.56 0.00 0.00 0.00 0.00 0.00 0.00 0.00 0.00 
0.00 0.00 0.00 0.00 0.00 0.00 0.00 0.00 0.00 0.00 0.00 0.00 9.63 9.65 9.67 9.71 9.77 9.83 9.91 10.01 10.12 10.26 10.41 10.60 10.81 11.05 11.33 11.64 12.00 12.41 12.87 13.38 13.96 14.62 15.34 16.16 17.06 18.07 19.18 20.40 21.75 23.22 24.83 26.57 28.46 30.49 32.65 34.96 37.41 39.99 42.69 45.51 48.44 51.47 54.59 57.79 61.06 64.39 67.77 71.19 74.65 78.13 81.63 85.14 88.65 92.15 95.64 99.10 102.51 105.85 109.08 112.11 114.78 116.67 0.00 0.00 0.00 0.00 0.00 0.00 0.00 0.00 0.00 0.00 0.00 0.00 
0.00 0.00 0.00 0.00 0.00 0.00 0.00 0.00 0.00 0.00 0.00 0.00 0.00 0.00 0.00 0.00 0.00 0.00 0.00 0.00 0.00 0.00 0.00 0.00 0.00 0.00 0.00 0.00 0.00 0.00 0.00 0.00 0.00 0.00 0.00 0.00 0.00 0.00 0.00 0.00 0.00 0.00 0.00 0.00 0.00 0.00 0.00 0.00 0.00 0.00 0.00 0.00 0.00 0.00 0.00 0.00 0.00 0.00 0.00 0.00 0.00 0.00 0.00 0.00 0.00 0.00 0.00 0.00 0.00 0.00 0.00 0.00 0.00 0.00 0.00 0.00 0.00 0.00 0.00 0.00 0.00 0.00 0.00 0.00 0.00 0.00 
0.00 0.00 0.00 0.00 0.00 0.00 0.00 0.00 0.00 0.00 0.00 0.00 0.00 0.00 0.00 0.00 0.00 0.00 0.00 0.00 0.00 0.00 0.00 0.00 0.00 0.00 0.00 0.00 0.00 0.00 0.00 0.00 0.00 0.00 0.00 0.00 0.00 0.00 0.00 0.00 0.00 0.00 0.00 0.00 0.00 0.00 0.00 0.00 0.00 0.00 0.00 0.00 0.00 0.00 0.00 0.00 0.00 0.00 0.00 0.00 0.00 0.00 0.00 0.00 0.00 0.00 0.00 0.00 0.00 0.00 0.00 0.00 0.00 0.00 0.00 0.00 0.00 0.00 0.00 0.00 0.00 0.00 0.00 0.00 0.00 0.00 
0.00 0.00 0.00 0.00 0.00 0.00 0.00 0.00 0.00 0.00 0.00 0.00 0.00 0.00 0.00 0.00 0.00 0.00 0.00 0.00 0.00 0.00 0.00 0.00 0.00 0.00 0.00 0.00 0.00 0.00 0.00 0.00 0.00 0.00 0.00 0.00 0.00 0.00 0.00 0.00 0.00 0.00 0.00 0.00 0.00 0.00 0.00 0.00 0.00 0.00 0.00 0.00 0.00 0.00 0.00 0.00 0.00 0.00 0.00 0.00 0.00 0.00 0.00 0.00 0.00 0.00 0.00 0.00 0.00 0.00 0.00 0.00 0.00 0.00 0.00 0.00 0.00 0.00 0.00 0.00 0.00 0.00 0.00 0.00 0.00 0.00 
