0.00 0.00 0.00 0.00 0.00 0.00 0.00 0.00 0.00 0.00 0.00 0.00 0.00 0.00 0.00 0.00 0.00 0.00 0.00 0.00 0.00 0.00 0.00 0.00 0.00 0.00 0.00 0.00 0.00 0.00 0.00 0.00 0.00 0.00 0.00 0.00 0.00 0.00 0.00 0.00 0.00 0.00 0.00 0.00 0.00 0.00 0.00 0.00 0.00 0.00 0.00 0.00 0.00 0.00 0.00 0.00 0.00 0.00 0.00 0.00 0.00 0.00 0.00 0.00 0.00 0.00 0.00 0.00 0.00 0.00 0.00 0.00 0.00 0.00 0.00 0.00 0.00 0.00 0.00 0.00 0.00 0.00 0.00 0.00 0.00 0.00 
0.00 0.00 0.00 0.00 0.00 0.00 0.00 0.00 0.00 0.00 0.00 0.00 0.00 0.00 0.00 0.00 0.00 0.00 0.00 0.00 0.00 0.00 0.00 0.00 0.00 0.00 0.00 0.00 0.00 0.00 0.00 0.00 0.00 0.00 0.00 0.00 0.00 0.00 0.00 0.00 0.00 0.00 0.00 0.00 0.00 0.00 0.00 0.00 0.00 0.00 0.00 0.00 0.00 0.00 0.00 0.00 0.00 0.00 0.00 0.00 0.00 0.00 0.00 0.00 0.00 0.00 0.00 0.00 0.00 0.00 0.00 0.00 0.00 0.00 0.00 0.00 0.00 0.00 0.00 0.00 0.00 0.00 0.00 0.00 0.00 0.00 
0.00 0.00 0.00 0.00 0.00 0.00 0.00 0.00 0.00 0.00 0.00 0.00 0.00 0.00 0.00 0.00 0.00 0.00 0.00 0.00 0.00 0.00 0.00 0.00 0.00 0.00 0.00 0.00 0.00 0.00 0.00 0.00 0.00 0.00 0.00 0.00 0.00 0.00 0.00 0.00 0.00 0.00 0.00 0.00 0.00 0.00 0.00 0.00 0.00 0.00 0.00 0.00 0.00 0.00 0.00 0.00 0.00 0.00 0.00 0.00 0.00 0.00 0.00 0.00 0.00 0.00 0.00 0.00 0.00 0.00 0.00 0.00 0.00 0.00 0.00 0.00 0.00 0.00 0.00 0.00 0.00 0.00 0.00 0.00 0.00 0.00 
0.00 0.00 0.00 0.00 0.00 0.00 0.00 0.00 12.67 25.59 25.95 33.29 34.21 35.42 36.91 38.70 40.85 43.42 46.47 50.11 54.42 59.51 65.51 72.55 80.73 90.17 100.95 113.09 126.57 141.30 157.12 173.82 191.14 208.82 226.62 244.32 261.76 278.80 295.37 311.42 326.94 341.92 356.39 370.37 383.89 396.96 409.63 421.91 433.83 445.42 456.69 467.67 478.37 488.81 499.01 508.97 518.72 528.26 537.60 546.75 555.72 564.52 573.16 581.62 589.93 598.08 606.07 613.89 621.55 629.02 636.29 643.32 650.05 656.36 661.98 534.40 537.61 270.40 0.00 0.00 0.00 0.00 0.00 0.00 0.00 0.00 
0.00 0.00 0.00 0.00 0.00 0.00 0.00 24.96 31.59 38.67 39.55 40.68 42.04 43.68 45.64 47.99 50.79 54.11 58.03 62.66 68.10 74.49 81.94 90.59 100.56 111.96 124.86 139.28 155.18 172.46 190.95 210.42 230.61 251.25 272.06 292.83 313.35 333.48 353.13 372.22 390.74 408.67 426.02 442.81 459.06 474.80 490.06 504.86 519.23 533.20 546.80 560.03 572.94 585.53 597.82 609.83 621.57 633.06 644.31 655.33 666.13 676.72 687.10 697.27 707.25 717.03 726.61 735.99 745.15 754.09 762.77 771.18 779.25 786.93 794.17 801.10 807.16 678.13 546.07 0.00 0.00 0.00 0.00 0.00 0.00 0.00 
0.00 0.00 0.00 0.00 0.00 12.30 24.70 37.61 38.32 45.70 46.91 55.16 57.08 59.42 62.21 65.54 69.47 74.13 79.60 86.03 93.55 102.32 112.49 124.23 137.67 152.93 170.10 189.18 210.12 232.80 256.99 282.42 308.78 335.73 362.96 390.17 417.14 443.66 469.61 494.90 519.47 543.31 566.42 588.81 610.50 631.53 651.92 671.72 690.94 709.64 727.83 745.54 762.81 779.65 796.10 812.16 827.87 843.24 858.27 873.00 887.43 901.57 915.42 929.00 942.31 955.35 968.11 980.59 992.78 1004.65 1016.18 1027.32 1038.01 1048.16 1057.64 934.17 941.83 814.51 820.65 552.46 277.92 0.00 0.00 0.00 0.00 0.00 
0.00 0.00 0.00 0.00 0.00 24.54 37.28 44.23 45.19 52.84 54.37 56.24 61.92 64.58 67.76 71.53 75.96 81.18 87.28 94.41 102.69 112.29 123.35 136.03 150.44 166.71 184.89 204.98 226.93 250.60 275.79 302.22 329.61 357.62 385.96 414.35 442.54 470.34 497.62 524.27 550.22 575.46 599.96 623.74 646.80 669.18 690.90 712.00 732.49 752.43 771.83 790.73 809.14 827.11 844.65 861.78 878.52 894.90 910.93 926.61 941.98 957.03 971.77 986.22 1000.37 1014.22 1027.77 1041.02 1053.95 1066.54 1078.76 1090.56 1101.90 1112.67 1057.47 1067.25 1076.36 950.56 958.24 828.55 557.35 140.20 0.00 0.00 0.00 0.00 
0.00 0.00 0.00 0.00 24.40 36.96 43.78 50.94 52.11 60.02 61.83 64.01 66.60 69.62 73.18 77.37 82.28 88.02 94.72 102.50 111.50 121.87 133.77 147.33 162.68 179.92 199.09 220.21 243.20 267.92 294.18 321.72 350.23 379.42 408.96 438.60 468.08 497.22 525.85 553.88 581.22 607.85 633.75 658.90 683.33 707.05 730.08 752.46 774.22 795.39 815.99 836.06 855.61 874.69 893.32 911.51 929.28 946.67 963.67 980.32 996.62 1012.58 1028.21 1043.52 1058.52 1073.19 1087.54 1101.57 1115.26 1128.59 1141.54 1154.10 1166.22 1177.93 1189.36 1200.38 1210.77 1086.34 1095.33 967.16 836.49 562.51 0.00 0.00 0.00 0.00 
0.00 0.00 0.00 12.18 30.56 37.17 44.11 51.38 59.04 60.70 62.69 71.78 74.67 78.11 82.17 86.93 92.51 99.01 106.58 115.35 125.47 137.11 150.43 165.57 182.67 201.82 223.09 246.47 271.88 299.18 328.14 358.49 389.92 422.09 454.67 487.36 519.91 552.09 583.76 614.78 645.08 674.60 703.32 731.25 758.38 784.74 810.35 835.24 859.44 882.99 905.91 928.24 950.01 971.24 991.96 1012.20 1031.98 1051.32 1070.24 1088.75 1106.87 1124.62 1142.00 1159.02 1175.68 1191.98 1207.93 1223.51 1238.72 1253.54 1267.94 1281.90 1295.39 1308.36 1320.69 1200.16 1211.04 1221.64 1095.87 967.96 837.62 704.38 283.96 0.00 0.00 0.00 
0.00 0.00 0.00 24.33 36.80 43.54 50.61 58.05 59.53 67.77 69.96 72.60 75.67 79.28 83.51 88.46 94.22 100.93 108.71 117.68 128.01 139.84 153.31 168.58 185.74 204.91 226.11 249.34 274.53 301.53 330.14 360.10 391.10 422.84 455.01 487.33 519.54 551.44 582.88 613.71 643.87 673.30 701.97 729.87 756.99 783.37 809.00 833.93 858.18 881.77 904.75 927.13 948.95 970.23 991.00 1011.28 1031.11 1050.48 1069.44 1087.98 1106.14 1123.91 1141.30 1158.33 1175.00 1191.31 1207.26 1222.84 1238.05 1252.88 1267.30 1281.31 1294.89 1308.03 1320.75 1333.21 1344.99 1222.03 1232.63 1106.24 977.38 845.63 568.99 0.00 0.00 0.00 
0.00 0.00 0.00 24.33 36.92 43.73 50.87 58.37 59.93 68.25 70.54 73.26 76.46 80.19 84.55 89.64 95.55 102.42 110.35 119.48 129.97 141.93 155.53 170.88 188.10 207.27 228.42 251.55 276.57 303.35 331.70 361.35 392.04 423.46 455.32 487.35 519.30 550.98 582.23 612.92 642.97 672.32 700.94 728.81 755.93 782.31 807.96 832.92 857.20 880.83 903.84 926.26 948.12 969.44 990.25 1010.57 1030.42 1049.83 1068.81 1087.38 1105.55 1123.34 1140.75 1157.79 1174.46 1190.78 1206.72 1222.31 1237.52 1252.35 1266.79 1280.84 1294.49 1307.75 1320.63 1333.12 1345.06 1222.16 1232.99 1106.73 977.88 846.37 570.14 0.00 0.00 0.00 
0.00 0.00 0.00 30.44 37.00 50.02 51.05 58.59 66.57 68.57 70.93 73.73 77.01 80.83 85.28 90.46 96.48 103.45 111.49 120.74 131.33 143.40 157.08 172.49 189.75 208.93 230.05 253.11 278.02 304.65 332.81 362.26 392.73 423.92 455.56 487.38 519.15 550.68 581.79 612.38 642.35 671.64 700.22 728.07 755.18 781.56 807.23 832.20 856.50 880.16 903.20 925.64 947.53 968.88 989.71 1010.05 1029.93 1049.36 1068.36 1086.94 1105.13 1122.93 1140.34 1157.39 1174.07 1190.38 1206.33 1221.91 1237.12 1251.95 1266.39 1280.46 1294.14 1307.47 1320.47 1333.08 1345.26 1357.11 1233.20 1107.21 1116.93 846.99 712.57 0.00 0.00 0.00 
0.00 0.00 0.00 30.46 37.04 50.10 54.25 58.71 66.72 68.74 71.14 73.98 80.91 84.87 89.51 94.93 101.24 108.54 116.98 126.68 137.80 150.47 164.84 181.03 199.16 219.31 241.51 265.74 291.92 319.91 349.50 380.44 412.44 445.20 478.43 511.85 545.21 578.30 610.97 643.08 674.54 705.29 735.29 764.52 792.97 820.67 847.61 873.83 899.34 924.17 948.36 971.93 994.90 1017.31 1039.19 1060.55 1081.41 1101.81 1121.76 1141.27 1160.36 1179.04 1197.32 1215.21 1232.71 1249.83 1266.56 1282.90 1298.85 1314.39 1329.52 1344.20 1358.41 1372.12 1320.29 1332.98 1345.24 1357.06 1233.25 1107.37 1117.21 987.09 712.84 0.00 0.00 0.00 
0.00 0.00 0.00 30.46 37.04 50.10 54.25 58.72 66.72 68.75 71.16 74.00 80.93 84.89 89.54 94.96 101.28 108.59 117.03 126.74 137.86 150.54 164.92 181.12 199.26 219.41 241.61 265.85 292.02 320.01 349.59 380.53 412.52 445.27 478.49 511.89 545.24 578.32 610.97 643.07 674.52 705.26 735.26 764.48 792.94 820.63 847.57 873.78 899.29 924.13 948.31 971.88 994.86 1017.27 1039.14 1060.50 1081.37 1101.77 1121.71 1141.22 1160.31 1178.98 1197.26 1215.15 1232.65 1249.76 1266.48 1282.82 1298.76 1314.29 1329.40 1344.08 1358.29 1371.99 1320.15 1332.85 1345.10 1356.92 1233.12 1107.24 1117.08 986.97 712.73 0.00 0.00 0.00 
0.00 0.00 0.00 30.44 37.00 50.02 51.05 58.61 66.59 68.59 70.97 73.78 77.07 80.90 85.37 90.56 96.60 103.58 111.64 120.91 131.52 143.61 157.32 172.76 190.04 209.23 230.37 253.43 278.34 304.96 333.11 362.53 392.97 424.13 455.73 487.51 519.24 550.73 581.81 612.36 642.30 671.57 700.13 727.96 755.06 781.43 807.10 832.06 856.36 880.02 903.06 925.51 947.39 968.74 989.57 1009.92 1029.80 1049.22 1068.22 1086.80 1104.98 1122.77 1140.17 1157.21 1173.87 1190.16 1206.09 1221.65 1236.83 1251.63 1266.06 1280.10 1293.76 1307.07 1320.06 1332.67 1344.85 1356.70 1232.80 1106.83 1116.54 846.65 712.25 0.00 0.00 0.00 
0.00 0.00 0.00 24.33 36.91 43.73 50.88 58.39 59.97 68.29 70.60 73.34 76.56 80.31 84.69 89.80 95.75 102.64 110.60 119.77 130.29 142.30 155.94 171.33 188.58 207.78 228.95 252.09 277.11 303.88 332.19 361.81 392.45 423.81 455.60 487.56 519.44 551.06 582.25 612.89 642.89 672.20 700.79 728.63 755.73 782.09 807.74 832.69 856.96 880.59 903.61 926.03 947.89 969.21 990.02 1010.34 1030.19 1049.60 1068.58 1087.14 1105.30 1123.07 1140.47 1157.49 1174.13 1190.42 1206.33 1221.87 1237.04 1251.82 1266.22 1280.23 1293.85 1307.08 1319.94 1332.43 1344.37 1221.51 1232.32 1106.10 977.28 845.81 569.71 0.00 0.00 0.00 
0.00 0.00 0.00 24.32 36.79 43.54 50.63 58.07 59.57 67.84 70.05 72.71 75.81 79.45 83.71 88.69 94.49 101.24 109.06 118.09 128.47 140.36 153.89 169.21 186.43 205.63 226.87 250.11 275.30 302.28 330.85 360.75 391.68 423.33 455.40 487.62 519.74 551.55 582.89 613.65 643.75 673.12 701.75 729.61 756.71 783.06 808.68 833.61 857.85 881.44 904.42 926.80 948.62 969.91 990.68 1010.97 1030.79 1050.17 1069.12 1087.65 1105.79 1123.54 1140.91 1157.92 1174.55 1190.81 1206.71 1222.24 1237.38 1252.14 1266.50 1280.45 1293.98 1307.09 1319.79 1332.25 1344.02 1221.12 1231.71 1105.37 976.57 844.88 568.46 0.00 0.00 0.00 
0.00 0.00 0.00 12.18 30.55 37.18 44.13 51.42 59.09 60.78 62.80 71.93 74.85 78.33 82.42 87.23 92.85 99.41 107.04 115.87 126.07 137.79 151.18 166.40 183.57 202.79 224.10 247.50 272.90 300.17 329.08 359.35 390.67 422.72 455.17 487.73 520.15 552.21 583.76 614.68 644.89 674.35 703.02 730.90 758.00 784.34 809.93 834.81 859.01 882.56 905.49 927.82 949.59 970.83 991.55 1011.80 1031.58 1050.91 1069.82 1088.33 1106.44 1124.16 1141.51 1158.49 1175.11 1191.35 1207.23 1222.74 1237.86 1252.59 1266.90 1280.78 1294.20 1307.12 1319.44 1198.99 1209.88 1220.48 1094.80 966.97 836.73 703.59 283.64 0.00 0.00 0.00 
0.00 0.00 0.00 0.00 24.40 36.97 43.80 50.97 52.17 60.11 61.95 64.18 66.81 69.88 73.49 77.72 82.69 88.49 95.26 103.12 112.21 122.68 134.67 148.33 163.76 181.07 200.30 221.45 244.43 269.12 295.30 322.73 351.12 380.15 409.54 439.01 468.33 497.32 525.82 553.73 580.98 607.53 633.36 658.47 682.86 706.56 729.58 751.96 773.71 794.88 815.49 835.56 855.13 874.22 892.85 911.04 928.82 946.21 963.21 979.84 996.12 1012.06 1027.66 1042.93 1057.87 1072.48 1086.75 1100.69 1114.28 1127.50 1140.33 1152.77 1164.80 1176.45 1187.89 1198.93 1209.34 1085.06 1094.05 965.99 835.45 561.77 0.00 0.00 0.00 0.00 
0.00 0.00 0.00 0.00 0.00 24.55 37.30 44.27 45.25 52.94 54.51 56.43 62.18 64.89 68.12 71.94 76.44 81.72 87.91 95.14 103.53 113.24 124.43 137.22 151.75 168.11 186.35 206.48 228.43 252.05 277.14 303.43 330.65 358.47 386.61 414.79 442.79 470.41 497.53 524.05 549.89 575.04 599.48 623.20 646.23 668.59 690.30 711.39 731.89 751.84 771.25 790.15 808.59 826.56 844.11 861.25 878.00 894.38 910.40 926.08 941.42 956.45 971.16 985.55 999.64 1013.42 1026.89 1040.03 1052.83 1065.28 1077.35 1088.99 1100.19 1110.88 1055.80 1065.66 1074.82 949.22 956.91 827.39 556.53 139.99 0.00 0.00 0.00 0.00 
0.00 0.00 0.00 0.00 0.00 12.30 24.72 37.63 38.37 45.79 47.05 55.39 57.40 59.78 62.62 66.00 70.01 74.74 80.32 86.87 94.52 103.43 113.75 125.63 139.21 154.59 171.84 190.97 211.90 234.51 258.58 283.84 309.98 336.69 363.67 390.63 417.36 443.68 469.45 494.58 519.04 542.78 565.82 588.16 609.82 630.83 651.22 671.01 690.25 708.96 727.16 744.89 762.18 779.04 795.50 811.57 827.29 842.66 857.69 872.41 886.82 900.94 914.76 928.29 941.53 954.49 967.16 979.52 991.56 1003.26 1014.59 1025.50 1035.96 1045.95 1055.62 932.51 940.25 813.18 819.35 551.57 277.48 0.00 0.00 0.00 0.00 0.00 
0.00 0.00 0.00 0.00 0.00 0.00 6.20 24.97 31.63 38.76 39.68 40.88 49.33 51.20 53.49 56.25 59.55 63.48 68.13 73.62 80.08 87.65 96.48 106.72 118.50 131.93 147.09 163.99 182.57 202.71 224.20 246.79 270.17 294.04 318.11 342.11 365.85 389.15 411.91 434.05 455.55 476.39 496.57 516.11 535.04 553.39 571.18 588.45 605.22 621.53 637.40 652.86 667.92 682.62 696.97 710.99 724.70 738.10 751.22 764.07 776.65 788.97 801.04 812.86 824.44 835.77 846.85 857.66 868.19 878.43 888.32 897.82 906.85 915.27 792.38 799.47 805.63 676.89 545.10 0.00 0.00 0.00 0.00 0.00 0.00 0.00 
0.00 0.00 0.00 0.00 0.00 0.00 0.00 0.00 12.69 25.65 26.04 33.46 34.49 35.73 37.24 39.07 41.27 43.91 47.05 50.78 55.20 60.42 66.55 73.72 82.04 91.60 102.47 114.66 128.15 142.83 158.54 175.07 192.20 209.65 227.22 244.69 261.91 278.77 295.18 311.10 326.52 341.43 355.85 369.79 383.29 396.36 409.02 421.31 433.24 444.85 456.14 467.13 477.85 488.31 498.52 508.50 518.25 527.80 537.14 546.29 555.25 564.03 572.64 581.07 589.33 597.42 605.33 613.05 620.58 627.90 634.98 641.79 648.28 654.42 660.33 533.19 536.48 269.85 0.00 0.00 0.00 0.00 0.00 0.00 0.00 0.00 
0.00 0.00 0.00 0.00 0.00 0.00 0.00 0.00 0.00 0.00 0.00 0.00 7.16 7.34 7.63 8.01 8.47 9.02 9.69 10.47 11.39 12.48 13.75 15.22 16.91 18.84 21.01 23.43 26.09 28.97 32.04 35.27 38.60 42.01 45.44 48.87 52.26 55.59 58.85 62.01 65.09 68.06 70.95 73.74 76.45 79.07 81.61 84.08 86.48 88.81 91.07 93.28 95.43 97.53 99.58 101.58 103.54 105.46 107.33 109.16 110.96 112.72 114.44 116.13 117.78 119.40 120.98 122.51 124.01 125.45 126.82 128.08 129.18 129.96 0.00 0.00 0.00 0.00 0.00 0.00 0.00 0.00 0.00 0.00 0.00 0.00 
0.00 0.00 0.00 0.00 0.00 0.00 0.00 0.00 0.00 0.00 0.00 0.00 0.00 0.00 0.00 0.00 0.00 0.00 0.00 0.00 0.00 0.00 0.00 0.00 0.00 0.00 0.00 0.00 0.00 0.00 0.00 0.00 0.00 0.00 0.00 0.00 0.00 0.00 0.00 0.00 0.00 0.00 0.00 0.00 0.00 0.00 0.00 0.00 0.00 0.00 0.00 0.00 0.00 0.00 0.00 0.00 0.00 0.00 0.00 0.00 0.00 0.00 0.00 0.00 0.00 0.00 0.00 0.00 0.00 0.00 0.00 0.00 0.00 0.00 0.00 0.00 0.00 0.00 0.00 0.00 0.00 0.00 0.00 0.00 0.00 0.00 
0.00 0.00 0.00 0.00 0.00 0.00 0.00 0.00 0.00 0.00 0.00 0.00 0.00 0.00 0.00 0.00 0.00 0.00 0.00 0.00 0.00 0.00 0.00 0.00 0.00 0.00 0.00 0.00 0.00 0.00 0.00 0.00 0.00 0.00 0.00 0.00 0.00 0.00 0.00 0.00 0.00 0.00 0.00 0.00 0.00 0.00 0.00 0.00 0.00 0.00 0.00 0.00 0.00 0.00 0.00 0.00 0.00 0.00 0.00 0.00 0.00 0.00 0.00 0.00 0.00 0.00 0.00 0.00 0.00 0.00 0.00 0.00 0.00 0.00 0.00 0.00 0.00 0.00 0.00 0.00 0.00 0.00 0.00 0.00 0.00 0.00 
0.00 0.00 0.00 0.00 0.00 0.00 0.00 0.00 0.00 0.00 0.00 0.00 0.00 0.00 0.00 0.00 0.00 0.00 0.00 0.00 0.00 0.00 0.00 0.00 0.00 0.00 0.00 0.00 0.00 0.00 0.00 0.00 0.00 0.00 0.00 0.00 0.00 0.00 0.00 0.00 0.00 0.00 0.00 0.00 0.00 0.00 0.00 0.00 0.00 0.00 0.00 0.00 0.00 0.00 0.00 0.00 0.00 0.00 0.00 0.00 0.00 0.00 0.00 0.00 0.00 0.00 0.00 0.00 0.00 0.00 0.00 0.00 0.00 0.00 0.00 0.00 0.00 0.00 0.00 0.00 0.00 0.00 0.00 0.00 0.00 0.00 
