0.00 0.00 0.00 0.00 0.00 0.00 0.00 0.00 0.00 0.00 0.00 0.00 0.00 0.00 0.00 0.00 0.00 0.00 0.00 0.00 0.00 0.00 0.00 0.00 0.00 0.00 0.00 0.00 0.00 0.00 0.00 0.00 0.00 0.00 0.00 0.00 0.00 0.00 0.00 0.00 0.00 0.00 0.00 0.00 0.00 0.00 0.00 0.00 0.00 0.00 0.00 0.00 0.00 0.00 0.00 0.00 0.00 0.00 0.00 0.00 0.00 0.00 0.00 0.00 0.00 0.00 0.00 0.00 0.00 0.00 0.00 0.00 0.00 0.00 0.00 0.00 0.00 0.00 0.00 0.00 0.00 0.00 0.00 0.00 0.00 0.00 
0.00 0.00 0.00 0.00 0.00 0.00 0.00 0.00 0.00 0.00 0.00 0.00 0.00 0.00 0.00 0.00 0.00 0.00 0.00 0.00 0.00 0.00 0.00 0.00 0.00 0.00 0.00 0.00 0.00 0.00 0.00 0.00 0.00 0.00 0.00 0.00 0.00 0.00 0.00 0.00 0.00 0.00 0.00 0.00 0.00 0.00 0.00 0.00 0.00 0.00 0.00 0.00 0.00 0.00 0.00 0.00 0.00 0.00 0.00 0.00 0.00 0.00 0.00 0.00 0.00 0.00 0.00 0.00 0.00 0.00 0.00 0.00 0.00 0.00 0.00 0.00 0.00 0.00 0.00 0.00 0.00 0.00 0.00 0.00 0.00 0.00 
0.00 0.00 0.00 0.00 0.00 0.00 0.00 0.00 0.00 0.00 0.00 0.00 0.00 0.00 0.00 0.00 0.00 0.00 0.00 0.00 0.00 0.00 0.00 0.00 0.00 0.00 0.00 0.00 0.00 0.00 0.00 0.00 0.00 0.00 0.00 0.00 0.00 0.00 0.00 0.00 0.00 0.00 0.00 0.00 0.00 0.00 0.00 0.00 0.00 0.00 0.00 0.00 0.00 0.00 0.00 0.00 0.00 0.00 0.00 0.00 0.00 0.00 0.00 0.00 0.00 0.00 0.00 0.00 0.00 0.00 0.00 0.00 0.00 0.00 0.00 0.00 0.00 0.00 0.00 0.00 0.00 0.00 0.00 0.00 0.00 0.00 
0.00 0.00 0.00 0.00 0.00 0.00 0.00 0.00 252.16 502.01 499.69 620.25 616.18 611.61 606.74 601.64 596.37 590.95 585.39 579.71 573.90 567.98 561.94 555.77 549.48 543.06 536.51 529.82 522.98 515.99 508.84 501.51 494.00 486.29 478.38 470.25 461.88 453.25 444.35 435.17 425.67 415.83 405.63 395.03 384.01 372.53 360.55 348.04 334.94 321.21 306.82 291.72 275.91 259.39 242.21 224.49 206.39 188.16 170.11 152.58 135.93 120.43 106.33 93.75 82.73 73.21 65.08 58.22 52.45 47.64 43.63 40.31 37.57 35.35 33.65 25.68 25.00 12.26 0.00 0.00 0.00 0.00 0.00 0.00 0.00 0.00 
0.00 0.00 0.00 0.00 0.00 0.00 0.00 508.13 631.95 753.60 749.22 744.21 738.97 733.40 727.55 721.46 715.16 708.67 702.02 695.21 688.25 681.13 673.87 666.46 658.89 651.17 643.28 635.22 626.97 618.54 609.91 601.07 592.00 582.70 573.14 563.31 553.20 542.77 532.02 520.91 509.42 497.52 485.18 472.37 459.06 445.19 430.74 415.65 399.89 383.42 366.19 348.18 329.40 309.87 289.66 268.91 247.81 226.64 205.73 185.42 166.07 148.00 131.44 116.55 103.36 91.84 81.90 73.40 66.18 60.09 54.96 50.66 47.07 44.10 41.64 39.58 37.98 30.48 23.79 0.00 0.00 0.00 0.00 0.00 0.00 0.00 
0.00 0.00 0.00 0.00 0.00 257.48 512.69 763.34 758.93 879.35 873.82 991.42 984.57 977.21 969.47 961.39 953.03 944.41 935.56 926.49 917.21 907.72 898.03 888.14 878.03 867.71 857.16 846.38 835.35 824.07 812.52 800.68 788.54 776.08 763.27 750.10 736.54 722.56 708.14 693.25 677.84 661.89 645.35 628.17 610.33 591.76 572.42 552.25 531.21 509.25 486.34 462.46 437.62 411.88 385.35 358.19 330.68 303.13 275.94 249.53 224.34 200.73 178.99 159.31 141.77 126.33 112.90 101.32 91.41 82.98 75.84 69.82 64.77 60.56 57.09 47.49 45.28 37.24 35.94 23.24 11.49 0.00 0.00 0.00 0.00 0.00 
0.00 0.00 0.00 0.00 0.00 516.12 769.04 891.22 885.71 1005.02 998.44 991.37 1045.45 1037.65 1029.43 1020.86 1012.00 1002.86 993.47 983.84 973.98 963.90 953.59 943.06 932.30 921.30 910.06 898.57 886.81 874.77 862.45 849.81 836.85 823.53 809.85 795.78 781.29 766.35 750.93 735.01 718.54 701.48 683.80 665.46 646.40 626.59 605.96 584.49 562.13 538.83 514.58 489.38 463.25 436.27 408.55 380.28 351.72 323.19 295.07 267.76 241.65 217.11 194.41 173.73 155.17 138.71 124.27 111.72 100.89 91.60 83.68 76.94 71.26 66.49 58.90 55.55 52.80 44.27 42.52 35.25 22.88 5.67 0.00 0.00 0.00 0.00 
0.00 0.00 0.00 0.00 520.49 774.98 897.75 1018.77 1012.29 1130.60 1123.10 1115.13 1106.86 1098.38 1089.59 1080.49 1071.08 1061.40 1051.46 1041.26 1030.82 1020.13 1009.21 998.04 986.63 974.96 963.03 950.83 938.34 925.56 912.46 899.03 885.25 871.09 856.55 841.58 826.16 810.27 793.87 776.93 759.41 741.26 722.46 702.96 682.71 661.66 639.78 617.02 593.34 568.72 543.14 516.61 489.17 460.90 431.94 402.47 372.75 343.11 313.92 285.56 258.44 232.88 209.17 187.49 167.93 150.49 135.10 121.64 109.95 99.87 91.20 83.80 77.49 72.11 67.49 63.59 60.35 51.37 49.23 41.60 34.57 22.58 0.00 0.00 0.00 0.00 
0.00 0.00 0.00 262.15 651.28 775.87 898.41 1019.23 1138.52 1130.87 1123.01 1238.48 1229.56 1220.16 1210.38 1200.25 1189.80 1179.04 1167.99 1156.66 1145.06 1133.18 1121.04 1108.62 1095.93 1082.95 1069.68 1056.10 1042.21 1027.98 1013.40 998.45 983.10 967.34 951.14 934.47 917.31 899.60 881.34 862.46 842.95 822.75 801.81 780.10 757.56 734.15 709.82 684.53 658.24 630.93 602.58 573.21 542.86 511.64 479.68 447.19 414.47 381.84 349.71 318.50 288.63 260.46 234.28 210.30 188.62 169.24 152.09 137.05 123.95 112.61 102.85 94.47 87.32 81.24 76.11 65.04 61.49 58.49 49.97 42.14 34.91 28.27 11.19 0.00 0.00 0.00 
0.00 0.00 0.00 524.99 781.75 905.30 1026.77 1146.51 1138.86 1256.11 1247.60 1238.58 1229.37 1219.85 1210.01 1199.84 1189.37 1178.60 1167.55 1156.22 1144.61 1132.73 1120.57 1108.14 1095.43 1082.43 1069.14 1055.53 1041.60 1027.33 1012.71 997.71 982.32 966.51 950.25 933.52 916.28 898.51 880.18 861.23 841.64 821.36 800.35 778.58 755.98 732.52 708.16 682.86 656.58 629.32 601.07 571.86 541.73 510.79 479.18 447.11 414.86 382.73 351.12 320.40 290.97 263.17 237.28 213.49 191.90 172.52 155.29 140.10 126.81 115.25 105.25 96.63 89.22 82.88 77.45 72.77 68.87 59.30 56.62 48.49 41.01 34.13 22.32 0.00 0.00 0.00 
0.00 0.00 0.00 525.80 782.31 905.67 1027.13 1146.80 1138.99 1256.21 1247.57 1238.54 1229.21 1219.60 1209.71 1199.51 1189.03 1178.26 1167.20 1155.86 1144.25 1132.37 1120.21 1107.76 1095.04 1082.02 1068.71 1055.08 1041.12 1026.82 1012.17 997.14 981.70 965.85 949.55 932.77 915.48 897.66 879.27 860.26 840.62 820.28 799.22 777.39 754.75 731.26 706.87 681.57 655.32 628.11 599.94 570.86 540.90 510.19 478.85 447.11 415.20 383.46 352.23 321.88 292.79 265.27 239.59 215.93 194.41 175.02 157.73 142.44 129.01 117.28 107.10 98.29 90.70 84.16 78.55 73.73 69.66 59.98 57.15 48.91 41.32 34.32 22.30 0.00 0.00 0.00 
0.00 0.00 0.00 657.20 782.84 1034.44 1027.43 1146.98 1264.95 1256.39 1247.58 1238.45 1229.04 1219.38 1209.46 1199.26 1188.77 1177.99 1166.94 1155.60 1143.99 1132.10 1119.94 1107.49 1094.76 1081.73 1068.40 1054.75 1040.78 1026.46 1011.78 996.72 981.26 965.38 949.04 932.23 914.91 897.05 878.62 859.58 839.89 819.52 798.42 776.56 753.89 730.37 705.97 680.67 654.44 627.26 599.16 570.17 540.34 509.79 478.65 447.13 415.48 384.00 353.04 322.95 294.08 266.75 241.22 217.66 196.17 176.78 159.44 144.07 130.54 118.70 108.39 99.46 91.73 85.07 79.32 74.39 70.19 66.62 57.53 49.19 47.30 34.44 27.93 0.00 0.00 0.00 
0.00 0.00 0.00 657.41 783.02 1034.49 1091.24 1147.07 1264.94 1256.39 1247.53 1238.34 1289.98 1280.04 1269.74 1259.08 1248.10 1236.81 1225.22 1213.32 1201.14 1188.67 1175.90 1162.83 1149.47 1135.79 1121.80 1107.47 1092.80 1077.77 1062.36 1046.55 1030.32 1013.64 996.49 978.84 960.66 941.90 922.55 902.56 881.89 860.51 838.36 815.40 791.61 766.92 741.32 714.76 687.22 658.70 629.21 598.78 567.47 535.39 502.70 469.60 436.37 403.31 370.78 339.17 308.83 280.11 253.27 228.50 205.91 185.53 167.32 151.18 136.97 124.55 113.74 104.39 96.33 89.43 79.74 74.73 70.47 66.87 57.73 49.35 47.41 40.20 27.95 0.00 0.00 0.00 
0.00 0.00 0.00 657.33 782.94 1034.39 1091.15 1146.98 1264.84 1256.30 1247.43 1238.25 1289.89 1279.96 1269.65 1259.01 1248.03 1236.74 1225.16 1213.27 1201.09 1188.62 1175.86 1162.80 1149.43 1135.76 1121.76 1107.44 1092.77 1077.74 1062.33 1046.52 1030.28 1013.60 996.45 978.80 960.61 941.86 922.50 902.51 881.84 860.45 838.30 815.35 791.55 766.87 741.27 714.71 687.18 658.67 629.19 598.77 567.47 535.41 502.73 469.65 436.43 403.39 370.87 339.27 308.94 280.22 253.38 228.61 206.02 185.63 167.41 151.26 137.05 124.61 113.80 104.44 96.38 89.47 79.77 74.76 70.50 66.88 57.74 49.36 47.41 40.21 27.96 0.00 0.00 0.00 
0.00 0.00 0.00 656.97 782.58 1034.15 1027.16 1146.69 1264.66 1256.10 1247.29 1238.18 1228.77 1219.12 1209.22 1199.03 1188.56 1177.80 1166.76 1155.44 1143.84 1131.97 1119.81 1107.37 1094.65 1081.62 1068.29 1054.65 1040.68 1026.36 1011.68 996.62 981.15 965.26 948.92 932.10 914.78 896.91 878.48 859.43 839.74 819.36 798.26 776.40 753.73 730.22 705.83 680.54 654.32 627.18 599.10 570.14 540.36 509.84 478.75 447.28 415.67 384.24 353.32 323.26 294.41 267.09 241.56 217.99 196.49 177.08 159.72 144.33 130.77 118.91 108.58 99.62 91.87 85.18 79.41 74.47 70.25 66.67 57.56 49.22 47.31 34.45 27.94 0.00 0.00 0.00 
0.00 0.00 0.00 525.49 781.89 905.23 1026.68 1146.32 1138.54 1255.72 1247.10 1238.07 1228.76 1219.17 1209.29 1199.13 1188.68 1177.93 1166.91 1155.60 1144.01 1132.14 1120.00 1107.57 1094.86 1081.85 1068.54 1054.91 1040.95 1026.65 1011.99 996.96 981.52 965.65 949.34 932.55 915.26 897.43 879.02 860.01 840.36 820.02 798.95 777.12 754.48 731.00 706.63 681.35 655.13 627.95 599.84 570.81 540.92 510.28 479.02 447.36 415.53 383.86 352.70 322.40 293.34 265.84 240.17 216.50 194.95 175.54 158.21 142.87 129.40 117.63 107.41 98.56 90.93 84.36 78.71 73.87 69.76 60.05 57.21 48.94 41.34 34.33 22.31 0.00 0.00 0.00 
0.00 0.00 0.00 524.59 781.20 904.70 1026.15 1145.85 1138.22 1255.44 1246.94 1237.93 1228.73 1219.24 1209.42 1199.30 1188.88 1178.15 1167.14 1155.85 1144.27 1132.42 1120.29 1107.88 1095.18 1082.19 1068.90 1055.30 1041.37 1027.10 1012.47 997.46 982.06 966.23 949.96 933.22 915.97 898.19 879.84 860.88 841.27 820.99 799.97 778.19 755.60 732.15 707.81 682.53 656.30 629.10 600.91 571.78 541.74 510.91 479.41 447.46 415.32 383.31 351.79 321.15 291.77 264.00 238.12 214.31 192.68 173.25 155.96 140.72 127.37 115.75 105.68 97.01 89.55 83.16 77.68 72.96 69.01 59.41 56.70 48.54 41.04 34.15 22.33 0.00 0.00 0.00 
0.00 0.00 0.00 261.90 650.68 775.21 897.69 1018.47 1137.71 1130.07 1122.21 1237.63 1228.71 1219.35 1209.62 1199.55 1189.16 1178.46 1167.47 1156.19 1144.63 1132.79 1120.68 1108.29 1095.61 1082.65 1069.38 1055.81 1041.91 1027.68 1013.09 998.13 982.77 967.00 950.78 934.09 916.90 899.18 880.90 862.01 842.47 822.26 801.31 779.60 757.06 733.66 709.36 684.10 657.86 630.61 602.34 573.07 542.85 511.77 479.96 447.63 415.07 382.59 350.60 319.50 289.69 261.56 235.39 211.39 189.66 170.21 152.98 137.86 124.67 113.25 103.41 94.96 87.74 81.60 76.40 65.26 61.66 58.62 50.06 42.19 34.94 28.29 11.20 0.00 0.00 0.00 
0.00 0.00 0.00 0.00 519.92 774.18 896.88 1017.86 1011.41 1129.64 1122.12 1114.14 1105.85 1097.41 1088.69 1079.66 1070.34 1060.74 1050.87 1040.73 1030.34 1019.70 1008.81 997.67 986.27 974.62 962.69 950.49 938.00 925.21 912.10 898.66 884.86 870.69 856.13 841.14 825.70 809.78 793.36 776.39 758.85 740.69 721.87 702.36 682.11 661.07 639.21 616.49 592.86 568.31 542.83 516.41 489.12 461.01 432.23 402.96 373.44 343.99 314.97 286.75 259.72 234.22 210.51 188.80 169.18 151.66 136.17 122.60 110.81 100.63 91.88 84.39 78.00 72.54 67.84 63.87 60.56 51.51 49.34 41.66 34.61 22.59 0.00 0.00 0.00 0.00 
0.00 0.00 0.00 0.00 0.00 515.43 768.12 890.28 884.80 1003.99 997.38 990.25 1044.23 1036.48 1028.36 1019.91 1011.15 1002.11 992.80 983.25 973.45 963.41 953.14 942.64 931.90 920.92 909.68 898.19 886.43 874.38 862.04 849.39 836.41 823.07 809.37 795.27 780.75 765.78 750.34 734.38 717.89 700.81 683.11 664.75 645.68 625.87 605.27 583.83 561.52 538.30 514.16 489.09 463.13 436.34 408.85 380.83 352.52 324.23 296.32 269.19 243.21 218.73 196.05 175.33 156.69 140.11 125.55 112.86 101.90 92.50 84.47 77.64 71.87 67.02 59.30 55.85 53.02 44.41 42.62 35.31 22.91 5.68 0.00 0.00 0.00 0.00 
0.00 0.00 0.00 0.00 0.00 257.01 511.84 762.48 758.09 878.32 872.73 990.07 983.06 975.82 968.23 960.31 952.09 943.59 934.84 925.85 916.64 907.20 897.55 887.69 877.60 867.29 856.75 845.97 834.93 823.64 812.07 800.22 788.05 775.56 762.73 749.53 735.93 721.92 707.47 692.54 677.10 661.11 644.54 627.35 609.49 590.92 571.59 551.45 530.46 508.58 485.78 462.05 437.40 411.89 385.62 358.76 331.56 304.31 277.40 251.23 226.20 202.68 180.96 161.22 143.57 127.99 114.40 102.65 92.58 84.01 76.75 70.64 65.50 61.21 57.56 47.79 45.50 37.38 36.03 23.28 11.51 0.00 0.00 0.00 0.00 0.00 
0.00 0.00 0.00 0.00 0.00 0.00 127.61 507.79 631.26 752.64 748.16 743.01 860.18 854.08 847.52 840.63 833.44 826.01 818.36 810.50 802.45 794.20 785.77 777.15 768.35 759.35 750.15 740.75 731.13 721.29 711.21 700.88 690.28 679.41 668.23 656.74 644.91 632.72 620.15 607.16 593.73 579.82 565.41 550.45 534.90 518.72 501.87 484.30 465.96 446.81 426.81 405.94 384.19 361.61 338.27 314.33 290.00 265.57 241.40 217.89 195.43 174.38 155.03 137.55 122.02 108.42 96.65 86.57 78.01 70.78 64.71 59.65 55.46 52.05 42.05 39.87 38.18 30.60 23.86 0.00 0.00 0.00 0.00 0.00 0.00 0.00 
0.00 0.00 0.00 0.00 0.00 0.00 0.00 0.00 251.87 501.33 498.91 619.16 614.86 610.41 605.70 600.75 595.61 590.30 584.83 579.21 573.46 567.58 561.57 555.42 549.15 542.74 536.19 529.50 522.65 515.65 508.48 501.14 493.61 485.88 477.94 469.78 461.38 452.72 443.79 434.57 425.04 415.17 404.94 394.32 383.28 371.79 359.82 347.32 334.25 320.58 306.28 291.31 275.66 259.34 242.41 224.96 207.15 189.21 171.42 154.11 137.60 122.18 108.07 95.43 84.28 74.62 66.34 59.32 53.41 48.47 44.36 40.96 38.17 35.90 34.01 25.88 25.15 12.32 0.00 0.00 0.00 0.00 0.00 0.00 0.00 0.00 
0.00 0.00 0.00 0.00 0.00 0.00 0.00 0.00 0.00 0.00 0.00 0.00 122.31 121.75 120.95 120.03 119.03 117.99 116.90 115.78 114.64 113.46 112.26 111.03 109.77 108.49 107.17 105.83 104.46 103.05 101.61 100.14 98.62 97.07 95.48 93.83 92.15 90.40 88.61 86.75 84.84 82.85 80.79 78.65 76.43 74.12 71.71 69.20 66.58 63.84 60.98 57.99 54.89 51.66 48.32 44.91 41.43 37.95 34.50 31.15 27.94 24.94 22.17 19.66 17.43 15.47 13.78 12.33 11.11 10.07 9.22 8.53 7.99 7.66 0.00 0.00 0.00 0.00 0.00 0.00 0.00 0.00 0.00 0.00 0.00 0.00 
0.00 0.00 0.00 0.00 0.00 0.00 0.00 0.00 0.00 0.00 0.00 0.00 0.00 0.00 0.00 0.00 0.00 0.00 0.00 0.00 0.00 0.00 0.00 0.00 0.00 0.00 0.00 0.00 0.00 0.00 0.00 0.00 0.00 0.00 0.00 0.00 0.00 0.00 0.00 0.00 0.00 0.00 0.00 0.00 0.00 0.00 0.00 0.00 0.00 0.00 0.00 0.00 0.00 0.00 0.00 0.00 0.00 0.00 0.00 0.00 0.00 0.00 0.00 0.00 0.00 0.00 0.00 0.00 0.00 0.00 0.00 0.00 0.00 0.00 0.00 0.00 0.00 0.00 0.00 0.00 0.00 0.00 0.00 0.00 0.00 0.00 
0.00 0.00 0.00 0.00 0.00 0.00 0.00 0.00 0.00 0.00 0.00 0.00 0.00 0.00 0.00 0.00 0.00 0.00 0.00 0.00 0.00 0.00 0.00 0.00 0.00 0.00 0.00 0.00 0.00 0.00 0.00 0.00 0.00 0.00 0.00 0.00 0.00 0.00 0.00 0.00 0.00 0.00 0.00 0.00 0.00 0.00 0.00 0.00 0.00 0.00 0.00 0.00 0.00 0.00 0.00 0.00 0.00 0.00 0.00 0.00 0.00 0.00 0.00 0.00 0.00 0.00 0.00 0.00 0.00 0.00 0.00 0.00 0.00 0.00 0.00 0.00 0.00 0.00 0.00 0.00 0.00 0.00 0.00 0.00 0.00 0.00 
0.00 0.00 0.00 0.00 0.00 0.00 0.00 0.00 0.00 0.00 0.00 0.00 0.00 0.00 0.00 0.00 0.00 0.00 0.00 0.00 0.00 0.00 0.00 0.00 0.00 0.00 0.00 0.00 0.00 0.00 0.00 0.00 0.00 0.00 0.00 0.00 0.00 0.00 0.00 0.00 0.00 0.00 0.00 0.00 0.00 0.00 0.00 0.00 0.00 0.00 0.00 0.00 0.00 0.00 0.00 0.00 0.00 0.00 0.00 0.00 0.00 0.00 0.00 0.00 0.00 0.00 0.00 0.00 0.00 0.00 0.00 0.00 0.00 0.00 0.00 0.00 0.00 0.00 0.00 0.00 0.00 0.00 0.00 0.00 0.00 0.00 
