0.00 0.00 0.00 0.00 0.00 0.00 0.00 0.00 0.00 0.00 0.00 0.00 0.00 0.00 0.00 0.00 0.00 0.00 0.00 0.00 0.00 0.00 0.00 0.00 0.00 0.00 0.00 0.00 0.00 0.00 0.00 0.00 0.00 0.00 0.00 0.00 0.00 0.00 0.00 0.00 0.00 0.00 0.00 0.00 0.00 0.00 0.00 0.00 0.00 0.00 0.00 0.00 0.00 0.00 0.00 0.00 0.00 0.00 0.00 0.00 0.00 0.00 0.00 0.00 0.00 0.00 0.00 0.00 0.00 0.00 0.00 0.00 0.00 0.00 0.00 0.00 0.00 0.00 0.00 0.00 0.00 0.00 0.00 0.00 0.00 0.00 
0.00 0.00 0.00 0.00 0.00 0.00 0.00 0.00 0.00 0.00 0.00 0.00 0.00 0.00 0.00 0.00 0.00 0.00 0.00 0.00 0.00 0.00 0.00 0.00 0.00 0.00 0.00 0.00 0.00 0.00 0.00 0.00 0.00 0.00 0.00 0.00 0.00 0.00 0.00 0.00 0.00 0.00 0.00 0.00 0.00 0.00 0.00 0.00 0.00 0.00 0.00 0.00 0.00 0.00 0.00 0.00 0.00 0.00 0.00 0.00 0.00 0.00 0.00 0.00 0.00 0.00 0.00 0.00 0.00 0.00 0.00 0.00 0.00 0.00 0.00 0.00 0.00 0.00 0.00 0.00 0.00 0.00 0.00 0.00 0.00 0.00 
0.00 0.00 0.00 0.00 0.00 0.00 0.00 0.00 0.00 0.00 0.00 0.00 0.00 0.00 0.00 0.00 0.00 0.00 0.00 0.00 0.00 0.00 0.00 0.00 0.00 0.00 0.00 0.00 0.00 0.00 0.00 0.00 0.00 0.00 0.00 0.00 0.00 0.00 0.00 0.00 0.00 0.00 0.00 0.00 0.00 0.00 0.00 0.00 0.00 0.00 0.00 0.00 0.00 0.00 0.00 0.00 0.00 0.00 0.00 0.00 0.00 0.00 0.00 0.00 0.00 0.00 0.00 0.00 0.00 0.00 0.00 0.00 0.00 0.00 0.00 0.00 0.00 0.00 0.00 0.00 0.00 0.00 0.00 0.00 0.00 0.00 
0.00 0.00 0.00 0.00 0.00 0.00 0.00 0.00 272.52 537.26 529.52 647.48 634.15 619.35 603.69 587.50 570.92 554.07 536.99 519.75 502.36 484.86 467.27 449.60 431.89 414.14 396.39 378.67 361.00 343.41 325.96 308.68 291.64 274.88 258.47 242.47 226.96 212.00 197.65 183.97 171.01 158.81 147.39 136.78 126.98 117.97 109.73 102.25 95.47 89.37 83.89 78.99 74.62 70.74 67.29 64.24 61.55 59.18 57.10 55.28 53.68 52.29 51.09 50.05 49.15 48.39 47.74 47.20 46.75 46.38 46.09 45.86 45.69 45.56 45.49 36.36 36.36 18.19 0.00 0.00 0.00 0.00 0.00 0.00 0.00 0.00 
0.00 0.00 0.00 0.00 0.00 0.00 0.00 558.08 686.61 807.84 793.18 776.60 759.45 741.44 722.71 703.41 683.67 663.59 643.24 622.67 601.92 581.03 560.03 538.94 517.79 496.62 475.45 454.32 433.26 412.33 391.56 371.02 350.76 330.86 311.38 292.40 273.99 256.23 239.19 222.93 207.51 192.96 179.34 166.64 154.88 144.04 134.11 125.05 116.83 109.40 102.70 96.70 91.32 86.53 82.27 78.49 75.14 72.19 69.58 67.30 65.29 63.55 62.02 60.71 59.57 58.60 57.77 57.07 56.48 56.00 55.61 55.30 55.06 54.88 54.76 54.68 54.63 45.52 36.44 0.00 0.00 0.00 0.00 0.00 0.00 0.00 
0.00 0.00 0.00 0.00 0.00 290.95 573.97 841.10 825.94 942.98 924.47 1032.60 1010.19 986.42 961.66 936.13 910.01 883.41 856.42 829.14 801.60 773.87 745.98 717.98 689.91 661.81 633.71 605.68 577.76 550.01 522.50 495.30 468.49 442.16 416.39 391.29 366.94 343.45 320.90 299.37 278.94 259.65 241.54 224.65 208.97 194.49 181.20 169.05 158.00 147.98 138.94 130.81 123.52 117.00 111.20 106.03 101.45 97.40 93.83 90.69 87.93 85.51 83.41 81.58 80.01 78.65 77.49 76.51 75.69 75.01 74.45 74.01 73.66 73.39 73.20 63.96 63.88 54.75 54.75 36.56 18.32 0.00 0.00 0.00 0.00 0.00 
0.00 0.00 0.00 0.00 0.00 586.12 860.99 983.54 964.57 1077.83 1055.81 1032.41 1071.15 1045.98 1019.77 992.77 965.15 937.04 908.52 879.67 850.56 821.24 791.75 762.14 732.46 702.76 673.07 643.46 613.98 584.70 555.68 527.00 498.75 471.01 443.88 417.44 391.81 367.07 343.31 320.61 299.04 278.66 259.50 241.59 224.94 209.54 195.36 182.37 170.53 159.77 150.03 141.25 133.36 126.29 119.97 114.34 109.34 104.90 100.98 97.53 94.49 91.82 89.50 87.47 85.72 84.21 82.92 81.82 80.89 80.12 79.48 78.97 78.56 78.24 73.44 73.27 73.16 64.01 64.00 54.90 36.67 9.19 0.00 0.00 0.00 0.00 
0.00 0.00 0.00 0.00 601.83 882.03 1006.37 1124.87 1102.56 1212.43 1187.27 1160.93 1133.90 1106.55 1078.56 1049.91 1020.69 990.99 960.88 930.43 899.71 868.77 837.65 806.42 775.12 743.79 712.49 681.28 650.22 619.38 588.83 558.64 528.92 499.74 471.20 443.41 416.46 390.43 365.44 341.54 318.82 297.33 277.12 258.19 240.58 224.25 209.20 195.39 182.77 171.28 160.87 151.46 142.99 135.38 128.57 122.49 117.08 112.28 108.03 104.27 100.96 98.06 95.52 93.30 91.38 89.72 88.30 87.08 86.06 85.20 84.48 83.90 83.44 83.07 82.79 82.58 82.45 73.27 73.24 64.15 55.06 36.80 0.00 0.00 0.00 0.00 
0.00 0.00 0.00 307.85 754.71 885.27 1008.75 1126.52 1239.33 1213.33 1186.98 1288.10 1258.96 1228.69 1197.57 1165.72 1133.27 1100.31 1066.91 1033.15 999.08 964.77 930.28 895.66 860.95 826.23 791.54 756.96 722.54 688.37 654.53 621.10 588.19 555.88 524.28 493.51 463.67 434.85 407.17 380.70 355.52 331.70 309.27 288.26 268.69 250.55 233.81 218.43 204.36 191.54 179.91 169.40 159.91 151.40 143.76 136.94 130.87 125.47 120.68 116.45 112.72 109.44 106.58 104.07 101.90 100.02 98.40 97.03 95.86 94.88 94.06 93.40 92.86 92.44 92.12 82.78 82.62 82.52 73.38 64.26 55.16 46.05 18.48 0.00 0.00 0.00 
0.00 0.00 0.00 618.30 906.45 1033.22 1152.92 1266.89 1240.51 1346.74 1318.23 1288.43 1258.39 1227.73 1196.43 1164.53 1132.09 1099.18 1065.85 1032.18 998.21 964.01 929.62 895.11 860.53 825.93 791.37 756.93 722.66 688.65 654.97 621.71 588.97 556.84 525.42 494.83 465.15 436.50 408.96 382.61 357.54 333.80 311.43 290.46 270.91 252.75 235.97 220.54 206.40 193.50 181.78 171.16 161.57 152.94 145.20 138.27 132.09 126.59 121.71 117.39 113.58 110.22 107.28 104.71 102.48 100.54 98.88 97.45 96.24 95.22 94.37 93.67 93.11 92.66 92.31 92.04 91.86 82.66 82.60 73.49 64.40 55.31 36.98 0.00 0.00 0.00 
0.00 0.00 0.00 621.36 908.54 1034.59 1154.23 1267.92 1241.00 1347.09 1318.16 1288.29 1257.88 1226.96 1195.52 1163.57 1131.14 1098.26 1065.00 1031.39 997.51 963.39 929.09 894.67 860.19 825.69 791.24 756.90 722.75 688.86 655.31 622.18 589.58 557.59 526.31 495.85 466.30 437.77 410.34 384.09 359.11 335.43 313.11 292.16 272.61 254.44 237.64 222.17 207.97 195.01 183.21 172.52 162.85 154.14 146.31 139.30 133.04 127.46 122.51 118.12 114.24 110.83 107.83 105.21 102.93 100.95 99.24 97.78 96.53 95.48 94.61 93.88 93.29 92.82 92.46 92.18 91.98 82.76 82.70 73.58 64.47 55.36 37.02 0.00 0.00 0.00 
0.00 0.00 0.00 776.49 910.50 1180.19 1155.31 1268.56 1376.80 1347.71 1318.18 1288.03 1257.33 1226.27 1194.77 1162.81 1130.40 1097.56 1064.34 1030.80 996.97 962.92 928.69 894.34 859.93 825.50 791.13 756.88 722.81 689.01 655.55 622.52 590.01 558.12 526.94 496.57 467.12 438.67 411.32 385.14 360.21 336.57 314.28 293.36 273.81 255.63 238.81 223.31 209.08 196.07 184.22 173.47 163.74 154.97 147.09 140.02 133.70 128.07 123.07 118.63 114.71 111.25 108.21 105.56 103.24 101.23 99.50 98.01 96.74 95.67 94.77 94.03 93.42 92.94 92.56 92.27 92.06 91.93 82.76 73.64 73.67 55.40 46.27 0.00 0.00 0.00 
0.00 0.00 0.00 777.29 911.20 1180.39 1226.05 1268.88 1376.78 1347.72 1318.01 1287.66 1318.48 1286.54 1253.83 1220.47 1186.55 1152.14 1117.32 1082.13 1046.65 1010.92 975.01 938.96 902.84 866.71 830.64 794.68 758.92 723.44 688.31 653.63 619.50 586.01 553.27 521.39 490.46 460.59 431.86 404.37 378.18 353.36 329.95 307.98 287.45 268.36 250.70 234.41 219.47 205.81 193.37 182.08 171.87 162.67 154.39 146.97 140.34 134.43 129.18 124.52 120.41 116.78 113.59 110.80 108.37 106.27 104.45 102.89 101.56 100.43 99.49 98.72 98.08 97.58 92.61 92.31 92.10 91.96 82.79 73.67 73.70 64.60 46.29 0.00 0.00 0.00 
0.00 0.00 0.00 776.98 910.88 1180.02 1225.70 1268.53 1376.42 1347.36 1317.67 1287.32 1318.16 1286.23 1253.54 1220.20 1186.30 1151.92 1117.12 1081.96 1046.50 1010.80 974.90 938.87 902.77 866.65 830.59 794.65 758.90 723.43 688.31 653.64 619.52 586.04 553.31 521.43 490.51 460.64 431.92 404.43 378.25 353.43 330.02 308.05 287.52 268.43 250.76 234.48 219.53 205.87 193.42 182.13 171.92 162.71 154.43 147.01 140.37 134.46 129.20 124.54 120.42 116.79 113.61 110.82 108.38 106.27 104.45 102.89 101.56 100.44 99.50 98.72 98.08 97.58 92.61 92.31 92.10 91.96 82.79 73.66 73.69 64.60 46.28 0.00 0.00 0.00 
0.00 0.00 0.00 775.61 909.54 1179.12 1154.28 1267.50 1375.73 1346.65 1317.15 1287.03 1256.36 1225.35 1193.91 1162.01 1129.67 1096.91 1063.76 1030.29 996.53 962.54 928.37 894.07 859.71 825.33 791.00 756.78 722.75 688.98 655.55 622.56 590.07 558.21 527.05 496.71 467.27 438.84 411.50 385.33 360.41 336.78 314.49 293.57 274.02 255.83 239.00 223.49 209.25 196.23 184.37 173.61 163.87 155.09 147.20 140.12 133.79 128.15 123.14 118.69 114.76 111.30 108.25 105.59 103.27 101.26 99.52 98.03 96.75 95.68 94.78 94.03 93.43 92.94 92.55 92.26 92.05 91.92 82.75 73.63 73.66 55.39 46.26 0.00 0.00 0.00 
0.00 0.00 0.00 620.14 906.96 1032.95 1152.53 1266.16 1239.31 1345.33 1316.44 1286.62 1256.26 1225.42 1194.08 1162.24 1129.92 1097.17 1064.03 1030.55 996.77 962.76 928.56 894.23 859.82 825.40 791.02 756.75 722.66 688.82 655.32 622.25 589.69 557.74 526.50 496.08 466.57 438.06 410.65 384.43 359.45 335.78 313.46 292.52 272.96 254.78 237.97 222.48 208.27 195.29 183.47 172.75 163.07 154.34 146.49 139.47 133.19 127.60 122.63 118.22 114.33 110.91 107.90 105.27 102.98 100.99 99.28 97.81 96.56 95.50 94.62 93.89 93.30 92.82 92.45 92.17 91.97 82.75 82.68 73.56 64.45 55.34 37.00 0.00 0.00 0.00 
0.00 0.00 0.00 616.77 904.35 1030.98 1150.58 1264.46 1238.17 1344.31 1315.84 1286.08 1256.10 1225.55 1194.38 1162.65 1130.39 1097.65 1064.51 1031.00 997.19 963.14 928.89 894.50 860.03 825.53 791.07 756.71 722.53 688.59 654.99 621.80 589.12 557.06 525.70 495.15 465.52 436.91 409.40 383.08 358.03 334.30 311.94 290.97 271.40 253.23 236.43 220.98 206.82 193.89 182.14 171.49 161.88 153.22 145.46 138.50 132.30 126.78 121.88 117.54 113.71 110.34 107.38 104.80 102.55 100.60 98.93 97.49 96.27 95.25 94.39 93.68 93.11 92.65 92.30 92.03 91.84 82.64 82.58 73.47 64.38 55.28 36.96 0.00 0.00 0.00 
0.00 0.00 0.00 306.92 752.45 882.74 1006.05 1123.68 1236.36 1210.42 1184.11 1285.04 1255.97 1225.83 1194.89 1163.28 1131.08 1098.36 1065.20 1031.65 997.79 963.67 929.35 894.88 860.32 825.73 791.16 756.69 722.38 688.31 654.57 621.23 588.40 556.17 524.65 493.94 464.16 435.40 407.75 381.32 356.16 332.35 309.93 288.92 269.34 251.18 234.41 219.00 204.90 192.05 180.39 169.83 160.32 151.76 144.09 137.24 131.13 125.71 120.89 116.64 112.89 109.59 106.70 104.18 101.99 100.10 98.47 97.08 95.90 94.91 94.09 93.41 92.87 92.44 92.11 82.77 82.60 82.50 73.35 64.23 55.13 46.02 18.47 0.00 0.00 0.00 
0.00 0.00 0.00 0.00 599.68 879.01 1003.12 1121.49 1099.31 1208.91 1183.75 1157.37 1130.35 1103.15 1075.41 1047.06 1018.16 988.76 958.93 928.75 898.26 867.54 836.62 805.56 774.41 743.23 712.07 680.99 650.05 619.32 588.88 558.80 529.17 500.09 471.64 443.93 417.04 391.08 366.13 342.28 319.59 298.12 277.91 258.98 241.35 225.00 209.93 196.08 183.42 171.89 161.43 151.98 143.46 135.81 128.96 122.85 117.40 112.56 108.28 104.49 101.16 98.23 95.67 93.43 91.49 89.82 88.38 87.15 86.11 85.24 84.51 83.92 83.45 83.07 82.78 82.57 82.42 73.25 73.21 64.11 55.03 36.77 0.00 0.00 0.00 0.00 
0.00 0.00 0.00 0.00 0.00 583.50 857.56 980.06 961.25 1074.10 1051.98 1028.41 1066.87 1041.89 1016.04 989.45 962.24 934.50 906.33 877.79 848.95 819.87 790.60 761.19 731.69 702.14 672.61 643.14 613.80 584.65 555.75 527.20 499.06 471.43 444.40 418.06 392.51 367.84 344.14 321.49 299.96 279.59 260.44 242.53 225.86 210.43 196.22 183.19 171.30 160.48 150.69 141.86 133.91 126.79 120.43 114.75 109.71 105.23 101.28 97.79 94.72 92.02 89.67 87.63 85.85 84.32 83.01 81.89 80.95 80.17 79.52 78.99 78.57 78.24 73.44 73.26 73.14 63.98 63.96 54.87 36.64 9.18 0.00 0.00 0.00 0.00 
0.00 0.00 0.00 0.00 0.00 289.23 570.82 837.90 822.84 939.26 920.54 1027.80 1004.92 981.54 957.34 932.38 906.77 880.62 854.03 827.09 799.86 772.39 744.74 716.96 689.08 661.15 633.22 605.35 577.58 549.97 522.60 495.53 468.85 442.65 417.00 392.01 367.76 344.36 321.88 300.41 280.01 260.74 242.65 225.75 210.04 195.54 182.20 170.00 158.89 148.81 139.71 131.52 124.16 117.59 111.72 106.51 101.88 97.78 94.16 90.98 88.19 85.74 83.61 81.76 80.16 78.78 77.60 76.60 75.76 75.07 74.50 74.04 73.68 73.40 73.19 63.95 63.86 54.72 54.72 36.54 18.31 0.00 0.00 0.00 0.00 0.00 
0.00 0.00 0.00 0.00 0.00 0.00 141.48 556.75 684.06 804.37 789.40 772.38 879.31 859.58 838.66 816.87 794.44 771.51 748.18 724.53 700.62 676.51 652.22 627.82 603.33 578.79 554.24 529.72 505.29 480.99 456.88 433.03 409.51 386.39 363.76 341.71 320.31 299.66 279.83 260.90 242.94 225.99 210.09 195.26 181.51 168.83 157.20 146.59 136.94 128.22 120.35 113.29 106.98 101.34 96.32 91.87 87.93 84.44 81.38 78.68 76.32 74.26 72.47 70.91 69.57 68.42 67.44 66.61 65.92 65.35 64.88 64.51 64.23 64.02 54.75 54.66 54.60 45.49 36.41 0.00 0.00 0.00 0.00 0.00 0.00 0.00 
0.00 0.00 0.00 0.00 0.00 0.00 0.00 0.00 271.44 534.77 526.75 643.61 629.57 615.14 600.06 584.41 568.31 551.85 535.12 518.16 501.02 483.73 466.32 448.82 431.25 413.65 396.03 378.42 360.87 343.40 326.06 308.90 291.96 275.31 259.00 243.10 227.67 212.78 198.49 184.86 171.93 159.75 148.34 137.72 127.89 118.85 110.58 103.05 96.22 90.06 84.53 79.57 75.15 71.21 67.72 64.63 61.89 59.49 57.37 55.51 53.89 52.48 51.25 50.19 49.28 48.49 47.83 47.27 46.81 46.43 46.12 45.88 45.70 45.57 45.48 36.34 36.34 18.18 0.00 0.00 0.00 0.00 0.00 0.00 0.00 0.00 
0.00 0.00 0.00 0.00 0.00 0.00 0.00 0.00 0.00 0.00 0.00 0.00 123.73 121.93 119.39 116.48 113.38 110.16 106.85 103.49 100.08 96.64 93.17 89.69 86.19 82.68 79.17 75.67 72.18 68.71 65.26 61.85 58.49 55.19 51.95 48.80 45.75 42.79 39.96 37.25 34.69 32.26 29.99 27.87 25.90 24.09 22.43 20.91 19.53 18.28 17.16 16.15 15.25 14.44 13.73 13.09 12.53 12.04 11.60 11.22 10.88 10.59 10.33 10.11 9.92 9.76 9.62 9.50 9.41 9.33 9.26 9.21 9.17 9.15 0.00 0.00 0.00 0.00 0.00 0.00 0.00 0.00 0.00 0.00 0.00 0.00 
0.00 0.00 0.00 0.00 0.00 0.00 0.00 0.00 0.00 0.00 0.00 0.00 0.00 0.00 0.00 0.00 0.00 0.00 0.00 0.00 0.00 0.00 0.00 0.00 0.00 0.00 0.00 0.00 0.00 0.00 0.00 0.00 0.00 0.00 0.00 0.00 0.00 0.00 0.00 0.00 0.00 0.00 0.00 0.00 0.00 0.00 0.00 0.00 0.00 0.00 0.00 0.00 0.00 0.00 0.00 0.00 0.00 0.00 0.00 0.00 0.00 0.00 0.00 0.00 0.00 0.00 0.00 0.00 0.00 0.00 0.00 0.00 0.00 0.00 0.00 0.00 0.00 0.00 0.00 0.00 0.00 0.00 0.00 0.00 0.00 0.00 
0.00 0.00 0.00 0.00 0.00 0.00 0.00 0.00 0.00 0.00 0.00 0.00 0.00 0.00 0.00 0.00 0.00 0.00 0.00 0.00 0.00 0.00 0.00 0.00 0.00 0.00 0.00 0.00 0.00 0.00 0.00 0.00 0.00 0.00 0.00 0.00 0.00 0.00 0.00 0.00 0.00 0.00 0.00 0.00 0.00 0.00 0.00 0.00 0.00 0.00 0.00 0.00 0.00 0.00 0.00 0.00 0.00 0.00 0.00 0.00 0.00 0.00 0.00 0.00 0.00 0.00 0.00 0.00 0.00 0.00 0.00 0.00 0.00 0.00 0.00 0.00 0.00 0.00 0.00 0.00 0.00 0.00 0.00 0.00 0.00 0.00 
0.00 0.00 0.00 0.00 0.00 0.00 0.00 0.00 0.00 0.00 0.00 0.00 0.00 0.00 0.00 0.00 0.00 0.00 0.00 0.00 0.00 0.00 0.00 0.00 0.00 0.00 0.00 0.00 0.00 0.00 0.00 0.00 0.00 0.00 0.00 0.00 0.00 0.00 0.00 0.00 0.00 0.00 0.00 0.00 0.00 0.00 0.00 0.00 0.00 0.00 0.00 0.00 0.00 0.00 0.00 0.00 0.00 0.00 0.00 0.00 0.00 0.00 0.00 0.00 0.00 0.00 0.00 0.00 0.00 0.00 0.00 0.00 0.00 0.00 0.00 0.00 0.00 0.00 0.00 0.00 0.00 0.00 0.00 0.00 0.00 0.00 
