0.00 0.00 0.00 0.00 0.00 0.00 0.00 0.00 0.00 0.00 0.00 0.00 0.00 0.00 0.00 0.00 0.00 0.00 0.00 0.00 0.00 0.00 0.00 0.00 0.00 0.00 0.00 0.00 0.00 0.00 0.00 0.00 0.00 0.00 0.00 0.00 0.00 0.00 0.00 0.00 0.00 0.00 0.00 0.00 0.00 0.00 0.00 0.00 0.00 0.00 0.00 0.00 0.00 0.00 0.00 0.00 0.00 0.00 0.00 0.00 0.00 0.00 0.00 0.00 0.00 0.00 0.00 0.00 0.00 0.00 0.00 0.00 0.00 0.00 0.00 0.00 0.00 0.00 0.00 0.00 0.00 0.00 0.00 0.00 0.00 0.00 
0.00 0.00 0.00 0.00 0.00 0.00 0.00 0.00 0.00 0.00 0.00 0.00 0.00 0.00 0.00 0.00 0.00 0.00 0.00 0.00 0.00 0.00 0.00 0.00 0.00 0.00 0.00 0.00 0.00 0.00 0.00 0.00 0.00 0.00 0.00 0.00 0.00 0.00 0.00 0.00 0.00 0.00 0.00 0.00 0.00 0.00 0.00 0.00 0.00 0.00 0.00 0.00 0.00 0.00 0.00 0.00 0.00 0.00 0.00 0.00 0.00 0.00 0.00 0.00 0.00 0.00 0.00 0.00 0.00 0.00 0.00 0.00 0.00 0.00 0.00 0.00 0.00 0.00 0.00 0.00 0.00 0.00 0.00 0.00 0.00 0.00 
0.00 0.00 0.00 0.00 0.00 0.00 0.00 0.00 0.00 0.00 0.00 0.00 0.00 0.00 0.00 0.00 0.00 0.00 0.00 0.00 0.00 0.00 0.00 0.00 0.00 0.00 0.00 0.00 0.00 0.00 0.00 0.00 0.00 0.00 0.00 0.00 0.00 0.00 0.00 0.00 0.00 0.00 0.00 0.00 0.00 0.00 0.00 0.00 0.00 0.00 0.00 0.00 0.00 0.00 0.00 0.00 0.00 0.00 0.00 0.00 0.00 0.00 0.00 0.00 0.00 0.00 0.00 0.00 0.00 0.00 0.00 0.00 0.00 0.00 0.00 0.00 0.00 0.00 0.00 0.00 0.00 0.00 0.00 0.00 0.00 0.00 
0.00 0.00 0.00 0.00 0.00 0.00 0.00 0.00 278.29 549.20 541.83 663.52 650.79 636.61 621.60 606.03 590.08 573.83 557.33 540.63 523.75 506.73 489.56 472.28 454.90 437.42 419.87 402.27 384.63 366.99 349.38 331.83 314.40 297.12 280.07 263.30 246.89 230.92 215.46 200.58 186.36 172.87 160.14 148.23 137.16 126.93 117.54 108.98 101.21 94.21 87.91 82.28 77.26 72.80 68.86 65.37 62.30 59.60 57.24 55.17 53.37 51.80 50.44 49.26 48.25 47.39 46.66 46.05 45.53 45.11 44.77 44.50 44.29 44.14 44.04 35.18 35.17 17.60 0.00 0.00 0.00 0.00 0.00 0.00 0.00 0.00 
0.00 0.00 0.00 0.00 0.00 0.00 0.00 568.95 700.77 825.62 811.65 795.82 779.42 762.17 744.20 725.65 706.64 687.26 667.58 647.64 627.49 607.15 586.64 565.98 545.21 524.33 503.37 482.36 461.33 440.30 419.32 398.43 377.70 357.17 336.92 317.03 297.58 278.64 260.31 242.67 225.80 209.76 194.62 180.42 167.19 154.93 143.65 133.33 123.94 115.43 107.76 100.88 94.72 89.23 84.36 80.04 76.22 72.85 69.90 67.30 65.03 63.05 61.33 59.84 58.56 57.46 56.52 55.73 55.06 54.51 54.06 53.70 53.41 53.20 53.04 52.93 52.85 44.02 35.23 0.00 0.00 0.00 0.00 0.00 0.00 0.00 
0.00 0.00 0.00 0.00 0.00 295.73 583.98 857.17 842.78 963.64 946.00 1058.31 1036.87 1014.09 990.32 965.77 940.60 914.92 888.81 862.35 835.59 808.57 781.32 753.87 726.27 698.53 670.69 642.80 614.88 586.98 559.17 531.50 504.04 476.87 450.09 423.79 398.08 373.05 348.83 325.51 303.20 281.97 261.91 243.06 225.47 209.15 194.10 180.29 167.69 156.26 145.92 136.62 128.28 120.82 114.18 108.29 103.07 98.46 94.39 90.82 87.69 84.96 82.58 80.52 78.73 77.20 75.89 74.77 73.84 73.06 72.41 71.89 71.48 71.16 70.92 61.93 61.82 52.96 52.94 35.34 17.70 0.00 0.00 0.00 0.00 0.00 
0.00 0.00 0.00 0.00 0.00 595.43 875.96 1002.12 984.11 1101.39 1080.40 1058.05 1099.52 1075.39 1050.22 1024.24 997.62 970.46 942.85 914.86 886.55 857.95 829.11 800.07 770.86 741.51 712.07 682.57 653.07 623.60 594.24 565.05 536.10 507.48 479.27 451.59 424.53 398.20 372.71 348.17 324.67 302.29 281.12 261.20 242.58 225.26 209.25 194.54 181.07 168.82 157.71 147.69 138.67 130.60 123.38 116.96 111.26 106.21 101.76 97.83 94.38 91.36 88.73 86.44 84.45 82.74 81.28 80.03 78.97 78.09 77.35 76.75 76.27 75.89 71.18 70.97 70.82 61.93 61.89 53.08 35.44 8.88 0.00 0.00 0.00 0.00 
0.00 0.00 0.00 0.00 610.22 895.81 1023.70 1146.03 1124.84 1238.88 1214.91 1189.74 1163.88 1137.66 1110.77 1083.20 1055.03 1026.32 997.16 967.60 937.70 907.50 877.06 846.40 815.56 784.59 753.53 722.42 691.31 660.26 629.33 598.59 568.12 538.01 508.35 479.25 450.81 423.14 396.35 370.55 345.83 322.29 299.99 278.98 259.32 241.01 224.06 208.44 194.13 181.08 169.22 158.49 148.83 140.15 132.39 125.46 119.30 113.83 108.99 104.73 100.97 97.68 94.80 92.29 90.12 88.23 86.62 85.24 84.07 83.08 82.26 81.59 81.04 80.60 80.26 80.00 79.82 70.90 70.84 62.02 53.22 35.56 0.00 0.00 0.00 0.00 
0.00 0.00 0.00 311.62 765.04 898.83 1025.90 1147.53 1264.41 1239.68 1214.56 1320.16 1292.28 1263.25 1233.35 1202.70 1171.40 1139.53 1107.18 1074.39 1041.23 1007.74 973.97 939.97 905.78 871.44 837.00 802.51 768.03 733.62 699.34 665.29 631.55 598.21 565.37 533.16 501.67 471.05 441.40 412.83 385.46 359.38 334.67 311.38 289.56 269.23 250.39 233.02 217.09 202.54 189.31 177.33 166.53 156.82 148.12 140.35 133.43 127.28 121.84 117.04 112.80 109.09 105.84 103.00 100.54 98.41 96.57 95.01 93.67 92.55 91.62 90.84 90.21 89.71 89.32 80.22 80.00 79.86 70.98 62.14 53.31 44.50 17.85 0.00 0.00 0.00 
0.00 0.00 0.00 625.67 918.77 1048.99 1172.49 1290.53 1265.48 1376.07 1348.89 1320.42 1291.67 1262.27 1232.19 1201.47 1170.17 1138.35 1106.05 1073.33 1040.25 1006.85 973.17 939.26 905.17 870.93 836.60 802.23 767.87 733.60 699.48 665.59 632.02 598.86 566.21 534.18 502.90 472.46 442.99 414.59 387.37 361.42 336.81 313.60 291.83 271.53 252.69 235.29 219.30 204.68 191.37 179.29 168.38 158.56 149.74 141.85 134.82 128.56 123.01 118.10 113.77 109.97 106.63 103.72 101.19 98.99 97.10 95.48 94.10 92.93 91.95 91.14 90.48 89.95 89.52 89.20 88.96 80.00 79.91 71.07 62.25 53.44 35.73 0.00 0.00 0.00 
0.00 0.00 0.00 628.54 920.71 1050.25 1173.70 1291.47 1265.90 1376.36 1348.77 1320.24 1291.13 1261.48 1231.26 1200.49 1169.19 1137.39 1105.14 1072.48 1039.47 1006.13 972.53 938.70 904.68 870.53 836.28 802.01 767.76 733.60 699.59 665.83 632.39 599.37 566.87 534.99 503.85 473.56 444.22 415.96 388.85 363.00 338.47 315.32 293.59 273.30 254.46 237.04 221.01 206.34 192.96 180.80 169.81 159.90 150.99 143.01 135.89 129.55 123.91 118.93 114.53 110.65 107.25 104.28 101.69 99.45 97.51 95.85 94.43 93.22 92.21 91.38 90.69 90.13 89.69 89.34 89.09 80.12 80.01 71.15 62.32 53.50 35.76 0.00 0.00 0.00 
0.00 0.00 0.00 785.47 922.54 1198.22 1174.69 1292.05 1404.60 1376.91 1348.76 1319.96 1290.57 1260.77 1230.50 1199.72 1168.43 1136.66 1104.45 1071.84 1038.88 1005.60 972.05 938.28 904.32 870.23 836.05 801.85 767.67 733.59 699.67 666.00 632.66 599.73 567.34 535.56 504.53 474.34 445.10 416.92 389.90 364.11 339.63 316.53 294.82 274.55 255.70 238.26 222.21 207.50 194.07 181.86 170.81 160.84 151.87 143.83 136.64 130.24 124.55 119.51 115.05 111.13 107.68 104.67 102.04 99.76 97.79 96.10 94.65 93.43 92.40 91.54 90.83 90.26 89.80 89.44 89.17 88.99 80.07 71.22 71.22 53.54 44.71 0.00 0.00 0.00 
0.00 0.00 0.00 786.22 923.19 1198.39 1246.73 1292.34 1404.56 1376.91 1348.58 1319.59 1353.46 1322.82 1291.38 1259.25 1226.50 1193.22 1159.45 1125.25 1090.66 1055.75 1020.54 985.10 949.46 913.68 877.81 841.91 806.03 770.25 734.65 699.30 664.29 629.72 595.71 562.34 529.75 498.05 467.35 437.75 409.37 382.29 356.58 332.31 309.52 288.22 268.43 250.12 233.26 217.81 203.71 190.89 179.29 168.82 159.40 150.96 143.42 136.70 130.73 125.44 120.76 116.65 113.03 109.87 107.12 104.72 102.66 100.88 99.36 98.08 97.00 96.10 95.36 94.76 89.85 89.49 89.22 89.02 80.11 71.25 71.24 62.43 44.72 0.00 0.00 0.00 
0.00 0.00 0.00 785.93 922.89 1198.05 1246.41 1292.00 1404.22 1376.57 1348.26 1319.27 1353.16 1322.53 1291.11 1258.99 1226.27 1193.01 1159.26 1125.08 1090.52 1055.62 1020.44 985.01 949.39 913.62 877.76 841.87 806.01 770.24 734.64 699.30 664.30 629.75 595.74 562.38 529.80 498.10 467.41 437.82 409.44 382.36 356.66 332.39 309.59 288.30 268.50 250.19 233.32 217.87 203.77 190.95 179.34 168.86 159.45 151.00 143.45 136.73 130.76 125.46 120.78 116.67 113.05 109.89 107.13 104.73 102.67 100.89 99.37 98.08 97.00 96.10 95.36 94.76 89.85 89.49 89.21 89.02 80.10 71.24 71.24 62.43 44.72 0.00 0.00 0.00 
0.00 0.00 0.00 784.64 921.64 1197.21 1173.73 1291.05 1403.58 1375.91 1347.79 1319.01 1289.65 1259.90 1229.68 1198.96 1167.73 1136.03 1103.89 1071.35 1038.45 1005.23 971.73 938.00 904.09 870.04 835.90 801.73 767.59 733.54 699.66 666.01 632.70 599.80 567.43 535.68 504.67 474.50 445.28 417.12 390.10 364.32 339.85 316.75 295.05 274.76 255.91 238.47 222.40 207.68 194.24 182.02 170.96 160.97 151.99 143.94 136.74 130.33 124.63 119.58 115.11 111.18 107.73 104.71 102.08 99.79 97.82 96.12 94.67 93.44 92.41 91.54 90.83 90.26 89.79 89.44 89.17 88.98 80.06 71.21 71.20 53.53 44.70 0.00 0.00 0.00 
0.00 0.00 0.00 627.40 919.24 1048.71 1172.10 1289.81 1264.31 1374.70 1347.15 1318.66 1289.59 1260.01 1229.88 1199.22 1168.03 1136.34 1104.21 1071.66 1038.75 1005.51 972.00 938.24 904.30 870.22 836.04 801.82 767.63 733.52 699.57 665.85 632.46 599.49 567.03 535.19 504.09 473.83 444.53 416.28 389.20 363.36 338.84 315.69 293.96 273.67 254.81 237.38 221.34 206.65 193.25 181.08 170.06 160.13 151.20 143.20 136.06 129.70 124.05 119.05 114.63 110.74 107.33 104.35 101.75 99.50 97.55 95.88 94.45 93.25 92.23 91.39 90.69 90.13 89.68 89.33 89.07 80.10 79.99 71.14 62.30 53.48 35.75 0.00 0.00 0.00 
0.00 0.00 0.00 624.24 916.81 1046.89 1170.30 1288.24 1263.27 1373.76 1346.62 1318.19 1289.49 1260.19 1230.24 1199.67 1168.54 1136.88 1104.75 1072.19 1039.26 1005.99 972.43 938.64 904.64 870.50 836.26 801.97 767.70 733.50 699.45 665.63 632.12 599.02 566.44 534.47 503.24 472.85 443.42 415.06 387.87 361.94 337.34 314.14 292.37 272.05 253.20 235.78 219.77 205.13 191.78 179.68 168.73 158.88 150.03 142.12 135.05 128.77 123.20 118.27 113.92 110.10 106.75 103.82 101.27 99.06 97.16 95.53 94.14 92.96 91.98 91.16 90.49 89.95 89.52 89.19 88.94 79.99 79.89 71.04 62.23 53.42 35.71 0.00 0.00 0.00 
0.00 0.00 0.00 310.75 762.92 896.46 1023.36 1144.86 1261.61 1236.92 1211.84 1317.26 1289.43 1260.53 1230.80 1200.36 1169.29 1137.66 1105.52 1072.94 1039.97 1006.65 973.04 939.18 905.12 870.90 836.57 802.18 767.80 733.49 699.31 665.35 631.69 598.43 565.67 533.53 502.12 471.56 441.96 413.45 386.11 360.06 335.36 312.08 290.26 269.92 251.06 233.67 217.70 203.12 189.85 177.83 166.99 157.24 148.50 140.69 133.74 127.56 122.09 117.25 112.99 109.26 105.98 103.13 100.65 98.50 96.65 95.07 93.73 92.59 91.65 90.86 90.23 89.72 89.32 80.20 79.99 79.84 70.95 62.11 53.28 44.47 17.84 0.00 0.00 0.00 
0.00 0.00 0.00 0.00 608.20 892.98 1020.64 1142.84 1121.77 1235.56 1211.56 1186.37 1160.51 1134.43 1107.77 1080.48 1052.59 1024.17 995.28 965.96 936.28 906.28 876.01 845.51 814.83 783.99 753.05 722.06 691.06 660.12 629.29 598.65 568.29 538.27 508.71 479.69 451.34 423.74 397.02 371.28 346.61 323.09 300.81 279.82 260.15 241.83 224.86 209.21 194.86 181.76 169.86 159.09 149.38 140.65 132.84 125.87 119.66 114.16 109.28 104.98 101.20 97.88 94.97 92.44 90.24 88.34 86.71 85.31 84.13 83.13 82.30 81.61 81.06 80.61 80.25 79.99 79.80 70.88 70.81 61.99 53.19 35.53 0.00 0.00 0.00 0.00 
0.00 0.00 0.00 0.00 0.00 592.98 872.74 998.85 980.98 1097.86 1076.76 1054.25 1095.45 1071.50 1046.66 1021.07 994.83 968.02 940.73 913.03 884.96 856.59 827.95 799.08 770.03 740.84 711.53 682.17 652.79 623.45 594.21 565.13 536.30 507.79 479.69 452.12 425.16 398.92 373.51 349.04 325.59 303.26 282.11 262.20 243.57 226.24 210.20 195.45 181.94 169.63 158.47 148.39 139.31 131.18 123.91 117.44 111.69 106.59 102.09 98.13 94.64 91.59 88.93 86.61 84.60 82.87 81.38 80.12 79.04 78.14 77.40 76.79 76.29 75.90 71.18 70.95 70.80 61.90 61.85 53.04 35.41 8.87 0.00 0.00 0.00 0.00 
0.00 0.00 0.00 0.00 0.00 294.11 581.01 854.16 839.85 960.12 942.27 1053.75 1031.85 1009.44 986.20 962.18 937.49 912.23 886.50 860.36 833.88 807.10 780.06 752.81 725.38 697.80 670.12 642.36 614.58 586.82 559.14 531.60 504.27 477.23 450.58 424.40 398.81 373.89 349.76 326.53 304.28 283.10 263.07 244.24 226.64 210.30 195.21 181.36 168.70 157.20 146.80 137.43 129.02 121.50 114.79 108.84 103.56 98.89 94.78 91.16 87.99 85.22 82.81 80.71 78.90 77.34 76.01 74.88 73.92 73.12 72.47 71.93 71.51 71.17 70.91 61.92 61.80 52.93 52.91 35.32 17.69 0.00 0.00 0.00 0.00 0.00 
0.00 0.00 0.00 0.00 0.00 0.00 144.10 567.70 698.36 822.33 808.06 791.81 902.93 884.03 863.94 842.99 821.37 799.23 776.66 753.73 730.49 706.99 683.27 659.35 635.28 611.06 586.75 562.36 537.94 513.52 489.16 464.91 440.83 416.99 393.48 370.37 347.77 325.76 304.45 283.94 264.30 245.63 227.98 211.41 195.96 181.63 168.44 156.35 145.34 135.35 126.35 118.26 111.01 104.56 98.82 93.73 89.23 85.26 81.78 78.72 76.04 73.71 71.68 69.92 68.40 67.10 65.99 65.06 64.27 63.61 63.08 62.65 62.31 62.06 53.04 52.91 52.83 44.00 35.21 0.00 0.00 0.00 0.00 0.00 0.00 0.00 
0.00 0.00 0.00 0.00 0.00 0.00 0.00 0.00 277.27 546.84 539.20 659.85 646.42 632.60 618.12 603.08 587.57 571.69 555.51 539.08 522.43 505.59 488.60 471.47 454.21 436.86 419.42 401.93 384.41 366.87 349.37 331.93 314.60 297.43 280.49 263.83 247.52 231.64 216.26 201.46 187.30 173.84 161.14 149.24 138.16 127.91 118.49 109.88 102.06 95.00 88.64 82.95 77.87 73.36 69.36 65.82 62.70 59.96 57.55 55.44 53.61 52.01 50.62 49.42 48.39 47.51 46.76 46.13 45.60 45.17 44.81 44.53 44.32 44.16 44.04 35.17 35.15 17.58 0.00 0.00 0.00 0.00 0.00 0.00 0.00 0.00 
0.00 0.00 0.00 0.00 0.00 0.00 0.00 0.00 0.00 0.00 0.00 0.00 127.19 125.46 123.02 120.22 117.23 114.12 110.92 107.66 104.35 101.00 97.61 94.19 90.75 87.30 83.82 80.34 76.85 73.36 69.88 66.41 62.97 59.56 56.20 52.90 49.67 46.53 43.48 40.55 37.74 35.07 32.55 30.18 27.97 25.92 24.04 22.31 20.73 19.30 18.02 16.86 15.82 14.90 14.08 13.36 12.72 12.15 11.65 11.22 10.84 10.51 10.22 9.97 9.75 9.57 9.41 9.28 9.17 9.08 9.00 8.94 8.90 8.87 0.00 0.00 0.00 0.00 0.00 0.00 0.00 0.00 0.00 0.00 0.00 0.00 
0.00 0.00 0.00 0.00 0.00 0.00 0.00 0.00 0.00 0.00 0.00 0.00 0.00 0.00 0.00 0.00 0.00 0.00 0.00 0.00 0.00 0.00 0.00 0.00 0.00 0.00 0.00 0.00 0.00 0.00 0.00 0.00 0.00 0.00 0.00 0.00 0.00 0.00 0.00 0.00 0.00 0.00 0.00 0.00 0.00 0.00 0.00 0.00 0.00 0.00 0.00 0.00 0.00 0.00 0.00 0.00 0.00 0.00 0.00 0.00 0.00 0.00 0.00 0.00 0.00 0.00 0.00 0.00 0.00 0.00 0.00 0.00 0.00 0.00 0.00 0.00 0.00 0.00 0.00 0.00 0.00 0.00 0.00 0.00 0.00 0.00 
0.00 0.00 0.00 0.00 0.00 0.00 0.00 0.00 0.00 0.00 0.00 0.00 0.00 0.00 0.00 0.00 0.00 0.00 0.00 0.00 0.00 0.00 0.00 0.00 0.00 0.00 0.00 0.00 0.00 0.00 0.00 0.00 0.00 0.00 0.00 0.00 0.00 0.00 0.00 0.00 0.00 0.00 0.00 0.00 0.00 0.00 0.00 0.00 0.00 0.00 0.00 0.00 0.00 0.00 0.00 0.00 0.00 0.00 0.00 0.00 0.00 0.00 0.00 0.00 0.00 0.00 0.00 0.00 0.00 0.00 0.00 0.00 0.00 0.00 0.00 0.00 0.00 0.00 0.00 0.00 0.00 0.00 0.00 0.00 0.00 0.00 
0.00 0.00 0.00 0.00 0.00 0.00 0.00 0.00 0.00 0.00 0.00 0.00 0.00 0.00 0.00 0.00 0.00 0.00 0.00 0.00 0.00 0.00 0.00 0.00 0.00 0.00 0.00 0.00 0.00 0.00 0.00 0.00 0.00 0.00 0.00 0.00 0.00 0.00 0.00 0.00 0.00 0.00 0.00 0.00 0.00 0.00 0.00 0.00 0.00 0.00 0.00 0.00 0.00 0.00 0.00 0.00 0.00 0.00 0.00 0.00 0.00 0.00 0.00 0.00 0.00 0.00 0.00 0.00 0.00 0.00 0.00 0.00 0.00 0.00 0.00 0.00 0.00 0.00 0.00 0.00 0.00 0.00 0.00 0.00 0.00 0.00 
