0.00 0.00 0.00 0.00 0.00 0.00 0.00 0.00 0.00 0.00 0.00 0.00 0.00 0.00 0.00 0.00 0.00 0.00 0.00 0.00 0.00 0.00 0.00 0.00 0.00 0.00 0.00 0.00 0.00 0.00 0.00 0.00 0.00 0.00 0.00 0.00 0.00 0.00 0.00 0.00 0.00 0.00 0.00 0.00 0.00 0.00 0.00 0.00 0.00 0.00 0.00 0.00 0.00 0.00 0.00 0.00 0.00 0.00 0.00 0.00 0.00 0.00 0.00 0.00 0.00 0.00 0.00 0.00 0.00 0.00 0.00 0.00 0.00 0.00 0.00 0.00 0.00 0.00 0.00 0.00 0.00 0.00 0.00 0.00 0.00 0.00 
0.00 0.00 0.00 0.00 0.00 0.00 0.00 0.00 0.00 0.00 0.00 0.00 0.00 0.00 0.00 0.00 0.00 0.00 0.00 0.00 0.00 0.00 0.00 0.00 0.00 0.00 0.00 0.00 0.00 0.00 0.00 0.00 0.00 0.00 0.00 0.00 0.00 0.00 0.00 0.00 0.00 0.00 0.00 0.00 0.00 0.00 0.00 0.00 0.00 0.00 0.00 0.00 0.00 0.00 0.00 0.00 0.00 0.00 0.00 0.00 0.00 0.00 0.00 0.00 0.00 0.00 0.00 0.00 0.00 0.00 0.00 0.00 0.00 0.00 0.00 0.00 0.00 0.00 0.00 0.00 0.00 0.00 0.00 0.00 0.00 0.00 
0.00 0.00 0.00 0.00 0.00 0.00 0.00 0.00 0.00 0.00 0.00 0.00 0.00 0.00 0.00 0.00 0.00 0.00 0.00 0.00 0.00 0.00 0.00 0.00 0.00 0.00 0.00 0.00 0.00 0.00 0.00 0.00 0.00 0.00 0.00 0.00 0.00 0.00 0.00 0.00 0.00 0.00 0.00 0.00 0.00 0.00 0.00 0.00 0.00 0.00 0.00 0.00 0.00 0.00 0.00 0.00 0.00 0.00 0.00 0.00 0.00 0.00 0.00 0.00 0.00 0.00 0.00 0.00 0.00 0.00 0.00 0.00 0.00 0.00 0.00 0.00 0.00 0.00 0.00 0.00 0.00 0.00 0.00 0.00 0.00 0.00 
0.00 0.00 0.00 0.00 0.00 0.00 0.00 0.00 0.66 3.33 4.37 5.01 5.22 5.23 5.25 5.27 5.30 5.32 5.35 5.37 5.39 5.41 5.43 5.44 5.45 5.45 5.44 5.44 5.42 5.40 5.38 5.35 5.31 5.27 5.22 5.16 5.11 5.04 4.97 4.90 4.82 4.74 4.65 4.57 4.48 4.39 4.29 4.20 4.11 4.02 3.93 3.85 3.76 3.68 3.61 3.54 3.47 3.41 3.35 3.30 3.26 3.22 3.19 3.17 3.15 3.15 3.17 3.19 3.24 3.30 3.40 3.53 3.69 3.90 4.01 3.74 3.10 0.70 0.00 0.00 0.00 0.00 0.00 0.00 0.00 0.00 
0.00 0.00 0.00 0.00 0.00 0.00 0.00 3.33 4.97 3.62 3.08 2.86 2.79 2.76 2.77 2.78 2.79 2.80 2.81 2.83 2.84 2.85 2.85 2.86 2.87 2.87 2.87 2.87 2.86 2.86 2.85 2.84 2.82 2.81 2.79 2.77 2.74 2.72 2.69 2.66 2.63 2.60 2.56 2.53 2.49 2.46 2.42 2.38 2.34 2.31 2.27 2.24 2.21 2.17 2.14 2.11 2.09 2.06 2.04 2.02 2.01 1.99 1.98 1.97 1.97 1.97 1.98 1.99 2.02 2.05 2.09 2.15 2.22 2.34 2.50 2.82 3.46 4.98 3.64 0.00 0.00 0.00 0.00 0.00 0.00 0.00 
0.00 0.00 0.00 0.00 0.00 0.41 4.65 4.06 3.00 2.77 2.61 2.66 2.59 2.57 2.58 2.59 2.60 2.61 2.62 2.63 2.64 2.64 2.65 2.66 2.66 2.67 2.67 2.67 2.67 2.66 2.66 2.65 2.64 2.63 2.62 2.61 2.59 2.57 2.55 2.53 2.51 2.49 2.46 2.44 2.41 2.39 2.36 2.34 2.31 2.28 2.26 2.23 2.21 2.19 2.17 2.15 2.13 2.11 2.10 2.08 2.07 2.07 2.06 2.06 2.06 2.06 2.07 2.08 2.10 2.13 2.16 2.21 2.26 2.35 2.49 2.50 2.77 3.14 4.52 5.81 0.55 0.00 0.00 0.00 0.00 0.00 
0.00 0.00 0.00 0.00 0.00 4.74 3.74 2.96 2.63 2.55 2.48 2.43 2.44 2.42 2.43 2.44 2.45 2.46 2.46 2.47 2.48 2.49 2.50 2.50 2.51 2.51 2.52 2.52 2.52 2.51 2.51 2.51 2.50 2.49 2.48 2.47 2.46 2.44 2.43 2.41 2.39 2.37 2.35 2.33 2.31 2.29 2.27 2.25 2.23 2.21 2.18 2.16 2.15 2.13 2.11 2.09 2.08 2.07 2.05 2.04 2.04 2.03 2.03 2.02 2.03 2.03 2.04 2.05 2.07 2.09 2.12 2.16 2.21 2.29 2.32 2.46 2.63 2.84 3.38 4.64 6.67 0.16 0.00 0.00 0.00 0.00 
0.00 0.00 0.00 0.00 3.59 4.21 3.00 2.73 2.52 2.51 2.44 2.43 2.42 2.40 2.41 2.41 2.42 2.43 2.44 2.45 2.46 2.46 2.47 2.48 2.48 2.49 2.49 2.49 2.49 2.49 2.49 2.48 2.48 2.47 2.46 2.45 2.44 2.43 2.42 2.40 2.38 2.37 2.35 2.33 2.31 2.29 2.27 2.25 2.24 2.22 2.20 2.18 2.16 2.15 2.13 2.12 2.10 2.09 2.08 2.07 2.07 2.06 2.06 2.06 2.06 2.06 2.07 2.08 2.10 2.12 2.15 2.19 2.24 2.31 2.39 2.49 2.65 2.76 3.16 3.73 5.92 5.75 0.00 0.00 0.00 0.00 
0.00 0.00 0.00 0.72 5.41 3.13 2.68 2.53 2.48 2.43 2.35 2.42 2.41 2.42 2.42 2.43 2.44 2.45 2.46 2.47 2.47 2.48 2.49 2.50 2.50 2.51 2.51 2.51 2.51 2.51 2.51 2.51 2.50 2.50 2.49 2.48 2.47 2.46 2.45 2.44 2.43 2.41 2.40 2.38 2.37 2.35 2.33 2.32 2.30 2.28 2.27 2.25 2.24 2.23 2.21 2.20 2.19 2.18 2.17 2.17 2.16 2.16 2.16 2.16 2.16 2.16 2.17 2.18 2.20 2.22 2.25 2.29 2.33 2.38 2.45 2.42 2.58 2.76 2.93 3.33 4.36 8.87 1.23 0.00 0.00 0.00 
0.00 0.00 0.00 3.80 3.93 2.90 2.61 2.54 2.44 2.46 2.42 2.40 2.37 2.37 2.38 2.38 2.39 2.40 2.41 2.42 2.42 2.43 2.44 2.45 2.45 2.46 2.46 2.46 2.46 2.46 2.46 2.46 2.46 2.45 2.44 2.44 2.43 2.42 2.41 2.40 2.38 2.37 2.36 2.34 2.33 2.31 2.30 2.28 2.27 2.25 2.24 2.22 2.21 2.20 2.18 2.17 2.16 2.15 2.15 2.14 2.14 2.13 2.13 2.13 2.13 2.14 2.15 2.16 2.18 2.20 2.22 2.26 2.30 2.36 2.44 2.53 2.66 2.72 2.97 3.27 4.02 6.33 7.25 0.00 0.00 0.00 
0.00 0.00 0.00 5.06 3.34 2.73 2.54 2.47 2.37 2.42 2.37 2.35 2.34 2.34 2.35 2.35 2.36 2.37 2.38 2.39 2.39 2.40 2.41 2.41 2.42 2.42 2.43 2.43 2.43 2.43 2.43 2.43 2.43 2.42 2.41 2.41 2.40 2.39 2.38 2.37 2.36 2.34 2.33 2.32 2.30 2.29 2.27 2.26 2.24 2.23 2.22 2.20 2.19 2.18 2.17 2.15 2.15 2.14 2.13 2.12 2.12 2.12 2.12 2.12 2.12 2.12 2.13 2.14 2.16 2.18 2.21 2.24 2.28 2.34 2.41 2.50 2.62 2.65 2.89 3.18 3.77 5.31 9.90 0.00 0.00 0.00 
0.00 0.00 0.00 5.82 3.11 2.77 2.50 2.46 2.43 2.40 2.35 2.32 2.32 2.32 2.33 2.33 2.34 2.35 2.36 2.37 2.37 2.38 2.39 2.40 2.40 2.40 2.41 2.41 2.41 2.41 2.41 2.41 2.41 2.40 2.40 2.39 2.38 2.37 2.36 2.35 2.34 2.33 2.31 2.30 2.29 2.27 2.26 2.24 2.23 2.22 2.20 2.19 2.18 2.16 2.15 2.14 2.13 2.13 2.12 2.11 2.11 2.11 2.11 2.11 2.11 2.11 2.12 2.13 2.15 2.17 2.19 2.23 2.27 2.32 2.39 2.49 2.62 2.75 2.87 3.17 3.80 4.96 11.40 0.00 0.00 0.00 
0.00 0.00 0.00 6.07 3.03 2.70 2.51 2.45 2.42 2.37 2.34 2.31 2.36 2.32 2.33 2.33 2.34 2.35 2.36 2.37 2.37 2.38 2.39 2.39 2.40 2.40 2.41 2.41 2.41 2.41 2.41 2.41 2.41 2.41 2.40 2.40 2.39 2.38 2.37 2.36 2.35 2.34 2.33 2.32 2.31 2.29 2.28 2.27 2.26 2.24 2.23 2.22 2.21 2.20 2.19 2.18 2.17 2.17 2.16 2.16 2.15 2.15 2.15 2.15 2.15 2.16 2.17 2.18 2.19 2.21 2.24 2.27 2.31 2.39 2.39 2.48 2.60 2.73 2.85 3.12 3.74 4.95 11.91 0.00 0.00 0.00 
0.00 0.00 0.00 6.07 3.03 2.70 2.51 2.45 2.42 2.37 2.34 2.31 2.36 2.32 2.33 2.33 2.34 2.35 2.36 2.37 2.37 2.38 2.39 2.39 2.40 2.40 2.41 2.41 2.41 2.41 2.41 2.41 2.41 2.41 2.40 2.40 2.39 2.38 2.37 2.36 2.35 2.34 2.33 2.32 2.31 2.29 2.28 2.27 2.26 2.24 2.23 2.22 2.21 2.20 2.19 2.18 2.17 2.17 2.16 2.16 2.15 2.15 2.15 2.15 2.15 2.16 2.17 2.18 2.19 2.21 2.24 2.27 2.31 2.39 2.39 2.48 2.60 2.73 2.85 3.12 3.73 4.95 11.87 0.00 0.00 0.00 
0.00 0.00 0.00 5.81 3.11 2.77 2.50 2.46 2.43 2.40 2.35 2.33 2.32 2.32 2.33 2.33 2.34 2.35 2.36 2.37 2.38 2.38 2.39 2.40 2.40 2.41 2.41 2.41 2.41 2.41 2.41 2.41 2.41 2.40 2.40 2.39 2.38 2.37 2.36 2.35 2.34 2.33 2.32 2.30 2.29 2.27 2.26 2.24 2.23 2.22 2.20 2.19 2.18 2.16 2.15 2.14 2.13 2.13 2.12 2.11 2.11 2.11 2.11 2.11 2.11 2.11 2.12 2.13 2.15 2.17 2.20 2.23 2.27 2.32 2.39 2.49 2.62 2.75 2.86 3.16 3.79 4.94 11.31 0.00 0.00 0.00 
0.00 0.00 0.00 5.05 3.33 2.73 2.54 2.47 2.37 2.42 2.37 2.35 2.34 2.34 2.35 2.35 2.36 2.37 2.38 2.39 2.40 2.40 2.41 2.42 2.42 2.43 2.43 2.43 2.43 2.43 2.43 2.43 2.43 2.42 2.42 2.41 2.40 2.39 2.38 2.37 2.36 2.35 2.33 2.32 2.30 2.29 2.27 2.26 2.24 2.23 2.22 2.20 2.19 2.18 2.17 2.16 2.15 2.14 2.13 2.13 2.12 2.12 2.12 2.12 2.12 2.13 2.13 2.14 2.16 2.18 2.21 2.24 2.28 2.34 2.41 2.50 2.62 2.65 2.88 3.17 3.74 5.26 9.76 0.00 0.00 0.00 
0.00 0.00 0.00 3.79 3.92 2.90 2.61 2.54 2.44 2.46 2.42 2.40 2.37 2.37 2.38 2.39 2.39 2.40 2.41 2.42 2.43 2.44 2.44 2.45 2.45 2.46 2.46 2.46 2.46 2.46 2.46 2.46 2.46 2.45 2.45 2.44 2.43 2.42 2.41 2.40 2.39 2.37 2.36 2.34 2.33 2.31 2.30 2.28 2.27 2.25 2.24 2.22 2.21 2.20 2.19 2.17 2.16 2.16 2.15 2.14 2.14 2.13 2.13 2.13 2.14 2.14 2.15 2.16 2.18 2.20 2.22 2.26 2.30 2.36 2.44 2.53 2.66 2.71 2.96 3.25 3.99 6.25 7.12 0.00 0.00 0.00 
0.00 0.00 0.00 0.71 5.40 3.13 2.68 2.53 2.49 2.43 2.35 2.42 2.41 2.42 2.43 2.43 2.44 2.45 2.46 2.47 2.48 2.49 2.49 2.50 2.50 2.51 2.51 2.51 2.51 2.51 2.51 2.51 2.51 2.50 2.49 2.49 2.48 2.47 2.45 2.44 2.43 2.41 2.40 2.38 2.37 2.35 2.34 2.32 2.30 2.29 2.27 2.26 2.24 2.23 2.22 2.20 2.19 2.18 2.18 2.17 2.16 2.16 2.16 2.16 2.16 2.17 2.17 2.19 2.20 2.22 2.25 2.29 2.33 2.38 2.45 2.42 2.58 2.75 2.91 3.31 4.30 8.71 1.21 0.00 0.00 0.00 
0.00 0.00 0.00 0.00 3.57 4.21 3.00 2.73 2.52 2.51 2.44 2.43 2.42 2.40 2.41 2.42 2.43 2.44 2.44 2.45 2.46 2.47 2.48 2.48 2.49 2.49 2.49 2.50 2.50 2.49 2.49 2.49 2.48 2.47 2.47 2.46 2.45 2.43 2.42 2.40 2.39 2.37 2.35 2.33 2.32 2.30 2.28 2.26 2.24 2.22 2.20 2.18 2.17 2.15 2.13 2.12 2.11 2.09 2.08 2.08 2.07 2.06 2.06 2.06 2.06 2.07 2.07 2.09 2.10 2.12 2.15 2.19 2.24 2.31 2.39 2.48 2.64 2.75 3.14 3.69 5.82 5.63 0.00 0.00 0.00 0.00 
0.00 0.00 0.00 0.00 0.00 4.73 3.74 2.96 2.63 2.55 2.48 2.44 2.45 2.43 2.44 2.44 2.45 2.46 2.47 2.48 2.49 2.50 2.50 2.51 2.52 2.52 2.52 2.52 2.52 2.52 2.52 2.51 2.50 2.50 2.49 2.47 2.46 2.45 2.43 2.42 2.40 2.38 2.36 2.34 2.32 2.30 2.27 2.25 2.23 2.21 2.19 2.17 2.15 2.13 2.11 2.10 2.08 2.07 2.06 2.05 2.04 2.03 2.03 2.03 2.03 2.03 2.04 2.05 2.07 2.09 2.12 2.16 2.21 2.28 2.32 2.45 2.62 2.82 3.34 4.57 6.53 0.16 0.00 0.00 0.00 0.00 
0.00 0.00 0.00 0.00 0.00 0.41 4.65 4.06 3.01 2.78 2.61 2.66 2.60 2.58 2.59 2.60 2.61 2.62 2.63 2.64 2.65 2.65 2.66 2.67 2.67 2.68 2.68 2.68 2.68 2.67 2.67 2.66 2.65 2.64 2.63 2.61 2.60 2.58 2.56 2.54 2.52 2.50 2.47 2.45 2.42 2.39 2.37 2.34 2.32 2.29 2.26 2.24 2.22 2.19 2.17 2.15 2.13 2.12 2.10 2.09 2.08 2.07 2.07 2.06 2.06 2.07 2.07 2.09 2.10 2.13 2.16 2.21 2.26 2.34 2.47 2.48 2.75 3.11 4.45 5.69 0.54 0.00 0.00 0.00 0.00 0.00 
0.00 0.00 0.00 0.00 0.00 0.00 0.13 3.34 4.98 3.62 3.09 2.87 2.93 2.90 2.91 2.92 2.93 2.95 2.96 2.97 2.98 2.99 3.00 3.01 3.01 3.01 3.02 3.01 3.01 3.00 3.00 2.98 2.97 2.96 2.94 2.92 2.89 2.87 2.84 2.81 2.78 2.75 2.72 2.68 2.65 2.61 2.57 2.54 2.50 2.46 2.43 2.40 2.36 2.33 2.30 2.27 2.25 2.23 2.20 2.19 2.17 2.16 2.15 2.14 2.14 2.14 2.15 2.16 2.18 2.22 2.26 2.31 2.38 2.48 2.49 2.79 3.42 4.90 3.57 0.00 0.00 0.00 0.00 0.00 0.00 0.00 
0.00 0.00 0.00 0.00 0.00 0.00 0.00 0.00 0.66 3.34 4.38 5.03 5.25 5.27 5.29 5.31 5.34 5.36 5.39 5.41 5.43 5.45 5.47 5.48 5.49 5.49 5.48 5.48 5.46 5.44 5.42 5.38 5.35 5.30 5.25 5.20 5.14 5.07 5.00 4.93 4.85 4.77 4.68 4.59 4.50 4.41 4.32 4.23 4.14 4.05 3.96 3.87 3.79 3.71 3.63 3.56 3.49 3.43 3.38 3.33 3.28 3.24 3.21 3.19 3.18 3.18 3.19 3.22 3.26 3.33 3.42 3.53 3.69 3.87 3.97 3.69 3.06 0.69 0.00 0.00 0.00 0.00 0.00 0.00 0.00 0.00 
0.00 0.00 0.00 0.00 0.00 0.00 0.00 0.00 0.00 0.00 0.00 0.00 0.13 0.13 0.13 0.13 0.13 0.13 0.13 0.13 0.13 0.13 0.13 0.13 0.13 0.13 0.13 0.14 0.14 0.14 0.14 0.14 0.14 0.14 0.14 0.14 0.14 0.14 0.14 0.14 0.14 0.14 0.14 0.14 0.15 0.15 0.15 0.15 0.15 0.15 0.15 0.15 0.15 0.15 0.15 0.15 0.15 0.15 0.15 0.16 0.16 0.16 0.16 0.16 0.16 0.16 0.16 0.16 0.16 0.16 0.16 0.16 0.16 0.16 0.00 0.00 0.00 0.00 0.00 0.00 0.00 0.00 0.00 0.00 0.00 0.00 
0.00 0.00 0.00 0.00 0.00 0.00 0.00 0.00 0.00 0.00 0.00 0.00 0.00 0.00 0.00 0.00 0.00 0.00 0.00 0.00 0.00 0.00 0.00 0.00 0.00 0.00 0.00 0.00 0.00 0.00 0.00 0.00 0.00 0.00 0.00 0.00 0.00 0.00 0.00 0.00 0.00 0.00 0.00 0.00 0.00 0.00 0.00 0.00 0.00 0.00 0.00 0.00 0.00 0.00 0.00 0.00 0.00 0.00 0.00 0.00 0.00 0.00 0.00 0.00 0.00 0.00 0.00 0.00 0.00 0.00 0.00 0.00 0.00 0.00 0.00 0.00 0.00 0.00 0.00 0.00 0.00 0.00 0.00 0.00 0.00 0.00 
0.00 0.00 0.00 0.00 0.00 0.00 0.00 0.00 0.00 0.00 0.00 0.00 0.00 0.00 0.00 0.00 0.00 0.00 0.00 0.00 0.00 0.00 0.00 0.00 0.00 0.00 0.00 0.00 0.00 0.00 0.00 0.00 0.00 0.00 0.00 0.00 0.00 0.00 0.00 0.00 0.00 0.00 0.00 0.00 0.00 0.00 0.00 0.00 0.00 0.00 0.00 0.00 0.00 0.00 0.00 0.00 0.00 0.00 0.00 0.00 0.00 0.00 0.00 0.00 0.00 0.00 0.00 0.00 0.00 0.00 0.00 0.00 0.00 0.00 0.00 0.00 0.00 0.00 0.00 0.00 0.00 0.00 0.00 0.00 0.00 0.00 
0.00 0.00 0.00 0.00 0.00 0.00 0.00 0.00 0.00 0.00 0.00 0.00 0.00 0.00 0.00 0.00 0.00 0.00 0.00 0.00 0.00 0.00 0.00 0.00 0.00 0.00 0.00 0.00 0.00 0.00 0.00 0.00 0.00 0.00 0.00 0.00 0.00 0.00 0.00 0.00 0.00 0.00 0.00 0.00 0.00 0.00 0.00 0.00 0.00 0.00 0.00 0.00 0.00 0.00 0.00 0.00 0.00 0.00 0.00 0.00 0.00 0.00 0.00 0.00 0.00 0.00 0.00 0.00 0.00 0.00 0.00 0.00 0.00 0.00 0.00 0.00 0.00 0.00 0.00 0.00 0.00 0.00 0.00 0.00 0.00 0.00 
