0.00 0.00 0.00 0.00 0.00 0.00 0.00 0.00 0.00 0.00 0.00 0.00 0.00 0.00 0.00 0.00 0.00 0.00 0.00 0.00 0.00 0.00 0.00 0.00 0.00 0.00 0.00 0.00 0.00 0.00 0.00 0.00 0.00 0.00 0.00 0.00 0.00 0.00 0.00 0.00 0.00 0.00 0.00 0.00 0.00 0.00 0.00 0.00 0.00 0.00 0.00 0.00 0.00 0.00 0.00 0.00 0.00 0.00 0.00 0.00 0.00 0.00 0.00 0.00 0.00 0.00 0.00 0.00 0.00 0.00 0.00 0.00 0.00 0.00 0.00 0.00 0.00 0.00 0.00 0.00 0.00 0.00 0.00 0.00 0.00 0.00 
0.00 0.00 0.00 0.00 0.00 0.00 0.00 0.00 0.00 0.00 0.00 0.00 0.00 0.00 0.00 0.00 0.00 0.00 0.00 0.00 0.00 0.00 0.00 0.00 0.00 0.00 0.00 0.00 0.00 0.00 0.00 0.00 0.00 0.00 0.00 0.00 0.00 0.00 0.00 0.00 0.00 0.00 0.00 0.00 0.00 0.00 0.00 0.00 0.00 0.00 0.00 0.00 0.00 0.00 0.00 0.00 0.00 0.00 0.00 0.00 0.00 0.00 0.00 0.00 0.00 0.00 0.00 0.00 0.00 0.00 0.00 0.00 0.00 0.00 0.00 0.00 0.00 0.00 0.00 0.00 0.00 0.00 0.00 0.00 0.00 0.00 
0.00 0.00 0.00 0.00 0.00 0.00 0.00 0.00 0.00 0.00 0.00 0.00 0.00 0.00 0.00 0.00 0.00 0.00 0.00 0.00 0.00 0.00 0.00 0.00 0.00 0.00 0.00 0.00 0.00 0.00 0.00 0.00 0.00 0.00 0.00 0.00 0.00 0.00 0.00 0.00 0.00 0.00 0.00 0.00 0.00 0.00 0.00 0.00 0.00 0.00 0.00 0.00 0.00 0.00 0.00 0.00 0.00 0.00 0.00 0.00 0.00 0.00 0.00 0.00 0.00 0.00 0.00 0.00 0.00 0.00 0.00 0.00 0.00 0.00 0.00 0.00 0.00 0.00 0.00 0.00 0.00 0.00 0.00 0.00 0.00 0.00 
0.00 0.00 0.00 0.00 0.00 0.00 0.00 0.00 0.94 4.56 5.45 5.66 5.35 4.92 4.56 4.28 4.06 3.88 3.75 3.64 3.56 3.50 3.46 3.42 3.40 3.39 3.39 3.39 3.40 3.41 3.43 3.45 3.47 3.50 3.52 3.55 3.58 3.61 3.65 3.68 3.71 3.74 3.77 3.80 3.83 3.86 3.89 3.92 3.94 3.96 3.99 4.00 4.02 4.04 4.05 4.06 4.07 4.07 4.08 4.08 4.08 4.07 4.07 4.06 4.05 4.04 4.03 4.02 4.01 4.00 4.00 3.99 3.99 4.00 3.86 3.36 2.61 0.57 0.00 0.00 0.00 0.00 0.00 0.00 0.00 0.00 
0.00 0.00 0.00 0.00 0.00 0.00 0.00 5.64 7.63 4.93 3.84 3.29 2.99 2.77 2.61 2.49 2.39 2.31 2.25 2.20 2.16 2.13 2.11 2.09 2.08 2.07 2.07 2.07 2.07 2.07 2.08 2.08 2.09 2.10 2.11 2.12 2.13 2.14 2.15 2.17 2.18 2.19 2.20 2.21 2.22 2.23 2.24 2.25 2.26 2.27 2.28 2.28 2.29 2.29 2.30 2.30 2.30 2.30 2.30 2.30 2.30 2.30 2.30 2.29 2.29 2.28 2.28 2.27 2.27 2.26 2.26 2.26 2.26 2.28 2.34 2.51 2.91 3.88 2.64 0.00 0.00 0.00 0.00 0.00 0.00 0.00 
0.00 0.00 0.00 0.00 0.00 0.71 9.51 6.92 4.53 3.75 3.27 3.11 2.87 2.70 2.58 2.48 2.40 2.34 2.29 2.25 2.22 2.19 2.17 2.16 2.15 2.14 2.13 2.13 2.13 2.13 2.13 2.13 2.13 2.14 2.14 2.15 2.16 2.16 2.17 2.18 2.19 2.19 2.20 2.21 2.21 2.22 2.23 2.23 2.24 2.24 2.25 2.25 2.25 2.26 2.26 2.26 2.26 2.26 2.26 2.26 2.25 2.25 2.25 2.24 2.24 2.23 2.23 2.22 2.22 2.22 2.21 2.21 2.21 2.23 2.28 2.21 2.33 2.47 3.26 3.65 0.39 0.00 0.00 0.00 0.00 0.00 
0.00 0.00 0.00 0.00 0.00 11.09 7.29 4.91 3.94 3.44 3.12 2.87 2.73 2.59 2.49 2.40 2.33 2.28 2.23 2.20 2.17 2.15 2.13 2.11 2.10 2.10 2.09 2.09 2.08 2.08 2.08 2.08 2.09 2.09 2.09 2.10 2.10 2.11 2.11 2.12 2.12 2.13 2.13 2.14 2.14 2.15 2.15 2.16 2.16 2.16 2.17 2.17 2.17 2.17 2.17 2.17 2.17 2.17 2.17 2.17 2.17 2.16 2.16 2.16 2.15 2.15 2.14 2.14 2.13 2.13 2.13 2.13 2.12 2.14 2.12 2.16 2.22 2.24 2.49 3.05 3.75 0.13 0.00 0.00 0.00 0.00 
0.00 0.00 0.00 0.00 10.09 9.72 5.62 4.45 3.72 3.39 3.09 2.90 2.74 2.60 2.50 2.42 2.35 2.30 2.26 2.22 2.20 2.18 2.16 2.14 2.13 2.12 2.12 2.11 2.11 2.11 2.11 2.11 2.11 2.11 2.12 2.12 2.12 2.13 2.13 2.14 2.14 2.14 2.15 2.15 2.16 2.16 2.16 2.17 2.17 2.17 2.18 2.18 2.18 2.18 2.18 2.18 2.18 2.18 2.18 2.18 2.17 2.17 2.17 2.16 2.16 2.15 2.15 2.14 2.14 2.14 2.13 2.13 2.13 2.15 2.16 2.17 2.23 2.20 2.36 2.53 3.42 2.89 0.00 0.00 0.00 0.00 
0.00 0.00 0.00 2.00 15.48 6.96 4.93 4.05 3.61 3.27 2.98 2.90 2.77 2.66 2.57 2.50 2.44 2.39 2.35 2.32 2.29 2.27 2.25 2.24 2.23 2.22 2.21 2.21 2.20 2.20 2.20 2.20 2.20 2.20 2.20 2.20 2.21 2.21 2.21 2.21 2.22 2.22 2.22 2.23 2.23 2.23 2.23 2.24 2.24 2.24 2.24 2.24 2.24 2.24 2.24 2.24 2.24 2.24 2.24 2.23 2.23 2.23 2.22 2.22 2.22 2.21 2.21 2.20 2.20 2.19 2.19 2.19 2.19 2.19 2.20 2.11 2.17 2.21 2.21 2.29 2.61 4.32 0.63 0.00 0.00 0.00 
0.00 0.00 0.00 12.86 10.68 6.24 4.71 4.02 3.54 3.31 3.07 2.89 2.73 2.63 2.54 2.46 2.41 2.36 2.32 2.29 2.26 2.24 2.23 2.21 2.20 2.19 2.19 2.18 2.18 2.17 2.17 2.17 2.17 2.17 2.17 2.17 2.18 2.18 2.18 2.18 2.19 2.19 2.19 2.19 2.20 2.20 2.20 2.20 2.21 2.21 2.21 2.21 2.21 2.21 2.21 2.21 2.21 2.20 2.20 2.20 2.20 2.19 2.19 2.19 2.18 2.18 2.17 2.17 2.16 2.16 2.16 2.16 2.15 2.16 2.18 2.20 2.23 2.18 2.26 2.28 2.47 3.23 3.09 0.00 0.00 0.00 
0.00 0.00 0.00 17.73 8.84 5.78 4.55 3.88 3.44 3.23 3.02 2.84 2.70 2.60 2.51 2.44 2.38 2.34 2.30 2.27 2.25 2.23 2.21 2.20 2.18 2.18 2.17 2.16 2.16 2.16 2.16 2.15 2.15 2.15 2.16 2.16 2.16 2.16 2.16 2.16 2.17 2.17 2.17 2.17 2.18 2.18 2.18 2.18 2.18 2.19 2.19 2.19 2.19 2.19 2.19 2.19 2.18 2.18 2.18 2.18 2.17 2.17 2.17 2.16 2.16 2.16 2.15 2.15 2.14 2.14 2.14 2.13 2.13 2.13 2.14 2.16 2.20 2.13 2.21 2.23 2.34 2.78 4.06 0.00 0.00 0.00 
0.00 0.00 0.00 20.37 8.27 5.68 4.52 3.85 3.49 3.24 3.00 2.82 2.68 2.58 2.49 2.43 2.37 2.32 2.29 2.26 2.23 2.21 2.20 2.18 2.17 2.17 2.16 2.15 2.15 2.15 2.14 2.14 2.14 2.14 2.14 2.15 2.15 2.15 2.15 2.15 2.16 2.16 2.16 2.16 2.16 2.17 2.17 2.17 2.17 2.17 2.17 2.17 2.17 2.17 2.17 2.17 2.17 2.17 2.17 2.16 2.16 2.16 2.15 2.15 2.15 2.14 2.14 2.13 2.13 2.12 2.12 2.12 2.12 2.12 2.13 2.15 2.19 2.22 2.20 2.20 2.41 2.61 4.69 0.00 0.00 0.00 
0.00 0.00 0.00 21.29 8.08 5.46 4.48 3.85 3.46 3.21 2.99 2.81 2.74 2.60 2.52 2.46 2.41 2.36 2.33 2.30 2.28 2.26 2.24 2.23 2.22 2.21 2.20 2.20 2.19 2.19 2.18 2.18 2.18 2.18 2.18 2.18 2.18 2.18 2.18 2.19 2.19 2.19 2.19 2.19 2.19 2.20 2.20 2.20 2.20 2.20 2.20 2.20 2.20 2.20 2.20 2.20 2.19 2.19 2.19 2.19 2.18 2.18 2.18 2.17 2.17 2.16 2.16 2.16 2.15 2.15 2.14 2.14 2.14 2.17 2.12 2.14 2.17 2.21 2.19 2.16 2.37 2.68 4.88 0.00 0.00 0.00 
0.00 0.00 0.00 21.23 8.06 5.46 4.48 3.85 3.46 3.21 2.99 2.81 2.74 2.60 2.52 2.46 2.41 2.36 2.33 2.30 2.28 2.26 2.24 2.23 2.22 2.21 2.20 2.20 2.19 2.19 2.18 2.18 2.18 2.18 2.18 2.18 2.18 2.18 2.19 2.19 2.19 2.19 2.19 2.19 2.19 2.20 2.20 2.20 2.20 2.20 2.20 2.20 2.20 2.20 2.20 2.20 2.19 2.19 2.19 2.19 2.18 2.18 2.18 2.17 2.17 2.16 2.16 2.16 2.15 2.15 2.14 2.14 2.14 2.17 2.12 2.14 2.17 2.21 2.19 2.16 2.37 2.68 4.88 0.00 0.00 0.00 
0.00 0.00 0.00 20.19 8.22 5.65 4.51 3.84 3.49 3.23 3.00 2.82 2.68 2.58 2.49 2.43 2.37 2.33 2.29 2.26 2.23 2.21 2.20 2.19 2.17 2.17 2.16 2.15 2.15 2.15 2.14 2.14 2.14 2.14 2.14 2.15 2.15 2.15 2.15 2.15 2.16 2.16 2.16 2.16 2.16 2.17 2.17 2.17 2.17 2.17 2.17 2.17 2.17 2.17 2.17 2.17 2.17 2.17 2.17 2.16 2.16 2.16 2.15 2.15 2.15 2.14 2.14 2.13 2.13 2.13 2.12 2.12 2.12 2.12 2.13 2.15 2.19 2.22 2.20 2.20 2.41 2.61 4.68 0.00 0.00 0.00 
0.00 0.00 0.00 17.48 8.74 5.74 4.52 3.86 3.43 3.23 3.01 2.84 2.70 2.60 2.51 2.44 2.38 2.34 2.30 2.27 2.25 2.23 2.21 2.20 2.19 2.18 2.17 2.16 2.16 2.16 2.16 2.16 2.15 2.16 2.16 2.16 2.16 2.16 2.16 2.17 2.17 2.17 2.17 2.18 2.18 2.18 2.18 2.18 2.19 2.19 2.19 2.19 2.19 2.19 2.19 2.19 2.19 2.18 2.18 2.18 2.18 2.17 2.17 2.17 2.16 2.16 2.15 2.15 2.14 2.14 2.14 2.13 2.13 2.13 2.14 2.16 2.20 2.13 2.21 2.23 2.34 2.78 4.05 0.00 0.00 0.00 
0.00 0.00 0.00 12.62 10.52 6.18 4.67 4.00 3.53 3.30 3.06 2.88 2.73 2.62 2.54 2.46 2.41 2.36 2.32 2.29 2.27 2.24 2.23 2.21 2.20 2.19 2.19 2.18 2.18 2.18 2.17 2.17 2.17 2.17 2.17 2.18 2.18 2.18 2.18 2.19 2.19 2.19 2.19 2.20 2.20 2.20 2.20 2.21 2.21 2.21 2.21 2.21 2.21 2.21 2.21 2.21 2.21 2.21 2.20 2.20 2.20 2.20 2.19 2.19 2.18 2.18 2.17 2.17 2.17 2.16 2.16 2.16 2.16 2.16 2.18 2.20 2.23 2.18 2.26 2.28 2.47 3.23 3.08 0.00 0.00 0.00 
0.00 0.00 0.00 1.97 15.15 6.86 4.88 4.02 3.59 3.26 2.97 2.90 2.76 2.66 2.57 2.50 2.44 2.39 2.35 2.32 2.29 2.27 2.26 2.24 2.23 2.22 2.21 2.21 2.21 2.20 2.20 2.20 2.20 2.20 2.20 2.21 2.21 2.21 2.21 2.22 2.22 2.22 2.23 2.23 2.23 2.23 2.24 2.24 2.24 2.24 2.24 2.24 2.24 2.24 2.24 2.24 2.24 2.24 2.24 2.24 2.23 2.23 2.23 2.22 2.22 2.21 2.21 2.20 2.20 2.20 2.19 2.19 2.19 2.19 2.20 2.11 2.17 2.21 2.21 2.29 2.60 4.31 0.63 0.00 0.00 0.00 
0.00 0.00 0.00 0.00 9.84 9.52 5.54 4.40 3.69 3.37 3.07 2.89 2.73 2.59 2.50 2.42 2.35 2.30 2.26 2.23 2.20 2.18 2.16 2.15 2.14 2.13 2.12 2.12 2.11 2.11 2.11 2.11 2.11 2.12 2.12 2.12 2.13 2.13 2.13 2.14 2.14 2.15 2.15 2.16 2.16 2.16 2.17 2.17 2.17 2.18 2.18 2.18 2.18 2.18 2.18 2.18 2.18 2.18 2.18 2.18 2.18 2.17 2.17 2.17 2.16 2.16 2.15 2.15 2.14 2.14 2.14 2.13 2.13 2.15 2.16 2.17 2.23 2.20 2.36 2.53 3.41 2.87 0.00 0.00 0.00 0.00 
0.00 0.00 0.00 0.00 0.00 10.76 7.15 4.84 3.90 3.41 3.10 2.85 2.72 2.58 2.48 2.40 2.33 2.28 2.24 2.20 2.17 2.15 2.13 2.12 2.11 2.10 2.09 2.09 2.09 2.09 2.09 2.09 2.09 2.09 2.10 2.10 2.11 2.11 2.12 2.12 2.13 2.13 2.14 2.14 2.15 2.15 2.16 2.16 2.16 2.17 2.17 2.17 2.18 2.18 2.18 2.18 2.18 2.18 2.18 2.17 2.17 2.17 2.17 2.16 2.16 2.15 2.15 2.14 2.14 2.14 2.13 2.13 2.13 2.15 2.12 2.16 2.22 2.24 2.49 3.04 3.74 0.13 0.00 0.00 0.00 0.00 
0.00 0.00 0.00 0.00 0.00 0.70 9.17 6.80 4.47 3.71 3.24 3.08 2.84 2.68 2.57 2.48 2.40 2.34 2.29 2.25 2.22 2.20 2.18 2.16 2.15 2.14 2.14 2.13 2.13 2.13 2.13 2.14 2.14 2.14 2.15 2.16 2.16 2.17 2.18 2.18 2.19 2.20 2.21 2.21 2.22 2.23 2.23 2.24 2.24 2.25 2.25 2.26 2.26 2.26 2.26 2.26 2.26 2.26 2.26 2.26 2.26 2.26 2.25 2.25 2.24 2.24 2.24 2.23 2.23 2.22 2.22 2.22 2.21 2.23 2.28 2.21 2.33 2.47 3.26 3.64 0.39 0.00 0.00 0.00 0.00 0.00 
0.00 0.00 0.00 0.00 0.00 0.00 0.17 5.63 7.50 4.86 3.79 3.25 3.11 2.91 2.77 2.65 2.56 2.48 2.42 2.37 2.33 2.30 2.28 2.26 2.25 2.24 2.24 2.23 2.23 2.24 2.24 2.25 2.25 2.26 2.27 2.28 2.29 2.30 2.31 2.32 2.33 2.34 2.36 2.37 2.38 2.39 2.40 2.41 2.41 2.42 2.43 2.44 2.44 2.45 2.45 2.45 2.45 2.45 2.45 2.45 2.45 2.45 2.44 2.44 2.44 2.43 2.43 2.42 2.41 2.41 2.41 2.40 2.40 2.43 2.35 2.51 2.91 3.88 2.64 0.00 0.00 0.00 0.00 0.00 0.00 0.00 
0.00 0.00 0.00 0.00 0.00 0.00 0.00 0.00 0.93 4.47 5.35 5.56 5.26 4.88 4.55 4.29 4.08 3.91 3.77 3.67 3.59 3.53 3.48 3.45 3.43 3.42 3.41 3.41 3.42 3.43 3.45 3.47 3.49 3.52 3.55 3.58 3.61 3.64 3.67 3.70 3.73 3.77 3.80 3.83 3.86 3.89 3.91 3.94 3.97 3.99 4.01 4.03 4.05 4.06 4.07 4.08 4.09 4.10 4.10 4.10 4.10 4.10 4.09 4.09 4.08 4.07 4.06 4.05 4.04 4.03 4.02 4.02 4.02 4.01 3.87 3.37 2.61 0.57 0.00 0.00 0.00 0.00 0.00 0.00 0.00 0.00 
0.00 0.00 0.00 0.00 0.00 0.00 0.00 0.00 0.00 0.00 0.00 0.00 0.16 0.17 0.17 0.17 0.17 0.16 0.16 0.16 0.16 0.16 0.16 0.16 0.16 0.16 0.16 0.16 0.16 0.16 0.16 0.16 0.15 0.15 0.15 0.15 0.15 0.15 0.15 0.15 0.15 0.15 0.15 0.15 0.15 0.15 0.15 0.15 0.15 0.15 0.14 0.14 0.14 0.14 0.14 0.14 0.14 0.14 0.14 0.14 0.14 0.14 0.14 0.14 0.14 0.14 0.14 0.14 0.14 0.14 0.14 0.14 0.14 0.14 0.00 0.00 0.00 0.00 0.00 0.00 0.00 0.00 0.00 0.00 0.00 0.00 
0.00 0.00 0.00 0.00 0.00 0.00 0.00 0.00 0.00 0.00 0.00 0.00 0.00 0.00 0.00 0.00 0.00 0.00 0.00 0.00 0.00 0.00 0.00 0.00 0.00 0.00 0.00 0.00 0.00 0.00 0.00 0.00 0.00 0.00 0.00 0.00 0.00 0.00 0.00 0.00 0.00 0.00 0.00 0.00 0.00 0.00 0.00 0.00 0.00 0.00 0.00 0.00 0.00 0.00 0.00 0.00 0.00 0.00 0.00 0.00 0.00 0.00 0.00 0.00 0.00 0.00 0.00 0.00 0.00 0.00 0.00 0.00 0.00 0.00 0.00 0.00 0.00 0.00 0.00 0.00 0.00 0.00 0.00 0.00 0.00 0.00 
0.00 0.00 0.00 0.00 0.00 0.00 0.00 0.00 0.00 0.00 0.00 0.00 0.00 0.00 0.00 0.00 0.00 0.00 0.00 0.00 0.00 0.00 0.00 0.00 0.00 0.00 0.00 0.00 0.00 0.00 0.00 0.00 0.00 0.00 0.00 0.00 0.00 0.00 0.00 0.00 0.00 0.00 0.00 0.00 0.00 0.00 0.00 0.00 0.00 0.00 0.00 0.00 0.00 0.00 0.00 0.00 0.00 0.00 0.00 0.00 0.00 0.00 0.00 0.00 0.00 0.00 0.00 0.00 0.00 0.00 0.00 0.00 0.00 0.00 0.00 0.00 0.00 0.00 0.00 0.00 0.00 0.00 0.00 0.00 0.00 0.00 
0.00 0.00 0.00 0.00 0.00 0.00 0.00 0.00 0.00 0.00 0.00 0.00 0.00 0.00 0.00 0.00 0.00 0.00 0.00 0.00 0.00 0.00 0.00 0.00 0.00 0.00 0.00 0.00 0.00 0.00 0.00 0.00 0.00 0.00 0.00 0.00 0.00 0.00 0.00 0.00 0.00 0.00 0.00 0.00 0.00 0.00 0.00 0.00 0.00 0.00 0.00 0.00 0.00 0.00 0.00 0.00 0.00 0.00 0.00 0.00 0.00 0.00 0.00 0.00 0.00 0.00 0.00 0.00 0.00 0.00 0.00 0.00 0.00 0.00 0.00 0.00 0.00 0.00 0.00 0.00 0.00 0.00 0.00 0.00 0.00 0.00 
