0.00 0.00 0.00 0.00 0.00 0.00 0.00 0.00 0.00 0.00 0.00 0.00 0.00 0.00 0.00 0.00 0.00 0.00 0.00 0.00 0.00 0.00 0.00 0.00 0.00 0.00 0.00 0.00 0.00 0.00 0.00 0.00 0.00 0.00 0.00 0.00 0.00 0.00 0.00 0.00 0.00 0.00 0.00 0.00 0.00 0.00 0.00 0.00 0.00 0.00 0.00 0.00 0.00 0.00 0.00 0.00 0.00 0.00 0.00 0.00 0.00 0.00 0.00 0.00 0.00 0.00 0.00 0.00 0.00 0.00 0.00 0.00 0.00 0.00 0.00 0.00 0.00 0.00 0.00 0.00 0.00 0.00 0.00 0.00 0.00 0.00 
0.00 0.00 0.00 0.00 0.00 0.00 0.00 0.00 0.00 0.00 0.00 0.00 0.00 0.00 0.00 0.00 0.00 0.00 0.00 0.00 0.00 0.00 0.00 0.00 0.00 0.00 0.00 0.00 0.00 0.00 0.00 0.00 0.00 0.00 0.00 0.00 0.00 0.00 0.00 0.00 0.00 0.00 0.00 0.00 0.00 0.00 0.00 0.00 0.00 0.00 0.00 0.00 0.00 0.00 0.00 0.00 0.00 0.00 0.00 0.00 0.00 0.00 0.00 0.00 0.00 0.00 0.00 0.00 0.00 0.00 0.00 0.00 0.00 0.00 0.00 0.00 0.00 0.00 0.00 0.00 0.00 0.00 0.00 0.00 0.00 0.00 
0.00 0.00 0.00 0.00 0.00 0.00 0.00 0.00 0.00 0.00 0.00 0.00 0.00 0.00 0.00 0.00 0.00 0.00 0.00 0.00 0.00 0.00 0.00 0.00 0.00 0.00 0.00 0.00 0.00 0.00 0.00 0.00 0.00 0.00 0.00 0.00 0.00 0.00 0.00 0.00 0.00 0.00 0.00 0.00 0.00 0.00 0.00 0.00 0.00 0.00 0.00 0.00 0.00 0.00 0.00 0.00 0.00 0.00 0.00 0.00 0.00 0.00 0.00 0.00 0.00 0.00 0.00 0.00 0.00 0.00 0.00 0.00 0.00 0.00 0.00 0.00 0.00 0.00 0.00 0.00 0.00 0.00 0.00 0.00 0.00 0.00 
0.00 0.00 0.00 0.00 0.00 0.00 0.00 0.00 0.51 2.14 2.70 3.10 3.19 3.18 3.17 3.17 3.16 3.17 3.17 3.17 3.18 3.18 3.19 3.19 3.19 3.20 3.20 3.20 3.20 3.20 3.19 3.19 3.19 3.18 3.17 3.17 3.16 3.15 3.14 3.13 3.12 3.11 3.10 3.09 3.08 3.07 3.07 3.06 3.05 3.05 3.05 3.05 3.05 3.06 3.07 3.08 3.10 3.13 3.16 3.20 3.25 3.32 3.39 3.49 3.60 3.74 3.91 4.12 4.38 4.70 5.09 5.59 6.20 6.94 7.53 7.46 6.26 1.21 0.00 0.00 0.00 0.00 0.00 0.00 0.00 0.00 
0.00 0.00 0.00 0.00 0.00 0.00 0.00 2.18 3.16 2.45 2.14 2.01 1.96 1.93 1.93 1.93 1.93 1.93 1.93 1.93 1.93 1.94 1.94 1.94 1.94 1.94 1.95 1.95 1.95 1.95 1.95 1.95 1.95 1.94 1.94 1.94 1.94 1.94 1.93 1.93 1.93 1.92 1.92 1.92 1.92 1.91 1.91 1.91 1.91 1.91 1.91 1.91 1.91 1.92 1.92 1.93 1.94 1.96 1.97 1.99 2.02 2.04 2.08 2.12 2.17 2.24 2.31 2.40 2.52 2.66 2.83 3.05 3.31 3.67 4.16 5.00 6.62 10.65 7.89 0.00 0.00 0.00 0.00 0.00 0.00 0.00 
0.00 0.00 0.00 0.00 0.00 0.38 2.98 2.74 2.12 2.05 1.95 2.04 2.00 1.98 1.98 1.98 1.98 1.98 1.98 1.98 1.98 1.99 1.99 1.99 1.99 2.00 2.00 2.00 2.00 2.00 2.00 2.00 2.00 2.00 2.00 2.00 2.00 2.00 2.00 2.00 2.00 2.00 1.99 1.99 1.99 1.99 1.99 1.99 1.99 1.99 1.99 2.00 2.00 2.01 2.01 2.02 2.03 2.04 2.05 2.07 2.09 2.11 2.14 2.18 2.22 2.27 2.33 2.40 2.49 2.60 2.74 2.90 3.10 3.38 3.76 4.11 4.84 6.08 9.51 13.27 0.86 0.00 0.00 0.00 0.00 0.00 
0.00 0.00 0.00 0.00 0.00 3.08 2.59 2.19 1.99 2.00 1.96 1.92 1.96 1.94 1.94 1.94 1.94 1.94 1.94 1.94 1.94 1.95 1.95 1.95 1.95 1.96 1.96 1.96 1.96 1.96 1.96 1.96 1.96 1.96 1.96 1.96 1.96 1.96 1.96 1.96 1.96 1.96 1.96 1.96 1.96 1.96 1.96 1.96 1.96 1.96 1.97 1.97 1.97 1.98 1.98 1.99 2.00 2.01 2.02 2.04 2.06 2.08 2.10 2.13 2.17 2.21 2.27 2.33 2.41 2.50 2.62 2.76 2.93 3.17 3.42 3.83 4.32 5.14 6.52 9.88 15.19 0.16 0.00 0.00 0.00 0.00 
0.00 0.00 0.00 0.00 2.45 2.91 2.23 2.13 1.99 2.05 2.01 1.99 1.98 1.97 1.96 1.96 1.96 1.96 1.97 1.97 1.97 1.97 1.97 1.98 1.98 1.98 1.98 1.99 1.99 1.99 1.99 1.99 1.99 1.99 1.99 1.99 1.99 1.99 1.99 1.99 1.99 1.99 1.99 1.99 1.99 1.99 1.99 1.99 1.99 2.00 2.00 2.00 2.01 2.01 2.02 2.02 2.03 2.04 2.06 2.07 2.09 2.11 2.13 2.16 2.20 2.24 2.29 2.35 2.42 2.51 2.62 2.76 2.92 3.15 3.41 3.70 4.16 4.74 5.78 7.44 12.81 12.51 0.00 0.00 0.00 0.00 
0.00 0.00 0.00 0.58 3.62 2.27 2.04 2.01 2.05 2.01 1.96 2.06 2.05 2.05 2.05 2.05 2.05 2.05 2.05 2.05 2.06 2.06 2.06 2.06 2.07 2.07 2.07 2.07 2.07 2.08 2.08 2.08 2.08 2.08 2.08 2.08 2.08 2.08 2.08 2.08 2.08 2.08 2.09 2.09 2.09 2.09 2.09 2.09 2.09 2.09 2.10 2.10 2.11 2.11 2.12 2.12 2.13 2.14 2.16 2.17 2.19 2.21 2.23 2.26 2.29 2.33 2.37 2.43 2.50 2.58 2.68 2.80 2.95 3.12 3.34 3.56 4.00 4.50 5.21 6.47 9.08 19.26 2.29 0.00 0.00 0.00 
0.00 0.00 0.00 2.63 2.79 2.20 2.07 2.09 2.02 2.10 2.07 2.05 2.03 2.03 2.02 2.02 2.02 2.02 2.03 2.03 2.03 2.03 2.04 2.04 2.04 2.04 2.05 2.05 2.05 2.05 2.05 2.05 2.05 2.06 2.06 2.06 2.06 2.06 2.06 2.06 2.06 2.06 2.06 2.06 2.06 2.06 2.06 2.07 2.07 2.07 2.07 2.08 2.08 2.09 2.09 2.10 2.11 2.12 2.13 2.14 2.16 2.18 2.20 2.23 2.26 2.30 2.34 2.40 2.46 2.54 2.64 2.76 2.91 3.08 3.33 3.60 3.97 4.41 5.09 6.07 8.04 13.21 14.75 0.00 0.00 0.00 
0.00 0.00 0.00 3.43 2.43 2.09 2.03 2.05 1.98 2.08 2.04 2.02 2.01 2.01 2.01 2.01 2.01 2.01 2.01 2.01 2.01 2.02 2.02 2.02 2.02 2.03 2.03 2.03 2.03 2.03 2.04 2.04 2.04 2.04 2.04 2.04 2.04 2.04 2.04 2.04 2.04 2.04 2.05 2.05 2.05 2.05 2.05 2.05 2.05 2.06 2.06 2.06 2.07 2.07 2.08 2.09 2.09 2.10 2.12 2.13 2.14 2.16 2.18 2.21 2.24 2.28 2.32 2.37 2.44 2.51 2.61 2.72 2.87 3.04 3.27 3.55 3.86 4.26 4.88 5.87 7.44 10.91 20.16 0.00 0.00 0.00 
0.00 0.00 0.00 3.97 2.29 2.19 2.01 2.04 2.09 2.07 2.03 2.01 2.00 2.00 2.00 2.00 2.00 2.00 2.00 2.00 2.00 2.01 2.01 2.01 2.01 2.02 2.02 2.02 2.02 2.02 2.03 2.03 2.03 2.03 2.03 2.03 2.03 2.03 2.03 2.03 2.03 2.03 2.04 2.04 2.04 2.04 2.04 2.04 2.04 2.05 2.05 2.05 2.06 2.06 2.07 2.08 2.08 2.09 2.11 2.12 2.13 2.15 2.17 2.20 2.23 2.26 2.31 2.36 2.42 2.49 2.59 2.70 2.84 3.01 3.24 3.53 3.88 4.25 4.83 5.85 7.30 10.10 22.99 0.00 0.00 0.00 
0.00 0.00 0.00 4.13 2.25 2.14 2.05 2.04 2.08 2.05 2.02 2.01 2.06 2.04 2.03 2.03 2.04 2.04 2.04 2.04 2.04 2.05 2.05 2.05 2.05 2.05 2.06 2.06 2.06 2.06 2.06 2.07 2.07 2.07 2.07 2.07 2.07 2.07 2.07 2.08 2.08 2.08 2.08 2.08 2.08 2.08 2.08 2.09 2.09 2.09 2.09 2.10 2.10 2.11 2.11 2.12 2.13 2.14 2.15 2.16 2.18 2.20 2.22 2.24 2.27 2.30 2.34 2.39 2.45 2.52 2.60 2.71 2.83 3.05 3.22 3.51 3.84 4.20 4.81 5.71 7.14 9.89 23.98 0.00 0.00 0.00 
0.00 0.00 0.00 4.12 2.25 2.14 2.05 2.04 2.08 2.05 2.02 2.01 2.06 2.04 2.03 2.03 2.04 2.04 2.04 2.04 2.04 2.05 2.05 2.05 2.05 2.05 2.06 2.06 2.06 2.06 2.06 2.07 2.07 2.07 2.07 2.07 2.07 2.07 2.07 2.08 2.08 2.08 2.08 2.08 2.08 2.08 2.08 2.09 2.09 2.09 2.09 2.10 2.10 2.11 2.11 2.12 2.13 2.14 2.15 2.16 2.18 2.20 2.22 2.24 2.27 2.30 2.34 2.39 2.45 2.52 2.60 2.71 2.83 3.05 3.22 3.51 3.84 4.20 4.81 5.71 7.13 9.87 23.94 0.00 0.00 0.00 
0.00 0.00 0.00 3.96 2.29 2.18 2.01 2.04 2.09 2.07 2.03 2.01 2.00 2.00 2.00 2.00 2.00 2.00 2.00 2.00 2.00 2.01 2.01 2.01 2.01 2.02 2.02 2.02 2.02 2.02 2.03 2.03 2.03 2.03 2.03 2.03 2.03 2.03 2.03 2.03 2.03 2.04 2.04 2.04 2.04 2.04 2.04 2.04 2.04 2.05 2.05 2.05 2.06 2.06 2.07 2.08 2.08 2.09 2.11 2.12 2.13 2.15 2.17 2.20 2.23 2.26 2.31 2.36 2.42 2.49 2.59 2.70 2.84 3.01 3.24 3.52 3.87 4.24 4.82 5.83 7.28 10.07 22.88 0.00 0.00 0.00 
0.00 0.00 0.00 3.41 2.42 2.09 2.03 2.05 1.98 2.08 2.04 2.02 2.01 2.01 2.01 2.01 2.01 2.01 2.01 2.01 2.02 2.02 2.02 2.02 2.03 2.03 2.03 2.03 2.03 2.03 2.04 2.04 2.04 2.04 2.04 2.04 2.04 2.04 2.04 2.04 2.04 2.05 2.05 2.05 2.05 2.05 2.05 2.05 2.05 2.06 2.06 2.06 2.07 2.07 2.08 2.09 2.09 2.10 2.12 2.13 2.15 2.16 2.19 2.21 2.24 2.28 2.32 2.37 2.44 2.51 2.61 2.72 2.86 3.04 3.26 3.54 3.85 4.25 4.86 5.84 7.40 10.83 20.01 0.00 0.00 0.00 
0.00 0.00 0.00 2.62 2.78 2.19 2.07 2.09 2.02 2.10 2.07 2.05 2.03 2.03 2.02 2.02 2.02 2.03 2.03 2.03 2.03 2.03 2.04 2.04 2.04 2.04 2.05 2.05 2.05 2.05 2.05 2.05 2.06 2.06 2.06 2.06 2.06 2.06 2.06 2.06 2.06 2.06 2.06 2.06 2.06 2.06 2.07 2.07 2.07 2.07 2.08 2.08 2.08 2.09 2.09 2.10 2.11 2.12 2.13 2.15 2.16 2.18 2.20 2.23 2.26 2.30 2.34 2.40 2.46 2.54 2.64 2.76 2.90 3.08 3.32 3.59 3.95 4.38 5.06 6.03 7.97 13.09 14.60 0.00 0.00 0.00 
0.00 0.00 0.00 0.57 3.61 2.26 2.04 2.01 2.05 2.01 1.96 2.06 2.05 2.05 2.05 2.05 2.05 2.05 2.05 2.06 2.06 2.06 2.06 2.06 2.07 2.07 2.07 2.07 2.08 2.08 2.08 2.08 2.08 2.08 2.08 2.08 2.08 2.08 2.08 2.09 2.09 2.09 2.09 2.09 2.09 2.09 2.09 2.09 2.09 2.10 2.10 2.10 2.11 2.11 2.12 2.13 2.13 2.14 2.16 2.17 2.19 2.21 2.23 2.26 2.29 2.33 2.37 2.43 2.50 2.58 2.68 2.80 2.94 3.11 3.33 3.55 3.98 4.47 5.16 6.40 8.97 19.02 2.26 0.00 0.00 0.00 
0.00 0.00 0.00 0.00 2.43 2.90 2.23 2.13 1.99 2.05 2.01 1.99 1.98 1.97 1.96 1.96 1.96 1.97 1.97 1.97 1.97 1.97 1.98 1.98 1.98 1.98 1.99 1.99 1.99 1.99 1.99 1.99 1.99 1.99 1.99 1.99 1.99 1.99 1.99 1.99 1.99 1.99 1.99 1.99 1.99 1.99 1.99 2.00 2.00 2.00 2.00 2.00 2.01 2.01 2.02 2.03 2.03 2.05 2.06 2.07 2.09 2.11 2.13 2.16 2.20 2.24 2.29 2.35 2.42 2.51 2.62 2.75 2.91 3.13 3.39 3.68 4.13 4.69 5.71 7.34 12.62 12.32 0.00 0.00 0.00 0.00 
0.00 0.00 0.00 0.00 0.00 3.06 2.59 2.19 1.99 2.00 1.96 1.92 1.96 1.94 1.94 1.94 1.94 1.94 1.94 1.94 1.95 1.95 1.95 1.95 1.96 1.96 1.96 1.96 1.96 1.96 1.97 1.97 1.97 1.97 1.97 1.97 1.97 1.97 1.97 1.97 1.96 1.96 1.96 1.96 1.96 1.96 1.96 1.96 1.96 1.97 1.97 1.97 1.98 1.98 1.99 1.99 2.00 2.01 2.03 2.04 2.06 2.08 2.11 2.14 2.17 2.22 2.27 2.33 2.41 2.50 2.62 2.75 2.92 3.15 3.39 3.79 4.27 5.07 6.42 9.71 14.91 0.16 0.00 0.00 0.00 0.00 
0.00 0.00 0.00 0.00 0.00 0.38 2.97 2.74 2.12 2.05 1.95 2.04 2.00 1.98 1.98 1.98 1.98 1.98 1.98 1.99 1.99 1.99 1.99 2.00 2.00 2.00 2.00 2.00 2.00 2.01 2.01 2.01 2.01 2.01 2.01 2.01 2.00 2.00 2.00 2.00 2.00 2.00 2.00 2.00 2.00 2.00 2.00 2.00 2.00 2.00 2.00 2.00 2.01 2.01 2.02 2.02 2.03 2.04 2.06 2.08 2.10 2.12 2.15 2.18 2.22 2.27 2.33 2.41 2.49 2.60 2.73 2.89 3.08 3.33 3.71 4.05 4.76 5.97 9.32 12.98 0.85 0.00 0.00 0.00 0.00 0.00 
0.00 0.00 0.00 0.00 0.00 0.00 0.14 2.19 3.16 2.45 2.14 2.01 2.10 2.08 2.08 2.08 2.08 2.08 2.08 2.08 2.08 2.09 2.09 2.09 2.09 2.10 2.10 2.10 2.10 2.10 2.10 2.10 2.10 2.10 2.10 2.10 2.09 2.09 2.09 2.09 2.08 2.08 2.08 2.08 2.07 2.07 2.07 2.07 2.07 2.07 2.07 2.07 2.08 2.08 2.09 2.09 2.11 2.12 2.14 2.16 2.18 2.21 2.25 2.29 2.34 2.40 2.48 2.57 2.68 2.82 2.99 3.19 3.43 3.76 4.08 4.91 6.48 10.40 7.70 0.00 0.00 0.00 0.00 0.00 0.00 0.00 
0.00 0.00 0.00 0.00 0.00 0.00 0.00 0.00 0.51 2.14 2.70 3.11 3.20 3.20 3.19 3.18 3.18 3.18 3.19 3.19 3.19 3.20 3.20 3.21 3.21 3.21 3.21 3.21 3.21 3.21 3.21 3.21 3.20 3.20 3.19 3.18 3.18 3.17 3.16 3.15 3.14 3.13 3.12 3.11 3.10 3.09 3.08 3.08 3.07 3.07 3.07 3.07 3.07 3.08 3.09 3.10 3.12 3.15 3.18 3.22 3.28 3.34 3.42 3.51 3.62 3.76 3.93 4.14 4.39 4.70 5.08 5.54 6.10 6.77 7.33 7.26 6.10 1.18 0.00 0.00 0.00 0.00 0.00 0.00 0.00 0.00 
0.00 0.00 0.00 0.00 0.00 0.00 0.00 0.00 0.00 0.00 0.00 0.00 0.14 0.15 0.15 0.15 0.15 0.15 0.15 0.15 0.15 0.15 0.15 0.15 0.15 0.15 0.15 0.15 0.15 0.15 0.15 0.15 0.15 0.15 0.15 0.15 0.15 0.15 0.15 0.15 0.15 0.15 0.15 0.15 0.15 0.15 0.15 0.15 0.15 0.15 0.15 0.15 0.16 0.16 0.16 0.16 0.16 0.16 0.16 0.16 0.16 0.16 0.16 0.16 0.16 0.16 0.16 0.16 0.16 0.16 0.16 0.17 0.17 0.16 0.00 0.00 0.00 0.00 0.00 0.00 0.00 0.00 0.00 0.00 0.00 0.00 
0.00 0.00 0.00 0.00 0.00 0.00 0.00 0.00 0.00 0.00 0.00 0.00 0.00 0.00 0.00 0.00 0.00 0.00 0.00 0.00 0.00 0.00 0.00 0.00 0.00 0.00 0.00 0.00 0.00 0.00 0.00 0.00 0.00 0.00 0.00 0.00 0.00 0.00 0.00 0.00 0.00 0.00 0.00 0.00 0.00 0.00 0.00 0.00 0.00 0.00 0.00 0.00 0.00 0.00 0.00 0.00 0.00 0.00 0.00 0.00 0.00 0.00 0.00 0.00 0.00 0.00 0.00 0.00 0.00 0.00 0.00 0.00 0.00 0.00 0.00 0.00 0.00 0.00 0.00 0.00 0.00 0.00 0.00 0.00 0.00 0.00 
0.00 0.00 0.00 0.00 0.00 0.00 0.00 0.00 0.00 0.00 0.00 0.00 0.00 0.00 0.00 0.00 0.00 0.00 0.00 0.00 0.00 0.00 0.00 0.00 0.00 0.00 0.00 0.00 0.00 0.00 0.00 0.00 0.00 0.00 0.00 0.00 0.00 0.00 0.00 0.00 0.00 0.00 0.00 0.00 0.00 0.00 0.00 0.00 0.00 0.00 0.00 0.00 0.00 0.00 0.00 0.00 0.00 0.00 0.00 0.00 0.00 0.00 0.00 0.00 0.00 0.00 0.00 0.00 0.00 0.00 0.00 0.00 0.00 0.00 0.00 0.00 0.00 0.00 0.00 0.00 0.00 0.00 0.00 0.00 0.00 0.00 
0.00 0.00 0.00 0.00 0.00 0.00 0.00 0.00 0.00 0.00 0.00 0.00 0.00 0.00 0.00 0.00 0.00 0.00 0.00 0.00 0.00 0.00 0.00 0.00 0.00 0.00 0.00 0.00 0.00 0.00 0.00 0.00 0.00 0.00 0.00 0.00 0.00 0.00 0.00 0.00 0.00 0.00 0.00 0.00 0.00 0.00 0.00 0.00 0.00 0.00 0.00 0.00 0.00 0.00 0.00 0.00 0.00 0.00 0.00 0.00 0.00 0.00 0.00 0.00 0.00 0.00 0.00 0.00 0.00 0.00 0.00 0.00 0.00 0.00 0.00 0.00 0.00 0.00 0.00 0.00 0.00 0.00 0.00 0.00 0.00 0.00 
