0.00 0.00 0.00 0.00 0.00 0.00 0.00 0.00 0.00 0.00 0.00 0.00 0.00 0.00 0.00 0.00 0.00 0.00 0.00 0.00 0.00 0.00 0.00 0.00 0.00 0.00 0.00 0.00 0.00 0.00 0.00 0.00 0.00 0.00 0.00 0.00 0.00 0.00 0.00 0.00 0.00 0.00 0.00 0.00 0.00 0.00 0.00 0.00 0.00 0.00 0.00 0.00 0.00 0.00 0.00 0.00 0.00 0.00 0.00 0.00 0.00 0.00 0.00 0.00 0.00 0.00 0.00 0.00 0.00 0.00 0.00 0.00 0.00 0.00 0.00 0.00 0.00 0.00 0.00 0.00 0.00 0.00 0.00 0.00 0.00 0.00 
0.00 0.00 0.00 0.00 0.00 0.00 0.00 0.00 0.00 0.00 0.00 0.00 0.00 0.00 0.00 0.00 0.00 0.00 0.00 0.00 0.00 0.00 0.00 0.00 0.00 0.00 0.00 0.00 0.00 0.00 0.00 0.00 0.00 0.00 0.00 0.00 0.00 0.00 0.00 0.00 0.00 0.00 0.00 0.00 0.00 0.00 0.00 0.00 0.00 0.00 0.00 0.00 0.00 0.00 0.00 0.00 0.00 0.00 0.00 0.00 0.00 0.00 0.00 0.00 0.00 0.00 0.00 0.00 0.00 0.00 0.00 0.00 0.00 0.00 0.00 0.00 0.00 0.00 0.00 0.00 0.00 0.00 0.00 0.00 0.00 0.00 
0.00 0.00 0.00 0.00 0.00 0.00 0.00 0.00 0.00 0.00 0.00 0.00 0.00 0.00 0.00 0.00 0.00 0.00 0.00 0.00 0.00 0.00 0.00 0.00 0.00 0.00 0.00 0.00 0.00 0.00 0.00 0.00 0.00 0.00 0.00 0.00 0.00 0.00 0.00 0.00 0.00 0.00 0.00 0.00 0.00 0.00 0.00 0.00 0.00 0.00 0.00 0.00 0.00 0.00 0.00 0.00 0.00 0.00 0.00 0.00 0.00 0.00 0.00 0.00 0.00 0.00 0.00 0.00 0.00 0.00 0.00 0.00 0.00 0.00 0.00 0.00 0.00 0.00 0.00 0.00 0.00 0.00 0.00 0.00 0.00 0.00 
0.00 0.00 0.00 0.00 0.00 0.00 0.00 0.00 0.57 2.33 2.81 3.08 3.04 2.92 2.83 2.76 2.71 2.68 2.66 2.65 2.65 2.66 2.67 2.70 2.73 2.76 2.80 2.84 2.89 2.94 3.00 3.06 3.13 3.21 3.29 3.37 3.47 3.57 3.68 3.79 3.92 4.05 4.19 4.34 4.50 4.66 4.83 5.00 5.18 5.36 5.54 5.71 5.87 6.03 6.18 6.31 6.43 6.53 6.62 6.69 6.75 6.79 6.82 6.84 6.84 6.83 6.82 6.79 6.76 6.72 6.69 6.65 6.62 6.58 6.29 5.49 4.13 0.77 0.00 0.00 0.00 0.00 0.00 0.00 0.00 0.00 
0.00 0.00 0.00 0.00 0.00 0.00 0.00 2.63 3.63 2.66 2.23 2.03 1.93 1.86 1.82 1.78 1.76 1.75 1.74 1.73 1.73 1.73 1.74 1.75 1.76 1.77 1.79 1.80 1.82 1.84 1.87 1.89 1.92 1.95 1.99 2.02 2.06 2.10 2.15 2.20 2.25 2.30 2.36 2.43 2.49 2.56 2.63 2.71 2.78 2.86 2.93 3.00 3.07 3.14 3.20 3.25 3.30 3.34 3.38 3.41 3.43 3.45 3.46 3.46 3.46 3.46 3.45 3.44 3.42 3.40 3.39 3.37 3.35 3.38 3.47 3.74 4.43 6.20 4.12 0.00 0.00 0.00 0.00 0.00 0.00 0.00 
0.00 0.00 0.00 0.00 0.00 0.45 3.99 3.31 2.41 2.22 2.05 2.09 2.01 1.95 1.92 1.90 1.88 1.87 1.86 1.85 1.85 1.85 1.85 1.86 1.87 1.88 1.89 1.90 1.91 1.93 1.95 1.96 1.98 2.01 2.03 2.06 2.09 2.12 2.15 2.19 2.22 2.27 2.31 2.36 2.41 2.46 2.51 2.57 2.62 2.68 2.73 2.79 2.84 2.89 2.93 2.97 3.01 3.04 3.07 3.09 3.10 3.11 3.12 3.12 3.12 3.11 3.10 3.09 3.08 3.07 3.05 3.04 3.02 3.05 3.12 3.09 3.30 3.63 4.97 5.78 0.45 0.00 0.00 0.00 0.00 0.00 
0.00 0.00 0.00 0.00 0.00 4.44 3.33 2.58 2.24 2.16 2.06 1.97 1.98 1.93 1.90 1.88 1.87 1.85 1.85 1.84 1.84 1.84 1.84 1.85 1.85 1.86 1.87 1.88 1.89 1.90 1.91 1.93 1.95 1.97 1.99 2.01 2.03 2.06 2.09 2.12 2.15 2.18 2.22 2.26 2.30 2.34 2.39 2.44 2.48 2.53 2.58 2.62 2.67 2.71 2.75 2.78 2.81 2.84 2.86 2.87 2.89 2.90 2.90 2.90 2.90 2.89 2.88 2.87 2.86 2.85 2.84 2.82 2.81 2.84 2.84 2.89 2.98 3.11 3.53 4.56 5.89 0.12 0.00 0.00 0.00 0.00 
0.00 0.00 0.00 0.00 3.89 4.10 2.79 2.48 2.23 2.22 2.12 2.06 2.01 1.97 1.94 1.92 1.90 1.89 1.89 1.88 1.88 1.88 1.88 1.88 1.89 1.89 1.90 1.91 1.92 1.93 1.95 1.96 1.97 1.99 2.01 2.03 2.05 2.08 2.10 2.13 2.16 2.19 2.23 2.26 2.30 2.34 2.38 2.43 2.47 2.51 2.56 2.60 2.64 2.68 2.71 2.74 2.77 2.79 2.81 2.83 2.84 2.84 2.85 2.85 2.84 2.84 2.83 2.82 2.81 2.80 2.78 2.77 2.76 2.78 2.79 2.80 2.89 2.93 3.20 3.56 5.13 4.37 0.00 0.00 0.00 0.00 
0.00 0.00 0.00 0.87 5.86 3.10 2.52 2.33 2.28 2.17 2.07 2.14 2.10 2.07 2.05 2.03 2.01 2.00 1.99 1.99 1.99 1.98 1.99 1.99 1.99 2.00 2.00 2.01 2.02 2.03 2.04 2.05 2.06 2.08 2.10 2.11 2.13 2.15 2.18 2.20 2.23 2.25 2.28 2.32 2.35 2.39 2.42 2.46 2.50 2.54 2.58 2.61 2.65 2.68 2.71 2.74 2.76 2.78 2.80 2.81 2.82 2.83 2.83 2.83 2.83 2.82 2.81 2.80 2.79 2.78 2.77 2.75 2.74 2.73 2.74 2.68 2.78 2.85 2.94 3.16 3.76 6.65 0.83 0.00 0.00 0.00 
0.00 0.00 0.00 4.70 4.30 2.93 2.53 2.40 2.25 2.26 2.19 2.13 2.08 2.05 2.02 2.01 1.99 1.98 1.97 1.97 1.97 1.96 1.97 1.97 1.97 1.98 1.98 1.99 2.00 2.01 2.02 2.03 2.04 2.05 2.07 2.09 2.10 2.12 2.14 2.17 2.19 2.22 2.25 2.28 2.31 2.35 2.38 2.42 2.45 2.49 2.53 2.56 2.60 2.63 2.66 2.68 2.71 2.72 2.74 2.75 2.76 2.77 2.77 2.77 2.76 2.76 2.75 2.74 2.73 2.71 2.70 2.69 2.68 2.67 2.71 2.73 2.78 2.79 2.91 3.03 3.42 4.74 4.62 0.00 0.00 0.00 
0.00 0.00 0.00 6.32 3.66 2.77 2.47 2.35 2.20 2.24 2.16 2.11 2.06 2.03 2.01 1.99 1.98 1.97 1.96 1.96 1.95 1.95 1.95 1.95 1.96 1.96 1.97 1.97 1.98 1.99 2.00 2.01 2.02 2.04 2.05 2.07 2.09 2.10 2.12 2.15 2.17 2.20 2.22 2.25 2.29 2.32 2.35 2.39 2.42 2.46 2.49 2.53 2.56 2.59 2.62 2.64 2.67 2.69 2.70 2.71 2.72 2.72 2.73 2.73 2.72 2.72 2.71 2.70 2.69 2.68 2.66 2.65 2.64 2.63 2.64 2.67 2.73 2.69 2.82 2.94 3.21 4.00 6.19 0.00 0.00 0.00 
0.00 0.00 0.00 7.30 3.45 2.83 2.45 2.34 2.31 2.23 2.15 2.10 2.05 2.02 2.00 1.98 1.97 1.96 1.95 1.95 1.95 1.94 1.94 1.95 1.95 1.95 1.96 1.97 1.97 1.98 1.99 2.00 2.01 2.03 2.04 2.06 2.07 2.09 2.11 2.13 2.16 2.18 2.21 2.24 2.27 2.30 2.33 2.37 2.40 2.44 2.47 2.51 2.54 2.57 2.60 2.62 2.64 2.66 2.67 2.69 2.69 2.70 2.70 2.70 2.70 2.69 2.68 2.67 2.66 2.65 2.64 2.63 2.62 2.61 2.61 2.64 2.71 2.74 2.80 2.89 3.23 3.71 7.11 0.00 0.00 0.00 
0.00 0.00 0.00 7.61 3.38 2.75 2.48 2.34 2.30 2.22 2.15 2.09 2.12 2.07 2.05 2.03 2.02 2.01 2.00 2.00 1.99 1.99 1.99 1.99 2.00 2.00 2.01 2.01 2.02 2.03 2.03 2.04 2.05 2.07 2.08 2.09 2.11 2.12 2.14 2.16 2.18 2.21 2.23 2.26 2.29 2.32 2.35 2.38 2.41 2.44 2.47 2.50 2.53 2.56 2.59 2.61 2.63 2.64 2.66 2.67 2.67 2.68 2.68 2.68 2.67 2.67 2.66 2.65 2.64 2.63 2.62 2.61 2.60 2.65 2.60 2.63 2.67 2.73 2.79 2.82 3.15 3.73 7.42 0.00 0.00 0.00 
0.00 0.00 0.00 7.59 3.37 2.75 2.48 2.34 2.30 2.22 2.15 2.09 2.12 2.07 2.05 2.03 2.02 2.01 2.00 2.00 1.99 1.99 1.99 2.00 2.00 2.00 2.01 2.01 2.02 2.03 2.03 2.04 2.05 2.07 2.08 2.09 2.11 2.13 2.14 2.16 2.18 2.21 2.23 2.26 2.29 2.32 2.35 2.38 2.41 2.44 2.47 2.50 2.53 2.56 2.59 2.61 2.63 2.64 2.66 2.67 2.67 2.68 2.68 2.68 2.67 2.67 2.66 2.65 2.64 2.63 2.62 2.61 2.60 2.65 2.60 2.63 2.67 2.73 2.79 2.82 3.15 3.73 7.42 0.00 0.00 0.00 
0.00 0.00 0.00 7.24 3.43 2.82 2.45 2.33 2.31 2.23 2.15 2.10 2.05 2.02 2.00 1.98 1.97 1.96 1.95 1.95 1.95 1.94 1.95 1.95 1.95 1.95 1.96 1.97 1.97 1.98 1.99 2.00 2.01 2.03 2.04 2.06 2.07 2.09 2.11 2.13 2.16 2.18 2.21 2.24 2.27 2.30 2.33 2.37 2.40 2.44 2.47 2.51 2.54 2.57 2.60 2.62 2.64 2.66 2.68 2.69 2.70 2.70 2.70 2.70 2.70 2.69 2.68 2.67 2.66 2.65 2.64 2.63 2.62 2.61 2.61 2.64 2.71 2.74 2.80 2.89 3.23 3.71 7.10 0.00 0.00 0.00 
0.00 0.00 0.00 6.24 3.63 2.75 2.46 2.34 2.20 2.23 2.16 2.11 2.06 2.03 2.01 1.99 1.98 1.97 1.96 1.96 1.95 1.95 1.95 1.96 1.96 1.96 1.97 1.98 1.98 1.99 2.00 2.01 2.02 2.04 2.05 2.07 2.09 2.11 2.13 2.15 2.17 2.20 2.23 2.26 2.29 2.32 2.35 2.39 2.42 2.46 2.50 2.53 2.56 2.59 2.62 2.65 2.67 2.69 2.70 2.71 2.72 2.73 2.73 2.73 2.72 2.72 2.71 2.70 2.69 2.68 2.67 2.65 2.64 2.63 2.64 2.67 2.73 2.69 2.82 2.94 3.21 4.00 6.18 0.00 0.00 0.00 
0.00 0.00 0.00 4.63 4.25 2.91 2.52 2.40 2.24 2.26 2.19 2.13 2.08 2.05 2.03 2.01 1.99 1.98 1.97 1.97 1.97 1.97 1.97 1.97 1.97 1.98 1.98 1.99 2.00 2.01 2.02 2.03 2.04 2.05 2.07 2.09 2.10 2.12 2.15 2.17 2.19 2.22 2.25 2.28 2.31 2.35 2.38 2.42 2.46 2.49 2.53 2.56 2.60 2.63 2.66 2.69 2.71 2.73 2.74 2.76 2.76 2.77 2.77 2.77 2.77 2.76 2.75 2.74 2.73 2.72 2.71 2.69 2.68 2.68 2.71 2.73 2.78 2.79 2.91 3.03 3.42 4.74 4.61 0.00 0.00 0.00 
0.00 0.00 0.00 0.86 5.77 3.07 2.51 2.32 2.27 2.17 2.07 2.14 2.10 2.07 2.05 2.03 2.01 2.00 1.99 1.99 1.99 1.99 1.99 1.99 1.99 2.00 2.00 2.01 2.02 2.03 2.04 2.05 2.07 2.08 2.10 2.11 2.13 2.15 2.18 2.20 2.23 2.26 2.29 2.32 2.35 2.39 2.42 2.46 2.50 2.54 2.58 2.61 2.65 2.68 2.71 2.74 2.77 2.79 2.80 2.82 2.83 2.83 2.83 2.83 2.83 2.82 2.82 2.81 2.80 2.78 2.77 2.76 2.75 2.73 2.74 2.69 2.78 2.85 2.94 3.16 3.75 6.63 0.83 0.00 0.00 0.00 
0.00 0.00 0.00 0.00 3.82 4.05 2.77 2.47 2.23 2.21 2.11 2.06 2.01 1.97 1.94 1.92 1.91 1.90 1.89 1.88 1.88 1.88 1.88 1.89 1.89 1.90 1.90 1.91 1.92 1.93 1.95 1.96 1.98 1.99 2.01 2.03 2.05 2.08 2.10 2.13 2.16 2.19 2.23 2.26 2.30 2.34 2.38 2.43 2.47 2.52 2.56 2.60 2.64 2.68 2.71 2.75 2.77 2.80 2.82 2.83 2.84 2.85 2.85 2.85 2.85 2.85 2.84 2.83 2.82 2.80 2.79 2.78 2.77 2.79 2.79 2.80 2.89 2.93 3.20 3.56 5.12 4.36 0.00 0.00 0.00 0.00 
0.00 0.00 0.00 0.00 0.00 4.35 3.30 2.57 2.23 2.16 2.05 1.97 1.98 1.93 1.91 1.88 1.87 1.86 1.85 1.84 1.84 1.84 1.84 1.85 1.85 1.86 1.87 1.88 1.89 1.90 1.92 1.93 1.95 1.97 1.99 2.01 2.04 2.06 2.09 2.12 2.15 2.19 2.22 2.26 2.30 2.35 2.39 2.44 2.49 2.53 2.58 2.63 2.67 2.71 2.75 2.79 2.82 2.84 2.86 2.88 2.89 2.90 2.91 2.91 2.91 2.90 2.89 2.88 2.87 2.86 2.85 2.83 2.82 2.84 2.85 2.90 2.98 3.12 3.53 4.56 5.88 0.12 0.00 0.00 0.00 0.00 
0.00 0.00 0.00 0.00 0.00 0.44 3.90 3.28 2.39 2.21 2.04 2.09 2.00 1.95 1.92 1.90 1.88 1.87 1.86 1.86 1.86 1.86 1.86 1.86 1.87 1.88 1.89 1.90 1.92 1.93 1.95 1.97 1.99 2.01 2.04 2.06 2.09 2.12 2.16 2.19 2.23 2.27 2.32 2.36 2.41 2.46 2.52 2.57 2.63 2.68 2.74 2.79 2.85 2.89 2.94 2.98 3.02 3.05 3.08 3.10 3.11 3.12 3.13 3.13 3.13 3.13 3.12 3.11 3.10 3.08 3.07 3.05 3.04 3.06 3.13 3.10 3.31 3.64 4.98 5.78 0.45 0.00 0.00 0.00 0.00 0.00 
0.00 0.00 0.00 0.00 0.00 0.00 0.15 2.63 3.60 2.64 2.22 2.02 2.07 2.01 1.97 1.94 1.92 1.91 1.90 1.89 1.89 1.89 1.90 1.91 1.92 1.93 1.94 1.96 1.98 2.00 2.02 2.05 2.08 2.11 2.14 2.18 2.21 2.26 2.30 2.35 2.40 2.46 2.51 2.58 2.64 2.71 2.78 2.85 2.93 3.00 3.08 3.15 3.22 3.28 3.34 3.40 3.45 3.49 3.53 3.56 3.58 3.60 3.61 3.61 3.61 3.61 3.60 3.59 3.57 3.55 3.54 3.52 3.50 3.53 3.49 3.76 4.44 6.21 4.13 0.00 0.00 0.00 0.00 0.00 0.00 0.00 
0.00 0.00 0.00 0.00 0.00 0.00 0.00 0.00 0.56 2.31 2.78 3.06 3.03 2.93 2.84 2.78 2.73 2.70 2.68 2.67 2.67 2.68 2.70 2.72 2.75 2.78 2.82 2.86 2.91 2.96 3.02 3.08 3.15 3.23 3.31 3.40 3.49 3.59 3.70 3.81 3.94 4.07 4.21 4.36 4.52 4.68 4.85 5.03 5.21 5.38 5.56 5.74 5.90 6.06 6.21 6.34 6.47 6.57 6.66 6.74 6.80 6.84 6.87 6.89 6.90 6.89 6.88 6.85 6.82 6.79 6.75 6.71 6.67 6.63 6.33 5.51 4.15 0.77 0.00 0.00 0.00 0.00 0.00 0.00 0.00 0.00 
0.00 0.00 0.00 0.00 0.00 0.00 0.00 0.00 0.00 0.00 0.00 0.00 0.15 0.15 0.15 0.15 0.15 0.15 0.15 0.15 0.15 0.15 0.15 0.15 0.15 0.15 0.15 0.15 0.15 0.15 0.15 0.15 0.15 0.15 0.15 0.15 0.15 0.15 0.15 0.15 0.15 0.14 0.14 0.14 0.14 0.14 0.14 0.14 0.14 0.14 0.14 0.14 0.14 0.14 0.14 0.14 0.14 0.14 0.14 0.14 0.13 0.13 0.13 0.13 0.13 0.13 0.13 0.13 0.13 0.13 0.13 0.13 0.13 0.12 0.00 0.00 0.00 0.00 0.00 0.00 0.00 0.00 0.00 0.00 0.00 0.00 
0.00 0.00 0.00 0.00 0.00 0.00 0.00 0.00 0.00 0.00 0.00 0.00 0.00 0.00 0.00 0.00 0.00 0.00 0.00 0.00 0.00 0.00 0.00 0.00 0.00 0.00 0.00 0.00 0.00 0.00 0.00 0.00 0.00 0.00 0.00 0.00 0.00 0.00 0.00 0.00 0.00 0.00 0.00 0.00 0.00 0.00 0.00 0.00 0.00 0.00 0.00 0.00 0.00 0.00 0.00 0.00 0.00 0.00 0.00 0.00 0.00 0.00 0.00 0.00 0.00 0.00 0.00 0.00 0.00 0.00 0.00 0.00 0.00 0.00 0.00 0.00 0.00 0.00 0.00 0.00 0.00 0.00 0.00 0.00 0.00 0.00 
0.00 0.00 0.00 0.00 0.00 0.00 0.00 0.00 0.00 0.00 0.00 0.00 0.00 0.00 0.00 0.00 0.00 0.00 0.00 0.00 0.00 0.00 0.00 0.00 0.00 0.00 0.00 0.00 0.00 0.00 0.00 0.00 0.00 0.00 0.00 0.00 0.00 0.00 0.00 0.00 0.00 0.00 0.00 0.00 0.00 0.00 0.00 0.00 0.00 0.00 0.00 0.00 0.00 0.00 0.00 0.00 0.00 0.00 0.00 0.00 0.00 0.00 0.00 0.00 0.00 0.00 0.00 0.00 0.00 0.00 0.00 0.00 0.00 0.00 0.00 0.00 0.00 0.00 0.00 0.00 0.00 0.00 0.00 0.00 0.00 0.00 
0.00 0.00 0.00 0.00 0.00 0.00 0.00 0.00 0.00 0.00 0.00 0.00 0.00 0.00 0.00 0.00 0.00 0.00 0.00 0.00 0.00 0.00 0.00 0.00 0.00 0.00 0.00 0.00 0.00 0.00 0.00 0.00 0.00 0.00 0.00 0.00 0.00 0.00 0.00 0.00 0.00 0.00 0.00 0.00 0.00 0.00 0.00 0.00 0.00 0.00 0.00 0.00 0.00 0.00 0.00 0.00 0.00 0.00 0.00 0.00 0.00 0.00 0.00 0.00 0.00 0.00 0.00 0.00 0.00 0.00 0.00 0.00 0.00 0.00 0.00 0.00 0.00 0.00 0.00 0.00 0.00 0.00 0.00 0.00 0.00 0.00 
