0.00 0.00 0.00 0.00 0.00 0.00 0.00 0.00 0.00 0.00 0.00 0.00 0.00 0.00 0.00 0.00 0.00 0.00 0.00 0.00 0.00 0.00 0.00 0.00 0.00 0.00 0.00 0.00 0.00 0.00 0.00 0.00 0.00 0.00 0.00 0.00 0.00 0.00 0.00 0.00 0.00 0.00 0.00 0.00 0.00 0.00 0.00 0.00 0.00 0.00 0.00 0.00 0.00 0.00 0.00 0.00 0.00 0.00 0.00 0.00 0.00 0.00 0.00 0.00 0.00 0.00 0.00 0.00 0.00 0.00 0.00 0.00 0.00 0.00 0.00 0.00 0.00 0.00 0.00 0.00 0.00 0.00 0.00 0.00 0.00 0.00 
0.00 0.00 0.00 0.00 0.00 0.00 0.00 0.00 0.00 0.00 0.00 0.00 0.00 0.00 0.00 0.00 0.00 0.00 0.00 0.00 0.00 0.00 0.00 0.00 0.00 0.00 0.00 0.00 0.00 0.00 0.00 0.00 0.00 0.00 0.00 0.00 0.00 0.00 0.00 0.00 0.00 0.00 0.00 0.00 0.00 0.00 0.00 0.00 0.00 0.00 0.00 0.00 0.00 0.00 0.00 0.00 0.00 0.00 0.00 0.00 0.00 0.00 0.00 0.00 0.00 0.00 0.00 0.00 0.00 0.00 0.00 0.00 0.00 0.00 0.00 0.00 0.00 0.00 0.00 0.00 0.00 0.00 0.00 0.00 0.00 0.00 
0.00 0.00 0.00 0.00 0.00 0.00 0.00 0.00 0.00 0.00 0.00 0.00 0.00 0.00 0.00 0.00 0.00 0.00 0.00 0.00 0.00 0.00 0.00 0.00 0.00 0.00 0.00 0.00 0.00 0.00 0.00 0.00 0.00 0.00 0.00 0.00 0.00 0.00 0.00 0.00 0.00 0.00 0.00 0.00 0.00 0.00 0.00 0.00 0.00 0.00 0.00 0.00 0.00 0.00 0.00 0.00 0.00 0.00 0.00 0.00 0.00 0.00 0.00 0.00 0.00 0.00 0.00 0.00 0.00 0.00 0.00 0.00 0.00 0.00 0.00 0.00 0.00 0.00 0.00 0.00 0.00 0.00 0.00 0.00 0.00 0.00 
0.00 0.00 0.00 0.00 0.00 0.00 0.00 0.00 1.44 8.09 9.99 10.27 9.58 8.54 7.61 6.82 6.16 5.60 5.14 4.76 4.44 4.18 3.95 3.76 3.60 3.46 3.34 3.24 3.16 3.08 3.02 2.96 2.92 2.88 2.84 2.81 2.79 2.77 2.75 2.73 2.72 2.71 2.70 2.69 2.69 2.68 2.68 2.68 2.67 2.67 2.67 2.67 2.66 2.66 2.66 2.66 2.65 2.65 2.65 2.64 2.64 2.64 2.63 2.63 2.62 2.62 2.62 2.62 2.62 2.62 2.63 2.64 2.66 2.68 2.63 2.29 1.85 0.48 0.00 0.00 0.00 0.00 0.00 0.00 0.00 0.00 
0.00 0.00 0.00 0.00 0.00 0.00 0.00 9.23 13.11 8.40 6.47 5.44 4.81 4.30 3.90 3.56 3.27 3.03 2.83 2.66 2.52 2.41 2.31 2.22 2.15 2.09 2.04 2.00 1.96 1.92 1.90 1.87 1.85 1.83 1.82 1.80 1.79 1.78 1.77 1.76 1.76 1.75 1.75 1.74 1.74 1.74 1.74 1.73 1.73 1.73 1.73 1.73 1.72 1.72 1.72 1.72 1.72 1.72 1.71 1.71 1.71 1.71 1.71 1.70 1.70 1.70 1.70 1.70 1.70 1.70 1.70 1.71 1.72 1.74 1.79 1.90 2.16 2.72 1.91 0.00 0.00 0.00 0.00 0.00 0.00 0.00 
0.00 0.00 0.00 0.00 0.00 0.84 14.08 10.93 7.31 5.99 5.18 4.73 4.23 3.84 3.54 3.27 3.05 2.87 2.71 2.58 2.48 2.38 2.31 2.24 2.19 2.14 2.10 2.06 2.03 2.00 1.98 1.96 1.95 1.93 1.92 1.91 1.90 1.89 1.88 1.87 1.87 1.86 1.86 1.86 1.85 1.85 1.85 1.84 1.84 1.84 1.84 1.84 1.84 1.83 1.83 1.83 1.83 1.83 1.82 1.82 1.82 1.82 1.82 1.82 1.81 1.81 1.81 1.81 1.81 1.81 1.81 1.82 1.82 1.84 1.88 1.78 1.87 1.91 2.43 2.61 0.37 0.00 0.00 0.00 0.00 0.00 
0.00 0.00 0.00 0.00 0.00 14.91 10.54 7.39 6.07 5.24 4.73 4.25 3.89 3.55 3.30 3.07 2.88 2.72 2.59 2.48 2.38 2.30 2.24 2.18 2.13 2.09 2.06 2.02 2.00 1.97 1.95 1.94 1.92 1.91 1.90 1.89 1.88 1.87 1.86 1.86 1.85 1.85 1.84 1.84 1.84 1.84 1.83 1.83 1.83 1.83 1.82 1.82 1.82 1.82 1.82 1.82 1.81 1.81 1.81 1.81 1.81 1.81 1.80 1.80 1.80 1.80 1.80 1.80 1.80 1.80 1.80 1.80 1.81 1.83 1.78 1.82 1.86 1.83 2.00 2.33 2.73 0.15 0.00 0.00 0.00 0.00 
0.00 0.00 0.00 0.00 11.43 12.57 7.89 6.48 5.53 4.97 4.48 4.15 3.82 3.50 3.26 3.05 2.86 2.71 2.59 2.48 2.39 2.32 2.26 2.20 2.16 2.12 2.08 2.05 2.03 2.01 1.99 1.97 1.96 1.94 1.93 1.92 1.92 1.91 1.90 1.90 1.89 1.89 1.88 1.88 1.88 1.87 1.87 1.87 1.87 1.86 1.86 1.86 1.86 1.86 1.86 1.85 1.85 1.85 1.85 1.85 1.85 1.84 1.84 1.84 1.84 1.84 1.84 1.84 1.84 1.84 1.84 1.84 1.84 1.86 1.87 1.89 1.93 1.86 1.98 2.05 2.63 2.21 0.00 0.00 0.00 0.00 
0.00 0.00 0.00 1.97 17.42 8.93 6.86 5.84 5.21 4.76 4.29 3.98 3.70 3.46 3.24 3.05 2.88 2.75 2.63 2.54 2.46 2.39 2.33 2.28 2.24 2.21 2.18 2.15 2.12 2.10 2.09 2.07 2.06 2.05 2.04 2.03 2.02 2.01 2.00 2.00 1.99 1.99 1.99 1.98 1.98 1.98 1.97 1.97 1.97 1.97 1.97 1.96 1.96 1.96 1.96 1.96 1.95 1.95 1.95 1.95 1.95 1.95 1.94 1.94 1.94 1.94 1.94 1.94 1.94 1.94 1.94 1.94 1.95 1.95 1.96 1.85 1.90 1.94 1.89 1.90 2.08 3.27 0.55 0.00 0.00 0.00 
0.00 0.00 0.00 12.39 11.97 7.88 6.40 5.65 5.09 4.66 4.28 3.97 3.65 3.41 3.19 3.00 2.84 2.71 2.59 2.50 2.42 2.36 2.30 2.25 2.21 2.18 2.15 2.12 2.10 2.08 2.06 2.05 2.04 2.02 2.01 2.01 2.00 1.99 1.98 1.98 1.97 1.97 1.97 1.96 1.96 1.96 1.95 1.95 1.95 1.95 1.95 1.94 1.94 1.94 1.94 1.94 1.94 1.93 1.93 1.93 1.93 1.93 1.92 1.92 1.92 1.92 1.92 1.92 1.92 1.92 1.92 1.92 1.93 1.93 1.95 1.97 2.00 1.91 1.98 1.95 2.04 2.56 2.43 0.00 0.00 0.00 
0.00 0.00 0.00 16.83 9.92 7.30 6.17 5.42 4.90 4.53 4.21 3.88 3.59 3.35 3.13 2.95 2.80 2.67 2.56 2.47 2.40 2.33 2.28 2.23 2.19 2.16 2.13 2.11 2.08 2.07 2.05 2.03 2.02 2.01 2.00 1.99 1.98 1.98 1.97 1.97 1.96 1.96 1.95 1.95 1.95 1.94 1.94 1.94 1.94 1.94 1.93 1.93 1.93 1.93 1.93 1.92 1.92 1.92 1.92 1.92 1.92 1.91 1.91 1.91 1.91 1.91 1.91 1.91 1.91 1.91 1.91 1.91 1.91 1.92 1.93 1.95 1.98 1.88 1.94 1.92 1.96 2.25 3.14 0.00 0.00 0.00 
0.00 0.00 0.00 19.19 9.16 7.16 6.08 5.40 4.85 4.55 4.17 3.83 3.54 3.30 3.09 2.92 2.77 2.64 2.54 2.45 2.38 2.32 2.26 2.22 2.18 2.15 2.12 2.10 2.07 2.06 2.04 2.02 2.01 2.00 1.99 1.98 1.98 1.97 1.96 1.96 1.95 1.95 1.95 1.94 1.94 1.94 1.93 1.93 1.93 1.93 1.93 1.92 1.92 1.92 1.92 1.92 1.91 1.91 1.91 1.91 1.91 1.91 1.90 1.90 1.90 1.90 1.90 1.90 1.90 1.90 1.90 1.90 1.90 1.91 1.92 1.94 1.97 2.00 1.94 1.90 2.06 2.13 3.65 0.00 0.00 0.00 
0.00 0.00 0.00 20.04 8.89 6.92 5.96 5.40 4.81 4.49 4.14 3.80 3.56 3.25 3.06 2.90 2.77 2.65 2.55 2.47 2.40 2.35 2.30 2.26 2.22 2.19 2.16 2.14 2.12 2.10 2.08 2.07 2.06 2.05 2.04 2.03 2.02 2.02 2.01 2.01 2.00 2.00 1.99 1.99 1.99 1.98 1.98 1.98 1.98 1.97 1.97 1.97 1.97 1.97 1.97 1.96 1.96 1.96 1.96 1.96 1.95 1.95 1.95 1.95 1.95 1.95 1.95 1.94 1.94 1.94 1.95 1.95 1.95 1.98 1.92 1.94 1.96 1.99 1.93 1.87 2.03 2.23 3.79 0.00 0.00 0.00 
0.00 0.00 0.00 20.03 8.88 6.92 5.96 5.40 4.81 4.49 4.14 3.80 3.55 3.25 3.06 2.90 2.77 2.65 2.55 2.47 2.40 2.35 2.30 2.26 2.22 2.19 2.16 2.14 2.12 2.10 2.08 2.07 2.06 2.05 2.04 2.03 2.02 2.02 2.01 2.01 2.00 2.00 1.99 1.99 1.99 1.98 1.98 1.98 1.98 1.97 1.97 1.97 1.97 1.97 1.97 1.96 1.96 1.96 1.96 1.96 1.95 1.95 1.95 1.95 1.95 1.95 1.95 1.94 1.94 1.94 1.95 1.95 1.95 1.98 1.92 1.94 1.96 1.99 1.93 1.87 2.03 2.23 3.79 0.00 0.00 0.00 
0.00 0.00 0.00 19.16 9.15 7.15 6.07 5.39 4.85 4.55 4.16 3.83 3.53 3.30 3.09 2.92 2.77 2.64 2.54 2.45 2.38 2.32 2.27 2.22 2.18 2.15 2.12 2.10 2.07 2.06 2.04 2.03 2.01 2.00 1.99 1.98 1.98 1.97 1.96 1.96 1.95 1.95 1.95 1.94 1.94 1.94 1.93 1.93 1.93 1.93 1.93 1.92 1.92 1.92 1.92 1.92 1.91 1.91 1.91 1.91 1.91 1.91 1.90 1.90 1.90 1.90 1.90 1.90 1.90 1.90 1.90 1.90 1.90 1.91 1.92 1.94 1.97 2.00 1.94 1.90 2.06 2.12 3.64 0.00 0.00 0.00 
0.00 0.00 0.00 16.79 9.90 7.29 6.16 5.41 4.89 4.53 4.20 3.88 3.59 3.34 3.13 2.95 2.80 2.67 2.56 2.47 2.40 2.33 2.28 2.23 2.20 2.16 2.13 2.11 2.09 2.07 2.05 2.03 2.02 2.01 2.00 1.99 1.98 1.98 1.97 1.97 1.96 1.96 1.95 1.95 1.95 1.94 1.94 1.94 1.94 1.94 1.93 1.93 1.93 1.93 1.93 1.92 1.92 1.92 1.92 1.92 1.92 1.91 1.91 1.91 1.91 1.91 1.91 1.91 1.91 1.91 1.91 1.91 1.91 1.92 1.93 1.95 1.98 1.88 1.94 1.91 1.95 2.24 3.13 0.00 0.00 0.00 
0.00 0.00 0.00 12.35 11.94 7.87 6.38 5.64 5.08 4.65 4.27 3.96 3.65 3.40 3.18 3.00 2.84 2.71 2.59 2.50 2.42 2.36 2.30 2.26 2.21 2.18 2.15 2.12 2.10 2.08 2.06 2.05 2.04 2.02 2.01 2.01 2.00 1.99 1.99 1.98 1.97 1.97 1.97 1.96 1.96 1.96 1.96 1.95 1.95 1.95 1.95 1.94 1.94 1.94 1.94 1.94 1.94 1.93 1.93 1.93 1.93 1.93 1.93 1.92 1.92 1.92 1.92 1.92 1.92 1.92 1.92 1.92 1.93 1.93 1.95 1.97 2.00 1.91 1.98 1.95 2.04 2.55 2.41 0.00 0.00 0.00 
0.00 0.00 0.00 1.96 17.36 8.91 6.84 5.83 5.19 4.75 4.27 3.97 3.69 3.45 3.24 3.05 2.88 2.75 2.63 2.54 2.46 2.39 2.33 2.29 2.24 2.21 2.18 2.15 2.13 2.11 2.09 2.07 2.06 2.05 2.04 2.03 2.02 2.01 2.01 2.00 2.00 1.99 1.99 1.98 1.98 1.98 1.98 1.97 1.97 1.97 1.97 1.96 1.96 1.96 1.96 1.96 1.96 1.95 1.95 1.95 1.95 1.95 1.94 1.94 1.94 1.94 1.94 1.94 1.94 1.94 1.94 1.94 1.95 1.95 1.96 1.85 1.90 1.93 1.88 1.89 2.07 3.25 0.55 0.00 0.00 0.00 
0.00 0.00 0.00 0.00 11.38 12.52 7.86 6.46 5.51 4.95 4.46 4.13 3.81 3.50 3.25 3.04 2.86 2.71 2.59 2.48 2.40 2.32 2.26 2.20 2.16 2.12 2.09 2.06 2.03 2.01 1.99 1.97 1.96 1.95 1.94 1.93 1.92 1.91 1.90 1.90 1.89 1.89 1.88 1.88 1.88 1.87 1.87 1.87 1.87 1.87 1.86 1.86 1.86 1.86 1.86 1.86 1.85 1.85 1.85 1.85 1.85 1.84 1.84 1.84 1.84 1.84 1.84 1.84 1.84 1.84 1.84 1.84 1.85 1.86 1.87 1.89 1.93 1.86 1.98 2.05 2.62 2.19 0.00 0.00 0.00 0.00 
0.00 0.00 0.00 0.00 0.00 14.82 10.49 7.35 6.04 5.20 4.69 4.22 3.86 3.54 3.29 3.07 2.88 2.72 2.59 2.48 2.39 2.31 2.24 2.18 2.14 2.09 2.06 2.03 2.00 1.98 1.96 1.94 1.92 1.91 1.90 1.89 1.88 1.87 1.87 1.86 1.86 1.85 1.85 1.84 1.84 1.84 1.84 1.83 1.83 1.83 1.83 1.83 1.82 1.82 1.82 1.82 1.82 1.81 1.81 1.81 1.81 1.81 1.81 1.80 1.80 1.80 1.80 1.80 1.80 1.80 1.80 1.81 1.81 1.83 1.79 1.82 1.86 1.83 2.00 2.32 2.71 0.15 0.00 0.00 0.00 0.00 
0.00 0.00 0.00 0.00 0.00 0.83 13.96 10.87 7.26 5.94 5.13 4.67 4.16 3.80 3.52 3.26 3.05 2.87 2.71 2.59 2.48 2.39 2.31 2.25 2.19 2.14 2.10 2.07 2.04 2.01 1.99 1.97 1.95 1.93 1.92 1.91 1.90 1.89 1.88 1.88 1.87 1.87 1.86 1.86 1.86 1.85 1.85 1.85 1.85 1.84 1.84 1.84 1.84 1.84 1.84 1.83 1.83 1.83 1.83 1.83 1.82 1.82 1.82 1.82 1.82 1.82 1.81 1.81 1.81 1.82 1.82 1.82 1.83 1.84 1.88 1.78 1.87 1.91 2.42 2.60 0.37 0.00 0.00 0.00 0.00 0.00 
0.00 0.00 0.00 0.00 0.00 0.00 0.15 9.24 13.00 8.30 6.39 5.36 4.86 4.39 4.02 3.69 3.42 3.18 2.98 2.82 2.68 2.57 2.47 2.38 2.31 2.25 2.20 2.16 2.12 2.08 2.05 2.03 2.01 1.99 1.97 1.96 1.95 1.94 1.93 1.92 1.91 1.91 1.90 1.90 1.90 1.89 1.89 1.89 1.89 1.88 1.88 1.88 1.88 1.88 1.87 1.87 1.87 1.87 1.87 1.86 1.86 1.86 1.86 1.86 1.85 1.85 1.85 1.85 1.85 1.85 1.86 1.86 1.87 1.89 1.79 1.90 2.16 2.72 1.91 0.00 0.00 0.00 0.00 0.00 0.00 0.00 
0.00 0.00 0.00 0.00 0.00 0.00 0.00 0.00 1.43 7.98 9.82 10.06 9.35 8.38 7.52 6.77 6.13 5.60 5.15 4.77 4.46 4.19 3.97 3.78 3.62 3.48 3.36 3.26 3.17 3.10 3.04 2.98 2.93 2.89 2.86 2.83 2.80 2.78 2.76 2.75 2.74 2.73 2.72 2.71 2.70 2.70 2.69 2.69 2.69 2.68 2.68 2.68 2.68 2.67 2.67 2.67 2.67 2.66 2.66 2.66 2.65 2.65 2.64 2.64 2.64 2.63 2.63 2.63 2.63 2.64 2.64 2.66 2.67 2.69 2.63 2.29 1.85 0.48 0.00 0.00 0.00 0.00 0.00 0.00 0.00 0.00 
0.00 0.00 0.00 0.00 0.00 0.00 0.00 0.00 0.00 0.00 0.00 0.00 0.15 0.16 0.16 0.16 0.16 0.16 0.16 0.16 0.16 0.16 0.16 0.16 0.16 0.16 0.16 0.16 0.15 0.15 0.15 0.15 0.15 0.15 0.15 0.15 0.15 0.15 0.15 0.15 0.15 0.15 0.15 0.15 0.15 0.15 0.15 0.15 0.15 0.15 0.15 0.15 0.15 0.15 0.15 0.15 0.15 0.15 0.15 0.15 0.15 0.15 0.15 0.15 0.15 0.15 0.15 0.15 0.15 0.15 0.15 0.15 0.15 0.15 0.00 0.00 0.00 0.00 0.00 0.00 0.00 0.00 0.00 0.00 0.00 0.00 
0.00 0.00 0.00 0.00 0.00 0.00 0.00 0.00 0.00 0.00 0.00 0.00 0.00 0.00 0.00 0.00 0.00 0.00 0.00 0.00 0.00 0.00 0.00 0.00 0.00 0.00 0.00 0.00 0.00 0.00 0.00 0.00 0.00 0.00 0.00 0.00 0.00 0.00 0.00 0.00 0.00 0.00 0.00 0.00 0.00 0.00 0.00 0.00 0.00 0.00 0.00 0.00 0.00 0.00 0.00 0.00 0.00 0.00 0.00 0.00 0.00 0.00 0.00 0.00 0.00 0.00 0.00 0.00 0.00 0.00 0.00 0.00 0.00 0.00 0.00 0.00 0.00 0.00 0.00 0.00 0.00 0.00 0.00 0.00 0.00 0.00 
0.00 0.00 0.00 0.00 0.00 0.00 0.00 0.00 0.00 0.00 0.00 0.00 0.00 0.00 0.00 0.00 0.00 0.00 0.00 0.00 0.00 0.00 0.00 0.00 0.00 0.00 0.00 0.00 0.00 0.00 0.00 0.00 0.00 0.00 0.00 0.00 0.00 0.00 0.00 0.00 0.00 0.00 0.00 0.00 0.00 0.00 0.00 0.00 0.00 0.00 0.00 0.00 0.00 0.00 0.00 0.00 0.00 0.00 0.00 0.00 0.00 0.00 0.00 0.00 0.00 0.00 0.00 0.00 0.00 0.00 0.00 0.00 0.00 0.00 0.00 0.00 0.00 0.00 0.00 0.00 0.00 0.00 0.00 0.00 0.00 0.00 
0.00 0.00 0.00 0.00 0.00 0.00 0.00 0.00 0.00 0.00 0.00 0.00 0.00 0.00 0.00 0.00 0.00 0.00 0.00 0.00 0.00 0.00 0.00 0.00 0.00 0.00 0.00 0.00 0.00 0.00 0.00 0.00 0.00 0.00 0.00 0.00 0.00 0.00 0.00 0.00 0.00 0.00 0.00 0.00 0.00 0.00 0.00 0.00 0.00 0.00 0.00 0.00 0.00 0.00 0.00 0.00 0.00 0.00 0.00 0.00 0.00 0.00 0.00 0.00 0.00 0.00 0.00 0.00 0.00 0.00 0.00 0.00 0.00 0.00 0.00 0.00 0.00 0.00 0.00 0.00 0.00 0.00 0.00 0.00 0.00 0.00 
