0.00 0.00 0.00 0.00 0.00 0.00 0.00 0.00 0.00 0.00 0.00 0.00 0.00 0.00 0.00 0.00 0.00 0.00 0.00 0.00 0.00 0.00 0.00 0.00 0.00 0.00 0.00 0.00 0.00 0.00 0.00 0.00 0.00 0.00 0.00 0.00 0.00 0.00 0.00 0.00 0.00 0.00 0.00 0.00 0.00 0.00 0.00 0.00 0.00 0.00 0.00 0.00 0.00 0.00 0.00 0.00 0.00 0.00 0.00 0.00 0.00 0.00 0.00 0.00 0.00 0.00 0.00 0.00 0.00 0.00 0.00 0.00 0.00 0.00 0.00 0.00 0.00 0.00 0.00 0.00 0.00 0.00 0.00 0.00 0.00 0.00 
0.00 0.00 0.00 0.00 0.00 0.00 0.00 0.00 0.00 0.00 0.00 0.00 0.00 0.00 0.00 0.00 0.00 0.00 0.00 0.00 0.00 0.00 0.00 0.00 0.00 0.00 0.00 0.00 0.00 0.00 0.00 0.00 0.00 0.00 0.00 0.00 0.00 0.00 0.00 0.00 0.00 0.00 0.00 0.00 0.00 0.00 0.00 0.00 0.00 0.00 0.00 0.00 0.00 0.00 0.00 0.00 0.00 0.00 0.00 0.00 0.00 0.00 0.00 0.00 0.00 0.00 0.00 0.00 0.00 0.00 0.00 0.00 0.00 0.00 0.00 0.00 0.00 0.00 0.00 0.00 0.00 0.00 0.00 0.00 0.00 0.00 
0.00 0.00 0.00 0.00 0.00 0.00 0.00 0.00 0.00 0.00 0.00 0.00 0.00 0.00 0.00 0.00 0.00 0.00 0.00 0.00 0.00 0.00 0.00 0.00 0.00 0.00 0.00 0.00 0.00 0.00 0.00 0.00 0.00 0.00 0.00 0.00 0.00 0.00 0.00 0.00 0.00 0.00 0.00 0.00 0.00 0.00 0.00 0.00 0.00 0.00 0.00 0.00 0.00 0.00 0.00 0.00 0.00 0.00 0.00 0.00 0.00 0.00 0.00 0.00 0.00 0.00 0.00 0.00 0.00 0.00 0.00 0.00 0.00 0.00 0.00 0.00 0.00 0.00 0.00 0.00 0.00 0.00 0.00 0.00 0.00 0.00 
0.00 0.00 0.00 0.00 0.00 0.00 0.00 0.00 0.77 3.49 4.20 4.47 4.32 4.06 3.85 3.69 3.56 3.47 3.41 3.36 3.34 3.33 3.33 3.34 3.36 3.39 3.42 3.46 3.51 3.56 3.61 3.67 3.73 3.79 3.86 3.92 3.99 4.06 4.13 4.19 4.26 4.33 4.39 4.45 4.52 4.57 4.63 4.68 4.73 4.78 4.82 4.85 4.89 4.92 4.94 4.96 4.98 4.99 5.00 5.01 5.01 5.00 5.00 4.99 4.97 4.96 4.94 4.92 4.90 4.88 4.86 4.84 4.83 4.82 4.64 4.04 3.10 0.63 0.00 0.00 0.00 0.00 0.00 0.00 0.00 0.00 
0.00 0.00 0.00 0.00 0.00 0.00 0.00 4.14 5.66 3.85 3.10 2.73 2.53 2.39 2.30 2.22 2.17 2.13 2.10 2.07 2.06 2.05 2.05 2.05 2.06 2.07 2.08 2.09 2.11 2.13 2.15 2.17 2.20 2.22 2.25 2.27 2.30 2.32 2.35 2.38 2.40 2.43 2.46 2.48 2.50 2.53 2.55 2.57 2.59 2.60 2.62 2.63 2.65 2.66 2.67 2.67 2.68 2.68 2.69 2.69 2.68 2.68 2.68 2.67 2.66 2.66 2.65 2.64 2.63 2.62 2.61 2.60 2.60 2.62 2.69 2.89 3.39 4.62 3.11 0.00 0.00 0.00 0.00 0.00 0.00 0.00 
0.00 0.00 0.00 0.00 0.00 0.59 6.70 5.13 3.51 3.04 2.72 2.67 2.51 2.40 2.33 2.27 2.23 2.19 2.17 2.15 2.13 2.12 2.12 2.12 2.12 2.13 2.13 2.14 2.15 2.16 2.18 2.19 2.21 2.23 2.24 2.26 2.28 2.30 2.31 2.33 2.35 2.37 2.39 2.40 2.42 2.44 2.45 2.46 2.48 2.49 2.50 2.51 2.51 2.52 2.53 2.53 2.53 2.53 2.53 2.53 2.53 2.53 2.52 2.52 2.51 2.50 2.49 2.49 2.48 2.47 2.46 2.45 2.45 2.47 2.53 2.47 2.63 2.83 3.80 4.33 0.40 0.00 0.00 0.00 0.00 0.00 
0.00 0.00 0.00 0.00 0.00 7.67 5.30 3.77 3.13 2.86 2.65 2.48 2.43 2.33 2.27 2.22 2.18 2.15 2.13 2.11 2.10 2.09 2.08 2.08 2.08 2.08 2.09 2.10 2.10 2.11 2.12 2.13 2.15 2.16 2.17 2.19 2.20 2.22 2.23 2.25 2.26 2.28 2.29 2.30 2.32 2.33 2.34 2.35 2.36 2.37 2.38 2.38 2.39 2.39 2.40 2.40 2.40 2.40 2.40 2.40 2.40 2.39 2.39 2.38 2.38 2.37 2.36 2.35 2.35 2.34 2.33 2.33 2.32 2.34 2.33 2.37 2.44 2.50 2.81 3.52 4.43 0.13 0.00 0.00 0.00 0.00 
0.00 0.00 0.00 0.00 6.88 6.85 4.21 3.50 3.02 2.86 2.66 2.55 2.45 2.35 2.30 2.25 2.21 2.18 2.16 2.14 2.13 2.12 2.11 2.11 2.11 2.11 2.12 2.12 2.13 2.14 2.14 2.15 2.17 2.18 2.19 2.20 2.21 2.23 2.24 2.25 2.27 2.28 2.29 2.30 2.31 2.33 2.34 2.34 2.35 2.36 2.37 2.37 2.38 2.38 2.39 2.39 2.39 2.39 2.39 2.38 2.38 2.38 2.37 2.37 2.36 2.35 2.35 2.34 2.33 2.32 2.32 2.31 2.31 2.33 2.33 2.35 2.42 2.41 2.61 2.84 3.96 3.36 0.00 0.00 0.00 0.00 
0.00 0.00 0.00 1.43 10.51 5.00 3.74 3.23 3.00 2.78 2.59 2.59 2.51 2.44 2.39 2.34 2.30 2.28 2.25 2.24 2.23 2.22 2.21 2.21 2.21 2.21 2.21 2.21 2.22 2.22 2.23 2.24 2.25 2.25 2.26 2.27 2.28 2.30 2.31 2.32 2.33 2.34 2.35 2.36 2.37 2.37 2.38 2.39 2.40 2.40 2.41 2.41 2.42 2.42 2.42 2.42 2.42 2.42 2.42 2.42 2.41 2.41 2.40 2.40 2.39 2.38 2.38 2.37 2.36 2.35 2.35 2.34 2.34 2.33 2.34 2.27 2.34 2.39 2.43 2.55 2.96 5.07 0.69 0.00 0.00 0.00 
0.00 0.00 0.00 8.65 7.40 4.57 3.64 3.25 2.95 2.85 2.69 2.58 2.48 2.41 2.36 2.31 2.28 2.25 2.23 2.21 2.20 2.19 2.18 2.18 2.18 2.18 2.18 2.18 2.19 2.19 2.20 2.21 2.21 2.22 2.23 2.24 2.25 2.26 2.27 2.28 2.29 2.30 2.31 2.32 2.33 2.33 2.34 2.35 2.36 2.36 2.37 2.37 2.37 2.37 2.38 2.38 2.38 2.38 2.37 2.37 2.37 2.36 2.36 2.35 2.35 2.34 2.33 2.32 2.32 2.31 2.30 2.30 2.29 2.29 2.32 2.34 2.38 2.35 2.44 2.50 2.76 3.71 3.57 0.00 0.00 0.00 
0.00 0.00 0.00 11.85 6.18 4.26 3.53 3.15 2.87 2.80 2.66 2.54 2.45 2.39 2.33 2.29 2.26 2.23 2.21 2.19 2.18 2.17 2.17 2.16 2.16 2.16 2.16 2.17 2.17 2.18 2.18 2.19 2.20 2.20 2.21 2.22 2.23 2.24 2.25 2.26 2.27 2.28 2.29 2.29 2.30 2.31 2.32 2.32 2.33 2.33 2.34 2.34 2.35 2.35 2.35 2.35 2.35 2.35 2.35 2.34 2.34 2.33 2.33 2.32 2.32 2.31 2.30 2.30 2.29 2.28 2.28 2.27 2.27 2.26 2.27 2.30 2.35 2.28 2.38 2.44 2.60 3.16 4.74 0.00 0.00 0.00 
0.00 0.00 0.00 13.64 5.80 4.25 3.51 3.13 2.96 2.80 2.64 2.53 2.44 2.37 2.32 2.28 2.25 2.22 2.20 2.18 2.17 2.16 2.16 2.15 2.15 2.15 2.15 2.16 2.16 2.16 2.17 2.18 2.18 2.19 2.20 2.21 2.22 2.23 2.23 2.24 2.25 2.26 2.27 2.28 2.29 2.29 2.30 2.31 2.31 2.32 2.32 2.33 2.33 2.33 2.33 2.33 2.33 2.33 2.33 2.32 2.32 2.32 2.31 2.31 2.30 2.29 2.29 2.28 2.27 2.27 2.26 2.25 2.25 2.25 2.26 2.28 2.33 2.36 2.37 2.40 2.66 2.95 5.46 0.00 0.00 0.00 
0.00 0.00 0.00 14.26 5.67 4.11 3.51 3.14 2.94 2.77 2.64 2.52 2.50 2.41 2.36 2.32 2.29 2.26 2.24 2.23 2.22 2.21 2.20 2.20 2.19 2.19 2.19 2.20 2.20 2.20 2.21 2.21 2.22 2.22 2.23 2.24 2.25 2.25 2.26 2.27 2.28 2.28 2.29 2.30 2.30 2.31 2.32 2.32 2.33 2.33 2.33 2.34 2.34 2.34 2.34 2.34 2.34 2.34 2.33 2.33 2.33 2.32 2.32 2.31 2.31 2.30 2.29 2.29 2.28 2.27 2.27 2.26 2.26 2.30 2.25 2.27 2.30 2.35 2.36 2.35 2.60 3.00 5.69 0.00 0.00 0.00 
0.00 0.00 0.00 14.21 5.66 4.11 3.50 3.14 2.94 2.77 2.64 2.52 2.50 2.41 2.36 2.32 2.29 2.26 2.24 2.23 2.22 2.21 2.20 2.20 2.19 2.19 2.19 2.20 2.20 2.20 2.21 2.21 2.22 2.22 2.23 2.24 2.25 2.25 2.26 2.27 2.28 2.28 2.29 2.30 2.30 2.31 2.32 2.32 2.33 2.33 2.33 2.34 2.34 2.34 2.34 2.34 2.34 2.34 2.33 2.33 2.33 2.32 2.32 2.31 2.31 2.30 2.29 2.29 2.28 2.27 2.27 2.26 2.26 2.30 2.25 2.27 2.30 2.35 2.36 2.35 2.60 3.00 5.69 0.00 0.00 0.00 
0.00 0.00 0.00 13.52 5.76 4.24 3.50 3.13 2.96 2.79 2.64 2.53 2.44 2.37 2.32 2.28 2.25 2.22 2.20 2.18 2.17 2.16 2.16 2.15 2.15 2.15 2.15 2.16 2.16 2.16 2.17 2.18 2.18 2.19 2.20 2.21 2.22 2.23 2.23 2.24 2.25 2.26 2.27 2.28 2.29 2.29 2.30 2.31 2.31 2.32 2.32 2.33 2.33 2.33 2.33 2.33 2.33 2.33 2.33 2.33 2.32 2.32 2.31 2.31 2.30 2.29 2.29 2.28 2.27 2.27 2.26 2.25 2.25 2.25 2.26 2.28 2.33 2.36 2.37 2.40 2.65 2.95 5.45 0.00 0.00 0.00 
0.00 0.00 0.00 11.68 6.12 4.24 3.52 3.15 2.87 2.79 2.65 2.54 2.45 2.39 2.33 2.29 2.26 2.23 2.21 2.20 2.18 2.17 2.17 2.16 2.16 2.16 2.16 2.17 2.17 2.18 2.18 2.19 2.20 2.20 2.21 2.22 2.23 2.24 2.25 2.26 2.27 2.28 2.29 2.29 2.30 2.31 2.32 2.32 2.33 2.34 2.34 2.34 2.35 2.35 2.35 2.35 2.35 2.35 2.35 2.34 2.34 2.34 2.33 2.33 2.32 2.31 2.31 2.30 2.29 2.28 2.28 2.27 2.27 2.27 2.28 2.30 2.35 2.28 2.38 2.44 2.60 3.16 4.73 0.00 0.00 0.00 
0.00 0.00 0.00 8.49 7.30 4.53 3.62 3.24 2.94 2.84 2.69 2.58 2.48 2.41 2.36 2.31 2.28 2.25 2.23 2.21 2.20 2.19 2.19 2.18 2.18 2.18 2.18 2.19 2.19 2.19 2.20 2.21 2.22 2.22 2.23 2.24 2.25 2.26 2.27 2.28 2.29 2.30 2.31 2.32 2.33 2.34 2.34 2.35 2.36 2.36 2.37 2.37 2.37 2.38 2.38 2.38 2.38 2.38 2.38 2.37 2.37 2.36 2.36 2.35 2.35 2.34 2.33 2.33 2.32 2.31 2.31 2.30 2.30 2.30 2.32 2.34 2.38 2.35 2.44 2.50 2.76 3.70 3.56 0.00 0.00 0.00 
0.00 0.00 0.00 1.40 10.30 4.94 3.71 3.21 2.98 2.77 2.58 2.59 2.50 2.44 2.39 2.34 2.31 2.28 2.26 2.24 2.23 2.22 2.21 2.21 2.21 2.21 2.21 2.21 2.22 2.22 2.23 2.24 2.25 2.26 2.27 2.28 2.29 2.30 2.31 2.32 2.33 2.34 2.35 2.36 2.37 2.38 2.39 2.39 2.40 2.41 2.41 2.41 2.42 2.42 2.42 2.42 2.42 2.42 2.42 2.42 2.41 2.41 2.40 2.40 2.39 2.39 2.38 2.37 2.36 2.36 2.35 2.34 2.34 2.33 2.34 2.27 2.34 2.39 2.43 2.55 2.96 5.05 0.68 0.00 0.00 0.00 
0.00 0.00 0.00 0.00 6.72 6.73 4.16 3.47 3.00 2.85 2.66 2.54 2.44 2.35 2.30 2.25 2.21 2.18 2.16 2.14 2.13 2.12 2.12 2.11 2.11 2.12 2.12 2.12 2.13 2.14 2.15 2.16 2.17 2.18 2.19 2.20 2.22 2.23 2.24 2.26 2.27 2.28 2.29 2.31 2.32 2.33 2.34 2.35 2.36 2.36 2.37 2.38 2.38 2.39 2.39 2.39 2.39 2.39 2.39 2.39 2.39 2.38 2.38 2.37 2.36 2.36 2.35 2.34 2.34 2.33 2.32 2.32 2.31 2.33 2.34 2.35 2.42 2.41 2.61 2.84 3.95 3.35 0.00 0.00 0.00 0.00 
0.00 0.00 0.00 0.00 0.00 7.47 5.21 3.73 3.11 2.84 2.64 2.48 2.42 2.33 2.27 2.22 2.18 2.15 2.13 2.11 2.10 2.09 2.09 2.08 2.09 2.09 2.09 2.10 2.11 2.12 2.13 2.14 2.15 2.16 2.18 2.19 2.21 2.22 2.24 2.25 2.27 2.28 2.29 2.31 2.32 2.33 2.34 2.36 2.37 2.37 2.38 2.39 2.39 2.40 2.40 2.41 2.41 2.41 2.41 2.41 2.40 2.40 2.39 2.39 2.38 2.38 2.37 2.36 2.35 2.35 2.34 2.33 2.33 2.35 2.33 2.38 2.44 2.50 2.81 3.52 4.42 0.13 0.00 0.00 0.00 0.00 
0.00 0.00 0.00 0.00 0.00 0.58 6.50 5.06 3.47 3.01 2.70 2.65 2.50 2.40 2.33 2.27 2.23 2.20 2.17 2.15 2.14 2.13 2.13 2.13 2.13 2.13 2.14 2.15 2.16 2.17 2.18 2.20 2.21 2.23 2.25 2.27 2.28 2.30 2.32 2.34 2.36 2.38 2.39 2.41 2.43 2.44 2.46 2.47 2.48 2.49 2.51 2.51 2.52 2.53 2.53 2.54 2.54 2.54 2.54 2.54 2.54 2.53 2.53 2.52 2.52 2.51 2.50 2.49 2.49 2.48 2.47 2.46 2.46 2.48 2.54 2.48 2.63 2.83 3.80 4.33 0.40 0.00 0.00 0.00 0.00 0.00 
0.00 0.00 0.00 0.00 0.00 0.00 0.17 4.14 5.60 3.81 3.07 2.71 2.67 2.55 2.46 2.39 2.34 2.30 2.27 2.24 2.23 2.22 2.22 2.22 2.22 2.23 2.24 2.26 2.27 2.29 2.31 2.33 2.36 2.38 2.40 2.43 2.46 2.48 2.51 2.53 2.56 2.58 2.61 2.63 2.66 2.68 2.70 2.72 2.74 2.76 2.77 2.78 2.80 2.81 2.82 2.82 2.83 2.83 2.83 2.83 2.83 2.83 2.82 2.82 2.81 2.80 2.79 2.78 2.77 2.76 2.75 2.74 2.74 2.76 2.70 2.90 3.39 4.62 3.11 0.00 0.00 0.00 0.00 0.00 0.00 0.00 
0.00 0.00 0.00 0.00 0.00 0.00 0.00 0.00 0.76 3.44 4.14 4.42 4.28 4.04 3.85 3.70 3.59 3.50 3.44 3.39 3.37 3.36 3.36 3.37 3.39 3.41 3.45 3.49 3.53 3.58 3.64 3.69 3.75 3.82 3.88 3.95 4.02 4.08 4.15 4.22 4.29 4.35 4.42 4.48 4.54 4.60 4.66 4.71 4.76 4.81 4.85 4.89 4.92 4.95 4.98 5.00 5.02 5.03 5.04 5.04 5.04 5.04 5.03 5.02 5.01 4.99 4.97 4.95 4.93 4.91 4.90 4.88 4.87 4.85 4.66 4.05 3.10 0.63 0.00 0.00 0.00 0.00 0.00 0.00 0.00 0.00 
0.00 0.00 0.00 0.00 0.00 0.00 0.00 0.00 0.00 0.00 0.00 0.00 0.16 0.17 0.17 0.16 0.16 0.16 0.16 0.16 0.16 0.16 0.16 0.16 0.16 0.16 0.16 0.16 0.16 0.15 0.15 0.15 0.15 0.15 0.15 0.15 0.15 0.15 0.15 0.15 0.15 0.15 0.15 0.15 0.14 0.14 0.14 0.14 0.14 0.14 0.14 0.14 0.14 0.14 0.14 0.14 0.14 0.14 0.14 0.14 0.14 0.14 0.14 0.13 0.13 0.13 0.13 0.13 0.13 0.13 0.13 0.13 0.13 0.13 0.00 0.00 0.00 0.00 0.00 0.00 0.00 0.00 0.00 0.00 0.00 0.00 
0.00 0.00 0.00 0.00 0.00 0.00 0.00 0.00 0.00 0.00 0.00 0.00 0.00 0.00 0.00 0.00 0.00 0.00 0.00 0.00 0.00 0.00 0.00 0.00 0.00 0.00 0.00 0.00 0.00 0.00 0.00 0.00 0.00 0.00 0.00 0.00 0.00 0.00 0.00 0.00 0.00 0.00 0.00 0.00 0.00 0.00 0.00 0.00 0.00 0.00 0.00 0.00 0.00 0.00 0.00 0.00 0.00 0.00 0.00 0.00 0.00 0.00 0.00 0.00 0.00 0.00 0.00 0.00 0.00 0.00 0.00 0.00 0.00 0.00 0.00 0.00 0.00 0.00 0.00 0.00 0.00 0.00 0.00 0.00 0.00 0.00 
0.00 0.00 0.00 0.00 0.00 0.00 0.00 0.00 0.00 0.00 0.00 0.00 0.00 0.00 0.00 0.00 0.00 0.00 0.00 0.00 0.00 0.00 0.00 0.00 0.00 0.00 0.00 0.00 0.00 0.00 0.00 0.00 0.00 0.00 0.00 0.00 0.00 0.00 0.00 0.00 0.00 0.00 0.00 0.00 0.00 0.00 0.00 0.00 0.00 0.00 0.00 0.00 0.00 0.00 0.00 0.00 0.00 0.00 0.00 0.00 0.00 0.00 0.00 0.00 0.00 0.00 0.00 0.00 0.00 0.00 0.00 0.00 0.00 0.00 0.00 0.00 0.00 0.00 0.00 0.00 0.00 0.00 0.00 0.00 0.00 0.00 
0.00 0.00 0.00 0.00 0.00 0.00 0.00 0.00 0.00 0.00 0.00 0.00 0.00 0.00 0.00 0.00 0.00 0.00 0.00 0.00 0.00 0.00 0.00 0.00 0.00 0.00 0.00 0.00 0.00 0.00 0.00 0.00 0.00 0.00 0.00 0.00 0.00 0.00 0.00 0.00 0.00 0.00 0.00 0.00 0.00 0.00 0.00 0.00 0.00 0.00 0.00 0.00 0.00 0.00 0.00 0.00 0.00 0.00 0.00 0.00 0.00 0.00 0.00 0.00 0.00 0.00 0.00 0.00 0.00 0.00 0.00 0.00 0.00 0.00 0.00 0.00 0.00 0.00 0.00 0.00 0.00 0.00 0.00 0.00 0.00 0.00 
