0.00 0.00 0.00 0.00 0.00 0.00 0.00 0.00 0.00 0.00 0.00 0.00 0.00 0.00 0.00 0.00 0.00 0.00 0.00 0.00 0.00 0.00 0.00 0.00 0.00 0.00 0.00 0.00 0.00 0.00 0.00 0.00 0.00 0.00 0.00 0.00 0.00 0.00 0.00 0.00 0.00 0.00 0.00 0.00 0.00 0.00 0.00 0.00 0.00 0.00 0.00 0.00 0.00 0.00 0.00 0.00 0.00 0.00 0.00 0.00 0.00 0.00 0.00 0.00 0.00 0.00 0.00 0.00 0.00 0.00 0.00 0.00 0.00 0.00 0.00 0.00 0.00 0.00 0.00 0.00 0.00 0.00 0.00 0.00 0.00 0.00 
0.00 0.00 0.00 0.00 0.00 0.00 0.00 0.00 0.00 0.00 0.00 0.00 0.00 0.00 0.00 0.00 0.00 0.00 0.00 0.00 0.00 0.00 0.00 0.00 0.00 0.00 0.00 0.00 0.00 0.00 0.00 0.00 0.00 0.00 0.00 0.00 0.00 0.00 0.00 0.00 0.00 0.00 0.00 0.00 0.00 0.00 0.00 0.00 0.00 0.00 0.00 0.00 0.00 0.00 0.00 0.00 0.00 0.00 0.00 0.00 0.00 0.00 0.00 0.00 0.00 0.00 0.00 0.00 0.00 0.00 0.00 0.00 0.00 0.00 0.00 0.00 0.00 0.00 0.00 0.00 0.00 0.00 0.00 0.00 0.00 0.00 
0.00 0.00 0.00 0.00 0.00 0.00 0.00 0.00 0.00 0.00 0.00 0.00 0.00 0.00 0.00 0.00 0.00 0.00 0.00 0.00 0.00 0.00 0.00 0.00 0.00 0.00 0.00 0.00 0.00 0.00 0.00 0.00 0.00 0.00 0.00 0.00 0.00 0.00 0.00 0.00 0.00 0.00 0.00 0.00 0.00 0.00 0.00 0.00 0.00 0.00 0.00 0.00 0.00 0.00 0.00 0.00 0.00 0.00 0.00 0.00 0.00 0.00 0.00 0.00 0.00 0.00 0.00 0.00 0.00 0.00 0.00 0.00 0.00 0.00 0.00 0.00 0.00 0.00 0.00 0.00 0.00 0.00 0.00 0.00 0.00 0.00 
0.00 0.00 0.00 0.00 0.00 0.00 0.00 0.00 1.20 6.22 7.41 7.49 6.91 6.18 5.57 5.08 4.68 4.37 4.11 3.91 3.74 3.60 3.49 3.39 3.32 3.26 3.21 3.17 3.13 3.11 3.09 3.07 3.07 3.06 3.06 3.06 3.06 3.06 3.07 3.08 3.09 3.09 3.10 3.11 3.12 3.13 3.14 3.15 3.16 3.17 3.18 3.19 3.19 3.20 3.20 3.21 3.21 3.21 3.21 3.21 3.21 3.21 3.20 3.20 3.20 3.19 3.19 3.18 3.18 3.18 3.18 3.19 3.20 3.21 3.12 2.71 2.15 0.51 0.00 0.00 0.00 0.00 0.00 0.00 0.00 0.00 
0.00 0.00 0.00 0.00 0.00 0.00 0.00 7.84 10.59 6.58 4.98 4.14 3.66 3.30 3.04 2.82 2.65 2.51 2.40 2.31 2.23 2.17 2.12 2.08 2.04 2.02 1.99 1.97 1.96 1.95 1.94 1.93 1.92 1.92 1.91 1.91 1.91 1.91 1.91 1.92 1.92 1.92 1.92 1.93 1.93 1.93 1.94 1.94 1.94 1.94 1.95 1.95 1.95 1.95 1.95 1.95 1.95 1.95 1.95 1.95 1.95 1.95 1.95 1.94 1.94 1.94 1.94 1.93 1.93 1.93 1.93 1.93 1.94 1.96 2.01 2.14 2.46 3.17 2.19 0.00 0.00 0.00 0.00 0.00 0.00 0.00 
0.00 0.00 0.00 0.00 0.00 0.85 13.13 9.45 6.05 4.82 4.09 3.75 3.37 3.09 2.90 2.73 2.60 2.49 2.40 2.33 2.27 2.22 2.18 2.14 2.12 2.09 2.07 2.06 2.04 2.03 2.02 2.01 2.01 2.00 2.00 2.00 2.00 1.99 1.99 1.99 1.99 2.00 2.00 2.00 2.00 2.00 2.00 2.00 2.00 2.00 2.01 2.01 2.01 2.01 2.01 2.01 2.01 2.01 2.00 2.00 2.00 2.00 2.00 1.99 1.99 1.99 1.99 1.98 1.98 1.98 1.98 1.98 1.98 2.00 2.05 1.95 2.06 2.13 2.75 3.00 0.38 0.00 0.00 0.00 0.00 0.00 
0.00 0.00 0.00 0.00 0.00 14.93 9.82 6.49 5.12 4.30 3.82 3.41 3.16 2.93 2.76 2.61 2.50 2.40 2.33 2.26 2.21 2.17 2.13 2.10 2.08 2.06 2.04 2.02 2.01 2.00 1.99 1.99 1.98 1.97 1.97 1.97 1.97 1.96 1.96 1.96 1.96 1.96 1.96 1.96 1.96 1.96 1.97 1.97 1.97 1.97 1.97 1.97 1.97 1.97 1.97 1.97 1.97 1.96 1.96 1.96 1.96 1.96 1.95 1.95 1.95 1.95 1.95 1.94 1.94 1.94 1.94 1.94 1.94 1.96 1.92 1.96 2.01 1.99 2.19 2.60 3.10 0.14 0.00 0.00 0.00 0.00 
0.00 0.00 0.00 0.00 12.62 12.74 7.40 5.75 4.72 4.15 3.69 3.40 3.14 2.91 2.75 2.62 2.51 2.42 2.35 2.29 2.24 2.20 2.16 2.13 2.11 2.09 2.07 2.06 2.04 2.03 2.03 2.02 2.01 2.01 2.00 2.00 2.00 2.00 2.00 1.99 1.99 1.99 1.99 1.99 1.99 1.99 1.99 1.99 1.99 2.00 2.00 1.99 1.99 1.99 1.99 1.99 1.99 1.99 1.99 1.99 1.98 1.98 1.98 1.98 1.98 1.97 1.97 1.97 1.97 1.97 1.97 1.97 1.97 1.98 1.99 2.01 2.06 2.00 2.13 2.23 2.92 2.45 0.00 0.00 0.00 0.00 
0.00 0.00 0.00 2.29 19.24 9.04 6.43 5.19 4.49 3.99 3.55 3.33 3.11 2.94 2.80 2.67 2.57 2.49 2.43 2.37 2.33 2.29 2.26 2.23 2.21 2.19 2.17 2.16 2.14 2.13 2.13 2.12 2.11 2.11 2.10 2.10 2.10 2.09 2.09 2.09 2.09 2.09 2.09 2.09 2.09 2.09 2.09 2.09 2.09 2.09 2.08 2.08 2.08 2.08 2.08 2.08 2.08 2.08 2.08 2.07 2.07 2.07 2.07 2.06 2.06 2.06 2.06 2.05 2.05 2.05 2.05 2.05 2.05 2.05 2.06 1.96 2.01 2.05 2.02 2.05 2.27 3.64 0.58 0.00 0.00 0.00 
0.00 0.00 0.00 14.74 13.17 8.00 6.04 5.07 4.39 3.96 3.59 3.32 3.08 2.90 2.75 2.64 2.54 2.46 2.39 2.34 2.30 2.26 2.23 2.20 2.18 2.16 2.15 2.13 2.12 2.11 2.10 2.09 2.09 2.08 2.08 2.08 2.07 2.07 2.07 2.07 2.07 2.06 2.06 2.06 2.06 2.06 2.06 2.06 2.06 2.06 2.06 2.06 2.06 2.06 2.06 2.05 2.05 2.05 2.05 2.05 2.05 2.04 2.04 2.04 2.04 2.03 2.03 2.03 2.03 2.03 2.03 2.03 2.03 2.03 2.05 2.07 2.10 2.03 2.09 2.08 2.20 2.80 2.64 0.00 0.00 0.00 
0.00 0.00 0.00 20.14 10.88 7.39 5.83 4.86 4.25 3.85 3.54 3.26 3.04 2.86 2.72 2.60 2.51 2.43 2.37 2.32 2.28 2.24 2.21 2.19 2.16 2.15 2.13 2.12 2.10 2.10 2.09 2.08 2.07 2.07 2.06 2.06 2.06 2.06 2.05 2.05 2.05 2.05 2.05 2.05 2.05 2.05 2.05 2.05 2.05 2.04 2.04 2.04 2.04 2.04 2.04 2.04 2.04 2.04 2.03 2.03 2.03 2.03 2.02 2.02 2.02 2.02 2.02 2.01 2.01 2.01 2.01 2.01 2.01 2.01 2.02 2.04 2.08 1.98 2.05 2.04 2.10 2.43 3.44 0.00 0.00 0.00 
0.00 0.00 0.00 22.97 10.11 7.21 5.79 4.83 4.24 3.87 3.52 3.23 3.00 2.83 2.69 2.58 2.49 2.42 2.36 2.31 2.26 2.23 2.20 2.17 2.15 2.13 2.12 2.11 2.10 2.09 2.08 2.07 2.06 2.06 2.06 2.05 2.05 2.05 2.04 2.04 2.04 2.04 2.04 2.04 2.04 2.04 2.04 2.04 2.03 2.03 2.03 2.03 2.03 2.03 2.03 2.03 2.03 2.02 2.02 2.02 2.02 2.02 2.01 2.01 2.01 2.01 2.00 2.00 2.00 2.00 2.00 2.00 2.00 2.00 2.01 2.03 2.07 2.09 2.04 2.02 2.19 2.30 3.99 0.00 0.00 0.00 
0.00 0.00 0.00 23.97 9.84 6.95 5.69 4.85 4.20 3.83 3.50 3.21 3.05 2.83 2.71 2.60 2.52 2.45 2.39 2.34 2.30 2.27 2.24 2.22 2.20 2.18 2.16 2.15 2.14 2.13 2.12 2.12 2.11 2.10 2.10 2.10 2.09 2.09 2.09 2.09 2.08 2.08 2.08 2.08 2.08 2.08 2.08 2.08 2.08 2.07 2.07 2.07 2.07 2.07 2.07 2.07 2.07 2.06 2.06 2.06 2.06 2.05 2.05 2.05 2.05 2.04 2.04 2.04 2.04 2.04 2.04 2.04 2.04 2.07 2.01 2.03 2.05 2.09 2.04 1.99 2.16 2.39 4.14 0.00 0.00 0.00 
0.00 0.00 0.00 23.94 9.83 6.94 5.69 4.84 4.19 3.83 3.50 3.21 3.05 2.83 2.70 2.60 2.52 2.45 2.39 2.34 2.30 2.27 2.24 2.22 2.20 2.18 2.16 2.15 2.14 2.13 2.12 2.12 2.11 2.10 2.10 2.10 2.09 2.09 2.09 2.09 2.08 2.08 2.08 2.08 2.08 2.08 2.08 2.08 2.08 2.07 2.07 2.07 2.07 2.07 2.07 2.07 2.07 2.06 2.06 2.06 2.06 2.05 2.05 2.05 2.05 2.04 2.04 2.04 2.04 2.04 2.04 2.04 2.04 2.07 2.01 2.03 2.05 2.09 2.04 1.99 2.16 2.39 4.14 0.00 0.00 0.00 
0.00 0.00 0.00 22.87 10.07 7.19 5.77 4.82 4.23 3.86 3.51 3.23 3.00 2.83 2.69 2.58 2.49 2.42 2.36 2.31 2.26 2.23 2.20 2.17 2.15 2.14 2.12 2.11 2.10 2.09 2.08 2.07 2.06 2.06 2.06 2.05 2.05 2.05 2.04 2.04 2.04 2.04 2.04 2.04 2.04 2.04 2.04 2.04 2.04 2.03 2.03 2.03 2.03 2.03 2.03 2.03 2.03 2.03 2.02 2.02 2.02 2.02 2.01 2.01 2.01 2.01 2.01 2.00 2.00 2.00 2.00 2.00 2.00 2.00 2.01 2.03 2.07 2.09 2.04 2.02 2.19 2.30 3.98 0.00 0.00 0.00 
0.00 0.00 0.00 20.00 10.81 7.35 5.80 4.84 4.24 3.84 3.53 3.26 3.03 2.86 2.72 2.60 2.51 2.43 2.37 2.32 2.28 2.24 2.21 2.19 2.16 2.15 2.13 2.12 2.11 2.10 2.09 2.08 2.07 2.07 2.07 2.06 2.06 2.06 2.05 2.05 2.05 2.05 2.05 2.05 2.05 2.05 2.05 2.05 2.05 2.05 2.04 2.04 2.04 2.04 2.04 2.04 2.04 2.04 2.03 2.03 2.03 2.03 2.03 2.02 2.02 2.02 2.02 2.01 2.01 2.01 2.01 2.01 2.01 2.01 2.03 2.04 2.08 1.98 2.05 2.04 2.10 2.43 3.43 0.00 0.00 0.00 
0.00 0.00 0.00 14.60 13.06 7.94 6.00 5.04 4.37 3.94 3.58 3.31 3.07 2.90 2.75 2.63 2.54 2.46 2.40 2.34 2.30 2.26 2.23 2.20 2.18 2.16 2.15 2.13 2.12 2.11 2.10 2.10 2.09 2.08 2.08 2.08 2.07 2.07 2.07 2.07 2.07 2.07 2.07 2.06 2.06 2.06 2.06 2.06 2.06 2.06 2.06 2.06 2.06 2.06 2.06 2.06 2.05 2.05 2.05 2.05 2.05 2.04 2.04 2.04 2.04 2.03 2.03 2.03 2.03 2.03 2.03 2.03 2.03 2.03 2.05 2.07 2.10 2.02 2.09 2.08 2.20 2.79 2.63 0.00 0.00 0.00 
0.00 0.00 0.00 2.26 19.00 8.94 6.37 5.15 4.46 3.97 3.54 3.32 3.11 2.94 2.79 2.67 2.58 2.49 2.43 2.37 2.33 2.29 2.26 2.23 2.21 2.19 2.17 2.16 2.15 2.14 2.13 2.12 2.11 2.11 2.10 2.10 2.10 2.10 2.09 2.09 2.09 2.09 2.09 2.09 2.09 2.09 2.09 2.09 2.09 2.09 2.09 2.09 2.08 2.08 2.08 2.08 2.08 2.08 2.08 2.07 2.07 2.07 2.07 2.07 2.06 2.06 2.06 2.06 2.05 2.05 2.05 2.05 2.05 2.05 2.06 1.96 2.01 2.05 2.02 2.05 2.27 3.62 0.57 0.00 0.00 0.00 
0.00 0.00 0.00 0.00 12.43 12.55 7.31 5.69 4.68 4.12 3.67 3.38 3.13 2.91 2.75 2.62 2.51 2.42 2.35 2.29 2.24 2.20 2.16 2.14 2.11 2.09 2.07 2.06 2.05 2.04 2.03 2.02 2.01 2.01 2.01 2.00 2.00 2.00 2.00 2.00 2.00 2.00 2.00 2.00 2.00 2.00 2.00 2.00 2.00 2.00 2.00 2.00 2.00 2.00 2.00 1.99 1.99 1.99 1.99 1.99 1.99 1.98 1.98 1.98 1.98 1.98 1.97 1.97 1.97 1.97 1.97 1.97 1.97 1.99 2.00 2.01 2.06 2.00 2.13 2.23 2.91 2.43 0.00 0.00 0.00 0.00 
0.00 0.00 0.00 0.00 0.00 14.60 9.66 6.40 5.05 4.25 3.78 3.38 3.14 2.91 2.75 2.61 2.50 2.41 2.33 2.27 2.22 2.17 2.14 2.11 2.08 2.06 2.04 2.03 2.01 2.00 2.00 1.99 1.98 1.98 1.97 1.97 1.97 1.97 1.97 1.97 1.97 1.97 1.97 1.97 1.97 1.97 1.97 1.97 1.97 1.97 1.97 1.97 1.97 1.97 1.97 1.97 1.97 1.97 1.97 1.96 1.96 1.96 1.96 1.96 1.95 1.95 1.95 1.95 1.94 1.94 1.94 1.94 1.94 1.96 1.93 1.96 2.01 1.99 2.19 2.60 3.09 0.14 0.00 0.00 0.00 0.00 
0.00 0.00 0.00 0.00 0.00 0.83 12.75 9.29 5.95 4.75 4.04 3.70 3.32 3.07 2.88 2.73 2.60 2.49 2.40 2.33 2.27 2.22 2.18 2.15 2.12 2.10 2.08 2.06 2.05 2.04 2.03 2.02 2.01 2.01 2.00 2.00 2.00 2.00 2.00 2.00 2.00 2.00 2.00 2.00 2.00 2.00 2.01 2.01 2.01 2.01 2.01 2.01 2.01 2.01 2.01 2.01 2.01 2.01 2.01 2.01 2.00 2.00 2.00 2.00 2.00 1.99 1.99 1.99 1.99 1.99 1.99 1.99 1.99 2.01 2.05 1.96 2.06 2.13 2.75 2.99 0.38 0.00 0.00 0.00 0.00 0.00 
0.00 0.00 0.00 0.00 0.00 0.00 0.16 7.81 10.40 6.46 4.89 4.07 3.75 3.42 3.18 2.98 2.81 2.68 2.57 2.48 2.40 2.34 2.29 2.25 2.21 2.18 2.16 2.14 2.12 2.11 2.10 2.09 2.08 2.08 2.08 2.07 2.07 2.07 2.07 2.07 2.08 2.08 2.08 2.08 2.09 2.09 2.09 2.09 2.10 2.10 2.10 2.10 2.10 2.11 2.11 2.11 2.11 2.11 2.11 2.10 2.10 2.10 2.10 2.10 2.09 2.09 2.09 2.09 2.08 2.08 2.08 2.08 2.09 2.11 2.01 2.14 2.46 3.17 2.19 0.00 0.00 0.00 0.00 0.00 0.00 0.00 
0.00 0.00 0.00 0.00 0.00 0.00 0.00 0.00 1.18 6.08 7.24 7.31 6.74 6.08 5.52 5.06 4.68 4.38 4.13 3.93 3.76 3.62 3.51 3.42 3.34 3.28 3.23 3.19 3.15 3.13 3.11 3.09 3.08 3.08 3.08 3.08 3.08 3.08 3.09 3.10 3.10 3.11 3.12 3.13 3.14 3.15 3.16 3.17 3.18 3.19 3.20 3.20 3.21 3.22 3.22 3.22 3.23 3.23 3.23 3.23 3.23 3.22 3.22 3.22 3.21 3.21 3.20 3.20 3.20 3.20 3.20 3.20 3.21 3.22 3.12 2.71 2.15 0.51 0.00 0.00 0.00 0.00 0.00 0.00 0.00 0.00 
0.00 0.00 0.00 0.00 0.00 0.00 0.00 0.00 0.00 0.00 0.00 0.00 0.16 0.17 0.17 0.16 0.16 0.16 0.16 0.16 0.16 0.16 0.16 0.16 0.16 0.16 0.16 0.16 0.16 0.16 0.16 0.16 0.16 0.16 0.15 0.15 0.15 0.15 0.15 0.15 0.15 0.15 0.15 0.15 0.15 0.15 0.15 0.15 0.15 0.15 0.15 0.15 0.15 0.15 0.15 0.15 0.15 0.15 0.15 0.15 0.15 0.15 0.15 0.15 0.15 0.15 0.15 0.15 0.15 0.15 0.15 0.15 0.15 0.14 0.00 0.00 0.00 0.00 0.00 0.00 0.00 0.00 0.00 0.00 0.00 0.00 
0.00 0.00 0.00 0.00 0.00 0.00 0.00 0.00 0.00 0.00 0.00 0.00 0.00 0.00 0.00 0.00 0.00 0.00 0.00 0.00 0.00 0.00 0.00 0.00 0.00 0.00 0.00 0.00 0.00 0.00 0.00 0.00 0.00 0.00 0.00 0.00 0.00 0.00 0.00 0.00 0.00 0.00 0.00 0.00 0.00 0.00 0.00 0.00 0.00 0.00 0.00 0.00 0.00 0.00 0.00 0.00 0.00 0.00 0.00 0.00 0.00 0.00 0.00 0.00 0.00 0.00 0.00 0.00 0.00 0.00 0.00 0.00 0.00 0.00 0.00 0.00 0.00 0.00 0.00 0.00 0.00 0.00 0.00 0.00 0.00 0.00 
0.00 0.00 0.00 0.00 0.00 0.00 0.00 0.00 0.00 0.00 0.00 0.00 0.00 0.00 0.00 0.00 0.00 0.00 0.00 0.00 0.00 0.00 0.00 0.00 0.00 0.00 0.00 0.00 0.00 0.00 0.00 0.00 0.00 0.00 0.00 0.00 0.00 0.00 0.00 0.00 0.00 0.00 0.00 0.00 0.00 0.00 0.00 0.00 0.00 0.00 0.00 0.00 0.00 0.00 0.00 0.00 0.00 0.00 0.00 0.00 0.00 0.00 0.00 0.00 0.00 0.00 0.00 0.00 0.00 0.00 0.00 0.00 0.00 0.00 0.00 0.00 0.00 0.00 0.00 0.00 0.00 0.00 0.00 0.00 0.00 0.00 
0.00 0.00 0.00 0.00 0.00 0.00 0.00 0.00 0.00 0.00 0.00 0.00 0.00 0.00 0.00 0.00 0.00 0.00 0.00 0.00 0.00 0.00 0.00 0.00 0.00 0.00 0.00 0.00 0.00 0.00 0.00 0.00 0.00 0.00 0.00 0.00 0.00 0.00 0.00 0.00 0.00 0.00 0.00 0.00 0.00 0.00 0.00 0.00 0.00 0.00 0.00 0.00 0.00 0.00 0.00 0.00 0.00 0.00 0.00 0.00 0.00 0.00 0.00 0.00 0.00 0.00 0.00 0.00 0.00 0.00 0.00 0.00 0.00 0.00 0.00 0.00 0.00 0.00 0.00 0.00 0.00 0.00 0.00 0.00 0.00 0.00 
