0.00 0.00 0.00 0.00 0.00 0.00 0.00 0.00 0.00 0.00 0.00 0.00 0.00 0.00 0.00 0.00 0.00 0.00 0.00 0.00 0.00 0.00 0.00 0.00 0.00 0.00 0.00 0.00 0.00 0.00 0.00 0.00 0.00 0.00 0.00 0.00 0.00 0.00 0.00 0.00 0.00 0.00 0.00 0.00 0.00 0.00 0.00 0.00 0.00 0.00 0.00 0.00 0.00 0.00 0.00 0.00 0.00 0.00 0.00 0.00 0.00 0.00 0.00 0.00 0.00 0.00 0.00 0.00 0.00 0.00 0.00 0.00 0.00 0.00 0.00 0.00 0.00 0.00 0.00 0.00 0.00 0.00 0.00 0.00 0.00 0.00 
0.00 0.00 0.00 0.00 0.00 0.00 0.00 0.00 0.00 0.00 0.00 0.00 0.00 0.00 0.00 0.00 0.00 0.00 0.00 0.00 0.00 0.00 0.00 0.00 0.00 0.00 0.00 0.00 0.00 0.00 0.00 0.00 0.00 0.00 0.00 0.00 0.00 0.00 0.00 0.00 0.00 0.00 0.00 0.00 0.00 0.00 0.00 0.00 0.00 0.00 0.00 0.00 0.00 0.00 0.00 0.00 0.00 0.00 0.00 0.00 0.00 0.00 0.00 0.00 0.00 0.00 0.00 0.00 0.00 0.00 0.00 0.00 0.00 0.00 0.00 0.00 0.00 0.00 0.00 0.00 0.00 0.00 0.00 0.00 0.00 0.00 
0.00 0.00 0.00 0.00 0.00 0.00 0.00 0.00 0.00 0.00 0.00 0.00 0.00 0.00 0.00 0.00 0.00 0.00 0.00 0.00 0.00 0.00 0.00 0.00 0.00 0.00 0.00 0.00 0.00 0.00 0.00 0.00 0.00 0.00 0.00 0.00 0.00 0.00 0.00 0.00 0.00 0.00 0.00 0.00 0.00 0.00 0.00 0.00 0.00 0.00 0.00 0.00 0.00 0.00 0.00 0.00 0.00 0.00 0.00 0.00 0.00 0.00 0.00 0.00 0.00 0.00 0.00 0.00 0.00 0.00 0.00 0.00 0.00 0.00 0.00 0.00 0.00 0.00 0.00 0.00 0.00 0.00 0.00 0.00 0.00 0.00 
0.00 0.00 0.00 0.00 0.00 0.00 0.00 0.00 1.05 5.24 6.25 6.39 5.97 5.42 4.96 4.59 4.30 4.07 3.89 3.74 3.62 3.53 3.45 3.40 3.35 3.32 3.29 3.27 3.26 3.26 3.26 3.26 3.27 3.28 3.29 3.31 3.32 3.34 3.36 3.38 3.40 3.42 3.44 3.46 3.48 3.50 3.52 3.54 3.55 3.57 3.58 3.60 3.61 3.62 3.63 3.63 3.64 3.64 3.64 3.64 3.64 3.64 3.64 3.63 3.63 3.62 3.61 3.60 3.60 3.59 3.59 3.59 3.60 3.60 3.49 3.04 2.38 0.54 0.00 0.00 0.00 0.00 0.00 0.00 0.00 0.00 
0.00 0.00 0.00 0.00 0.00 0.00 0.00 6.60 8.89 5.62 4.31 3.64 3.26 2.98 2.78 2.62 2.49 2.39 2.31 2.24 2.19 2.14 2.11 2.08 2.06 2.04 2.03 2.02 2.01 2.01 2.01 2.01 2.01 2.01 2.01 2.02 2.02 2.03 2.04 2.04 2.05 2.06 2.06 2.07 2.08 2.08 2.09 2.10 2.10 2.11 2.11 2.12 2.12 2.12 2.13 2.13 2.13 2.13 2.13 2.13 2.13 2.12 2.12 2.12 2.12 2.11 2.11 2.10 2.10 2.10 2.10 2.10 2.10 2.12 2.18 2.33 2.68 3.53 2.42 0.00 0.00 0.00 0.00 0.00 0.00 0.00 
0.00 0.00 0.00 0.00 0.00 0.78 11.24 8.05 5.18 4.20 3.61 3.37 3.07 2.86 2.70 2.58 2.48 2.40 2.33 2.28 2.23 2.20 2.17 2.15 2.13 2.11 2.10 2.09 2.09 2.08 2.08 2.07 2.07 2.07 2.07 2.08 2.08 2.08 2.08 2.09 2.09 2.10 2.10 2.10 2.11 2.11 2.11 2.12 2.12 2.12 2.13 2.13 2.13 2.13 2.13 2.13 2.13 2.13 2.13 2.13 2.13 2.12 2.12 2.12 2.12 2.11 2.11 2.11 2.10 2.10 2.10 2.10 2.10 2.12 2.16 2.08 2.20 2.30 3.01 3.32 0.38 0.00 0.00 0.00 0.00 0.00 
0.00 0.00 0.00 0.00 0.00 13.08 8.50 5.61 4.45 3.80 3.41 3.09 2.91 2.72 2.59 2.49 2.40 2.33 2.27 2.22 2.19 2.15 2.13 2.11 2.09 2.08 2.06 2.06 2.05 2.04 2.04 2.04 2.04 2.03 2.03 2.04 2.04 2.04 2.04 2.04 2.04 2.05 2.05 2.05 2.06 2.06 2.06 2.06 2.06 2.07 2.07 2.07 2.07 2.07 2.07 2.07 2.07 2.07 2.07 2.07 2.06 2.06 2.06 2.06 2.05 2.05 2.05 2.04 2.04 2.04 2.03 2.03 2.03 2.05 2.02 2.06 2.11 2.12 2.34 2.82 3.42 0.14 0.00 0.00 0.00 0.00 
0.00 0.00 0.00 0.00 11.67 11.33 6.47 5.03 4.15 3.70 3.33 3.10 2.90 2.72 2.60 2.50 2.42 2.35 2.29 2.25 2.21 2.18 2.16 2.14 2.12 2.11 2.10 2.09 2.08 2.07 2.07 2.07 2.06 2.06 2.06 2.06 2.06 2.06 2.07 2.07 2.07 2.07 2.07 2.08 2.08 2.08 2.08 2.08 2.08 2.09 2.09 2.09 2.09 2.09 2.09 2.09 2.09 2.09 2.08 2.08 2.08 2.08 2.07 2.07 2.07 2.06 2.06 2.06 2.05 2.05 2.05 2.05 2.05 2.07 2.08 2.09 2.14 2.10 2.25 2.38 3.17 2.66 0.00 0.00 0.00 0.00 
0.00 0.00 0.00 2.23 17.85 8.06 5.65 4.56 3.99 3.57 3.22 3.08 2.91 2.78 2.66 2.57 2.49 2.43 2.38 2.34 2.31 2.28 2.25 2.23 2.22 2.20 2.19 2.18 2.18 2.17 2.17 2.16 2.16 2.16 2.16 2.15 2.15 2.15 2.15 2.15 2.16 2.16 2.16 2.16 2.16 2.16 2.16 2.16 2.16 2.16 2.16 2.16 2.16 2.16 2.16 2.16 2.16 2.16 2.16 2.15 2.15 2.15 2.15 2.14 2.14 2.14 2.13 2.13 2.13 2.12 2.12 2.12 2.12 2.12 2.13 2.03 2.09 2.13 2.12 2.17 2.44 3.98 0.60 0.00 0.00 0.00 
0.00 0.00 0.00 14.41 12.24 7.18 5.35 4.49 3.91 3.58 3.28 3.06 2.87 2.74 2.62 2.53 2.46 2.40 2.35 2.31 2.28 2.25 2.23 2.21 2.19 2.18 2.17 2.16 2.15 2.14 2.14 2.14 2.13 2.13 2.13 2.13 2.13 2.13 2.13 2.13 2.13 2.13 2.13 2.13 2.13 2.13 2.13 2.13 2.13 2.13 2.13 2.13 2.13 2.13 2.13 2.13 2.13 2.13 2.13 2.12 2.12 2.12 2.12 2.11 2.11 2.11 2.10 2.10 2.10 2.09 2.09 2.09 2.09 2.09 2.12 2.13 2.17 2.10 2.18 2.18 2.34 3.01 2.86 0.00 0.00 0.00 
0.00 0.00 0.00 19.79 10.11 6.63 5.16 4.31 3.79 3.49 3.23 3.01 2.84 2.70 2.60 2.51 2.44 2.38 2.33 2.29 2.26 2.23 2.21 2.19 2.17 2.16 2.15 2.14 2.13 2.13 2.12 2.12 2.12 2.11 2.11 2.11 2.11 2.11 2.11 2.11 2.11 2.11 2.11 2.11 2.11 2.11 2.12 2.12 2.12 2.12 2.12 2.12 2.12 2.11 2.11 2.11 2.11 2.11 2.11 2.11 2.10 2.10 2.10 2.09 2.09 2.09 2.08 2.08 2.08 2.08 2.07 2.07 2.07 2.07 2.08 2.10 2.14 2.06 2.13 2.13 2.22 2.61 3.75 0.00 0.00 0.00 
0.00 0.00 0.00 22.64 9.44 6.48 5.13 4.28 3.81 3.50 3.22 2.99 2.81 2.68 2.57 2.49 2.42 2.36 2.32 2.28 2.25 2.22 2.20 2.18 2.16 2.15 2.14 2.13 2.12 2.12 2.11 2.11 2.11 2.10 2.10 2.10 2.10 2.10 2.10 2.10 2.10 2.10 2.10 2.10 2.10 2.10 2.10 2.10 2.10 2.10 2.10 2.10 2.10 2.10 2.10 2.10 2.10 2.10 2.10 2.09 2.09 2.09 2.08 2.08 2.08 2.08 2.07 2.07 2.07 2.06 2.06 2.06 2.06 2.06 2.07 2.09 2.13 2.16 2.12 2.11 2.30 2.45 4.33 0.00 0.00 0.00 
0.00 0.00 0.00 23.65 9.21 6.23 5.06 4.29 3.78 3.47 3.20 2.97 2.87 2.69 2.60 2.52 2.45 2.40 2.35 2.32 2.29 2.26 2.24 2.22 2.21 2.19 2.18 2.18 2.17 2.16 2.16 2.15 2.15 2.15 2.14 2.14 2.14 2.14 2.14 2.14 2.14 2.14 2.14 2.14 2.14 2.14 2.14 2.14 2.14 2.14 2.14 2.14 2.14 2.13 2.13 2.13 2.13 2.13 2.13 2.12 2.12 2.12 2.12 2.11 2.11 2.11 2.10 2.10 2.10 2.09 2.09 2.09 2.09 2.12 2.07 2.08 2.11 2.15 2.12 2.07 2.26 2.53 4.51 0.00 0.00 0.00 
0.00 0.00 0.00 23.60 9.19 6.23 5.06 4.29 3.77 3.47 3.20 2.97 2.86 2.69 2.60 2.52 2.45 2.40 2.35 2.32 2.29 2.26 2.24 2.22 2.21 2.20 2.18 2.18 2.17 2.16 2.16 2.15 2.15 2.15 2.14 2.14 2.14 2.14 2.14 2.14 2.14 2.14 2.14 2.14 2.14 2.14 2.14 2.14 2.14 2.14 2.14 2.14 2.14 2.14 2.13 2.13 2.13 2.13 2.13 2.12 2.12 2.12 2.12 2.11 2.11 2.11 2.10 2.10 2.10 2.09 2.09 2.09 2.09 2.12 2.07 2.08 2.11 2.15 2.12 2.07 2.26 2.53 4.50 0.00 0.00 0.00 
0.00 0.00 0.00 22.49 9.39 6.46 5.12 4.27 3.81 3.50 3.21 2.99 2.81 2.68 2.57 2.49 2.42 2.36 2.32 2.28 2.25 2.22 2.20 2.18 2.16 2.15 2.14 2.13 2.12 2.12 2.11 2.11 2.11 2.10 2.10 2.10 2.10 2.10 2.10 2.10 2.10 2.10 2.10 2.10 2.10 2.10 2.10 2.10 2.10 2.10 2.10 2.10 2.10 2.10 2.10 2.10 2.10 2.10 2.10 2.09 2.09 2.09 2.09 2.08 2.08 2.08 2.07 2.07 2.07 2.06 2.06 2.06 2.06 2.06 2.07 2.09 2.13 2.16 2.12 2.11 2.30 2.45 4.32 0.00 0.00 0.00 
0.00 0.00 0.00 19.57 10.02 6.58 5.13 4.30 3.78 3.48 3.23 3.01 2.84 2.70 2.59 2.51 2.44 2.38 2.33 2.29 2.26 2.23 2.21 2.19 2.18 2.16 2.15 2.14 2.14 2.13 2.12 2.12 2.12 2.12 2.11 2.11 2.11 2.11 2.11 2.11 2.11 2.11 2.11 2.11 2.11 2.12 2.12 2.12 2.12 2.12 2.12 2.12 2.12 2.12 2.11 2.11 2.11 2.11 2.11 2.11 2.10 2.10 2.10 2.09 2.09 2.09 2.09 2.08 2.08 2.08 2.07 2.07 2.07 2.08 2.09 2.10 2.14 2.06 2.13 2.13 2.22 2.60 3.73 0.00 0.00 0.00 
0.00 0.00 0.00 14.19 12.09 7.10 5.30 4.46 3.89 3.57 3.28 3.06 2.87 2.73 2.62 2.53 2.46 2.40 2.35 2.31 2.28 2.25 2.23 2.21 2.19 2.18 2.17 2.16 2.15 2.15 2.14 2.14 2.13 2.13 2.13 2.13 2.13 2.13 2.13 2.13 2.13 2.13 2.13 2.13 2.13 2.13 2.13 2.14 2.14 2.14 2.14 2.14 2.14 2.14 2.13 2.13 2.13 2.13 2.13 2.13 2.12 2.12 2.12 2.11 2.11 2.11 2.10 2.10 2.10 2.10 2.09 2.09 2.09 2.10 2.12 2.13 2.17 2.10 2.18 2.18 2.33 3.00 2.85 0.00 0.00 0.00 
0.00 0.00 0.00 2.19 17.53 7.95 5.58 4.52 3.96 3.55 3.21 3.07 2.90 2.77 2.66 2.57 2.49 2.43 2.38 2.34 2.31 2.28 2.26 2.24 2.22 2.21 2.19 2.19 2.18 2.17 2.17 2.16 2.16 2.16 2.16 2.16 2.16 2.16 2.16 2.16 2.16 2.16 2.16 2.16 2.16 2.16 2.16 2.16 2.17 2.17 2.17 2.17 2.17 2.17 2.16 2.16 2.16 2.16 2.16 2.16 2.15 2.15 2.15 2.14 2.14 2.14 2.13 2.13 2.13 2.13 2.12 2.12 2.12 2.12 2.13 2.04 2.09 2.13 2.12 2.17 2.43 3.96 0.60 0.00 0.00 0.00 
0.00 0.00 0.00 0.00 11.41 11.11 6.38 4.97 4.11 3.68 3.32 3.09 2.89 2.72 2.60 2.50 2.42 2.35 2.30 2.25 2.21 2.18 2.16 2.14 2.12 2.11 2.10 2.09 2.08 2.08 2.07 2.07 2.07 2.07 2.06 2.06 2.07 2.07 2.07 2.07 2.07 2.07 2.08 2.08 2.08 2.08 2.08 2.08 2.09 2.09 2.09 2.09 2.09 2.09 2.09 2.09 2.09 2.09 2.09 2.08 2.08 2.08 2.08 2.07 2.07 2.07 2.06 2.06 2.06 2.05 2.05 2.05 2.05 2.07 2.08 2.09 2.14 2.10 2.25 2.38 3.16 2.65 0.00 0.00 0.00 0.00 
0.00 0.00 0.00 0.00 0.00 12.71 8.33 5.53 4.39 3.76 3.38 3.07 2.89 2.71 2.59 2.49 2.40 2.33 2.27 2.23 2.19 2.16 2.13 2.11 2.09 2.08 2.07 2.06 2.05 2.05 2.04 2.04 2.04 2.04 2.04 2.04 2.04 2.04 2.04 2.05 2.05 2.05 2.05 2.06 2.06 2.06 2.06 2.07 2.07 2.07 2.07 2.07 2.07 2.07 2.07 2.07 2.07 2.07 2.07 2.07 2.07 2.06 2.06 2.06 2.06 2.05 2.05 2.05 2.04 2.04 2.04 2.04 2.04 2.06 2.02 2.06 2.11 2.11 2.34 2.82 3.41 0.14 0.00 0.00 0.00 0.00 
0.00 0.00 0.00 0.00 0.00 0.76 10.84 7.90 5.10 4.14 3.56 3.33 3.03 2.84 2.70 2.58 2.48 2.40 2.34 2.28 2.24 2.20 2.18 2.15 2.13 2.12 2.11 2.10 2.09 2.09 2.08 2.08 2.08 2.08 2.08 2.08 2.08 2.09 2.09 2.09 2.10 2.10 2.10 2.11 2.11 2.12 2.12 2.12 2.13 2.13 2.13 2.13 2.14 2.14 2.14 2.14 2.14 2.14 2.14 2.13 2.13 2.13 2.13 2.12 2.12 2.12 2.11 2.11 2.11 2.10 2.10 2.10 2.10 2.12 2.17 2.08 2.20 2.30 3.00 3.31 0.38 0.00 0.00 0.00 0.00 0.00 
0.00 0.00 0.00 0.00 0.00 0.00 0.17 6.58 8.73 5.52 4.24 3.58 3.37 3.12 2.93 2.78 2.66 2.56 2.48 2.41 2.36 2.31 2.28 2.25 2.23 2.21 2.20 2.19 2.18 2.17 2.17 2.17 2.17 2.17 2.17 2.18 2.18 2.19 2.19 2.20 2.21 2.21 2.22 2.23 2.23 2.24 2.25 2.25 2.26 2.26 2.27 2.27 2.27 2.28 2.28 2.28 2.28 2.28 2.28 2.28 2.28 2.27 2.27 2.27 2.26 2.26 2.26 2.25 2.25 2.25 2.24 2.24 2.25 2.27 2.18 2.33 2.69 3.52 2.41 0.00 0.00 0.00 0.00 0.00 0.00 0.00 
0.00 0.00 0.00 0.00 0.00 0.00 0.00 0.00 1.03 5.14 6.12 6.26 5.85 5.35 4.93 4.59 4.31 4.09 3.91 3.76 3.65 3.55 3.48 3.42 3.37 3.34 3.31 3.30 3.29 3.28 3.28 3.28 3.29 3.30 3.31 3.33 3.35 3.36 3.38 3.40 3.42 3.44 3.46 3.48 3.50 3.52 3.54 3.56 3.57 3.59 3.60 3.62 3.63 3.64 3.65 3.65 3.66 3.66 3.66 3.67 3.66 3.66 3.66 3.65 3.65 3.64 3.63 3.63 3.62 3.61 3.61 3.61 3.61 3.62 3.50 3.04 2.38 0.54 0.00 0.00 0.00 0.00 0.00 0.00 0.00 0.00 
0.00 0.00 0.00 0.00 0.00 0.00 0.00 0.00 0.00 0.00 0.00 0.00 0.16 0.17 0.17 0.17 0.17 0.16 0.16 0.16 0.16 0.16 0.16 0.16 0.16 0.16 0.16 0.16 0.16 0.16 0.16 0.16 0.16 0.15 0.15 0.15 0.15 0.15 0.15 0.15 0.15 0.15 0.15 0.15 0.15 0.15 0.15 0.15 0.15 0.15 0.15 0.15 0.15 0.15 0.15 0.15 0.15 0.15 0.14 0.14 0.14 0.14 0.14 0.14 0.14 0.14 0.14 0.14 0.14 0.14 0.14 0.14 0.14 0.14 0.00 0.00 0.00 0.00 0.00 0.00 0.00 0.00 0.00 0.00 0.00 0.00 
0.00 0.00 0.00 0.00 0.00 0.00 0.00 0.00 0.00 0.00 0.00 0.00 0.00 0.00 0.00 0.00 0.00 0.00 0.00 0.00 0.00 0.00 0.00 0.00 0.00 0.00 0.00 0.00 0.00 0.00 0.00 0.00 0.00 0.00 0.00 0.00 0.00 0.00 0.00 0.00 0.00 0.00 0.00 0.00 0.00 0.00 0.00 0.00 0.00 0.00 0.00 0.00 0.00 0.00 0.00 0.00 0.00 0.00 0.00 0.00 0.00 0.00 0.00 0.00 0.00 0.00 0.00 0.00 0.00 0.00 0.00 0.00 0.00 0.00 0.00 0.00 0.00 0.00 0.00 0.00 0.00 0.00 0.00 0.00 0.00 0.00 
0.00 0.00 0.00 0.00 0.00 0.00 0.00 0.00 0.00 0.00 0.00 0.00 0.00 0.00 0.00 0.00 0.00 0.00 0.00 0.00 0.00 0.00 0.00 0.00 0.00 0.00 0.00 0.00 0.00 0.00 0.00 0.00 0.00 0.00 0.00 0.00 0.00 0.00 0.00 0.00 0.00 0.00 0.00 0.00 0.00 0.00 0.00 0.00 0.00 0.00 0.00 0.00 0.00 0.00 0.00 0.00 0.00 0.00 0.00 0.00 0.00 0.00 0.00 0.00 0.00 0.00 0.00 0.00 0.00 0.00 0.00 0.00 0.00 0.00 0.00 0.00 0.00 0.00 0.00 0.00 0.00 0.00 0.00 0.00 0.00 0.00 
0.00 0.00 0.00 0.00 0.00 0.00 0.00 0.00 0.00 0.00 0.00 0.00 0.00 0.00 0.00 0.00 0.00 0.00 0.00 0.00 0.00 0.00 0.00 0.00 0.00 0.00 0.00 0.00 0.00 0.00 0.00 0.00 0.00 0.00 0.00 0.00 0.00 0.00 0.00 0.00 0.00 0.00 0.00 0.00 0.00 0.00 0.00 0.00 0.00 0.00 0.00 0.00 0.00 0.00 0.00 0.00 0.00 0.00 0.00 0.00 0.00 0.00 0.00 0.00 0.00 0.00 0.00 0.00 0.00 0.00 0.00 0.00 0.00 0.00 0.00 0.00 0.00 0.00 0.00 0.00 0.00 0.00 0.00 0.00 0.00 0.00 
