0.00 0.00 0.00 0.00 0.00 0.00 0.00 0.00 0.00 0.00 0.00 0.00 0.00 0.00 0.00 0.00 0.00 0.00 0.00 0.00 0.00 0.00 0.00 0.00 0.00 0.00 0.00 0.00 0.00 0.00 0.00 0.00 0.00 0.00 0.00 0.00 0.00 0.00 0.00 0.00 0.00 0.00 0.00 0.00 0.00 0.00 0.00 0.00 0.00 0.00 0.00 0.00 0.00 0.00 0.00 0.00 0.00 0.00 0.00 0.00 0.00 0.00 0.00 0.00 0.00 0.00 0.00 0.00 0.00 0.00 0.00 0.00 0.00 0.00 0.00 0.00 0.00 0.00 0.00 0.00 0.00 0.00 0.00 0.00 0.00 0.00 
0.00 0.00 0.00 0.00 0.00 0.00 0.00 0.00 0.00 0.00 0.00 0.00 0.00 0.00 0.00 0.00 0.00 0.00 0.00 0.00 0.00 0.00 0.00 0.00 0.00 0.00 0.00 0.00 0.00 0.00 0.00 0.00 0.00 0.00 0.00 0.00 0.00 0.00 0.00 0.00 0.00 0.00 0.00 0.00 0.00 0.00 0.00 0.00 0.00 0.00 0.00 0.00 0.00 0.00 0.00 0.00 0.00 0.00 0.00 0.00 0.00 0.00 0.00 0.00 0.00 0.00 0.00 0.00 0.00 0.00 0.00 0.00 0.00 0.00 0.00 0.00 0.00 0.00 0.00 0.00 0.00 0.00 0.00 0.00 0.00 0.00 
0.00 0.00 0.00 0.00 0.00 0.00 0.00 0.00 0.00 0.00 0.00 0.00 0.00 0.00 0.00 0.00 0.00 0.00 0.00 0.00 0.00 0.00 0.00 0.00 0.00 0.00 0.00 0.00 0.00 0.00 0.00 0.00 0.00 0.00 0.00 0.00 0.00 0.00 0.00 0.00 0.00 0.00 0.00 0.00 0.00 0.00 0.00 0.00 0.00 0.00 0.00 0.00 0.00 0.00 0.00 0.00 0.00 0.00 0.00 0.00 0.00 0.00 0.00 0.00 0.00 0.00 0.00 0.00 0.00 0.00 0.00 0.00 0.00 0.00 0.00 0.00 0.00 0.00 0.00 0.00 0.00 0.00 0.00 0.00 0.00 0.00 
0.00 0.00 0.00 0.00 0.00 0.00 0.00 0.00 0.51 1.98 2.39 2.66 2.65 2.58 2.51 2.47 2.44 2.42 2.41 2.40 2.40 2.41 2.42 2.44 2.46 2.48 2.51 2.54 2.57 2.60 2.64 2.68 2.73 2.78 2.83 2.89 2.95 3.01 3.09 3.17 3.25 3.34 3.45 3.56 3.68 3.81 3.96 4.11 4.28 4.47 4.67 4.89 5.13 5.37 5.63 5.90 6.18 6.45 6.72 6.97 7.20 7.42 7.60 7.76 7.89 7.99 8.06 8.11 8.13 8.14 8.13 8.11 8.09 8.06 7.71 6.73 5.04 0.90 0.00 0.00 0.00 0.00 0.00 0.00 0.00 0.00 
0.00 0.00 0.00 0.00 0.00 0.00 0.00 2.18 3.02 2.29 1.97 1.81 1.74 1.69 1.66 1.64 1.63 1.62 1.61 1.61 1.61 1.61 1.62 1.62 1.63 1.64 1.65 1.66 1.68 1.69 1.71 1.72 1.74 1.76 1.78 1.81 1.83 1.86 1.89 1.93 1.96 2.00 2.04 2.09 2.14 2.20 2.26 2.33 2.40 2.48 2.57 2.66 2.76 2.87 2.98 3.09 3.21 3.32 3.44 3.55 3.65 3.73 3.81 3.88 3.93 3.97 4.00 4.02 4.03 4.03 4.03 4.02 4.01 4.05 4.17 4.50 5.36 7.58 5.02 0.00 0.00 0.00 0.00 0.00 0.00 0.00 
0.00 0.00 0.00 0.00 0.00 0.40 3.19 2.76 2.08 1.97 1.84 1.91 1.85 1.81 1.79 1.77 1.76 1.75 1.75 1.75 1.75 1.75 1.75 1.75 1.76 1.77 1.77 1.78 1.79 1.80 1.81 1.83 1.84 1.86 1.87 1.89 1.91 1.93 1.95 1.98 2.00 2.03 2.07 2.10 2.14 2.18 2.23 2.28 2.33 2.40 2.46 2.53 2.61 2.69 2.77 2.86 2.95 3.04 3.12 3.20 3.28 3.35 3.41 3.46 3.50 3.53 3.55 3.56 3.57 3.57 3.56 3.55 3.54 3.58 3.68 3.67 3.92 4.36 6.02 7.07 0.50 0.00 0.00 0.00 0.00 0.00 
0.00 0.00 0.00 0.00 0.00 3.49 2.75 2.22 1.97 1.95 1.87 1.81 1.83 1.80 1.78 1.77 1.76 1.75 1.75 1.74 1.74 1.74 1.75 1.75 1.75 1.76 1.77 1.77 1.78 1.79 1.80 1.81 1.82 1.83 1.85 1.86 1.88 1.90 1.91 1.94 1.96 1.98 2.01 2.04 2.07 2.11 2.15 2.19 2.24 2.29 2.35 2.41 2.47 2.54 2.61 2.69 2.76 2.84 2.91 2.98 3.05 3.10 3.15 3.20 3.23 3.26 3.27 3.28 3.29 3.29 3.28 3.28 3.27 3.30 3.32 3.39 3.49 3.68 4.19 5.49 7.18 0.12 0.00 0.00 0.00 0.00 
0.00 0.00 0.00 0.00 3.02 3.29 2.36 2.17 1.99 2.02 1.94 1.90 1.87 1.84 1.82 1.81 1.80 1.79 1.79 1.79 1.79 1.79 1.79 1.79 1.79 1.80 1.80 1.81 1.82 1.83 1.84 1.84 1.86 1.87 1.88 1.89 1.91 1.92 1.94 1.96 1.98 2.00 2.03 2.06 2.09 2.12 2.16 2.20 2.24 2.29 2.34 2.40 2.46 2.52 2.59 2.66 2.73 2.80 2.87 2.93 2.99 3.05 3.09 3.13 3.16 3.18 3.20 3.21 3.21 3.21 3.21 3.20 3.19 3.22 3.23 3.24 3.35 3.43 3.76 4.23 6.19 5.29 0.00 0.00 0.00 0.00 
0.00 0.00 0.00 0.71 4.51 2.54 2.16 2.05 2.05 1.98 1.90 1.99 1.96 1.95 1.93 1.92 1.91 1.90 1.90 1.90 1.89 1.89 1.90 1.90 1.90 1.91 1.91 1.92 1.92 1.93 1.94 1.94 1.95 1.96 1.97 1.99 2.00 2.01 2.03 2.05 2.07 2.09 2.11 2.13 2.16 2.19 2.22 2.26 2.30 2.34 2.39 2.44 2.49 2.55 2.61 2.67 2.73 2.80 2.86 2.91 2.97 3.02 3.06 3.09 3.12 3.14 3.15 3.16 3.16 3.16 3.16 3.15 3.14 3.13 3.14 3.10 3.22 3.30 3.44 3.73 4.49 8.07 0.97 0.00 0.00 0.00 
0.00 0.00 0.00 3.56 3.39 2.44 2.19 2.14 2.03 2.08 2.02 1.98 1.95 1.93 1.91 1.90 1.89 1.88 1.88 1.88 1.88 1.88 1.88 1.88 1.88 1.89 1.89 1.90 1.90 1.91 1.92 1.92 1.93 1.94 1.95 1.96 1.98 1.99 2.00 2.02 2.04 2.06 2.08 2.10 2.13 2.16 2.19 2.22 2.26 2.30 2.35 2.40 2.45 2.50 2.56 2.62 2.68 2.74 2.80 2.86 2.91 2.95 2.99 3.02 3.05 3.07 3.08 3.09 3.09 3.09 3.08 3.07 3.06 3.06 3.10 3.13 3.19 3.22 3.37 3.55 4.05 5.69 5.57 0.00 0.00 0.00 
0.00 0.00 0.00 4.73 2.92 2.32 2.15 2.10 1.99 2.06 2.00 1.96 1.94 1.92 1.90 1.89 1.88 1.87 1.87 1.87 1.87 1.87 1.87 1.87 1.87 1.88 1.88 1.88 1.89 1.90 1.90 1.91 1.92 1.93 1.94 1.95 1.96 1.97 1.99 2.00 2.02 2.04 2.06 2.08 2.11 2.14 2.17 2.20 2.24 2.28 2.32 2.37 2.42 2.47 2.53 2.58 2.64 2.70 2.76 2.81 2.86 2.90 2.94 2.97 3.00 3.02 3.03 3.04 3.04 3.04 3.03 3.02 3.01 3.01 3.02 3.05 3.13 3.11 3.26 3.44 3.78 4.78 7.50 0.00 0.00 0.00 
0.00 0.00 0.00 5.47 2.76 2.40 2.13 2.09 2.11 2.05 2.00 1.96 1.93 1.91 1.89 1.88 1.87 1.87 1.86 1.86 1.86 1.86 1.86 1.86 1.86 1.87 1.87 1.88 1.88 1.89 1.90 1.90 1.91 1.92 1.93 1.94 1.95 1.96 1.98 1.99 2.01 2.03 2.05 2.07 2.10 2.12 2.15 2.19 2.22 2.26 2.30 2.35 2.40 2.45 2.50 2.56 2.62 2.67 2.73 2.78 2.83 2.87 2.91 2.94 2.97 2.98 3.00 3.00 3.01 3.00 3.00 2.99 2.98 2.97 2.98 3.01 3.10 3.14 3.24 3.37 3.78 4.42 8.59 0.00 0.00 0.00 
0.00 0.00 0.00 5.70 2.71 2.35 2.17 2.09 2.10 2.04 1.99 1.95 1.99 1.96 1.94 1.93 1.92 1.92 1.91 1.91 1.91 1.91 1.91 1.91 1.91 1.92 1.92 1.93 1.93 1.94 1.94 1.95 1.96 1.96 1.97 1.98 1.99 2.01 2.02 2.03 2.05 2.06 2.08 2.10 2.13 2.15 2.18 2.21 2.24 2.28 2.32 2.36 2.40 2.45 2.50 2.55 2.61 2.66 2.71 2.76 2.80 2.84 2.88 2.91 2.93 2.95 2.96 2.97 2.97 2.96 2.96 2.95 2.94 3.01 2.97 3.00 3.05 3.12 3.23 3.28 3.68 4.41 8.98 0.00 0.00 0.00 
0.00 0.00 0.00 5.69 2.70 2.34 2.17 2.09 2.10 2.04 1.99 1.95 1.99 1.96 1.94 1.93 1.92 1.92 1.91 1.91 1.91 1.91 1.91 1.91 1.91 1.92 1.92 1.93 1.93 1.94 1.94 1.95 1.96 1.96 1.97 1.98 1.99 2.01 2.02 2.03 2.05 2.06 2.08 2.10 2.13 2.15 2.18 2.21 2.24 2.28 2.32 2.36 2.40 2.45 2.50 2.55 2.61 2.66 2.71 2.76 2.80 2.84 2.88 2.91 2.93 2.95 2.96 2.97 2.97 2.96 2.96 2.95 2.94 3.01 2.97 3.00 3.05 3.13 3.23 3.28 3.68 4.41 8.97 0.00 0.00 0.00 
0.00 0.00 0.00 5.44 2.75 2.40 2.13 2.09 2.11 2.05 2.00 1.96 1.93 1.91 1.89 1.88 1.87 1.87 1.86 1.86 1.86 1.86 1.86 1.86 1.87 1.87 1.87 1.88 1.88 1.89 1.90 1.90 1.91 1.92 1.93 1.94 1.95 1.97 1.98 1.99 2.01 2.03 2.05 2.07 2.10 2.12 2.15 2.19 2.22 2.26 2.30 2.35 2.40 2.45 2.50 2.56 2.62 2.67 2.73 2.78 2.83 2.87 2.91 2.94 2.97 2.99 3.00 3.01 3.01 3.01 3.00 2.99 2.98 2.98 2.99 3.02 3.10 3.14 3.24 3.37 3.78 4.42 8.58 0.00 0.00 0.00 
0.00 0.00 0.00 4.68 2.90 2.31 2.14 2.09 1.99 2.06 2.00 1.96 1.94 1.92 1.90 1.89 1.88 1.87 1.87 1.87 1.87 1.87 1.87 1.87 1.87 1.88 1.88 1.89 1.89 1.90 1.90 1.91 1.92 1.93 1.94 1.95 1.96 1.98 1.99 2.01 2.02 2.04 2.06 2.08 2.11 2.14 2.17 2.20 2.24 2.28 2.32 2.37 2.42 2.47 2.53 2.58 2.64 2.70 2.76 2.81 2.86 2.91 2.95 2.98 3.00 3.02 3.03 3.04 3.04 3.04 3.03 3.02 3.02 3.01 3.02 3.05 3.13 3.11 3.26 3.44 3.78 4.77 7.48 0.00 0.00 0.00 
0.00 0.00 0.00 3.51 3.36 2.43 2.18 2.14 2.03 2.08 2.02 1.98 1.95 1.93 1.91 1.90 1.89 1.89 1.88 1.88 1.88 1.88 1.88 1.88 1.88 1.89 1.89 1.90 1.90 1.91 1.92 1.92 1.93 1.94 1.95 1.96 1.98 1.99 2.01 2.02 2.04 2.06 2.08 2.10 2.13 2.16 2.19 2.22 2.26 2.30 2.35 2.40 2.45 2.50 2.56 2.62 2.68 2.74 2.80 2.86 2.91 2.96 2.99 3.03 3.05 3.07 3.08 3.09 3.09 3.09 3.08 3.08 3.07 3.06 3.11 3.13 3.19 3.23 3.37 3.55 4.05 5.69 5.56 0.00 0.00 0.00 
0.00 0.00 0.00 0.70 4.45 2.52 2.15 2.05 2.05 1.97 1.90 1.99 1.96 1.95 1.93 1.92 1.91 1.90 1.90 1.90 1.90 1.90 1.90 1.90 1.90 1.91 1.91 1.92 1.92 1.93 1.94 1.95 1.95 1.96 1.98 1.99 2.00 2.01 2.03 2.05 2.07 2.09 2.11 2.13 2.16 2.19 2.22 2.26 2.30 2.34 2.39 2.44 2.49 2.55 2.61 2.67 2.73 2.80 2.86 2.92 2.97 3.02 3.06 3.10 3.12 3.14 3.16 3.17 3.17 3.17 3.16 3.15 3.15 3.13 3.14 3.10 3.22 3.30 3.44 3.73 4.49 8.05 0.96 0.00 0.00 0.00 
0.00 0.00 0.00 0.00 2.97 3.26 2.35 2.17 1.99 2.01 1.94 1.90 1.87 1.84 1.82 1.81 1.80 1.80 1.79 1.79 1.79 1.79 1.79 1.79 1.80 1.80 1.81 1.81 1.82 1.83 1.84 1.85 1.86 1.87 1.88 1.89 1.91 1.93 1.94 1.96 1.98 2.01 2.03 2.06 2.09 2.12 2.16 2.20 2.24 2.29 2.34 2.40 2.46 2.53 2.59 2.66 2.73 2.80 2.87 2.94 3.00 3.05 3.10 3.14 3.17 3.19 3.21 3.22 3.22 3.22 3.21 3.21 3.20 3.23 3.23 3.25 3.36 3.43 3.76 4.23 6.19 5.28 0.00 0.00 0.00 0.00 
0.00 0.00 0.00 0.00 0.00 3.43 2.73 2.21 1.96 1.94 1.87 1.81 1.83 1.80 1.78 1.77 1.76 1.75 1.75 1.75 1.75 1.75 1.75 1.75 1.76 1.76 1.77 1.78 1.78 1.79 1.80 1.81 1.82 1.84 1.85 1.86 1.88 1.90 1.92 1.94 1.96 1.99 2.01 2.04 2.08 2.11 2.15 2.20 2.24 2.29 2.35 2.41 2.48 2.54 2.62 2.69 2.77 2.84 2.92 2.99 3.05 3.11 3.16 3.20 3.24 3.27 3.28 3.29 3.30 3.30 3.30 3.29 3.28 3.31 3.33 3.40 3.50 3.69 4.20 5.49 7.18 0.12 0.00 0.00 0.00 0.00 
0.00 0.00 0.00 0.00 0.00 0.40 3.13 2.74 2.07 1.96 1.83 1.91 1.85 1.81 1.79 1.78 1.77 1.76 1.75 1.75 1.75 1.75 1.75 1.76 1.76 1.77 1.78 1.79 1.80 1.81 1.82 1.83 1.84 1.86 1.88 1.89 1.91 1.93 1.96 1.98 2.01 2.04 2.07 2.11 2.14 2.19 2.23 2.28 2.34 2.40 2.47 2.54 2.61 2.69 2.78 2.86 2.95 3.04 3.13 3.21 3.29 3.36 3.42 3.47 3.51 3.54 3.56 3.58 3.58 3.59 3.58 3.57 3.56 3.60 3.69 3.68 3.94 4.37 6.03 7.07 0.50 0.00 0.00 0.00 0.00 0.00 
0.00 0.00 0.00 0.00 0.00 0.00 0.15 2.18 3.00 2.28 1.96 1.81 1.88 1.84 1.82 1.80 1.78 1.77 1.77 1.77 1.77 1.77 1.77 1.78 1.79 1.79 1.80 1.82 1.83 1.84 1.86 1.88 1.89 1.91 1.94 1.96 1.99 2.01 2.04 2.08 2.11 2.15 2.19 2.24 2.29 2.35 2.41 2.48 2.55 2.63 2.71 2.81 2.91 3.01 3.12 3.24 3.35 3.47 3.58 3.69 3.79 3.88 3.96 4.03 4.08 4.13 4.16 4.18 4.19 4.19 4.19 4.18 4.17 4.21 4.19 4.52 5.38 7.61 5.03 0.00 0.00 0.00 0.00 0.00 0.00 0.00 
0.00 0.00 0.00 0.00 0.00 0.00 0.00 0.00 0.50 1.97 2.37 2.65 2.65 2.58 2.52 2.48 2.45 2.43 2.42 2.42 2.42 2.43 2.44 2.46 2.48 2.50 2.52 2.55 2.59 2.62 2.66 2.70 2.75 2.79 2.85 2.90 2.97 3.03 3.11 3.19 3.27 3.36 3.47 3.58 3.70 3.83 3.98 4.13 4.31 4.49 4.69 4.91 5.15 5.39 5.65 5.92 6.20 6.47 6.74 6.99 7.23 7.45 7.64 7.80 7.94 8.04 8.12 8.17 8.20 8.21 8.21 8.19 8.17 8.13 7.76 6.77 5.07 0.90 0.00 0.00 0.00 0.00 0.00 0.00 0.00 0.00 
0.00 0.00 0.00 0.00 0.00 0.00 0.00 0.00 0.00 0.00 0.00 0.00 0.15 0.15 0.15 0.15 0.15 0.15 0.15 0.15 0.15 0.15 0.15 0.15 0.15 0.15 0.15 0.15 0.15 0.15 0.15 0.15 0.15 0.15 0.15 0.15 0.15 0.15 0.15 0.15 0.15 0.15 0.14 0.14 0.14 0.14 0.14 0.14 0.14 0.14 0.14 0.14 0.14 0.14 0.14 0.14 0.14 0.14 0.14 0.14 0.14 0.14 0.14 0.14 0.14 0.14 0.14 0.14 0.14 0.13 0.13 0.13 0.13 0.13 0.00 0.00 0.00 0.00 0.00 0.00 0.00 0.00 0.00 0.00 0.00 0.00 
0.00 0.00 0.00 0.00 0.00 0.00 0.00 0.00 0.00 0.00 0.00 0.00 0.00 0.00 0.00 0.00 0.00 0.00 0.00 0.00 0.00 0.00 0.00 0.00 0.00 0.00 0.00 0.00 0.00 0.00 0.00 0.00 0.00 0.00 0.00 0.00 0.00 0.00 0.00 0.00 0.00 0.00 0.00 0.00 0.00 0.00 0.00 0.00 0.00 0.00 0.00 0.00 0.00 0.00 0.00 0.00 0.00 0.00 0.00 0.00 0.00 0.00 0.00 0.00 0.00 0.00 0.00 0.00 0.00 0.00 0.00 0.00 0.00 0.00 0.00 0.00 0.00 0.00 0.00 0.00 0.00 0.00 0.00 0.00 0.00 0.00 
0.00 0.00 0.00 0.00 0.00 0.00 0.00 0.00 0.00 0.00 0.00 0.00 0.00 0.00 0.00 0.00 0.00 0.00 0.00 0.00 0.00 0.00 0.00 0.00 0.00 0.00 0.00 0.00 0.00 0.00 0.00 0.00 0.00 0.00 0.00 0.00 0.00 0.00 0.00 0.00 0.00 0.00 0.00 0.00 0.00 0.00 0.00 0.00 0.00 0.00 0.00 0.00 0.00 0.00 0.00 0.00 0.00 0.00 0.00 0.00 0.00 0.00 0.00 0.00 0.00 0.00 0.00 0.00 0.00 0.00 0.00 0.00 0.00 0.00 0.00 0.00 0.00 0.00 0.00 0.00 0.00 0.00 0.00 0.00 0.00 0.00 
0.00 0.00 0.00 0.00 0.00 0.00 0.00 0.00 0.00 0.00 0.00 0.00 0.00 0.00 0.00 0.00 0.00 0.00 0.00 0.00 0.00 0.00 0.00 0.00 0.00 0.00 0.00 0.00 0.00 0.00 0.00 0.00 0.00 0.00 0.00 0.00 0.00 0.00 0.00 0.00 0.00 0.00 0.00 0.00 0.00 0.00 0.00 0.00 0.00 0.00 0.00 0.00 0.00 0.00 0.00 0.00 0.00 0.00 0.00 0.00 0.00 0.00 0.00 0.00 0.00 0.00 0.00 0.00 0.00 0.00 0.00 0.00 0.00 0.00 0.00 0.00 0.00 0.00 0.00 0.00 0.00 0.00 0.00 0.00 0.00 0.00 
