0.00 0.00 0.00 0.00 0.00 0.00 0.00 0.00 0.00 0.00 0.00 0.00 0.00 0.00 0.00 0.00 0.00 0.00 0.00 0.00 0.00 0.00 0.00 0.00 0.00 0.00 0.00 0.00 0.00 0.00 0.00 0.00 0.00 0.00 0.00 0.00 0.00 0.00 0.00 0.00 0.00 0.00 0.00 0.00 0.00 0.00 0.00 0.00 0.00 0.00 0.00 0.00 0.00 0.00 0.00 0.00 0.00 0.00 0.00 0.00 0.00 0.00 0.00 0.00 0.00 0.00 0.00 0.00 0.00 0.00 0.00 0.00 0.00 0.00 0.00 0.00 0.00 0.00 0.00 0.00 0.00 0.00 0.00 0.00 0.00 0.00 
0.00 0.00 0.00 0.00 0.00 0.00 0.00 0.00 0.00 0.00 0.00 0.00 0.00 0.00 0.00 0.00 0.00 0.00 0.00 0.00 0.00 0.00 0.00 0.00 0.00 0.00 0.00 0.00 0.00 0.00 0.00 0.00 0.00 0.00 0.00 0.00 0.00 0.00 0.00 0.00 0.00 0.00 0.00 0.00 0.00 0.00 0.00 0.00 0.00 0.00 0.00 0.00 0.00 0.00 0.00 0.00 0.00 0.00 0.00 0.00 0.00 0.00 0.00 0.00 0.00 0.00 0.00 0.00 0.00 0.00 0.00 0.00 0.00 0.00 0.00 0.00 0.00 0.00 0.00 0.00 0.00 0.00 0.00 0.00 0.00 0.00 
0.00 0.00 0.00 0.00 0.00 0.00 0.00 0.00 0.00 0.00 0.00 0.00 0.00 0.00 0.00 0.00 0.00 0.00 0.00 0.00 0.00 0.00 0.00 0.00 0.00 0.00 0.00 0.00 0.00 0.00 0.00 0.00 0.00 0.00 0.00 0.00 0.00 0.00 0.00 0.00 0.00 0.00 0.00 0.00 0.00 0.00 0.00 0.00 0.00 0.00 0.00 0.00 0.00 0.00 0.00 0.00 0.00 0.00 0.00 0.00 0.00 0.00 0.00 0.00 0.00 0.00 0.00 0.00 0.00 0.00 0.00 0.00 0.00 0.00 0.00 0.00 0.00 0.00 0.00 0.00 0.00 0.00 0.00 0.00 0.00 0.00 
0.00 0.00 0.00 0.00 0.00 0.00 0.00 0.00 0.64 3.17 4.15 4.76 4.96 4.97 4.98 5.00 5.02 5.04 5.06 5.09 5.10 5.12 5.14 5.15 5.15 5.16 5.16 5.15 5.14 5.13 5.11 5.08 5.06 5.02 4.99 4.94 4.90 4.85 4.79 4.73 4.67 4.60 4.54 4.47 4.39 4.32 4.24 4.17 4.09 4.02 3.94 3.87 3.80 3.73 3.66 3.60 3.54 3.48 3.43 3.39 3.35 3.32 3.29 3.28 3.27 3.28 3.30 3.33 3.39 3.47 3.58 3.73 3.93 4.17 4.30 4.03 3.35 0.74 0.00 0.00 0.00 0.00 0.00 0.00 0.00 0.00 
0.00 0.00 0.00 0.00 0.00 0.00 0.00 3.19 4.74 3.46 2.95 2.75 2.68 2.65 2.66 2.67 2.68 2.69 2.70 2.71 2.72 2.73 2.73 2.74 2.74 2.75 2.75 2.75 2.75 2.74 2.73 2.73 2.72 2.70 2.69 2.67 2.66 2.64 2.61 2.59 2.57 2.54 2.51 2.49 2.46 2.43 2.40 2.37 2.34 2.31 2.28 2.25 2.22 2.19 2.17 2.14 2.12 2.10 2.08 2.06 2.05 2.04 2.03 2.03 2.03 2.03 2.04 2.06 2.09 2.13 2.18 2.24 2.33 2.46 2.65 3.00 3.71 5.42 3.96 0.00 0.00 0.00 0.00 0.00 0.00 0.00 
0.00 0.00 0.00 0.00 0.00 0.40 4.44 3.89 2.89 2.68 2.52 2.57 2.51 2.49 2.50 2.50 2.51 2.52 2.53 2.54 2.55 2.55 2.56 2.57 2.57 2.58 2.58 2.58 2.58 2.58 2.57 2.57 2.56 2.56 2.55 2.54 2.52 2.51 2.50 2.48 2.46 2.45 2.43 2.41 2.39 2.37 2.35 2.33 2.31 2.29 2.26 2.24 2.23 2.21 2.19 2.17 2.16 2.14 2.13 2.12 2.11 2.11 2.10 2.10 2.10 2.11 2.12 2.14 2.16 2.19 2.23 2.29 2.35 2.45 2.60 2.64 2.94 3.37 4.91 6.40 0.58 0.00 0.00 0.00 0.00 0.00 
0.00 0.00 0.00 0.00 0.00 4.53 3.59 2.86 2.54 2.48 2.41 2.36 2.38 2.36 2.36 2.37 2.37 2.38 2.39 2.40 2.41 2.41 2.42 2.43 2.43 2.44 2.44 2.44 2.44 2.44 2.44 2.44 2.43 2.42 2.42 2.41 2.40 2.39 2.38 2.37 2.35 2.34 2.32 2.31 2.29 2.28 2.26 2.24 2.22 2.21 2.19 2.18 2.16 2.14 2.13 2.12 2.11 2.09 2.08 2.08 2.07 2.07 2.06 2.06 2.07 2.07 2.08 2.10 2.12 2.15 2.19 2.23 2.29 2.38 2.43 2.58 2.78 3.02 3.63 5.06 7.38 0.17 0.00 0.00 0.00 0.00 
0.00 0.00 0.00 0.00 3.44 4.04 2.89 2.65 2.45 2.45 2.38 2.36 2.36 2.34 2.34 2.35 2.36 2.36 2.37 2.38 2.39 2.40 2.40 2.41 2.41 2.42 2.42 2.42 2.42 2.42 2.42 2.42 2.42 2.41 2.40 2.40 2.39 2.38 2.37 2.36 2.35 2.34 2.32 2.31 2.29 2.28 2.26 2.25 2.23 2.22 2.20 2.19 2.18 2.16 2.15 2.14 2.13 2.12 2.11 2.10 2.10 2.10 2.09 2.10 2.10 2.11 2.12 2.13 2.15 2.18 2.21 2.26 2.31 2.40 2.49 2.60 2.79 2.93 3.38 4.04 6.51 6.39 0.00 0.00 0.00 0.00 
0.00 0.00 0.00 0.70 5.18 3.02 2.59 2.46 2.42 2.37 2.30 2.37 2.36 2.36 2.37 2.38 2.38 2.39 2.40 2.41 2.41 2.42 2.43 2.43 2.44 2.44 2.45 2.45 2.45 2.45 2.45 2.45 2.45 2.44 2.44 2.43 2.43 2.42 2.41 2.40 2.39 2.38 2.37 2.36 2.35 2.34 2.33 2.31 2.30 2.29 2.28 2.26 2.25 2.24 2.23 2.22 2.21 2.21 2.20 2.20 2.19 2.19 2.19 2.19 2.20 2.21 2.22 2.23 2.25 2.28 2.31 2.35 2.40 2.46 2.54 2.53 2.71 2.91 3.12 3.59 4.77 9.88 1.35 0.00 0.00 0.00 
0.00 0.00 0.00 3.65 3.78 2.80 2.54 2.47 2.38 2.40 2.37 2.35 2.32 2.32 2.32 2.33 2.34 2.34 2.35 2.36 2.37 2.37 2.38 2.39 2.39 2.40 2.40 2.40 2.40 2.41 2.41 2.40 2.40 2.40 2.40 2.39 2.39 2.38 2.37 2.36 2.35 2.34 2.33 2.32 2.31 2.30 2.29 2.28 2.27 2.25 2.24 2.23 2.22 2.21 2.20 2.19 2.19 2.18 2.17 2.17 2.17 2.16 2.17 2.17 2.17 2.18 2.19 2.20 2.22 2.25 2.28 2.32 2.37 2.43 2.53 2.64 2.78 2.86 3.15 3.50 4.37 7.00 8.11 0.00 0.00 0.00 
0.00 0.00 0.00 4.85 3.22 2.64 2.47 2.41 2.31 2.37 2.32 2.30 2.29 2.29 2.30 2.30 2.31 2.32 2.32 2.33 2.34 2.35 2.35 2.36 2.36 2.37 2.37 2.37 2.38 2.38 2.38 2.38 2.37 2.37 2.37 2.36 2.36 2.35 2.34 2.34 2.33 2.32 2.31 2.30 2.29 2.28 2.27 2.26 2.24 2.23 2.22 2.21 2.20 2.19 2.18 2.18 2.17 2.16 2.16 2.15 2.15 2.15 2.15 2.15 2.16 2.16 2.17 2.19 2.21 2.23 2.26 2.30 2.35 2.41 2.50 2.60 2.73 2.79 3.06 3.41 4.09 5.85 11.11 0.00 0.00 0.00 
0.00 0.00 0.00 5.58 3.00 2.69 2.43 2.40 2.38 2.35 2.30 2.28 2.27 2.27 2.28 2.28 2.29 2.30 2.31 2.31 2.32 2.33 2.33 2.34 2.34 2.35 2.35 2.36 2.36 2.36 2.36 2.36 2.36 2.35 2.35 2.35 2.34 2.33 2.33 2.32 2.31 2.30 2.29 2.28 2.27 2.26 2.25 2.24 2.23 2.22 2.21 2.20 2.19 2.18 2.17 2.16 2.16 2.15 2.15 2.14 2.14 2.14 2.14 2.14 2.15 2.15 2.16 2.18 2.20 2.22 2.25 2.29 2.34 2.40 2.48 2.59 2.73 2.88 3.03 3.40 4.11 5.47 12.79 0.00 0.00 0.00 
0.00 0.00 0.00 5.82 2.93 2.62 2.44 2.39 2.37 2.33 2.29 2.27 2.32 2.28 2.28 2.29 2.30 2.30 2.31 2.32 2.32 2.33 2.34 2.34 2.35 2.35 2.36 2.36 2.36 2.36 2.36 2.36 2.36 2.36 2.36 2.36 2.35 2.35 2.34 2.33 2.33 2.32 2.31 2.30 2.29 2.28 2.28 2.27 2.26 2.25 2.24 2.23 2.22 2.21 2.21 2.20 2.19 2.19 2.19 2.18 2.18 2.18 2.18 2.19 2.19 2.20 2.21 2.22 2.24 2.26 2.29 2.33 2.37 2.46 2.47 2.58 2.71 2.86 3.02 3.34 4.04 5.44 13.36 0.00 0.00 0.00 
0.00 0.00 0.00 5.81 2.93 2.62 2.44 2.39 2.37 2.33 2.29 2.27 2.32 2.28 2.28 2.29 2.30 2.30 2.31 2.32 2.32 2.33 2.34 2.34 2.35 2.35 2.36 2.36 2.36 2.36 2.36 2.36 2.36 2.36 2.36 2.36 2.35 2.35 2.34 2.33 2.33 2.32 2.31 2.30 2.29 2.29 2.28 2.27 2.26 2.25 2.24 2.23 2.22 2.21 2.21 2.20 2.19 2.19 2.19 2.18 2.18 2.18 2.18 2.19 2.19 2.20 2.21 2.22 2.24 2.26 2.29 2.33 2.37 2.46 2.47 2.58 2.71 2.86 3.02 3.34 4.03 5.43 13.32 0.00 0.00 0.00 
0.00 0.00 0.00 5.57 3.00 2.69 2.43 2.40 2.38 2.36 2.30 2.28 2.27 2.27 2.28 2.28 2.29 2.30 2.31 2.31 2.32 2.33 2.33 2.34 2.35 2.35 2.35 2.36 2.36 2.36 2.36 2.36 2.36 2.35 2.35 2.35 2.34 2.33 2.33 2.32 2.31 2.30 2.29 2.28 2.27 2.26 2.25 2.24 2.23 2.22 2.21 2.20 2.19 2.18 2.17 2.16 2.16 2.15 2.15 2.14 2.14 2.14 2.14 2.14 2.15 2.15 2.16 2.18 2.20 2.22 2.25 2.29 2.34 2.40 2.48 2.59 2.73 2.88 3.03 3.39 4.10 5.44 12.68 0.00 0.00 0.00 
0.00 0.00 0.00 4.83 3.21 2.64 2.47 2.41 2.31 2.37 2.32 2.30 2.29 2.29 2.30 2.30 2.31 2.32 2.33 2.33 2.34 2.35 2.35 2.36 2.36 2.37 2.37 2.38 2.38 2.38 2.38 2.38 2.38 2.37 2.37 2.36 2.36 2.35 2.35 2.34 2.33 2.32 2.31 2.30 2.29 2.28 2.27 2.26 2.25 2.23 2.22 2.21 2.20 2.19 2.18 2.18 2.17 2.16 2.16 2.15 2.15 2.15 2.15 2.15 2.16 2.16 2.18 2.19 2.21 2.23 2.26 2.30 2.35 2.41 2.49 2.60 2.73 2.79 3.05 3.39 4.06 5.80 10.95 0.00 0.00 0.00 
0.00 0.00 0.00 3.64 3.77 2.80 2.54 2.48 2.38 2.41 2.37 2.35 2.32 2.32 2.33 2.33 2.34 2.35 2.35 2.36 2.37 2.38 2.38 2.39 2.39 2.40 2.40 2.41 2.41 2.41 2.41 2.41 2.40 2.40 2.40 2.39 2.39 2.38 2.37 2.36 2.36 2.35 2.34 2.33 2.31 2.30 2.29 2.28 2.27 2.26 2.24 2.23 2.22 2.21 2.20 2.20 2.19 2.18 2.18 2.17 2.17 2.17 2.17 2.17 2.17 2.18 2.19 2.21 2.23 2.25 2.28 2.32 2.37 2.43 2.53 2.63 2.77 2.85 3.14 3.48 4.33 6.91 7.97 0.00 0.00 0.00 
0.00 0.00 0.00 0.69 5.16 3.01 2.59 2.46 2.42 2.37 2.30 2.37 2.36 2.37 2.37 2.38 2.39 2.39 2.40 2.41 2.42 2.42 2.43 2.44 2.44 2.45 2.45 2.45 2.45 2.45 2.45 2.45 2.45 2.45 2.44 2.44 2.43 2.42 2.42 2.41 2.40 2.39 2.38 2.36 2.35 2.34 2.33 2.32 2.30 2.29 2.28 2.27 2.26 2.24 2.23 2.23 2.22 2.21 2.20 2.20 2.20 2.19 2.19 2.20 2.20 2.21 2.22 2.23 2.25 2.28 2.31 2.35 2.40 2.46 2.54 2.52 2.70 2.90 3.10 3.56 4.70 9.69 1.33 0.00 0.00 0.00 
0.00 0.00 0.00 0.00 3.43 4.04 2.89 2.65 2.45 2.45 2.38 2.37 2.36 2.34 2.35 2.35 2.36 2.37 2.38 2.38 2.39 2.40 2.41 2.41 2.42 2.42 2.42 2.43 2.43 2.43 2.43 2.42 2.42 2.41 2.41 2.40 2.39 2.38 2.37 2.36 2.35 2.34 2.33 2.31 2.30 2.28 2.27 2.25 2.24 2.22 2.21 2.19 2.18 2.17 2.15 2.14 2.13 2.12 2.11 2.11 2.10 2.10 2.10 2.10 2.10 2.11 2.12 2.13 2.15 2.18 2.22 2.26 2.31 2.39 2.49 2.59 2.77 2.91 3.35 3.99 6.40 6.25 0.00 0.00 0.00 0.00 
0.00 0.00 0.00 0.00 0.00 4.52 3.59 2.86 2.55 2.48 2.41 2.37 2.38 2.36 2.37 2.37 2.38 2.39 2.40 2.41 2.41 2.42 2.43 2.43 2.44 2.44 2.44 2.45 2.45 2.45 2.44 2.44 2.44 2.43 2.42 2.42 2.41 2.40 2.38 2.37 2.36 2.34 2.33 2.31 2.30 2.28 2.26 2.25 2.23 2.21 2.20 2.18 2.16 2.15 2.13 2.12 2.11 2.10 2.09 2.08 2.07 2.07 2.07 2.07 2.07 2.08 2.09 2.10 2.12 2.15 2.19 2.23 2.29 2.37 2.42 2.57 2.76 3.00 3.59 4.98 7.22 0.17 0.00 0.00 0.00 0.00 
0.00 0.00 0.00 0.00 0.00 0.40 4.43 3.89 2.89 2.68 2.52 2.58 2.52 2.50 2.50 2.51 2.52 2.53 2.54 2.55 2.56 2.56 2.57 2.58 2.58 2.59 2.59 2.59 2.59 2.59 2.58 2.58 2.57 2.56 2.56 2.54 2.53 2.52 2.50 2.49 2.47 2.45 2.44 2.42 2.40 2.38 2.35 2.33 2.31 2.29 2.27 2.25 2.23 2.21 2.19 2.18 2.16 2.15 2.14 2.13 2.12 2.11 2.11 2.11 2.11 2.12 2.13 2.14 2.17 2.20 2.24 2.29 2.35 2.44 2.59 2.62 2.91 3.33 4.83 6.26 0.57 0.00 0.00 0.00 0.00 0.00 
0.00 0.00 0.00 0.00 0.00 0.00 0.13 3.20 4.75 3.47 2.96 2.76 2.82 2.79 2.80 2.81 2.82 2.83 2.84 2.85 2.86 2.87 2.88 2.88 2.89 2.89 2.89 2.89 2.89 2.89 2.88 2.87 2.86 2.85 2.84 2.82 2.81 2.79 2.77 2.74 2.72 2.69 2.67 2.64 2.61 2.58 2.55 2.52 2.49 2.47 2.44 2.41 2.38 2.35 2.33 2.30 2.28 2.26 2.24 2.23 2.21 2.20 2.20 2.19 2.19 2.20 2.21 2.23 2.26 2.30 2.34 2.41 2.49 2.60 2.63 2.97 3.66 5.32 3.88 0.00 0.00 0.00 0.00 0.00 0.00 0.00 
0.00 0.00 0.00 0.00 0.00 0.00 0.00 0.00 0.64 3.18 4.17 4.78 4.99 5.00 5.02 5.04 5.06 5.08 5.10 5.12 5.14 5.16 5.17 5.18 5.19 5.19 5.19 5.19 5.18 5.16 5.14 5.12 5.09 5.06 5.02 4.98 4.93 4.88 4.82 4.76 4.70 4.63 4.57 4.49 4.42 4.35 4.27 4.20 4.12 4.04 3.97 3.89 3.82 3.75 3.69 3.62 3.56 3.51 3.46 3.41 3.38 3.34 3.32 3.30 3.30 3.31 3.33 3.36 3.42 3.49 3.60 3.74 3.91 4.13 4.25 3.97 3.29 0.73 0.00 0.00 0.00 0.00 0.00 0.00 0.00 0.00 
0.00 0.00 0.00 0.00 0.00 0.00 0.00 0.00 0.00 0.00 0.00 0.00 0.13 0.13 0.13 0.13 0.13 0.13 0.13 0.13 0.13 0.13 0.13 0.13 0.13 0.14 0.14 0.14 0.14 0.14 0.14 0.14 0.14 0.14 0.14 0.14 0.14 0.14 0.14 0.14 0.14 0.14 0.14 0.15 0.15 0.15 0.15 0.15 0.15 0.15 0.15 0.15 0.15 0.15 0.15 0.15 0.15 0.16 0.16 0.16 0.16 0.16 0.16 0.16 0.16 0.16 0.16 0.16 0.16 0.16 0.16 0.16 0.17 0.16 0.00 0.00 0.00 0.00 0.00 0.00 0.00 0.00 0.00 0.00 0.00 0.00 
0.00 0.00 0.00 0.00 0.00 0.00 0.00 0.00 0.00 0.00 0.00 0.00 0.00 0.00 0.00 0.00 0.00 0.00 0.00 0.00 0.00 0.00 0.00 0.00 0.00 0.00 0.00 0.00 0.00 0.00 0.00 0.00 0.00 0.00 0.00 0.00 0.00 0.00 0.00 0.00 0.00 0.00 0.00 0.00 0.00 0.00 0.00 0.00 0.00 0.00 0.00 0.00 0.00 0.00 0.00 0.00 0.00 0.00 0.00 0.00 0.00 0.00 0.00 0.00 0.00 0.00 0.00 0.00 0.00 0.00 0.00 0.00 0.00 0.00 0.00 0.00 0.00 0.00 0.00 0.00 0.00 0.00 0.00 0.00 0.00 0.00 
0.00 0.00 0.00 0.00 0.00 0.00 0.00 0.00 0.00 0.00 0.00 0.00 0.00 0.00 0.00 0.00 0.00 0.00 0.00 0.00 0.00 0.00 0.00 0.00 0.00 0.00 0.00 0.00 0.00 0.00 0.00 0.00 0.00 0.00 0.00 0.00 0.00 0.00 0.00 0.00 0.00 0.00 0.00 0.00 0.00 0.00 0.00 0.00 0.00 0.00 0.00 0.00 0.00 0.00 0.00 0.00 0.00 0.00 0.00 0.00 0.00 0.00 0.00 0.00 0.00 0.00 0.00 0.00 0.00 0.00 0.00 0.00 0.00 0.00 0.00 0.00 0.00 0.00 0.00 0.00 0.00 0.00 0.00 0.00 0.00 0.00 
0.00 0.00 0.00 0.00 0.00 0.00 0.00 0.00 0.00 0.00 0.00 0.00 0.00 0.00 0.00 0.00 0.00 0.00 0.00 0.00 0.00 0.00 0.00 0.00 0.00 0.00 0.00 0.00 0.00 0.00 0.00 0.00 0.00 0.00 0.00 0.00 0.00 0.00 0.00 0.00 0.00 0.00 0.00 0.00 0.00 0.00 0.00 0.00 0.00 0.00 0.00 0.00 0.00 0.00 0.00 0.00 0.00 0.00 0.00 0.00 0.00 0.00 0.00 0.00 0.00 0.00 0.00 0.00 0.00 0.00 0.00 0.00 0.00 0.00 0.00 0.00 0.00 0.00 0.00 0.00 0.00 0.00 0.00 0.00 0.00 0.00 
