0.00 0.00 0.00 0.00 0.00 0.00 0.00 0.00 0.00 0.00 0.00 0.00 0.00 0.00 0.00 0.00 0.00 0.00 0.00 0.00 0.00 0.00 0.00 0.00 0.00 0.00 0.00 0.00 0.00 0.00 0.00 0.00 0.00 0.00 0.00 0.00 0.00 0.00 0.00 0.00 0.00 0.00 0.00 0.00 0.00 0.00 0.00 0.00 0.00 0.00 0.00 0.00 0.00 0.00 0.00 0.00 0.00 0.00 0.00 0.00 0.00 0.00 0.00 0.00 0.00 0.00 0.00 0.00 0.00 0.00 0.00 0.00 0.00 0.00 0.00 0.00 0.00 0.00 0.00 0.00 0.00 0.00 0.00 0.00 0.00 0.00 
0.00 0.00 0.00 0.00 0.00 0.00 0.00 0.00 0.00 0.00 0.00 0.00 0.00 0.00 0.00 0.00 0.00 0.00 0.00 0.00 0.00 0.00 0.00 0.00 0.00 0.00 0.00 0.00 0.00 0.00 0.00 0.00 0.00 0.00 0.00 0.00 0.00 0.00 0.00 0.00 0.00 0.00 0.00 0.00 0.00 0.00 0.00 0.00 0.00 0.00 0.00 0.00 0.00 0.00 0.00 0.00 0.00 0.00 0.00 0.00 0.00 0.00 0.00 0.00 0.00 0.00 0.00 0.00 0.00 0.00 0.00 0.00 0.00 0.00 0.00 0.00 0.00 0.00 0.00 0.00 0.00 0.00 0.00 0.00 0.00 0.00 
0.00 0.00 0.00 0.00 0.00 0.00 0.00 0.00 0.00 0.00 0.00 0.00 0.00 0.00 0.00 0.00 0.00 0.00 0.00 0.00 0.00 0.00 0.00 0.00 0.00 0.00 0.00 0.00 0.00 0.00 0.00 0.00 0.00 0.00 0.00 0.00 0.00 0.00 0.00 0.00 0.00 0.00 0.00 0.00 0.00 0.00 0.00 0.00 0.00 0.00 0.00 0.00 0.00 0.00 0.00 0.00 0.00 0.00 0.00 0.00 0.00 0.00 0.00 0.00 0.00 0.00 0.00 0.00 0.00 0.00 0.00 0.00 0.00 0.00 0.00 0.00 0.00 0.00 0.00 0.00 0.00 0.00 0.00 0.00 0.00 0.00 
0.00 0.00 0.00 0.00 0.00 0.00 0.00 0.00 0.46 1.75 2.14 2.44 2.48 2.45 2.42 2.40 2.39 2.38 2.38 2.38 2.38 2.38 2.39 2.39 2.40 2.40 2.41 2.42 2.43 2.44 2.45 2.46 2.47 2.48 2.49 2.50 2.52 2.53 2.55 2.56 2.58 2.60 2.63 2.65 2.68 2.72 2.75 2.79 2.84 2.89 2.95 3.02 3.10 3.18 3.28 3.39 3.52 3.66 3.83 4.02 4.23 4.48 4.77 5.10 5.49 5.92 6.42 6.99 7.62 8.31 9.03 9.78 10.51 11.19 11.31 10.37 7.97 1.37 0.00 0.00 0.00 0.00 0.00 0.00 0.00 0.00 
0.00 0.00 0.00 0.00 0.00 0.00 0.00 1.84 2.59 2.06 1.81 1.70 1.65 1.62 1.61 1.60 1.60 1.60 1.59 1.59 1.59 1.60 1.60 1.60 1.60 1.61 1.61 1.61 1.62 1.62 1.63 1.63 1.63 1.64 1.64 1.65 1.66 1.66 1.67 1.68 1.69 1.70 1.71 1.72 1.73 1.75 1.76 1.78 1.80 1.82 1.85 1.88 1.91 1.95 1.99 2.04 2.10 2.16 2.23 2.31 2.41 2.52 2.64 2.79 2.95 3.14 3.36 3.60 3.88 4.17 4.49 4.81 5.13 5.50 5.94 6.71 8.30 12.30 8.29 0.00 0.00 0.00 0.00 0.00 0.00 0.00 
0.00 0.00 0.00 0.00 0.00 0.37 2.53 2.34 1.84 1.80 1.71 1.81 1.77 1.75 1.74 1.74 1.73 1.73 1.73 1.73 1.73 1.73 1.73 1.73 1.73 1.74 1.74 1.74 1.75 1.75 1.75 1.76 1.76 1.76 1.77 1.77 1.78 1.78 1.79 1.80 1.80 1.81 1.82 1.83 1.84 1.85 1.86 1.88 1.89 1.91 1.93 1.95 1.98 2.01 2.04 2.08 2.12 2.17 2.23 2.29 2.36 2.45 2.55 2.66 2.78 2.93 3.10 3.29 3.50 3.73 3.97 4.21 4.46 4.75 5.10 5.34 5.92 6.86 9.83 12.01 0.72 0.00 0.00 0.00 0.00 0.00 
0.00 0.00 0.00 0.00 0.00 2.67 2.27 1.95 1.77 1.81 1.76 1.72 1.76 1.74 1.74 1.73 1.73 1.73 1.72 1.72 1.73 1.73 1.73 1.73 1.73 1.73 1.74 1.74 1.74 1.74 1.75 1.75 1.75 1.76 1.76 1.77 1.77 1.77 1.78 1.79 1.79 1.80 1.81 1.81 1.82 1.83 1.84 1.86 1.87 1.89 1.90 1.92 1.95 1.97 2.00 2.03 2.07 2.11 2.16 2.21 2.28 2.35 2.43 2.53 2.64 2.76 2.91 3.07 3.25 3.45 3.66 3.87 4.08 4.33 4.57 4.85 5.16 5.68 6.66 9.08 12.36 0.14 0.00 0.00 0.00 0.00 
0.00 0.00 0.00 0.00 2.23 2.59 2.01 1.94 1.82 1.88 1.84 1.82 1.80 1.79 1.78 1.77 1.77 1.77 1.77 1.77 1.77 1.77 1.77 1.77 1.77 1.78 1.78 1.78 1.78 1.79 1.79 1.79 1.79 1.80 1.80 1.81 1.81 1.81 1.82 1.82 1.83 1.84 1.84 1.85 1.86 1.87 1.88 1.89 1.90 1.92 1.94 1.95 1.97 2.00 2.03 2.06 2.09 2.13 2.18 2.23 2.29 2.36 2.43 2.52 2.63 2.75 2.88 3.04 3.21 3.39 3.59 3.79 3.99 4.22 4.41 4.57 4.88 5.18 5.85 6.83 10.43 9.11 0.00 0.00 0.00 0.00 
0.00 0.00 0.00 0.56 3.28 2.05 1.86 1.85 1.89 1.85 1.80 1.91 1.90 1.89 1.88 1.88 1.88 1.88 1.87 1.87 1.87 1.88 1.88 1.88 1.88 1.88 1.88 1.89 1.89 1.89 1.89 1.90 1.90 1.90 1.91 1.91 1.91 1.92 1.92 1.93 1.93 1.94 1.95 1.95 1.96 1.97 1.98 1.99 2.00 2.02 2.03 2.05 2.07 2.09 2.11 2.14 2.17 2.21 2.25 2.30 2.35 2.41 2.48 2.56 2.66 2.76 2.89 3.02 3.18 3.35 3.52 3.70 3.88 4.04 4.21 4.36 4.67 4.90 5.29 5.96 7.44 13.94 1.57 0.00 0.00 0.00 
0.00 0.00 0.00 2.49 2.57 2.02 1.92 1.94 1.87 1.96 1.92 1.90 1.88 1.87 1.87 1.86 1.86 1.86 1.86 1.86 1.86 1.86 1.86 1.86 1.86 1.87 1.87 1.87 1.87 1.87 1.88 1.88 1.88 1.89 1.89 1.89 1.90 1.90 1.90 1.91 1.91 1.92 1.93 1.93 1.94 1.95 1.96 1.97 1.98 1.99 2.01 2.02 2.04 2.06 2.09 2.11 2.14 2.18 2.22 2.26 2.32 2.38 2.44 2.52 2.61 2.72 2.84 2.97 3.12 3.29 3.46 3.64 3.81 3.97 4.18 4.34 4.55 4.78 5.11 5.56 6.59 9.64 9.66 0.00 0.00 0.00 
0.00 0.00 0.00 3.23 2.25 1.94 1.89 1.91 1.84 1.94 1.91 1.89 1.87 1.86 1.86 1.85 1.85 1.85 1.85 1.85 1.85 1.85 1.85 1.85 1.85 1.85 1.86 1.86 1.86 1.86 1.87 1.87 1.87 1.87 1.88 1.88 1.88 1.89 1.89 1.90 1.90 1.91 1.91 1.92 1.93 1.94 1.94 1.95 1.97 1.98 1.99 2.01 2.03 2.05 2.07 2.10 2.13 2.16 2.20 2.24 2.29 2.35 2.42 2.49 2.58 2.68 2.80 2.93 3.07 3.23 3.39 3.56 3.73 3.89 4.07 4.25 4.45 4.59 4.92 5.38 6.12 8.01 13.10 0.00 0.00 0.00 
0.00 0.00 0.00 3.75 2.14 2.04 1.87 1.90 1.96 1.93 1.90 1.88 1.86 1.85 1.85 1.84 1.84 1.84 1.84 1.84 1.84 1.84 1.84 1.84 1.85 1.85 1.85 1.85 1.85 1.86 1.86 1.86 1.86 1.87 1.87 1.87 1.88 1.88 1.88 1.89 1.89 1.90 1.91 1.91 1.92 1.93 1.94 1.95 1.96 1.97 1.98 2.00 2.02 2.04 2.06 2.08 2.11 2.15 2.18 2.23 2.28 2.33 2.40 2.47 2.56 2.65 2.76 2.89 3.03 3.18 3.34 3.51 3.67 3.83 4.01 4.19 4.43 4.56 4.89 5.27 6.04 7.39 14.96 0.00 0.00 0.00 
0.00 0.00 0.00 3.89 2.10 2.00 1.92 1.90 1.96 1.92 1.89 1.87 1.93 1.90 1.90 1.89 1.89 1.89 1.89 1.89 1.89 1.89 1.89 1.89 1.90 1.90 1.90 1.90 1.90 1.91 1.91 1.91 1.91 1.92 1.92 1.92 1.93 1.93 1.93 1.94 1.94 1.95 1.95 1.96 1.97 1.97 1.98 1.99 2.00 2.01 2.03 2.04 2.06 2.08 2.10 2.12 2.15 2.18 2.21 2.25 2.30 2.35 2.41 2.48 2.56 2.65 2.76 2.87 3.00 3.14 3.29 3.44 3.59 3.85 3.97 4.16 4.36 4.53 4.87 5.12 5.87 7.30 15.63 0.00 0.00 0.00 
0.00 0.00 0.00 3.89 2.10 2.00 1.92 1.90 1.96 1.92 1.89 1.87 1.93 1.90 1.90 1.89 1.89 1.89 1.89 1.89 1.89 1.89 1.89 1.89 1.90 1.90 1.90 1.90 1.90 1.91 1.91 1.91 1.91 1.92 1.92 1.92 1.93 1.93 1.93 1.94 1.94 1.95 1.95 1.96 1.97 1.97 1.98 1.99 2.00 2.01 2.03 2.04 2.06 2.08 2.10 2.12 2.15 2.18 2.21 2.25 2.30 2.35 2.41 2.48 2.56 2.65 2.76 2.87 3.00 3.14 3.29 3.44 3.59 3.85 3.97 4.16 4.36 4.53 4.87 5.12 5.87 7.29 15.62 0.00 0.00 0.00 
0.00 0.00 0.00 3.73 2.13 2.04 1.87 1.90 1.96 1.93 1.90 1.88 1.86 1.85 1.85 1.85 1.84 1.84 1.84 1.84 1.84 1.84 1.84 1.84 1.85 1.85 1.85 1.85 1.85 1.86 1.86 1.86 1.86 1.87 1.87 1.87 1.88 1.88 1.89 1.89 1.89 1.90 1.91 1.91 1.92 1.93 1.94 1.95 1.96 1.97 1.98 2.00 2.02 2.04 2.06 2.08 2.11 2.15 2.18 2.23 2.28 2.33 2.40 2.47 2.56 2.65 2.77 2.89 3.03 3.18 3.34 3.51 3.67 3.83 4.01 4.19 4.43 4.56 4.89 5.27 6.04 7.38 14.94 0.00 0.00 0.00 
0.00 0.00 0.00 3.21 2.24 1.93 1.88 1.91 1.84 1.94 1.91 1.89 1.87 1.86 1.86 1.85 1.85 1.85 1.85 1.85 1.85 1.85 1.85 1.85 1.85 1.85 1.86 1.86 1.86 1.86 1.87 1.87 1.87 1.87 1.88 1.88 1.88 1.89 1.89 1.90 1.90 1.91 1.91 1.92 1.93 1.94 1.95 1.96 1.97 1.98 1.99 2.01 2.03 2.05 2.07 2.10 2.13 2.16 2.20 2.24 2.29 2.35 2.42 2.49 2.58 2.68 2.80 2.93 3.07 3.23 3.39 3.56 3.73 3.89 4.07 4.25 4.45 4.59 4.92 5.38 6.12 8.01 13.07 0.00 0.00 0.00 
0.00 0.00 0.00 2.47 2.56 2.02 1.92 1.94 1.87 1.96 1.92 1.90 1.88 1.87 1.87 1.86 1.86 1.86 1.86 1.86 1.86 1.86 1.86 1.86 1.86 1.87 1.87 1.87 1.87 1.88 1.88 1.88 1.88 1.89 1.89 1.89 1.90 1.90 1.91 1.91 1.91 1.92 1.93 1.93 1.94 1.95 1.96 1.97 1.98 1.99 2.01 2.02 2.04 2.06 2.09 2.12 2.15 2.18 2.22 2.27 2.32 2.38 2.45 2.52 2.62 2.72 2.84 2.97 3.12 3.29 3.46 3.64 3.81 3.97 4.19 4.34 4.55 4.78 5.11 5.56 6.59 9.63 9.64 0.00 0.00 0.00 
0.00 0.00 0.00 0.55 3.26 2.05 1.86 1.84 1.89 1.85 1.80 1.91 1.90 1.89 1.89 1.88 1.88 1.88 1.88 1.88 1.88 1.88 1.88 1.88 1.88 1.88 1.89 1.89 1.89 1.89 1.90 1.90 1.90 1.90 1.91 1.91 1.92 1.92 1.92 1.93 1.93 1.94 1.95 1.95 1.96 1.97 1.98 1.99 2.00 2.02 2.03 2.05 2.07 2.09 2.11 2.14 2.17 2.21 2.25 2.30 2.35 2.41 2.48 2.57 2.66 2.77 2.89 3.03 3.18 3.35 3.52 3.70 3.88 4.04 4.21 4.36 4.67 4.90 5.29 5.95 7.44 13.92 1.57 0.00 0.00 0.00 
0.00 0.00 0.00 0.00 2.21 2.58 2.01 1.94 1.82 1.88 1.84 1.82 1.80 1.79 1.78 1.77 1.77 1.77 1.77 1.77 1.77 1.77 1.77 1.77 1.77 1.78 1.78 1.78 1.78 1.79 1.79 1.79 1.80 1.80 1.80 1.81 1.81 1.82 1.82 1.83 1.83 1.84 1.84 1.85 1.86 1.87 1.88 1.89 1.91 1.92 1.94 1.96 1.98 2.00 2.03 2.06 2.09 2.13 2.18 2.23 2.29 2.36 2.44 2.53 2.63 2.75 2.88 3.04 3.21 3.39 3.59 3.79 3.99 4.22 4.41 4.57 4.88 5.19 5.85 6.83 10.42 9.09 0.00 0.00 0.00 0.00 
0.00 0.00 0.00 0.00 0.00 2.64 2.26 1.94 1.77 1.80 1.76 1.72 1.76 1.75 1.74 1.73 1.73 1.73 1.73 1.73 1.73 1.73 1.73 1.73 1.73 1.74 1.74 1.74 1.74 1.75 1.75 1.75 1.76 1.76 1.76 1.77 1.77 1.78 1.78 1.79 1.79 1.80 1.81 1.82 1.82 1.83 1.85 1.86 1.87 1.89 1.91 1.93 1.95 1.97 2.00 2.04 2.07 2.11 2.16 2.22 2.28 2.35 2.44 2.53 2.64 2.77 2.91 3.07 3.25 3.45 3.65 3.87 4.07 4.32 4.57 4.85 5.16 5.68 6.65 9.08 12.34 0.14 0.00 0.00 0.00 0.00 
0.00 0.00 0.00 0.00 0.00 0.37 2.50 2.34 1.84 1.80 1.71 1.81 1.77 1.75 1.74 1.74 1.73 1.73 1.73 1.73 1.73 1.73 1.73 1.74 1.74 1.74 1.74 1.75 1.75 1.75 1.76 1.76 1.76 1.77 1.77 1.78 1.78 1.79 1.79 1.80 1.81 1.81 1.82 1.83 1.84 1.85 1.87 1.88 1.90 1.91 1.94 1.96 1.98 2.01 2.05 2.08 2.13 2.18 2.23 2.30 2.37 2.45 2.55 2.66 2.79 2.93 3.10 3.28 3.49 3.72 3.96 4.20 4.44 4.72 5.09 5.34 5.91 6.86 9.82 12.00 0.72 0.00 0.00 0.00 0.00 0.00 
0.00 0.00 0.00 0.00 0.00 0.00 0.15 1.84 2.58 2.05 1.81 1.70 1.80 1.77 1.76 1.76 1.75 1.75 1.75 1.74 1.75 1.75 1.75 1.75 1.75 1.76 1.76 1.76 1.77 1.77 1.78 1.78 1.79 1.79 1.80 1.80 1.81 1.82 1.82 1.83 1.84 1.85 1.86 1.87 1.88 1.90 1.92 1.93 1.95 1.98 2.00 2.03 2.07 2.10 2.15 2.20 2.25 2.31 2.39 2.47 2.56 2.67 2.79 2.94 3.10 3.29 3.50 3.74 4.01 4.31 4.62 4.93 5.24 5.60 5.92 6.69 8.29 12.30 8.28 0.00 0.00 0.00 0.00 0.00 0.00 0.00 
0.00 0.00 0.00 0.00 0.00 0.00 0.00 0.00 0.46 1.75 2.13 2.44 2.48 2.45 2.43 2.41 2.40 2.39 2.39 2.39 2.39 2.39 2.40 2.40 2.41 2.42 2.42 2.43 2.44 2.45 2.46 2.47 2.48 2.49 2.50 2.52 2.53 2.54 2.56 2.58 2.60 2.62 2.64 2.67 2.70 2.73 2.77 2.81 2.86 2.91 2.97 3.04 3.11 3.20 3.30 3.41 3.54 3.68 3.84 4.03 4.25 4.50 4.79 5.11 5.49 5.93 6.42 6.98 7.60 8.28 8.99 9.72 10.44 11.10 11.26 10.34 7.95 1.36 0.00 0.00 0.00 0.00 0.00 0.00 0.00 0.00 
0.00 0.00 0.00 0.00 0.00 0.00 0.00 0.00 0.00 0.00 0.00 0.00 0.15 0.15 0.15 0.15 0.15 0.15 0.15 0.15 0.15 0.15 0.15 0.15 0.15 0.15 0.15 0.15 0.15 0.15 0.15 0.15 0.15 0.15 0.15 0.15 0.15 0.15 0.15 0.15 0.15 0.15 0.15 0.15 0.15 0.15 0.15 0.15 0.15 0.15 0.15 0.15 0.15 0.15 0.15 0.15 0.15 0.15 0.15 0.15 0.15 0.15 0.15 0.15 0.15 0.15 0.15 0.15 0.15 0.15 0.15 0.15 0.15 0.15 0.00 0.00 0.00 0.00 0.00 0.00 0.00 0.00 0.00 0.00 0.00 0.00 
0.00 0.00 0.00 0.00 0.00 0.00 0.00 0.00 0.00 0.00 0.00 0.00 0.00 0.00 0.00 0.00 0.00 0.00 0.00 0.00 0.00 0.00 0.00 0.00 0.00 0.00 0.00 0.00 0.00 0.00 0.00 0.00 0.00 0.00 0.00 0.00 0.00 0.00 0.00 0.00 0.00 0.00 0.00 0.00 0.00 0.00 0.00 0.00 0.00 0.00 0.00 0.00 0.00 0.00 0.00 0.00 0.00 0.00 0.00 0.00 0.00 0.00 0.00 0.00 0.00 0.00 0.00 0.00 0.00 0.00 0.00 0.00 0.00 0.00 0.00 0.00 0.00 0.00 0.00 0.00 0.00 0.00 0.00 0.00 0.00 0.00 
0.00 0.00 0.00 0.00 0.00 0.00 0.00 0.00 0.00 0.00 0.00 0.00 0.00 0.00 0.00 0.00 0.00 0.00 0.00 0.00 0.00 0.00 0.00 0.00 0.00 0.00 0.00 0.00 0.00 0.00 0.00 0.00 0.00 0.00 0.00 0.00 0.00 0.00 0.00 0.00 0.00 0.00 0.00 0.00 0.00 0.00 0.00 0.00 0.00 0.00 0.00 0.00 0.00 0.00 0.00 0.00 0.00 0.00 0.00 0.00 0.00 0.00 0.00 0.00 0.00 0.00 0.00 0.00 0.00 0.00 0.00 0.00 0.00 0.00 0.00 0.00 0.00 0.00 0.00 0.00 0.00 0.00 0.00 0.00 0.00 0.00 
0.00 0.00 0.00 0.00 0.00 0.00 0.00 0.00 0.00 0.00 0.00 0.00 0.00 0.00 0.00 0.00 0.00 0.00 0.00 0.00 0.00 0.00 0.00 0.00 0.00 0.00 0.00 0.00 0.00 0.00 0.00 0.00 0.00 0.00 0.00 0.00 0.00 0.00 0.00 0.00 0.00 0.00 0.00 0.00 0.00 0.00 0.00 0.00 0.00 0.00 0.00 0.00 0.00 0.00 0.00 0.00 0.00 0.00 0.00 0.00 0.00 0.00 0.00 0.00 0.00 0.00 0.00 0.00 0.00 0.00 0.00 0.00 0.00 0.00 0.00 0.00 0.00 0.00 0.00 0.00 0.00 0.00 0.00 0.00 0.00 0.00 
