0.00 0.00 0.00 0.00 0.00 0.00 0.00 0.00 0.00 0.00 0.00 0.00 0.00 0.00 0.00 0.00 0.00 0.00 0.00 0.00 0.00 0.00 0.00 0.00 0.00 0.00 0.00 0.00 0.00 0.00 0.00 0.00 0.00 0.00 0.00 0.00 0.00 0.00 0.00 0.00 0.00 0.00 0.00 0.00 0.00 0.00 0.00 0.00 0.00 0.00 0.00 0.00 0.00 0.00 0.00 0.00 0.00 0.00 0.00 0.00 0.00 0.00 0.00 0.00 0.00 0.00 0.00 0.00 0.00 0.00 0.00 0.00 0.00 0.00 0.00 0.00 0.00 0.00 0.00 0.00 0.00 0.00 0.00 0.00 0.00 0.00 
0.00 0.00 0.00 0.00 0.00 0.00 0.00 0.00 0.00 0.00 0.00 0.00 0.00 0.00 0.00 0.00 0.00 0.00 0.00 0.00 0.00 0.00 0.00 0.00 0.00 0.00 0.00 0.00 0.00 0.00 0.00 0.00 0.00 0.00 0.00 0.00 0.00 0.00 0.00 0.00 0.00 0.00 0.00 0.00 0.00 0.00 0.00 0.00 0.00 0.00 0.00 0.00 0.00 0.00 0.00 0.00 0.00 0.00 0.00 0.00 0.00 0.00 0.00 0.00 0.00 0.00 0.00 0.00 0.00 0.00 0.00 0.00 0.00 0.00 0.00 0.00 0.00 0.00 0.00 0.00 0.00 0.00 0.00 0.00 0.00 0.00 
0.00 0.00 0.00 0.00 0.00 0.00 0.00 0.00 0.00 0.00 0.00 0.00 0.00 0.00 0.00 0.00 0.00 0.00 0.00 0.00 0.00 0.00 0.00 0.00 0.00 0.00 0.00 0.00 0.00 0.00 0.00 0.00 0.00 0.00 0.00 0.00 0.00 0.00 0.00 0.00 0.00 0.00 0.00 0.00 0.00 0.00 0.00 0.00 0.00 0.00 0.00 0.00 0.00 0.00 0.00 0.00 0.00 0.00 0.00 0.00 0.00 0.00 0.00 0.00 0.00 0.00 0.00 0.00 0.00 0.00 0.00 0.00 0.00 0.00 0.00 0.00 0.00 0.00 0.00 0.00 0.00 0.00 0.00 0.00 0.00 0.00 
0.00 0.00 0.00 0.00 0.00 0.00 0.00 0.00 0.90 5.07 6.77 7.75 8.11 8.14 8.16 8.17 8.18 8.17 8.14 8.09 8.01 7.91 7.77 7.61 7.42 7.20 6.96 6.70 6.43 6.15 5.88 5.61 5.35 5.10 4.86 4.65 4.45 4.26 4.09 3.93 3.79 3.66 3.54 3.43 3.33 3.24 3.15 3.07 3.00 2.94 2.88 2.82 2.77 2.72 2.68 2.63 2.60 2.56 2.53 2.50 2.48 2.45 2.43 2.42 2.41 2.40 2.40 2.40 2.41 2.43 2.46 2.51 2.57 2.65 2.65 2.38 1.97 0.50 0.00 0.00 0.00 0.00 0.00 0.00 0.00 0.00 
0.00 0.00 0.00 0.00 0.00 0.00 0.00 5.04 7.62 5.39 4.53 4.19 4.07 4.03 4.04 4.05 4.05 4.05 4.04 4.02 3.99 3.94 3.89 3.82 3.74 3.64 3.54 3.43 3.32 3.20 3.08 2.96 2.85 2.75 2.65 2.56 2.47 2.39 2.32 2.25 2.19 2.13 2.08 2.04 1.99 1.96 1.92 1.89 1.86 1.83 1.80 1.78 1.76 1.74 1.72 1.70 1.69 1.67 1.66 1.65 1.64 1.63 1.62 1.62 1.61 1.61 1.61 1.61 1.62 1.63 1.64 1.66 1.69 1.73 1.81 1.96 2.29 3.01 2.17 0.00 0.00 0.00 0.00 0.00 0.00 0.00 
0.00 0.00 0.00 0.00 0.00 0.50 7.10 6.05 4.38 3.94 3.68 3.69 3.60 3.56 3.57 3.58 3.58 3.58 3.57 3.56 3.54 3.50 3.46 3.41 3.35 3.28 3.20 3.12 3.03 2.94 2.85 2.76 2.68 2.60 2.52 2.45 2.39 2.33 2.27 2.22 2.18 2.13 2.10 2.06 2.03 2.00 1.97 1.95 1.93 1.90 1.89 1.87 1.85 1.84 1.82 1.81 1.80 1.79 1.78 1.77 1.76 1.76 1.75 1.75 1.75 1.74 1.74 1.75 1.75 1.76 1.77 1.79 1.81 1.84 1.90 1.83 1.96 2.07 2.75 3.19 0.41 0.00 0.00 0.00 0.00 0.00 
0.00 0.00 0.00 0.00 0.00 7.20 5.52 4.21 3.70 3.51 3.40 3.33 3.31 3.28 3.29 3.30 3.30 3.30 3.29 3.28 3.26 3.24 3.20 3.16 3.10 3.04 2.98 2.91 2.83 2.76 2.68 2.61 2.53 2.46 2.40 2.34 2.28 2.23 2.19 2.14 2.10 2.07 2.04 2.01 1.98 1.95 1.93 1.91 1.89 1.87 1.86 1.84 1.83 1.82 1.81 1.80 1.79 1.78 1.77 1.76 1.76 1.75 1.75 1.74 1.74 1.74 1.74 1.74 1.75 1.76 1.77 1.78 1.80 1.83 1.81 1.87 1.94 1.96 2.22 2.74 3.51 0.15 0.00 0.00 0.00 0.00 
0.00 0.00 0.00 0.00 5.31 6.21 4.25 3.78 3.44 3.37 3.25 3.24 3.23 3.20 3.21 3.22 3.22 3.22 3.22 3.21 3.19 3.17 3.14 3.10 3.05 2.99 2.93 2.87 2.80 2.72 2.65 2.58 2.52 2.45 2.39 2.34 2.28 2.24 2.19 2.15 2.12 2.08 2.05 2.03 2.00 1.98 1.96 1.94 1.92 1.90 1.89 1.88 1.86 1.85 1.84 1.83 1.82 1.82 1.81 1.80 1.80 1.79 1.79 1.79 1.78 1.78 1.78 1.79 1.79 1.80 1.81 1.82 1.84 1.87 1.90 1.94 2.01 1.99 2.17 2.35 3.28 2.97 0.00 0.00 0.00 0.00 
0.00 0.00 0.00 0.97 8.10 4.51 3.75 3.45 3.31 3.23 3.11 3.15 3.14 3.15 3.16 3.17 3.17 3.17 3.17 3.16 3.15 3.13 3.10 3.06 3.02 2.97 2.91 2.85 2.79 2.73 2.66 2.60 2.54 2.48 2.43 2.38 2.33 2.29 2.25 2.22 2.18 2.16 2.13 2.10 2.08 2.06 2.04 2.03 2.01 2.00 1.98 1.97 1.96 1.95 1.94 1.93 1.93 1.92 1.91 1.91 1.90 1.90 1.90 1.89 1.89 1.89 1.89 1.90 1.90 1.91 1.92 1.93 1.94 1.96 1.99 1.90 1.97 2.05 2.05 2.15 2.53 4.48 0.70 0.00 0.00 0.00 
0.00 0.00 0.00 5.59 5.71 4.06 3.56 3.39 3.24 3.20 3.14 3.11 3.07 3.07 3.08 3.09 3.10 3.10 3.10 3.09 3.08 3.06 3.03 3.00 2.95 2.91 2.85 2.80 2.74 2.68 2.61 2.55 2.50 2.44 2.39 2.34 2.30 2.26 2.22 2.18 2.15 2.13 2.10 2.08 2.05 2.04 2.02 2.00 1.99 1.97 1.96 1.95 1.94 1.93 1.92 1.91 1.91 1.90 1.89 1.89 1.89 1.88 1.88 1.88 1.88 1.88 1.88 1.88 1.88 1.89 1.90 1.91 1.93 1.95 1.98 2.02 2.07 2.02 2.13 2.19 2.44 3.37 3.53 0.00 0.00 0.00 
0.00 0.00 0.00 7.53 4.79 3.80 3.45 3.27 3.12 3.14 3.06 3.03 3.02 3.02 3.03 3.04 3.05 3.05 3.05 3.04 3.03 3.01 2.98 2.95 2.91 2.86 2.81 2.75 2.70 2.64 2.58 2.52 2.46 2.41 2.36 2.31 2.27 2.23 2.20 2.16 2.13 2.11 2.08 2.06 2.04 2.02 2.00 1.99 1.97 1.96 1.95 1.94 1.93 1.92 1.91 1.90 1.89 1.89 1.88 1.88 1.87 1.87 1.87 1.87 1.86 1.86 1.87 1.87 1.87 1.88 1.89 1.90 1.91 1.93 1.96 2.00 2.05 1.99 2.09 2.14 2.32 2.90 4.70 0.00 0.00 0.00 
0.00 0.00 0.00 8.63 4.44 3.79 3.38 3.26 3.15 3.11 3.03 3.00 2.99 2.99 3.00 3.01 3.01 3.02 3.01 3.01 2.99 2.97 2.95 2.91 2.87 2.83 2.78 2.73 2.67 2.61 2.55 2.50 2.44 2.39 2.34 2.30 2.25 2.22 2.18 2.15 2.12 2.09 2.07 2.05 2.03 2.01 1.99 1.98 1.96 1.95 1.94 1.93 1.92 1.91 1.90 1.89 1.89 1.88 1.88 1.87 1.87 1.86 1.86 1.86 1.86 1.86 1.86 1.86 1.86 1.87 1.88 1.89 1.90 1.92 1.95 1.99 2.05 2.10 2.08 2.13 2.40 2.74 5.44 0.00 0.00 0.00 
0.00 0.00 0.00 9.01 4.31 3.68 3.35 3.24 3.14 3.06 3.01 2.98 3.02 2.95 2.96 2.97 2.97 2.98 2.97 2.97 2.95 2.94 2.91 2.88 2.85 2.80 2.76 2.71 2.65 2.60 2.55 2.50 2.44 2.40 2.35 2.31 2.27 2.24 2.20 2.17 2.15 2.12 2.10 2.08 2.06 2.04 2.03 2.02 2.00 1.99 1.98 1.97 1.96 1.95 1.95 1.94 1.93 1.93 1.92 1.92 1.92 1.91 1.91 1.91 1.91 1.91 1.91 1.91 1.92 1.92 1.93 1.94 1.95 1.99 1.95 1.99 2.04 2.09 2.07 2.10 2.37 2.81 5.66 0.00 0.00 0.00 
0.00 0.00 0.00 9.01 4.31 3.68 3.35 3.24 3.14 3.06 3.01 2.98 3.03 2.95 2.96 2.97 2.97 2.98 2.97 2.97 2.95 2.94 2.91 2.88 2.85 2.80 2.76 2.71 2.65 2.60 2.55 2.50 2.45 2.40 2.35 2.31 2.27 2.24 2.20 2.17 2.15 2.12 2.10 2.08 2.06 2.04 2.03 2.02 2.00 1.99 1.98 1.97 1.96 1.95 1.95 1.94 1.93 1.93 1.92 1.92 1.92 1.91 1.91 1.91 1.91 1.91 1.91 1.91 1.92 1.92 1.93 1.94 1.95 1.99 1.95 1.99 2.04 2.09 2.07 2.10 2.37 2.81 5.65 0.00 0.00 0.00 
0.00 0.00 0.00 8.62 4.43 3.79 3.38 3.26 3.15 3.11 3.03 3.00 2.99 2.99 3.00 3.01 3.02 3.02 3.01 3.01 2.99 2.97 2.95 2.91 2.88 2.83 2.78 2.73 2.67 2.61 2.55 2.50 2.44 2.39 2.34 2.30 2.25 2.22 2.18 2.15 2.12 2.09 2.07 2.05 2.03 2.01 1.99 1.98 1.96 1.95 1.94 1.93 1.92 1.91 1.90 1.89 1.89 1.88 1.88 1.87 1.87 1.86 1.86 1.86 1.86 1.86 1.86 1.86 1.87 1.87 1.88 1.89 1.90 1.92 1.95 1.99 2.05 2.10 2.08 2.13 2.40 2.73 5.40 0.00 0.00 0.00 
0.00 0.00 0.00 7.51 4.79 3.80 3.45 3.28 3.12 3.14 3.06 3.03 3.02 3.03 3.04 3.04 3.05 3.05 3.05 3.04 3.03 3.01 2.98 2.95 2.91 2.86 2.81 2.76 2.70 2.64 2.58 2.52 2.46 2.41 2.36 2.31 2.27 2.23 2.20 2.16 2.13 2.11 2.08 2.06 2.04 2.02 2.00 1.99 1.97 1.96 1.95 1.94 1.93 1.92 1.91 1.90 1.90 1.89 1.88 1.88 1.87 1.87 1.87 1.87 1.87 1.86 1.87 1.87 1.87 1.88 1.89 1.90 1.91 1.93 1.96 2.00 2.05 1.99 2.09 2.14 2.31 2.89 4.65 0.00 0.00 0.00 
0.00 0.00 0.00 5.58 5.71 4.06 3.56 3.39 3.24 3.20 3.14 3.12 3.07 3.08 3.09 3.10 3.10 3.10 3.10 3.09 3.08 3.06 3.03 3.00 2.96 2.91 2.86 2.80 2.74 2.68 2.62 2.56 2.50 2.44 2.39 2.34 2.30 2.26 2.22 2.19 2.15 2.13 2.10 2.08 2.06 2.04 2.02 2.00 1.99 1.97 1.96 1.95 1.94 1.93 1.92 1.91 1.91 1.90 1.90 1.89 1.89 1.88 1.88 1.88 1.88 1.88 1.88 1.88 1.88 1.89 1.90 1.91 1.93 1.95 1.98 2.02 2.07 2.02 2.13 2.18 2.42 3.34 3.49 0.00 0.00 0.00 
0.00 0.00 0.00 0.97 8.09 4.51 3.75 3.46 3.32 3.24 3.12 3.15 3.15 3.16 3.17 3.17 3.18 3.18 3.18 3.17 3.15 3.13 3.10 3.06 3.02 2.97 2.92 2.86 2.79 2.73 2.67 2.60 2.54 2.49 2.43 2.38 2.34 2.29 2.25 2.22 2.19 2.16 2.13 2.11 2.08 2.06 2.04 2.03 2.01 2.00 1.98 1.97 1.96 1.95 1.94 1.93 1.93 1.92 1.91 1.91 1.90 1.90 1.90 1.90 1.89 1.89 1.89 1.90 1.90 1.91 1.92 1.93 1.94 1.96 1.99 1.90 1.97 2.04 2.04 2.14 2.51 4.42 0.70 0.00 0.00 0.00 
0.00 0.00 0.00 0.00 5.31 6.21 4.25 3.78 3.45 3.37 3.26 3.25 3.24 3.21 3.22 3.23 3.23 3.23 3.23 3.22 3.20 3.18 3.14 3.10 3.05 3.00 2.94 2.87 2.80 2.73 2.66 2.59 2.52 2.45 2.39 2.34 2.29 2.24 2.19 2.16 2.12 2.09 2.06 2.03 2.00 1.98 1.96 1.94 1.92 1.91 1.89 1.88 1.87 1.85 1.84 1.83 1.83 1.82 1.81 1.80 1.80 1.79 1.79 1.79 1.79 1.79 1.79 1.79 1.79 1.80 1.81 1.82 1.84 1.87 1.90 1.94 2.01 1.98 2.16 2.34 3.25 2.93 0.00 0.00 0.00 0.00 
0.00 0.00 0.00 0.00 0.00 7.20 5.52 4.22 3.71 3.52 3.41 3.34 3.33 3.29 3.30 3.31 3.31 3.31 3.31 3.29 3.27 3.25 3.21 3.16 3.11 3.05 2.98 2.91 2.84 2.76 2.68 2.61 2.54 2.47 2.40 2.34 2.29 2.24 2.19 2.15 2.11 2.07 2.04 2.01 1.98 1.96 1.93 1.91 1.89 1.88 1.86 1.85 1.83 1.82 1.81 1.80 1.79 1.78 1.77 1.77 1.76 1.75 1.75 1.75 1.75 1.74 1.74 1.75 1.75 1.76 1.77 1.78 1.80 1.83 1.81 1.86 1.94 1.96 2.20 2.72 3.46 0.15 0.00 0.00 0.00 0.00 
0.00 0.00 0.00 0.00 0.00 0.50 7.11 6.07 4.39 3.96 3.70 3.71 3.62 3.58 3.59 3.60 3.60 3.60 3.59 3.57 3.55 3.52 3.47 3.42 3.36 3.29 3.21 3.12 3.03 2.94 2.86 2.77 2.68 2.60 2.53 2.46 2.39 2.33 2.28 2.23 2.18 2.14 2.10 2.06 2.03 2.00 1.98 1.95 1.93 1.91 1.89 1.87 1.86 1.84 1.83 1.81 1.80 1.79 1.78 1.78 1.77 1.76 1.76 1.75 1.75 1.75 1.75 1.75 1.76 1.76 1.77 1.79 1.81 1.84 1.90 1.83 1.95 2.06 2.73 3.14 0.40 0.00 0.00 0.00 0.00 0.00 
0.00 0.00 0.00 0.00 0.00 0.00 0.12 5.07 7.65 5.41 4.55 4.21 4.23 4.19 4.20 4.21 4.21 4.20 4.19 4.17 4.14 4.09 4.04 3.96 3.88 3.79 3.68 3.57 3.46 3.34 3.22 3.11 3.00 2.89 2.79 2.70 2.62 2.54 2.47 2.40 2.34 2.28 2.23 2.19 2.15 2.11 2.07 2.04 2.01 1.98 1.96 1.93 1.91 1.89 1.87 1.86 1.84 1.83 1.81 1.80 1.79 1.78 1.78 1.77 1.77 1.76 1.76 1.77 1.77 1.78 1.79 1.81 1.84 1.88 1.80 1.95 2.27 2.98 2.15 0.00 0.00 0.00 0.00 0.00 0.00 0.00 
0.00 0.00 0.00 0.00 0.00 0.00 0.00 0.00 0.91 5.10 6.81 7.81 8.18 8.21 8.24 8.25 8.25 8.24 8.21 8.15 8.07 7.96 7.82 7.65 7.45 7.23 6.98 6.72 6.45 6.17 5.89 5.62 5.36 5.12 4.88 4.67 4.47 4.28 4.11 3.95 3.81 3.68 3.56 3.45 3.35 3.26 3.17 3.09 3.02 2.96 2.89 2.84 2.79 2.74 2.69 2.65 2.61 2.58 2.55 2.52 2.49 2.47 2.45 2.44 2.42 2.42 2.41 2.42 2.43 2.45 2.48 2.52 2.57 2.64 2.64 2.36 1.96 0.50 0.00 0.00 0.00 0.00 0.00 0.00 0.00 0.00 
0.00 0.00 0.00 0.00 0.00 0.00 0.00 0.00 0.00 0.00 0.00 0.00 0.13 0.13 0.13 0.13 0.13 0.14 0.14 0.14 0.14 0.14 0.14 0.14 0.14 0.14 0.14 0.14 0.14 0.14 0.14 0.14 0.14 0.14 0.14 0.14 0.14 0.14 0.14 0.14 0.14 0.14 0.14 0.14 0.15 0.15 0.15 0.15 0.15 0.15 0.15 0.15 0.15 0.15 0.15 0.15 0.15 0.15 0.15 0.15 0.15 0.15 0.15 0.15 0.15 0.15 0.15 0.15 0.15 0.15 0.15 0.15 0.15 0.15 0.00 0.00 0.00 0.00 0.00 0.00 0.00 0.00 0.00 0.00 0.00 0.00 
0.00 0.00 0.00 0.00 0.00 0.00 0.00 0.00 0.00 0.00 0.00 0.00 0.00 0.00 0.00 0.00 0.00 0.00 0.00 0.00 0.00 0.00 0.00 0.00 0.00 0.00 0.00 0.00 0.00 0.00 0.00 0.00 0.00 0.00 0.00 0.00 0.00 0.00 0.00 0.00 0.00 0.00 0.00 0.00 0.00 0.00 0.00 0.00 0.00 0.00 0.00 0.00 0.00 0.00 0.00 0.00 0.00 0.00 0.00 0.00 0.00 0.00 0.00 0.00 0.00 0.00 0.00 0.00 0.00 0.00 0.00 0.00 0.00 0.00 0.00 0.00 0.00 0.00 0.00 0.00 0.00 0.00 0.00 0.00 0.00 0.00 
0.00 0.00 0.00 0.00 0.00 0.00 0.00 0.00 0.00 0.00 0.00 0.00 0.00 0.00 0.00 0.00 0.00 0.00 0.00 0.00 0.00 0.00 0.00 0.00 0.00 0.00 0.00 0.00 0.00 0.00 0.00 0.00 0.00 0.00 0.00 0.00 0.00 0.00 0.00 0.00 0.00 0.00 0.00 0.00 0.00 0.00 0.00 0.00 0.00 0.00 0.00 0.00 0.00 0.00 0.00 0.00 0.00 0.00 0.00 0.00 0.00 0.00 0.00 0.00 0.00 0.00 0.00 0.00 0.00 0.00 0.00 0.00 0.00 0.00 0.00 0.00 0.00 0.00 0.00 0.00 0.00 0.00 0.00 0.00 0.00 0.00 
0.00 0.00 0.00 0.00 0.00 0.00 0.00 0.00 0.00 0.00 0.00 0.00 0.00 0.00 0.00 0.00 0.00 0.00 0.00 0.00 0.00 0.00 0.00 0.00 0.00 0.00 0.00 0.00 0.00 0.00 0.00 0.00 0.00 0.00 0.00 0.00 0.00 0.00 0.00 0.00 0.00 0.00 0.00 0.00 0.00 0.00 0.00 0.00 0.00 0.00 0.00 0.00 0.00 0.00 0.00 0.00 0.00 0.00 0.00 0.00 0.00 0.00 0.00 0.00 0.00 0.00 0.00 0.00 0.00 0.00 0.00 0.00 0.00 0.00 0.00 0.00 0.00 0.00 0.00 0.00 0.00 0.00 0.00 0.00 0.00 0.00 
