0.00 0.00 0.00 0.00 0.00 0.00 0.00 0.00 0.00 0.00 0.00 0.00 0.00 0.00 0.00 0.00 0.00 0.00 0.00 0.00 0.00 0.00 0.00 0.00 0.00 0.00 0.00 0.00 0.00 0.00 0.00 0.00 0.00 0.00 0.00 0.00 0.00 0.00 0.00 0.00 0.00 0.00 0.00 0.00 0.00 0.00 0.00 0.00 0.00 0.00 0.00 0.00 0.00 0.00 0.00 0.00 0.00 0.00 0.00 0.00 0.00 0.00 0.00 0.00 0.00 0.00 0.00 0.00 0.00 0.00 0.00 0.00 0.00 0.00 0.00 0.00 0.00 0.00 0.00 0.00 0.00 0.00 0.00 0.00 0.00 0.00 
0.00 0.00 0.00 0.00 0.00 0.00 0.00 0.00 0.00 0.00 0.00 0.00 0.00 0.00 0.00 0.00 0.00 0.00 0.00 0.00 0.00 0.00 0.00 0.00 0.00 0.00 0.00 0.00 0.00 0.00 0.00 0.00 0.00 0.00 0.00 0.00 0.00 0.00 0.00 0.00 0.00 0.00 0.00 0.00 0.00 0.00 0.00 0.00 0.00 0.00 0.00 0.00 0.00 0.00 0.00 0.00 0.00 0.00 0.00 0.00 0.00 0.00 0.00 0.00 0.00 0.00 0.00 0.00 0.00 0.00 0.00 0.00 0.00 0.00 0.00 0.00 0.00 0.00 0.00 0.00 0.00 0.00 0.00 0.00 0.00 0.00 
0.00 0.00 0.00 0.00 0.00 0.00 0.00 0.00 0.00 0.00 0.00 0.00 0.00 0.00 0.00 0.00 0.00 0.00 0.00 0.00 0.00 0.00 0.00 0.00 0.00 0.00 0.00 0.00 0.00 0.00 0.00 0.00 0.00 0.00 0.00 0.00 0.00 0.00 0.00 0.00 0.00 0.00 0.00 0.00 0.00 0.00 0.00 0.00 0.00 0.00 0.00 0.00 0.00 0.00 0.00 0.00 0.00 0.00 0.00 0.00 0.00 0.00 0.00 0.00 0.00 0.00 0.00 0.00 0.00 0.00 0.00 0.00 0.00 0.00 0.00 0.00 0.00 0.00 0.00 0.00 0.00 0.00 0.00 0.00 0.00 0.00 
0.00 0.00 0.00 0.00 0.00 0.00 0.00 0.00 0.47 1.84 2.27 2.61 2.66 2.64 2.62 2.61 2.60 2.60 2.60 2.60 2.60 2.60 2.61 2.61 2.61 2.62 2.62 2.62 2.63 2.63 2.63 2.64 2.64 2.64 2.65 2.65 2.65 2.66 2.66 2.66 2.67 2.67 2.68 2.69 2.70 2.71 2.73 2.74 2.76 2.78 2.81 2.84 2.88 2.92 2.97 3.03 3.09 3.17 3.26 3.37 3.49 3.63 3.80 4.00 4.23 4.51 4.84 5.23 5.70 6.27 6.95 7.75 8.69 9.73 10.40 10.09 8.14 1.45 0.00 0.00 0.00 0.00 0.00 0.00 0.00 0.00 
0.00 0.00 0.00 0.00 0.00 0.00 0.00 1.90 2.71 2.15 1.89 1.78 1.73 1.71 1.70 1.70 1.69 1.69 1.69 1.69 1.69 1.69 1.69 1.70 1.70 1.70 1.70 1.71 1.71 1.71 1.71 1.71 1.71 1.72 1.72 1.72 1.72 1.72 1.73 1.73 1.73 1.73 1.74 1.74 1.75 1.75 1.76 1.77 1.78 1.79 1.80 1.81 1.83 1.85 1.87 1.90 1.93 1.96 2.00 2.05 2.10 2.17 2.24 2.33 2.43 2.55 2.69 2.87 3.07 3.32 3.61 3.96 4.36 4.87 5.51 6.53 8.45 13.15 9.23 0.00 0.00 0.00 0.00 0.00 0.00 0.00 
0.00 0.00 0.00 0.00 0.00 0.37 2.59 2.42 1.90 1.86 1.77 1.87 1.84 1.82 1.81 1.81 1.80 1.80 1.80 1.80 1.80 1.81 1.81 1.81 1.81 1.81 1.82 1.82 1.82 1.82 1.82 1.83 1.83 1.83 1.83 1.83 1.83 1.84 1.84 1.84 1.84 1.85 1.85 1.85 1.86 1.86 1.87 1.88 1.88 1.89 1.90 1.92 1.93 1.95 1.96 1.98 2.01 2.04 2.07 2.10 2.15 2.20 2.25 2.32 2.40 2.49 2.61 2.74 2.90 3.09 3.32 3.58 3.89 4.28 4.77 5.22 6.02 7.33 10.93 14.04 0.84 0.00 0.00 0.00 0.00 0.00 
0.00 0.00 0.00 0.00 0.00 2.70 2.32 1.99 1.82 1.86 1.81 1.78 1.82 1.80 1.80 1.79 1.79 1.79 1.79 1.79 1.79 1.79 1.80 1.80 1.80 1.80 1.80 1.80 1.81 1.81 1.81 1.81 1.81 1.82 1.82 1.82 1.82 1.82 1.83 1.83 1.83 1.83 1.84 1.84 1.84 1.85 1.85 1.86 1.87 1.88 1.89 1.90 1.91 1.92 1.94 1.96 1.98 2.00 2.03 2.06 2.10 2.14 2.19 2.25 2.32 2.40 2.50 2.61 2.75 2.91 3.11 3.33 3.59 3.93 4.29 4.76 5.26 6.08 7.38 10.50 14.89 0.15 0.00 0.00 0.00 0.00 
0.00 0.00 0.00 0.00 2.21 2.62 2.04 1.98 1.86 1.93 1.88 1.87 1.86 1.84 1.84 1.83 1.83 1.83 1.83 1.83 1.83 1.83 1.83 1.84 1.84 1.84 1.84 1.84 1.84 1.85 1.85 1.85 1.85 1.85 1.86 1.86 1.86 1.86 1.86 1.87 1.87 1.87 1.87 1.88 1.88 1.89 1.89 1.90 1.91 1.91 1.92 1.93 1.94 1.96 1.97 1.99 2.01 2.03 2.06 2.09 2.12 2.16 2.21 2.27 2.33 2.41 2.50 2.61 2.74 2.89 3.08 3.29 3.54 3.86 4.18 4.51 4.99 5.54 6.47 7.86 12.49 11.27 0.00 0.00 0.00 0.00 
0.00 0.00 0.00 0.55 3.26 2.07 1.89 1.88 1.93 1.89 1.85 1.96 1.95 1.94 1.94 1.93 1.93 1.93 1.93 1.93 1.93 1.93 1.94 1.94 1.94 1.94 1.94 1.95 1.95 1.95 1.95 1.95 1.95 1.96 1.96 1.96 1.96 1.96 1.97 1.97 1.97 1.98 1.98 1.98 1.99 1.99 2.00 2.00 2.01 2.02 2.02 2.03 2.04 2.06 2.07 2.09 2.11 2.13 2.15 2.18 2.21 2.25 2.29 2.34 2.40 2.47 2.55 2.65 2.77 2.91 3.07 3.27 3.49 3.73 4.01 4.31 4.78 5.21 5.84 6.83 8.87 17.25 1.94 0.00 0.00 0.00 
0.00 0.00 0.00 2.42 2.55 2.04 1.94 1.97 1.91 1.99 1.97 1.95 1.93 1.92 1.92 1.91 1.91 1.91 1.91 1.91 1.91 1.92 1.92 1.92 1.92 1.92 1.92 1.93 1.93 1.93 1.93 1.93 1.94 1.94 1.94 1.94 1.94 1.95 1.95 1.95 1.95 1.96 1.96 1.96 1.97 1.97 1.98 1.98 1.99 1.99 2.00 2.01 2.02 2.03 2.05 2.06 2.08 2.10 2.13 2.15 2.18 2.22 2.26 2.31 2.37 2.44 2.52 2.61 2.73 2.86 3.03 3.22 3.44 3.68 4.00 4.30 4.67 5.10 5.64 6.37 7.83 11.86 12.24 0.00 0.00 0.00 
0.00 0.00 0.00 3.14 2.24 1.95 1.91 1.94 1.88 1.98 1.95 1.93 1.91 1.91 1.90 1.90 1.90 1.90 1.90 1.90 1.90 1.90 1.90 1.91 1.91 1.91 1.91 1.91 1.92 1.92 1.92 1.92 1.92 1.92 1.93 1.93 1.93 1.93 1.93 1.94 1.94 1.94 1.95 1.95 1.95 1.96 1.96 1.97 1.97 1.98 1.99 2.00 2.01 2.02 2.03 2.05 2.07 2.09 2.11 2.13 2.16 2.20 2.24 2.29 2.34 2.41 2.49 2.58 2.69 2.82 2.98 3.16 3.38 3.62 3.91 4.23 4.55 4.90 5.41 6.15 7.26 9.82 16.63 0.00 0.00 0.00 
0.00 0.00 0.00 3.64 2.13 2.05 1.89 1.93 2.00 1.97 1.94 1.92 1.91 1.90 1.90 1.89 1.89 1.89 1.89 1.89 1.89 1.90 1.90 1.90 1.90 1.90 1.90 1.91 1.91 1.91 1.91 1.91 1.91 1.92 1.92 1.92 1.92 1.92 1.93 1.93 1.93 1.93 1.94 1.94 1.95 1.95 1.95 1.96 1.97 1.97 1.98 1.99 2.00 2.01 2.02 2.04 2.06 2.08 2.10 2.12 2.15 2.19 2.23 2.27 2.33 2.39 2.47 2.56 2.66 2.79 2.94 3.12 3.33 3.57 3.86 4.19 4.57 4.85 5.38 6.06 7.13 9.06 18.96 0.00 0.00 0.00 
0.00 0.00 0.00 3.78 2.09 2.01 1.94 1.93 1.99 1.96 1.93 1.91 1.97 1.95 1.94 1.94 1.94 1.94 1.94 1.94 1.94 1.94 1.94 1.95 1.95 1.95 1.95 1.95 1.96 1.96 1.96 1.96 1.96 1.96 1.97 1.97 1.97 1.97 1.97 1.98 1.98 1.98 1.99 1.99 1.99 2.00 2.00 2.01 2.01 2.02 2.03 2.04 2.05 2.06 2.07 2.08 2.10 2.12 2.14 2.16 2.19 2.22 2.26 2.30 2.35 2.41 2.48 2.57 2.67 2.79 2.93 3.09 3.28 3.58 3.82 4.16 4.51 4.81 5.37 5.89 6.94 8.91 19.79 0.00 0.00 0.00 
0.00 0.00 0.00 3.78 2.08 2.01 1.94 1.93 1.99 1.96 1.93 1.91 1.97 1.95 1.94 1.94 1.94 1.94 1.94 1.94 1.94 1.94 1.94 1.95 1.95 1.95 1.95 1.95 1.96 1.96 1.96 1.96 1.96 1.96 1.97 1.97 1.97 1.97 1.98 1.98 1.98 1.98 1.99 1.99 1.99 2.00 2.00 2.01 2.01 2.02 2.03 2.04 2.05 2.06 2.07 2.08 2.10 2.12 2.14 2.16 2.19 2.22 2.26 2.30 2.35 2.41 2.48 2.57 2.67 2.79 2.93 3.09 3.28 3.58 3.82 4.16 4.50 4.81 5.36 5.89 6.94 8.91 19.78 0.00 0.00 0.00 
0.00 0.00 0.00 3.63 2.12 2.05 1.89 1.93 2.00 1.97 1.94 1.92 1.91 1.90 1.90 1.89 1.89 1.89 1.89 1.89 1.89 1.90 1.90 1.90 1.90 1.90 1.90 1.91 1.91 1.91 1.91 1.91 1.92 1.92 1.92 1.92 1.92 1.92 1.93 1.93 1.93 1.94 1.94 1.94 1.95 1.95 1.95 1.96 1.97 1.97 1.98 1.99 2.00 2.01 2.02 2.04 2.06 2.08 2.10 2.12 2.15 2.19 2.23 2.27 2.33 2.39 2.47 2.56 2.66 2.79 2.94 3.12 3.32 3.56 3.85 4.19 4.57 4.85 5.38 6.06 7.13 9.05 18.92 0.00 0.00 0.00 
0.00 0.00 0.00 3.12 2.23 1.95 1.91 1.94 1.88 1.98 1.95 1.93 1.91 1.91 1.91 1.90 1.90 1.90 1.90 1.90 1.90 1.90 1.91 1.91 1.91 1.91 1.91 1.91 1.92 1.92 1.92 1.92 1.92 1.93 1.93 1.93 1.93 1.93 1.94 1.94 1.94 1.94 1.95 1.95 1.95 1.96 1.96 1.97 1.98 1.98 1.99 2.00 2.01 2.02 2.03 2.05 2.07 2.09 2.11 2.14 2.17 2.20 2.24 2.29 2.34 2.41 2.49 2.58 2.69 2.82 2.98 3.16 3.37 3.62 3.90 4.22 4.54 4.90 5.40 6.14 7.25 9.80 16.58 0.00 0.00 0.00 
0.00 0.00 0.00 2.41 2.54 2.03 1.94 1.97 1.91 1.99 1.97 1.95 1.93 1.92 1.92 1.92 1.91 1.91 1.91 1.91 1.92 1.92 1.92 1.92 1.92 1.92 1.93 1.93 1.93 1.93 1.93 1.93 1.94 1.94 1.94 1.94 1.94 1.95 1.95 1.95 1.95 1.96 1.96 1.96 1.97 1.97 1.98 1.98 1.99 2.00 2.00 2.01 2.02 2.04 2.05 2.06 2.08 2.10 2.13 2.15 2.18 2.22 2.26 2.31 2.37 2.44 2.52 2.61 2.73 2.86 3.02 3.21 3.43 3.68 3.99 4.29 4.66 5.09 5.63 6.36 7.81 11.83 12.19 0.00 0.00 0.00 
0.00 0.00 0.00 0.55 3.24 2.06 1.89 1.88 1.93 1.89 1.85 1.96 1.95 1.94 1.94 1.93 1.93 1.93 1.93 1.93 1.93 1.94 1.94 1.94 1.94 1.94 1.94 1.95 1.95 1.95 1.95 1.95 1.96 1.96 1.96 1.96 1.96 1.97 1.97 1.97 1.97 1.98 1.98 1.98 1.99 1.99 2.00 2.00 2.01 2.02 2.03 2.04 2.05 2.06 2.07 2.09 2.11 2.13 2.15 2.18 2.21 2.25 2.29 2.34 2.40 2.47 2.55 2.65 2.77 2.91 3.07 3.27 3.49 3.72 4.00 4.30 4.77 5.20 5.82 6.81 8.84 17.18 1.94 0.00 0.00 0.00 
0.00 0.00 0.00 0.00 2.20 2.60 2.04 1.97 1.86 1.93 1.88 1.87 1.86 1.84 1.84 1.83 1.83 1.83 1.83 1.83 1.83 1.83 1.84 1.84 1.84 1.84 1.84 1.84 1.85 1.85 1.85 1.85 1.85 1.85 1.86 1.86 1.86 1.86 1.86 1.87 1.87 1.87 1.88 1.88 1.88 1.89 1.89 1.90 1.91 1.91 1.92 1.93 1.95 1.96 1.97 1.99 2.01 2.03 2.06 2.09 2.12 2.17 2.21 2.27 2.33 2.41 2.50 2.61 2.74 2.89 3.07 3.29 3.53 3.85 4.17 4.49 4.97 5.51 6.45 7.83 12.43 11.22 0.00 0.00 0.00 0.00 
0.00 0.00 0.00 0.00 0.00 2.68 2.31 1.99 1.82 1.85 1.81 1.78 1.82 1.80 1.80 1.80 1.79 1.79 1.79 1.79 1.79 1.80 1.80 1.80 1.80 1.80 1.80 1.81 1.81 1.81 1.81 1.81 1.82 1.82 1.82 1.82 1.82 1.83 1.83 1.83 1.83 1.84 1.84 1.84 1.85 1.85 1.86 1.86 1.87 1.88 1.89 1.90 1.91 1.92 1.94 1.96 1.98 2.00 2.03 2.06 2.10 2.14 2.19 2.25 2.32 2.40 2.50 2.61 2.75 2.91 3.10 3.32 3.58 3.90 4.26 4.73 5.23 6.05 7.34 10.45 14.81 0.15 0.00 0.00 0.00 0.00 
0.00 0.00 0.00 0.00 0.00 0.37 2.57 2.41 1.90 1.86 1.77 1.87 1.84 1.82 1.81 1.81 1.81 1.81 1.81 1.81 1.81 1.81 1.81 1.81 1.81 1.82 1.82 1.82 1.82 1.82 1.83 1.83 1.83 1.83 1.83 1.84 1.84 1.84 1.84 1.84 1.85 1.85 1.85 1.86 1.86 1.87 1.87 1.88 1.89 1.90 1.91 1.92 1.93 1.95 1.97 1.99 2.01 2.04 2.07 2.11 2.15 2.20 2.26 2.33 2.40 2.50 2.61 2.74 2.90 3.08 3.30 3.56 3.85 4.21 4.72 5.17 5.97 7.27 10.85 13.95 0.83 0.00 0.00 0.00 0.00 0.00 
0.00 0.00 0.00 0.00 0.00 0.00 0.15 1.91 2.70 2.15 1.89 1.78 1.88 1.86 1.85 1.85 1.84 1.84 1.84 1.84 1.84 1.85 1.85 1.85 1.85 1.85 1.86 1.86 1.86 1.86 1.86 1.87 1.87 1.87 1.87 1.87 1.88 1.88 1.88 1.88 1.89 1.89 1.89 1.90 1.90 1.91 1.92 1.92 1.93 1.95 1.96 1.97 1.99 2.01 2.03 2.06 2.09 2.12 2.16 2.21 2.26 2.33 2.40 2.49 2.59 2.71 2.85 3.02 3.22 3.46 3.75 4.08 4.45 4.93 5.42 6.44 8.35 13.01 9.14 0.00 0.00 0.00 0.00 0.00 0.00 0.00 
0.00 0.00 0.00 0.00 0.00 0.00 0.00 0.00 0.47 1.84 2.27 2.61 2.67 2.65 2.63 2.62 2.62 2.61 2.61 2.61 2.61 2.62 2.62 2.62 2.63 2.63 2.63 2.64 2.64 2.64 2.65 2.65 2.65 2.66 2.66 2.66 2.67 2.67 2.67 2.68 2.68 2.69 2.70 2.70 2.71 2.73 2.74 2.76 2.78 2.80 2.83 2.86 2.90 2.94 2.99 3.05 3.11 3.19 3.28 3.39 3.51 3.65 3.82 4.02 4.25 4.52 4.85 5.23 5.70 6.25 6.90 7.66 8.53 9.50 10.20 9.92 8.02 1.43 0.00 0.00 0.00 0.00 0.00 0.00 0.00 0.00 
0.00 0.00 0.00 0.00 0.00 0.00 0.00 0.00 0.00 0.00 0.00 0.00 0.15 0.15 0.15 0.15 0.15 0.15 0.15 0.15 0.15 0.15 0.15 0.15 0.15 0.15 0.15 0.15 0.15 0.15 0.15 0.15 0.15 0.15 0.15 0.15 0.15 0.15 0.15 0.15 0.15 0.15 0.15 0.15 0.15 0.15 0.15 0.15 0.15 0.15 0.15 0.15 0.15 0.15 0.15 0.15 0.15 0.15 0.15 0.16 0.16 0.16 0.16 0.16 0.16 0.16 0.16 0.16 0.16 0.16 0.16 0.16 0.16 0.15 0.00 0.00 0.00 0.00 0.00 0.00 0.00 0.00 0.00 0.00 0.00 0.00 
0.00 0.00 0.00 0.00 0.00 0.00 0.00 0.00 0.00 0.00 0.00 0.00 0.00 0.00 0.00 0.00 0.00 0.00 0.00 0.00 0.00 0.00 0.00 0.00 0.00 0.00 0.00 0.00 0.00 0.00 0.00 0.00 0.00 0.00 0.00 0.00 0.00 0.00 0.00 0.00 0.00 0.00 0.00 0.00 0.00 0.00 0.00 0.00 0.00 0.00 0.00 0.00 0.00 0.00 0.00 0.00 0.00 0.00 0.00 0.00 0.00 0.00 0.00 0.00 0.00 0.00 0.00 0.00 0.00 0.00 0.00 0.00 0.00 0.00 0.00 0.00 0.00 0.00 0.00 0.00 0.00 0.00 0.00 0.00 0.00 0.00 
0.00 0.00 0.00 0.00 0.00 0.00 0.00 0.00 0.00 0.00 0.00 0.00 0.00 0.00 0.00 0.00 0.00 0.00 0.00 0.00 0.00 0.00 0.00 0.00 0.00 0.00 0.00 0.00 0.00 0.00 0.00 0.00 0.00 0.00 0.00 0.00 0.00 0.00 0.00 0.00 0.00 0.00 0.00 0.00 0.00 0.00 0.00 0.00 0.00 0.00 0.00 0.00 0.00 0.00 0.00 0.00 0.00 0.00 0.00 0.00 0.00 0.00 0.00 0.00 0.00 0.00 0.00 0.00 0.00 0.00 0.00 0.00 0.00 0.00 0.00 0.00 0.00 0.00 0.00 0.00 0.00 0.00 0.00 0.00 0.00 0.00 
0.00 0.00 0.00 0.00 0.00 0.00 0.00 0.00 0.00 0.00 0.00 0.00 0.00 0.00 0.00 0.00 0.00 0.00 0.00 0.00 0.00 0.00 0.00 0.00 0.00 0.00 0.00 0.00 0.00 0.00 0.00 0.00 0.00 0.00 0.00 0.00 0.00 0.00 0.00 0.00 0.00 0.00 0.00 0.00 0.00 0.00 0.00 0.00 0.00 0.00 0.00 0.00 0.00 0.00 0.00 0.00 0.00 0.00 0.00 0.00 0.00 0.00 0.00 0.00 0.00 0.00 0.00 0.00 0.00 0.00 0.00 0.00 0.00 0.00 0.00 0.00 0.00 0.00 0.00 0.00 0.00 0.00 0.00 0.00 0.00 0.00 
