0.00 0.00 0.00 0.00 0.00 0.00 0.00 0.00 0.00 0.00 0.00 0.00 0.00 0.00 0.00 0.00 0.00 0.00 0.00 0.00 0.00 0.00 0.00 0.00 0.00 0.00 0.00 0.00 0.00 0.00 0.00 0.00 0.00 0.00 0.00 0.00 0.00 0.00 0.00 0.00 0.00 0.00 0.00 0.00 0.00 0.00 0.00 0.00 0.00 0.00 0.00 0.00 0.00 0.00 0.00 0.00 0.00 0.00 0.00 0.00 0.00 0.00 0.00 0.00 0.00 0.00 0.00 0.00 0.00 0.00 0.00 0.00 0.00 0.00 0.00 0.00 0.00 0.00 0.00 0.00 0.00 0.00 0.00 0.00 0.00 0.00 
0.00 0.00 0.00 0.00 0.00 0.00 0.00 0.00 0.00 0.00 0.00 0.00 0.00 0.00 0.00 0.00 0.00 0.00 0.00 0.00 0.00 0.00 0.00 0.00 0.00 0.00 0.00 0.00 0.00 0.00 0.00 0.00 0.00 0.00 0.00 0.00 0.00 0.00 0.00 0.00 0.00 0.00 0.00 0.00 0.00 0.00 0.00 0.00 0.00 0.00 0.00 0.00 0.00 0.00 0.00 0.00 0.00 0.00 0.00 0.00 0.00 0.00 0.00 0.00 0.00 0.00 0.00 0.00 0.00 0.00 0.00 0.00 0.00 0.00 0.00 0.00 0.00 0.00 0.00 0.00 0.00 0.00 0.00 0.00 0.00 0.00 
0.00 0.00 0.00 0.00 0.00 0.00 0.00 0.00 0.00 0.00 0.00 0.00 0.00 0.00 0.00 0.00 0.00 0.00 0.00 0.00 0.00 0.00 0.00 0.00 0.00 0.00 0.00 0.00 0.00 0.00 0.00 0.00 0.00 0.00 0.00 0.00 0.00 0.00 0.00 0.00 0.00 0.00 0.00 0.00 0.00 0.00 0.00 0.00 0.00 0.00 0.00 0.00 0.00 0.00 0.00 0.00 0.00 0.00 0.00 0.00 0.00 0.00 0.00 0.00 0.00 0.00 0.00 0.00 0.00 0.00 0.00 0.00 0.00 0.00 0.00 0.00 0.00 0.00 0.00 0.00 0.00 0.00 0.00 0.00 0.00 0.00 
0.00 0.00 0.00 0.00 0.00 0.00 0.00 0.00 0.62 2.65 3.20 3.48 3.41 3.25 3.13 3.03 2.97 2.92 2.89 2.88 2.88 2.88 2.90 2.92 2.96 3.00 3.04 3.09 3.15 3.21 3.28 3.35 3.44 3.52 3.61 3.71 3.82 3.92 4.04 4.16 4.28 4.41 4.54 4.67 4.80 4.93 5.06 5.19 5.31 5.42 5.53 5.63 5.72 5.81 5.88 5.95 6.00 6.04 6.08 6.10 6.12 6.13 6.13 6.12 6.11 6.09 6.07 6.04 6.01 5.97 5.94 5.91 5.88 5.86 5.61 4.89 3.70 0.71 0.00 0.00 0.00 0.00 0.00 0.00 0.00 0.00 
0.00 0.00 0.00 0.00 0.00 0.00 0.00 3.05 4.19 2.99 2.48 2.23 2.10 2.01 1.96 1.92 1.89 1.87 1.85 1.84 1.84 1.84 1.85 1.86 1.87 1.88 1.90 1.92 1.94 1.97 2.00 2.03 2.06 2.09 2.13 2.17 2.22 2.26 2.31 2.36 2.41 2.46 2.51 2.57 2.62 2.68 2.73 2.78 2.83 2.88 2.92 2.97 3.00 3.04 3.07 3.09 3.11 3.13 3.14 3.15 3.16 3.16 3.16 3.15 3.14 3.13 3.12 3.11 3.09 3.08 3.06 3.05 3.04 3.06 3.14 3.39 3.99 5.55 3.70 0.00 0.00 0.00 0.00 0.00 0.00 0.00 
0.00 0.00 0.00 0.00 0.00 0.49 4.73 3.81 2.72 2.45 2.24 2.26 2.16 2.09 2.05 2.01 1.99 1.97 1.96 1.95 1.95 1.95 1.95 1.95 1.96 1.97 1.98 2.00 2.01 2.03 2.05 2.07 2.09 2.12 2.15 2.18 2.21 2.24 2.28 2.31 2.35 2.39 2.43 2.47 2.51 2.55 2.59 2.62 2.66 2.69 2.73 2.76 2.78 2.81 2.83 2.85 2.86 2.87 2.88 2.88 2.89 2.89 2.88 2.88 2.87 2.86 2.85 2.84 2.83 2.81 2.80 2.79 2.78 2.80 2.87 2.83 3.02 3.29 4.48 5.18 0.42 0.00 0.00 0.00 0.00 0.00 
0.00 0.00 0.00 0.00 0.00 5.31 3.87 2.92 2.49 2.36 2.23 2.12 2.11 2.05 2.02 1.99 1.96 1.95 1.94 1.93 1.93 1.92 1.93 1.93 1.94 1.94 1.95 1.96 1.98 1.99 2.01 2.03 2.04 2.07 2.09 2.11 2.14 2.17 2.19 2.22 2.26 2.29 2.32 2.35 2.39 2.42 2.45 2.49 2.52 2.55 2.57 2.60 2.62 2.64 2.65 2.67 2.68 2.69 2.70 2.70 2.70 2.70 2.70 2.69 2.68 2.67 2.66 2.65 2.64 2.63 2.62 2.61 2.60 2.62 2.62 2.67 2.75 2.85 3.22 4.12 5.29 0.12 0.00 0.00 0.00 0.00 
0.00 0.00 0.00 0.00 4.69 4.85 3.18 2.77 2.46 2.41 2.28 2.20 2.14 2.09 2.05 2.02 2.00 1.99 1.97 1.97 1.96 1.96 1.96 1.97 1.97 1.98 1.98 1.99 2.01 2.02 2.03 2.05 2.07 2.09 2.11 2.13 2.15 2.18 2.20 2.23 2.26 2.29 2.32 2.35 2.38 2.41 2.44 2.47 2.50 2.52 2.55 2.57 2.59 2.61 2.62 2.64 2.65 2.65 2.66 2.66 2.66 2.66 2.66 2.65 2.64 2.63 2.62 2.61 2.60 2.59 2.58 2.57 2.56 2.58 2.59 2.60 2.68 2.70 2.95 3.26 4.64 3.95 0.00 0.00 0.00 0.00 
0.00 0.00 0.00 1.02 7.11 3.62 2.86 2.58 2.48 2.35 2.22 2.28 2.22 2.18 2.15 2.13 2.11 2.09 2.08 2.07 2.07 2.06 2.06 2.07 2.07 2.08 2.08 2.09 2.10 2.11 2.12 2.14 2.15 2.17 2.19 2.20 2.22 2.25 2.27 2.29 2.32 2.34 2.37 2.40 2.42 2.45 2.48 2.50 2.53 2.55 2.57 2.59 2.60 2.62 2.63 2.64 2.65 2.66 2.66 2.66 2.66 2.66 2.66 2.65 2.64 2.63 2.62 2.61 2.60 2.59 2.58 2.57 2.56 2.55 2.56 2.50 2.59 2.65 2.72 2.90 3.42 5.99 0.77 0.00 0.00 0.00 
0.00 0.00 0.00 5.75 5.13 3.38 2.84 2.64 2.45 2.44 2.34 2.27 2.20 2.16 2.13 2.10 2.08 2.07 2.06 2.05 2.05 2.04 2.04 2.04 2.05 2.05 2.06 2.07 2.07 2.08 2.10 2.11 2.12 2.14 2.16 2.17 2.19 2.21 2.23 2.26 2.28 2.31 2.33 2.36 2.38 2.41 2.43 2.46 2.48 2.50 2.52 2.54 2.55 2.57 2.58 2.59 2.60 2.60 2.61 2.61 2.61 2.60 2.60 2.59 2.59 2.58 2.57 2.56 2.55 2.54 2.53 2.52 2.51 2.50 2.53 2.55 2.60 2.59 2.70 2.80 3.14 4.31 4.19 0.00 0.00 0.00 
0.00 0.00 0.00 7.79 4.34 3.18 2.77 2.58 2.40 2.40 2.31 2.24 2.18 2.14 2.11 2.09 2.07 2.05 2.04 2.04 2.03 2.03 2.03 2.03 2.03 2.04 2.04 2.05 2.06 2.07 2.08 2.09 2.11 2.12 2.14 2.15 2.17 2.19 2.21 2.23 2.26 2.28 2.31 2.33 2.35 2.38 2.40 2.43 2.45 2.47 2.49 2.50 2.52 2.53 2.55 2.55 2.56 2.57 2.57 2.57 2.57 2.57 2.56 2.56 2.55 2.54 2.53 2.52 2.51 2.50 2.49 2.48 2.47 2.47 2.47 2.50 2.56 2.51 2.62 2.72 2.95 3.65 5.59 0.00 0.00 0.00 
0.00 0.00 0.00 8.98 4.08 3.22 2.75 2.56 2.50 2.40 2.30 2.23 2.17 2.13 2.10 2.08 2.06 2.04 2.03 2.03 2.02 2.02 2.02 2.02 2.02 2.03 2.03 2.04 2.05 2.06 2.07 2.08 2.09 2.11 2.12 2.14 2.16 2.18 2.20 2.22 2.24 2.27 2.29 2.31 2.34 2.36 2.38 2.41 2.43 2.45 2.47 2.48 2.50 2.51 2.52 2.53 2.54 2.54 2.55 2.55 2.55 2.54 2.54 2.53 2.53 2.52 2.51 2.50 2.49 2.48 2.47 2.46 2.45 2.44 2.45 2.47 2.54 2.57 2.61 2.68 2.98 3.39 6.42 0.00 0.00 0.00 
0.00 0.00 0.00 9.38 4.00 3.13 2.77 2.56 2.49 2.38 2.29 2.22 2.24 2.17 2.15 2.12 2.11 2.09 2.08 2.08 2.07 2.07 2.07 2.07 2.07 2.07 2.08 2.08 2.09 2.10 2.11 2.12 2.13 2.14 2.16 2.17 2.19 2.21 2.22 2.24 2.26 2.28 2.31 2.33 2.35 2.37 2.39 2.41 2.43 2.45 2.47 2.48 2.50 2.51 2.52 2.53 2.53 2.54 2.54 2.54 2.54 2.53 2.53 2.52 2.52 2.51 2.50 2.49 2.48 2.47 2.46 2.45 2.44 2.49 2.44 2.46 2.50 2.56 2.60 2.61 2.91 3.42 6.70 0.00 0.00 0.00 
0.00 0.00 0.00 9.35 3.99 3.13 2.77 2.56 2.49 2.38 2.29 2.22 2.24 2.17 2.15 2.12 2.11 2.09 2.08 2.08 2.07 2.07 2.07 2.07 2.07 2.07 2.08 2.08 2.09 2.10 2.11 2.12 2.13 2.14 2.16 2.17 2.19 2.21 2.22 2.24 2.26 2.29 2.31 2.33 2.35 2.37 2.39 2.41 2.43 2.45 2.47 2.48 2.50 2.51 2.52 2.53 2.53 2.54 2.54 2.54 2.54 2.53 2.53 2.52 2.52 2.51 2.50 2.49 2.48 2.47 2.46 2.45 2.44 2.49 2.44 2.46 2.50 2.56 2.60 2.61 2.91 3.42 6.70 0.00 0.00 0.00 
0.00 0.00 0.00 8.91 4.06 3.21 2.74 2.56 2.50 2.40 2.30 2.23 2.17 2.13 2.10 2.08 2.06 2.05 2.03 2.03 2.02 2.02 2.02 2.02 2.02 2.03 2.03 2.04 2.05 2.06 2.07 2.08 2.09 2.11 2.12 2.14 2.16 2.18 2.20 2.22 2.24 2.27 2.29 2.31 2.34 2.36 2.38 2.41 2.43 2.45 2.47 2.48 2.50 2.51 2.52 2.53 2.54 2.54 2.55 2.55 2.55 2.55 2.54 2.54 2.53 2.52 2.51 2.50 2.49 2.48 2.47 2.46 2.45 2.45 2.45 2.48 2.54 2.57 2.61 2.68 2.98 3.39 6.41 0.00 0.00 0.00 
0.00 0.00 0.00 7.69 4.30 3.16 2.76 2.57 2.39 2.40 2.31 2.24 2.18 2.14 2.11 2.09 2.07 2.05 2.04 2.04 2.03 2.03 2.03 2.03 2.03 2.04 2.04 2.05 2.06 2.07 2.08 2.09 2.11 2.12 2.14 2.15 2.17 2.19 2.21 2.24 2.26 2.28 2.31 2.33 2.36 2.38 2.40 2.43 2.45 2.47 2.49 2.51 2.52 2.54 2.55 2.56 2.56 2.57 2.57 2.57 2.57 2.57 2.56 2.56 2.55 2.54 2.53 2.52 2.51 2.50 2.49 2.48 2.47 2.47 2.48 2.50 2.56 2.51 2.62 2.72 2.95 3.64 5.58 0.00 0.00 0.00 
0.00 0.00 0.00 5.66 5.07 3.36 2.82 2.64 2.44 2.43 2.34 2.26 2.20 2.16 2.13 2.10 2.08 2.07 2.06 2.05 2.05 2.04 2.04 2.05 2.05 2.05 2.06 2.07 2.08 2.09 2.10 2.11 2.12 2.14 2.16 2.17 2.19 2.21 2.24 2.26 2.28 2.31 2.33 2.36 2.38 2.41 2.43 2.46 2.48 2.50 2.52 2.54 2.56 2.57 2.58 2.59 2.60 2.60 2.61 2.61 2.61 2.61 2.60 2.60 2.59 2.58 2.57 2.56 2.55 2.54 2.53 2.52 2.51 2.50 2.54 2.56 2.60 2.60 2.70 2.80 3.14 4.30 4.17 0.00 0.00 0.00 
0.00 0.00 0.00 1.01 6.99 3.58 2.84 2.57 2.48 2.34 2.22 2.27 2.22 2.18 2.15 2.13 2.11 2.09 2.08 2.07 2.07 2.07 2.07 2.07 2.07 2.08 2.08 2.09 2.10 2.11 2.12 2.14 2.15 2.17 2.19 2.21 2.23 2.25 2.27 2.29 2.32 2.35 2.37 2.40 2.43 2.45 2.48 2.50 2.53 2.55 2.57 2.59 2.61 2.62 2.64 2.65 2.65 2.66 2.66 2.67 2.67 2.66 2.66 2.65 2.65 2.64 2.63 2.62 2.61 2.60 2.58 2.57 2.57 2.56 2.56 2.50 2.59 2.65 2.72 2.90 3.42 5.98 0.76 0.00 0.00 0.00 
0.00 0.00 0.00 0.00 4.60 4.78 3.15 2.75 2.45 2.40 2.27 2.20 2.14 2.09 2.05 2.02 2.00 1.99 1.98 1.97 1.97 1.96 1.96 1.97 1.97 1.98 1.99 2.00 2.01 2.02 2.04 2.05 2.07 2.09 2.11 2.13 2.15 2.18 2.21 2.23 2.26 2.29 2.32 2.35 2.38 2.41 2.44 2.47 2.50 2.53 2.55 2.57 2.59 2.61 2.63 2.64 2.65 2.66 2.66 2.67 2.67 2.66 2.66 2.66 2.65 2.64 2.63 2.62 2.61 2.60 2.59 2.58 2.57 2.59 2.59 2.60 2.68 2.70 2.95 3.26 4.63 3.94 0.00 0.00 0.00 0.00 
0.00 0.00 0.00 0.00 0.00 5.20 3.83 2.89 2.48 2.35 2.22 2.12 2.11 2.05 2.02 1.99 1.97 1.95 1.94 1.93 1.93 1.93 1.93 1.93 1.94 1.95 1.96 1.97 1.98 1.99 2.01 2.03 2.05 2.07 2.09 2.12 2.14 2.17 2.20 2.23 2.26 2.29 2.33 2.36 2.39 2.43 2.46 2.49 2.52 2.55 2.58 2.60 2.62 2.64 2.66 2.68 2.69 2.70 2.70 2.71 2.71 2.71 2.70 2.70 2.69 2.68 2.67 2.66 2.65 2.64 2.63 2.62 2.61 2.63 2.62 2.67 2.75 2.85 3.22 4.12 5.28 0.12 0.00 0.00 0.00 0.00 
0.00 0.00 0.00 0.00 0.00 0.48 4.61 3.77 2.70 2.44 2.23 2.25 2.15 2.09 2.05 2.02 1.99 1.97 1.96 1.95 1.95 1.95 1.95 1.96 1.97 1.98 1.99 2.00 2.02 2.04 2.05 2.08 2.10 2.13 2.15 2.18 2.21 2.25 2.28 2.32 2.35 2.39 2.43 2.47 2.51 2.55 2.59 2.63 2.67 2.70 2.73 2.76 2.79 2.82 2.84 2.86 2.87 2.88 2.89 2.90 2.90 2.90 2.89 2.89 2.88 2.87 2.86 2.85 2.84 2.83 2.81 2.80 2.79 2.81 2.88 2.84 3.02 3.30 4.49 5.18 0.42 0.00 0.00 0.00 0.00 0.00 
0.00 0.00 0.00 0.00 0.00 0.00 0.16 3.05 4.16 2.97 2.46 2.22 2.25 2.17 2.12 2.08 2.05 2.03 2.01 2.01 2.00 2.00 2.01 2.02 2.03 2.04 2.06 2.08 2.10 2.13 2.15 2.18 2.22 2.25 2.29 2.33 2.37 2.41 2.46 2.51 2.56 2.61 2.67 2.72 2.77 2.83 2.88 2.93 2.98 3.03 3.07 3.11 3.15 3.18 3.21 3.24 3.26 3.28 3.29 3.30 3.30 3.31 3.30 3.30 3.29 3.28 3.27 3.25 3.24 3.22 3.21 3.19 3.18 3.21 3.16 3.40 4.00 5.55 3.70 0.00 0.00 0.00 0.00 0.00 0.00 0.00 
0.00 0.00 0.00 0.00 0.00 0.00 0.00 0.00 0.62 2.63 3.17 3.45 3.39 3.25 3.14 3.05 2.99 2.94 2.92 2.90 2.90 2.91 2.92 2.95 2.98 3.02 3.06 3.11 3.17 3.23 3.30 3.38 3.46 3.54 3.64 3.73 3.84 3.95 4.06 4.18 4.31 4.43 4.56 4.70 4.83 4.96 5.09 5.22 5.34 5.46 5.57 5.67 5.76 5.85 5.92 5.99 6.04 6.09 6.12 6.15 6.17 6.18 6.18 6.17 6.16 6.14 6.12 6.09 6.06 6.03 5.99 5.96 5.93 5.90 5.64 4.91 3.71 0.71 0.00 0.00 0.00 0.00 0.00 0.00 0.00 0.00 
0.00 0.00 0.00 0.00 0.00 0.00 0.00 0.00 0.00 0.00 0.00 0.00 0.16 0.16 0.16 0.16 0.16 0.16 0.16 0.16 0.16 0.16 0.15 0.15 0.15 0.15 0.15 0.15 0.15 0.15 0.15 0.15 0.15 0.15 0.15 0.15 0.15 0.15 0.15 0.15 0.15 0.15 0.14 0.14 0.14 0.14 0.14 0.14 0.14 0.14 0.14 0.14 0.14 0.14 0.14 0.14 0.14 0.14 0.13 0.13 0.13 0.13 0.13 0.13 0.13 0.13 0.13 0.13 0.13 0.13 0.13 0.13 0.13 0.12 0.00 0.00 0.00 0.00 0.00 0.00 0.00 0.00 0.00 0.00 0.00 0.00 
0.00 0.00 0.00 0.00 0.00 0.00 0.00 0.00 0.00 0.00 0.00 0.00 0.00 0.00 0.00 0.00 0.00 0.00 0.00 0.00 0.00 0.00 0.00 0.00 0.00 0.00 0.00 0.00 0.00 0.00 0.00 0.00 0.00 0.00 0.00 0.00 0.00 0.00 0.00 0.00 0.00 0.00 0.00 0.00 0.00 0.00 0.00 0.00 0.00 0.00 0.00 0.00 0.00 0.00 0.00 0.00 0.00 0.00 0.00 0.00 0.00 0.00 0.00 0.00 0.00 0.00 0.00 0.00 0.00 0.00 0.00 0.00 0.00 0.00 0.00 0.00 0.00 0.00 0.00 0.00 0.00 0.00 0.00 0.00 0.00 0.00 
0.00 0.00 0.00 0.00 0.00 0.00 0.00 0.00 0.00 0.00 0.00 0.00 0.00 0.00 0.00 0.00 0.00 0.00 0.00 0.00 0.00 0.00 0.00 0.00 0.00 0.00 0.00 0.00 0.00 0.00 0.00 0.00 0.00 0.00 0.00 0.00 0.00 0.00 0.00 0.00 0.00 0.00 0.00 0.00 0.00 0.00 0.00 0.00 0.00 0.00 0.00 0.00 0.00 0.00 0.00 0.00 0.00 0.00 0.00 0.00 0.00 0.00 0.00 0.00 0.00 0.00 0.00 0.00 0.00 0.00 0.00 0.00 0.00 0.00 0.00 0.00 0.00 0.00 0.00 0.00 0.00 0.00 0.00 0.00 0.00 0.00 
0.00 0.00 0.00 0.00 0.00 0.00 0.00 0.00 0.00 0.00 0.00 0.00 0.00 0.00 0.00 0.00 0.00 0.00 0.00 0.00 0.00 0.00 0.00 0.00 0.00 0.00 0.00 0.00 0.00 0.00 0.00 0.00 0.00 0.00 0.00 0.00 0.00 0.00 0.00 0.00 0.00 0.00 0.00 0.00 0.00 0.00 0.00 0.00 0.00 0.00 0.00 0.00 0.00 0.00 0.00 0.00 0.00 0.00 0.00 0.00 0.00 0.00 0.00 0.00 0.00 0.00 0.00 0.00 0.00 0.00 0.00 0.00 0.00 0.00 0.00 0.00 0.00 0.00 0.00 0.00 0.00 0.00 0.00 0.00 0.00 0.00 
