0.00 0.00 0.00 0.00 0.00 0.00 0.00 0.00 0.00 0.00 0.00 0.00 0.00 0.00 0.00 0.00 0.00 0.00 0.00 0.00 0.00 0.00 0.00 0.00 0.00 0.00 0.00 0.00 0.00 0.00 0.00 0.00 0.00 0.00 0.00 0.00 0.00 0.00 0.00 0.00 0.00 0.00 0.00 0.00 0.00 0.00 0.00 0.00 0.00 0.00 0.00 0.00 0.00 0.00 0.00 0.00 0.00 0.00 0.00 0.00 0.00 0.00 0.00 0.00 0.00 0.00 0.00 0.00 0.00 0.00 0.00 0.00 0.00 0.00 0.00 0.00 0.00 0.00 0.00 0.00 0.00 0.00 0.00 0.00 0.00 0.00 
0.00 0.00 0.00 0.00 0.00 0.00 0.00 0.00 0.00 0.00 0.00 0.00 0.00 0.00 0.00 0.00 0.00 0.00 0.00 0.00 0.00 0.00 0.00 0.00 0.00 0.00 0.00 0.00 0.00 0.00 0.00 0.00 0.00 0.00 0.00 0.00 0.00 0.00 0.00 0.00 0.00 0.00 0.00 0.00 0.00 0.00 0.00 0.00 0.00 0.00 0.00 0.00 0.00 0.00 0.00 0.00 0.00 0.00 0.00 0.00 0.00 0.00 0.00 0.00 0.00 0.00 0.00 0.00 0.00 0.00 0.00 0.00 0.00 0.00 0.00 0.00 0.00 0.00 0.00 0.00 0.00 0.00 0.00 0.00 0.00 0.00 
0.00 0.00 0.00 0.00 0.00 0.00 0.00 0.00 0.00 0.00 0.00 0.00 0.00 0.00 0.00 0.00 0.00 0.00 0.00 0.00 0.00 0.00 0.00 0.00 0.00 0.00 0.00 0.00 0.00 0.00 0.00 0.00 0.00 0.00 0.00 0.00 0.00 0.00 0.00 0.00 0.00 0.00 0.00 0.00 0.00 0.00 0.00 0.00 0.00 0.00 0.00 0.00 0.00 0.00 0.00 0.00 0.00 0.00 0.00 0.00 0.00 0.00 0.00 0.00 0.00 0.00 0.00 0.00 0.00 0.00 0.00 0.00 0.00 0.00 0.00 0.00 0.00 0.00 0.00 0.00 0.00 0.00 0.00 0.00 0.00 0.00 
0.00 0.00 0.00 0.00 0.00 0.00 0.00 0.00 0.91 4.39 5.26 5.48 5.20 4.80 4.47 4.20 4.00 3.84 3.71 3.62 3.55 3.49 3.45 3.43 3.41 3.41 3.41 3.42 3.43 3.45 3.47 3.49 3.52 3.55 3.58 3.62 3.65 3.69 3.72 3.76 3.80 3.83 3.87 3.90 3.93 3.96 4.00 4.02 4.05 4.08 4.10 4.12 4.14 4.16 4.17 4.18 4.19 4.20 4.20 4.20 4.20 4.20 4.19 4.19 4.18 4.17 4.16 4.14 4.13 4.12 4.11 4.11 4.11 4.11 3.96 3.45 2.68 0.58 0.00 0.00 0.00 0.00 0.00 0.00 0.00 0.00 
0.00 0.00 0.00 0.00 0.00 0.00 0.00 5.40 7.32 4.77 3.73 3.21 2.92 2.71 2.57 2.45 2.36 2.29 2.23 2.19 2.15 2.13 2.11 2.10 2.09 2.08 2.08 2.08 2.08 2.09 2.09 2.10 2.11 2.12 2.13 2.15 2.16 2.17 2.19 2.20 2.21 2.23 2.24 2.25 2.26 2.28 2.29 2.30 2.31 2.32 2.32 2.33 2.34 2.34 2.35 2.35 2.35 2.35 2.36 2.35 2.35 2.35 2.35 2.34 2.34 2.33 2.33 2.32 2.32 2.31 2.31 2.30 2.30 2.33 2.39 2.56 2.97 3.98 2.70 0.00 0.00 0.00 0.00 0.00 0.00 0.00 
0.00 0.00 0.00 0.00 0.00 0.69 9.07 6.64 4.38 3.64 3.19 3.05 2.82 2.66 2.54 2.45 2.38 2.32 2.28 2.24 2.21 2.19 2.17 2.16 2.15 2.14 2.14 2.14 2.14 2.14 2.14 2.15 2.15 2.16 2.16 2.17 2.18 2.19 2.19 2.20 2.21 2.22 2.23 2.24 2.24 2.25 2.26 2.26 2.27 2.28 2.28 2.28 2.29 2.29 2.29 2.29 2.29 2.29 2.29 2.29 2.29 2.29 2.28 2.28 2.27 2.27 2.26 2.26 2.25 2.25 2.24 2.24 2.24 2.26 2.31 2.24 2.37 2.52 3.33 3.74 0.39 0.00 0.00 0.00 0.00 0.00 
0.00 0.00 0.00 0.00 0.00 10.56 6.98 4.73 3.82 3.35 3.05 2.81 2.69 2.55 2.46 2.38 2.32 2.26 2.22 2.19 2.16 2.14 2.13 2.12 2.11 2.10 2.10 2.09 2.09 2.09 2.09 2.10 2.10 2.10 2.11 2.11 2.12 2.13 2.13 2.14 2.14 2.15 2.16 2.16 2.17 2.17 2.18 2.18 2.19 2.19 2.20 2.20 2.20 2.20 2.20 2.20 2.20 2.20 2.20 2.20 2.20 2.19 2.19 2.19 2.18 2.18 2.17 2.17 2.16 2.16 2.15 2.15 2.15 2.17 2.15 2.19 2.24 2.27 2.53 3.11 3.84 0.13 0.00 0.00 0.00 0.00 
0.00 0.00 0.00 0.00 9.61 9.28 5.40 4.30 3.61 3.31 3.02 2.85 2.70 2.56 2.47 2.40 2.34 2.29 2.25 2.22 2.19 2.17 2.16 2.14 2.14 2.13 2.12 2.12 2.12 2.12 2.12 2.12 2.12 2.13 2.13 2.13 2.14 2.14 2.15 2.15 2.16 2.16 2.17 2.17 2.18 2.18 2.19 2.19 2.20 2.20 2.20 2.20 2.21 2.21 2.21 2.21 2.21 2.21 2.20 2.20 2.20 2.20 2.19 2.19 2.18 2.18 2.17 2.17 2.17 2.16 2.16 2.15 2.15 2.17 2.18 2.19 2.25 2.22 2.40 2.57 3.49 2.95 0.00 0.00 0.00 0.00 
0.00 0.00 0.00 1.93 14.74 6.66 4.75 3.93 3.52 3.20 2.93 2.86 2.73 2.63 2.55 2.48 2.42 2.38 2.34 2.31 2.29 2.27 2.25 2.24 2.23 2.22 2.22 2.21 2.21 2.21 2.21 2.21 2.21 2.21 2.21 2.22 2.22 2.22 2.23 2.23 2.23 2.24 2.24 2.25 2.25 2.25 2.25 2.26 2.26 2.26 2.26 2.26 2.27 2.27 2.27 2.27 2.26 2.26 2.26 2.26 2.25 2.25 2.25 2.24 2.24 2.23 2.23 2.22 2.22 2.21 2.21 2.21 2.21 2.20 2.21 2.13 2.19 2.24 2.24 2.33 2.65 4.42 0.64 0.00 0.00 0.00 
0.00 0.00 0.00 12.28 10.20 5.99 4.54 3.90 3.45 3.24 3.01 2.85 2.70 2.60 2.51 2.45 2.39 2.35 2.31 2.28 2.26 2.24 2.23 2.21 2.20 2.20 2.19 2.19 2.18 2.18 2.18 2.18 2.18 2.18 2.18 2.19 2.19 2.19 2.20 2.20 2.20 2.21 2.21 2.21 2.22 2.22 2.22 2.22 2.23 2.23 2.23 2.23 2.23 2.23 2.23 2.23 2.23 2.23 2.22 2.22 2.22 2.22 2.21 2.21 2.20 2.20 2.19 2.19 2.18 2.18 2.18 2.17 2.17 2.17 2.20 2.22 2.25 2.20 2.28 2.31 2.51 3.30 3.15 0.00 0.00 0.00 
0.00 0.00 0.00 16.94 8.44 5.55 4.39 3.77 3.36 3.17 2.97 2.80 2.67 2.57 2.49 2.42 2.37 2.33 2.29 2.26 2.24 2.22 2.21 2.20 2.19 2.18 2.17 2.17 2.17 2.16 2.16 2.16 2.16 2.16 2.17 2.17 2.17 2.17 2.18 2.18 2.18 2.19 2.19 2.19 2.19 2.20 2.20 2.20 2.20 2.21 2.21 2.21 2.21 2.21 2.21 2.21 2.21 2.20 2.20 2.20 2.20 2.19 2.19 2.18 2.18 2.18 2.17 2.17 2.16 2.16 2.15 2.15 2.15 2.15 2.16 2.18 2.22 2.15 2.23 2.26 2.38 2.83 4.16 0.00 0.00 0.00 
0.00 0.00 0.00 19.47 7.90 5.46 4.37 3.74 3.41 3.17 2.95 2.78 2.65 2.55 2.47 2.41 2.36 2.31 2.28 2.25 2.23 2.21 2.20 2.19 2.18 2.17 2.16 2.16 2.15 2.15 2.15 2.15 2.15 2.15 2.15 2.16 2.16 2.16 2.16 2.17 2.17 2.17 2.18 2.18 2.18 2.18 2.19 2.19 2.19 2.19 2.19 2.19 2.19 2.19 2.19 2.19 2.19 2.19 2.19 2.18 2.18 2.18 2.17 2.17 2.17 2.16 2.16 2.15 2.15 2.14 2.14 2.14 2.13 2.13 2.14 2.16 2.21 2.24 2.22 2.23 2.45 2.66 4.79 0.00 0.00 0.00 
0.00 0.00 0.00 20.36 7.73 5.26 4.33 3.74 3.38 3.14 2.94 2.77 2.71 2.57 2.50 2.44 2.39 2.35 2.32 2.29 2.27 2.25 2.24 2.23 2.22 2.21 2.20 2.20 2.20 2.19 2.19 2.19 2.19 2.19 2.19 2.19 2.19 2.20 2.20 2.20 2.20 2.20 2.21 2.21 2.21 2.21 2.21 2.21 2.22 2.22 2.22 2.22 2.22 2.22 2.22 2.21 2.21 2.21 2.21 2.20 2.20 2.20 2.19 2.19 2.19 2.18 2.18 2.17 2.17 2.16 2.16 2.16 2.15 2.19 2.14 2.16 2.19 2.23 2.21 2.19 2.40 2.72 4.99 0.00 0.00 0.00 
0.00 0.00 0.00 20.30 7.71 5.25 4.33 3.74 3.38 3.14 2.94 2.77 2.71 2.57 2.50 2.44 2.39 2.35 2.32 2.29 2.27 2.25 2.24 2.23 2.22 2.21 2.20 2.20 2.20 2.19 2.19 2.19 2.19 2.19 2.19 2.19 2.19 2.20 2.20 2.20 2.20 2.20 2.21 2.21 2.21 2.21 2.21 2.21 2.22 2.22 2.22 2.22 2.22 2.22 2.22 2.21 2.21 2.21 2.21 2.20 2.20 2.20 2.19 2.19 2.19 2.18 2.18 2.17 2.17 2.16 2.16 2.16 2.15 2.19 2.14 2.16 2.19 2.23 2.21 2.18 2.40 2.72 4.99 0.00 0.00 0.00 
0.00 0.00 0.00 19.30 7.86 5.44 4.35 3.73 3.41 3.17 2.95 2.78 2.65 2.55 2.47 2.41 2.36 2.32 2.28 2.25 2.23 2.21 2.20 2.19 2.18 2.17 2.16 2.16 2.16 2.15 2.15 2.15 2.15 2.15 2.16 2.16 2.16 2.16 2.16 2.17 2.17 2.17 2.18 2.18 2.18 2.18 2.19 2.19 2.19 2.19 2.19 2.19 2.19 2.19 2.19 2.19 2.19 2.19 2.19 2.18 2.18 2.18 2.17 2.17 2.17 2.16 2.16 2.15 2.15 2.14 2.14 2.14 2.13 2.13 2.14 2.16 2.21 2.24 2.22 2.23 2.45 2.65 4.78 0.00 0.00 0.00 
0.00 0.00 0.00 16.69 8.36 5.51 4.37 3.75 3.35 3.16 2.96 2.80 2.67 2.57 2.49 2.42 2.37 2.33 2.29 2.27 2.24 2.22 2.21 2.20 2.19 2.18 2.17 2.17 2.17 2.16 2.16 2.16 2.16 2.17 2.17 2.17 2.17 2.17 2.18 2.18 2.18 2.19 2.19 2.19 2.20 2.20 2.20 2.20 2.20 2.21 2.21 2.21 2.21 2.21 2.21 2.21 2.21 2.20 2.20 2.20 2.20 2.19 2.19 2.19 2.18 2.18 2.17 2.17 2.16 2.16 2.15 2.15 2.15 2.15 2.16 2.18 2.22 2.15 2.23 2.26 2.37 2.83 4.14 0.00 0.00 0.00 
0.00 0.00 0.00 12.05 10.04 5.93 4.51 3.88 3.44 3.23 3.01 2.84 2.70 2.60 2.51 2.45 2.39 2.35 2.31 2.28 2.26 2.24 2.23 2.21 2.20 2.20 2.19 2.19 2.18 2.18 2.18 2.18 2.18 2.18 2.19 2.19 2.19 2.19 2.20 2.20 2.20 2.21 2.21 2.21 2.22 2.22 2.22 2.22 2.23 2.23 2.23 2.23 2.23 2.23 2.23 2.23 2.23 2.23 2.23 2.22 2.22 2.22 2.21 2.21 2.20 2.20 2.19 2.19 2.19 2.18 2.18 2.17 2.17 2.17 2.20 2.22 2.25 2.20 2.28 2.31 2.51 3.29 3.14 0.00 0.00 0.00 
0.00 0.00 0.00 1.89 14.43 6.56 4.69 3.90 3.50 3.19 2.92 2.86 2.73 2.63 2.55 2.48 2.43 2.38 2.34 2.31 2.29 2.27 2.25 2.24 2.23 2.22 2.22 2.22 2.21 2.21 2.21 2.21 2.21 2.21 2.22 2.22 2.22 2.22 2.23 2.23 2.24 2.24 2.24 2.25 2.25 2.25 2.26 2.26 2.26 2.26 2.27 2.27 2.27 2.27 2.27 2.27 2.27 2.26 2.26 2.26 2.26 2.25 2.25 2.25 2.24 2.24 2.23 2.23 2.22 2.22 2.21 2.21 2.21 2.21 2.21 2.13 2.19 2.24 2.24 2.32 2.65 4.41 0.63 0.00 0.00 0.00 
0.00 0.00 0.00 0.00 9.37 9.09 5.33 4.26 3.58 3.29 3.01 2.84 2.69 2.56 2.47 2.40 2.34 2.29 2.25 2.22 2.20 2.18 2.16 2.15 2.14 2.13 2.13 2.12 2.12 2.12 2.12 2.12 2.13 2.13 2.13 2.14 2.14 2.15 2.15 2.16 2.16 2.17 2.17 2.18 2.18 2.19 2.19 2.20 2.20 2.20 2.20 2.21 2.21 2.21 2.21 2.21 2.21 2.21 2.21 2.21 2.20 2.20 2.20 2.19 2.19 2.18 2.18 2.17 2.17 2.16 2.16 2.16 2.16 2.17 2.18 2.19 2.25 2.22 2.40 2.57 3.49 2.94 0.00 0.00 0.00 0.00 
0.00 0.00 0.00 0.00 0.00 10.25 6.85 4.67 3.78 3.33 3.03 2.80 2.68 2.55 2.46 2.38 2.32 2.27 2.23 2.19 2.17 2.15 2.13 2.12 2.11 2.10 2.10 2.10 2.10 2.10 2.10 2.10 2.10 2.11 2.11 2.12 2.12 2.13 2.13 2.14 2.15 2.15 2.16 2.17 2.17 2.18 2.18 2.19 2.19 2.20 2.20 2.20 2.20 2.21 2.21 2.21 2.21 2.21 2.21 2.20 2.20 2.20 2.19 2.19 2.19 2.18 2.18 2.17 2.17 2.16 2.16 2.16 2.15 2.17 2.15 2.19 2.25 2.27 2.53 3.11 3.83 0.13 0.00 0.00 0.00 0.00 
0.00 0.00 0.00 0.00 0.00 0.68 8.75 6.52 4.31 3.60 3.16 3.02 2.79 2.64 2.54 2.45 2.38 2.33 2.28 2.25 2.22 2.19 2.18 2.16 2.15 2.15 2.14 2.14 2.14 2.14 2.15 2.15 2.16 2.16 2.17 2.18 2.18 2.19 2.20 2.21 2.22 2.22 2.23 2.24 2.25 2.26 2.26 2.27 2.28 2.28 2.29 2.29 2.29 2.30 2.30 2.30 2.30 2.30 2.30 2.30 2.30 2.29 2.29 2.28 2.28 2.28 2.27 2.26 2.26 2.25 2.25 2.25 2.25 2.27 2.32 2.24 2.37 2.52 3.33 3.73 0.39 0.00 0.00 0.00 0.00 0.00 
0.00 0.00 0.00 0.00 0.00 0.00 0.17 5.39 7.21 4.70 3.69 3.17 3.05 2.86 2.73 2.62 2.53 2.46 2.40 2.36 2.33 2.30 2.28 2.26 2.25 2.25 2.24 2.24 2.25 2.25 2.26 2.27 2.27 2.28 2.29 2.31 2.32 2.33 2.34 2.36 2.37 2.38 2.39 2.41 2.42 2.43 2.44 2.45 2.46 2.47 2.48 2.48 2.49 2.49 2.50 2.50 2.50 2.50 2.50 2.50 2.50 2.50 2.49 2.49 2.49 2.48 2.47 2.47 2.46 2.46 2.45 2.45 2.45 2.47 2.39 2.56 2.98 3.98 2.70 0.00 0.00 0.00 0.00 0.00 0.00 0.00 
0.00 0.00 0.00 0.00 0.00 0.00 0.00 0.00 0.90 4.31 5.17 5.39 5.12 4.76 4.46 4.21 4.02 3.86 3.74 3.64 3.57 3.52 3.48 3.45 3.44 3.43 3.43 3.44 3.45 3.47 3.49 3.52 3.55 3.58 3.61 3.64 3.68 3.71 3.75 3.78 3.82 3.86 3.89 3.92 3.96 3.99 4.02 4.05 4.08 4.10 4.12 4.15 4.16 4.18 4.20 4.21 4.22 4.22 4.23 4.23 4.23 4.22 4.22 4.21 4.20 4.19 4.18 4.17 4.16 4.15 4.14 4.13 4.13 4.13 3.98 3.46 2.68 0.58 0.00 0.00 0.00 0.00 0.00 0.00 0.00 0.00 
0.00 0.00 0.00 0.00 0.00 0.00 0.00 0.00 0.00 0.00 0.00 0.00 0.16 0.17 0.17 0.17 0.17 0.16 0.16 0.16 0.16 0.16 0.16 0.16 0.16 0.16 0.16 0.16 0.16 0.16 0.16 0.15 0.15 0.15 0.15 0.15 0.15 0.15 0.15 0.15 0.15 0.15 0.15 0.15 0.15 0.15 0.15 0.15 0.15 0.14 0.14 0.14 0.14 0.14 0.14 0.14 0.14 0.14 0.14 0.14 0.14 0.14 0.14 0.14 0.14 0.14 0.14 0.14 0.14 0.14 0.14 0.14 0.14 0.13 0.00 0.00 0.00 0.00 0.00 0.00 0.00 0.00 0.00 0.00 0.00 0.00 
0.00 0.00 0.00 0.00 0.00 0.00 0.00 0.00 0.00 0.00 0.00 0.00 0.00 0.00 0.00 0.00 0.00 0.00 0.00 0.00 0.00 0.00 0.00 0.00 0.00 0.00 0.00 0.00 0.00 0.00 0.00 0.00 0.00 0.00 0.00 0.00 0.00 0.00 0.00 0.00 0.00 0.00 0.00 0.00 0.00 0.00 0.00 0.00 0.00 0.00 0.00 0.00 0.00 0.00 0.00 0.00 0.00 0.00 0.00 0.00 0.00 0.00 0.00 0.00 0.00 0.00 0.00 0.00 0.00 0.00 0.00 0.00 0.00 0.00 0.00 0.00 0.00 0.00 0.00 0.00 0.00 0.00 0.00 0.00 0.00 0.00 
0.00 0.00 0.00 0.00 0.00 0.00 0.00 0.00 0.00 0.00 0.00 0.00 0.00 0.00 0.00 0.00 0.00 0.00 0.00 0.00 0.00 0.00 0.00 0.00 0.00 0.00 0.00 0.00 0.00 0.00 0.00 0.00 0.00 0.00 0.00 0.00 0.00 0.00 0.00 0.00 0.00 0.00 0.00 0.00 0.00 0.00 0.00 0.00 0.00 0.00 0.00 0.00 0.00 0.00 0.00 0.00 0.00 0.00 0.00 0.00 0.00 0.00 0.00 0.00 0.00 0.00 0.00 0.00 0.00 0.00 0.00 0.00 0.00 0.00 0.00 0.00 0.00 0.00 0.00 0.00 0.00 0.00 0.00 0.00 0.00 0.00 
0.00 0.00 0.00 0.00 0.00 0.00 0.00 0.00 0.00 0.00 0.00 0.00 0.00 0.00 0.00 0.00 0.00 0.00 0.00 0.00 0.00 0.00 0.00 0.00 0.00 0.00 0.00 0.00 0.00 0.00 0.00 0.00 0.00 0.00 0.00 0.00 0.00 0.00 0.00 0.00 0.00 0.00 0.00 0.00 0.00 0.00 0.00 0.00 0.00 0.00 0.00 0.00 0.00 0.00 0.00 0.00 0.00 0.00 0.00 0.00 0.00 0.00 0.00 0.00 0.00 0.00 0.00 0.00 0.00 0.00 0.00 0.00 0.00 0.00 0.00 0.00 0.00 0.00 0.00 0.00 0.00 0.00 0.00 0.00 0.00 0.00 
