0.00 0.00 0.00 0.00 0.00 0.00 0.00 0.00 0.00 0.00 0.00 0.00 0.00 0.00 0.00 0.00 0.00 0.00 0.00 0.00 0.00 0.00 0.00 0.00 0.00 0.00 0.00 0.00 0.00 0.00 0.00 0.00 0.00 0.00 0.00 0.00 0.00 0.00 0.00 0.00 0.00 0.00 0.00 0.00 0.00 0.00 0.00 0.00 0.00 0.00 0.00 0.00 0.00 0.00 0.00 0.00 0.00 0.00 0.00 0.00 0.00 0.00 0.00 0.00 0.00 0.00 0.00 0.00 0.00 0.00 0.00 0.00 0.00 0.00 0.00 0.00 0.00 0.00 0.00 0.00 0.00 0.00 0.00 0.00 0.00 0.00 
0.00 0.00 0.00 0.00 0.00 0.00 0.00 0.00 0.00 0.00 0.00 0.00 0.00 0.00 0.00 0.00 0.00 0.00 0.00 0.00 0.00 0.00 0.00 0.00 0.00 0.00 0.00 0.00 0.00 0.00 0.00 0.00 0.00 0.00 0.00 0.00 0.00 0.00 0.00 0.00 0.00 0.00 0.00 0.00 0.00 0.00 0.00 0.00 0.00 0.00 0.00 0.00 0.00 0.00 0.00 0.00 0.00 0.00 0.00 0.00 0.00 0.00 0.00 0.00 0.00 0.00 0.00 0.00 0.00 0.00 0.00 0.00 0.00 0.00 0.00 0.00 0.00 0.00 0.00 0.00 0.00 0.00 0.00 0.00 0.00 0.00 
0.00 0.00 0.00 0.00 0.00 0.00 0.00 0.00 0.00 0.00 0.00 0.00 0.00 0.00 0.00 0.00 0.00 0.00 0.00 0.00 0.00 0.00 0.00 0.00 0.00 0.00 0.00 0.00 0.00 0.00 0.00 0.00 0.00 0.00 0.00 0.00 0.00 0.00 0.00 0.00 0.00 0.00 0.00 0.00 0.00 0.00 0.00 0.00 0.00 0.00 0.00 0.00 0.00 0.00 0.00 0.00 0.00 0.00 0.00 0.00 0.00 0.00 0.00 0.00 0.00 0.00 0.00 0.00 0.00 0.00 0.00 0.00 0.00 0.00 0.00 0.00 0.00 0.00 0.00 0.00 0.00 0.00 0.00 0.00 0.00 0.00 
0.00 0.00 0.00 0.00 0.00 0.00 0.00 0.00 0.00 1.00 2.00 1.00 2.00 1.00 1.00 2.00 0.00 1.00 3.00 1.00 6.00 1.00 68.00 2.00 27.00 2.00 6.00 2.00 0.00 0.00 9.00 6.00 3.00 2.00 1.00 20.00 1.00 0.00 7.00 0.00 4.00 4.00 2.00 13.00 2.00 10.00 1.00 0.00 3.00 0.00 1.00 0.00 2.00 1.00 0.00 0.00 1.00 3.00 2.00 10.00 7.00 9.00 2.00 3.00 0.00 1.00 2.00 9.00 1.00 0.00 1.00 2.00 2.00 5.00 1.00 58.00 6.00 0.00 0.00 0.00 0.00 0.00 0.00 0.00 0.00 0.00 
0.00 0.00 0.00 0.00 0.00 0.00 0.00 0.00 2.00 16.00 1.00 5.00 2.00 2.00 1.00 0.00 2.00 1.00 1.00 1.00 1.00 3.00 2.00 2.00 7.00 11.00 2.00 16.00 2.00 4.00 1.00 2.00 6.00 0.00 3.00 0.00 1.00 0.00 1.00 0.00 2.00 2.00 1.00 0.00 2.00 3.00 4.00 2.00 1.00 1.00 1.00 0.00 1.00 0.00 1.00 0.00 8.00 2.00 2.00 0.00 4.00 2.00 0.00 0.00 10.00 1.00 1.00 0.00 10.00 0.00 1.00 1.00 3.00 1.00 0.00 0.00 6.00 3.00 2.00 0.00 0.00 0.00 0.00 0.00 0.00 0.00 
0.00 0.00 0.00 0.00 0.00 0.00 0.00 0.00 4.00 0.00 1.00 3.00 1.00 7.00 1.00 7.00 0.00 2.00 9.00 0.00 0.00 2.00 1.00 12.00 0.00 0.00 2.00 4.00 3.00 2.00 2.00 3.00 0.00 1.00 8.00 0.00 1.00 0.00 1.00 1.00 22.00 5.00 0.00 2.00 2.00 2.00 1.00 2.00 7.00 2.00 0.00 1.00 1.00 11.00 1.00 8.00 1.00 2.00 0.00 2.00 3.00 3.00 2.00 11.00 3.00 0.00 0.00 1.00 2.00 0.00 3.00 3.00 14.00 3.00 3.00 1.00 0.00 0.00 2.00 5.00 0.00 0.00 0.00 0.00 0.00 0.00 
0.00 0.00 0.00 0.00 0.00 1.00 7.00 1.00 3.00 1.00 2.00 0.00 0.00 0.00 3.00 0.00 2.00 3.00 1.00 0.00 3.00 1.00 0.00 4.00 0.00 19.00 0.00 0.00 0.00 3.00 3.00 5.00 2.00 4.00 0.00 0.00 1.00 0.00 2.00 3.00 1.00 1.00 1.00 2.00 1.00 1.00 3.00 1.00 2.00 1.00 1.00 7.00 0.00 2.00 2.00 0.00 1.00 2.00 1.00 0.00 1.00 1.00 0.00 2.00 3.00 1.00 0.00 6.00 3.00 2.00 1.00 2.00 1.00 11.00 4.00 1.00 1.00 1.00 1.00 1.00 16.00 0.00 0.00 0.00 0.00 0.00 
0.00 0.00 0.00 0.00 0.00 2.00 0.00 0.00 0.00 2.00 1.00 2.00 0.00 0.00 1.00 3.00 0.00 1.00 0.00 2.00 6.00 0.00 0.00 1.00 1.00 11.00 4.00 0.00 3.00 2.00 1.00 1.00 0.00 0.00 3.00 0.00 3.00 4.00 2.00 3.00 1.00 0.00 4.00 2.00 0.00 1.00 0.00 1.00 0.00 3.00 1.00 2.00 2.00 1.00 0.00 1.00 3.00 2.00 6.00 1.00 1.00 3.00 3.00 1.00 2.00 4.00 1.00 4.00 0.00 3.00 1.00 2.00 3.00 2.00 4.00 0.00 1.00 1.00 2.00 0.00 3.00 1.00 0.00 0.00 0.00 0.00 
0.00 0.00 0.00 0.00 11.00 4.00 4.00 0.00 1.00 2.00 0.00 2.00 1.00 0.00 1.00 0.00 0.00 1.00 1.00 4.00 1.00 2.00 1.00 0.00 2.00 3.00 6.00 6.00 1.00 1.00 5.00 0.00 2.00 2.00 3.00 4.00 5.00 1.00 4.00 1.00 4.00 0.00 2.00 0.00 2.00 0.00 4.00 0.00 2.00 0.00 4.00 3.00 3.00 1.00 1.00 20.00 2.00 1.00 5.00 1.00 10.00 0.00 3.00 2.00 0.00 3.00 1.00 1.00 2.00 5.00 1.00 4.00 3.00 2.00 1.00 1.00 3.00 3.00 10.00 6.00 1.00 0.00 0.00 0.00 0.00 0.00 
0.00 0.00 0.00 13.00 2.00 7.00 2.00 0.00 1.00 1.00 1.00 4.00 1.00 1.00 2.00 1.00 4.00 0.00 5.00 3.00 0.00 1.00 4.00 2.00 2.00 5.00 0.00 1.00 4.00 3.00 2.00 1.00 0.00 11.00 1.00 1.00 4.00 3.00 1.00 2.00 0.00 0.00 0.00 3.00 4.00 5.00 1.00 2.00 1.00 1.00 3.00 2.00 1.00 5.00 15.00 1.00 2.00 4.00 2.00 1.00 1.00 2.00 1.00 1.00 3.00 1.00 2.00 3.00 4.00 1.00 4.00 2.00 2.00 7.00 0.00 4.00 1.00 3.00 1.00 4.00 2.00 1.00 0.00 0.00 0.00 0.00 
0.00 0.00 0.00 0.00 2.00 1.00 2.00 1.00 2.00 0.00 0.00 2.00 0.00 1.00 2.00 2.00 1.00 1.00 2.00 1.00 2.00 1.00 2.00 4.00 1.00 3.00 0.00 0.00 3.00 0.00 2.00 0.00 4.00 0.00 1.00 1.00 3.00 2.00 2.00 1.00 0.00 1.00 0.00 2.00 3.00 4.00 4.00 1.00 2.00 3.00 0.00 1.00 16.00 0.00 2.00 1.00 1.00 1.00 4.00 2.00 2.00 1.00 0.00 2.00 2.00 2.00 22.00 1.00 3.00 2.00 2.00 2.00 6.00 4.00 2.00 0.00 1.00 1.00 3.00 1.00 0.00 1.00 0.00 0.00 0.00 0.00 
0.00 0.00 0.00 3.00 1.00 1.00 1.00 3.00 4.00 2.00 1.00 2.00 1.00 1.00 1.00 13.00 0.00 2.00 9.00 3.00 2.00 1.00 1.00 0.00 2.00 0.00 2.00 1.00 1.00 3.00 2.00 2.00 1.00 13.00 1.00 1.00 4.00 7.00 1.00 2.00 20.00 2.00 2.00 2.00 3.00 2.00 9.00 1.00 19.00 1.00 1.00 1.00 10.00 0.00 1.00 3.00 3.00 4.00 1.00 0.00 0.00 0.00 3.00 0.00 3.00 1.00 3.00 1.00 1.00 2.00 8.00 2.00 1.00 4.00 1.00 0.00 3.00 2.00 4.00 2.00 1.00 0.00 0.00 0.00 0.00 0.00 
0.00 0.00 0.00 14.00 2.00 4.00 2.00 4.00 1.00 2.00 2.00 0.00 0.00 0.00 0.00 1.00 0.00 0.00 0.00 1.00 3.00 2.00 0.00 4.00 2.00 1.00 0.00 2.00 1.00 2.00 1.00 1.00 3.00 0.00 1.00 0.00 1.00 2.00 7.00 4.00 4.00 1.00 7.00 6.00 1.00 1.00 2.00 1.00 3.00 2.00 3.00 3.00 1.00 3.00 0.00 1.00 2.00 1.00 2.00 2.00 0.00 0.00 1.00 1.00 2.00 3.00 1.00 2.00 1.00 3.00 4.00 3.00 7.00 5.00 2.00 1.00 2.00 1.00 1.00 0.00 3.00 11.00 10.00 0.00 0.00 0.00 
0.00 0.00 0.00 12.00 0.00 2.00 2.00 0.00 0.00 2.00 3.00 14.00 1.00 1.00 1.00 1.00 1.00 2.00 2.00 0.00 2.00 2.00 2.00 2.00 2.00 5.00 3.00 3.00 1.00 3.00 3.00 3.00 1.00 6.00 2.00 1.00 3.00 2.00 1.00 3.00 1.00 0.00 1.00 4.00 1.00 2.00 2.00 2.00 1.00 4.00 1.00 3.00 3.00 0.00 0.00 4.00 1.00 2.00 4.00 2.00 4.00 2.00 1.00 0.00 1.00 1.00 3.00 4.00 2.00 4.00 2.00 0.00 2.00 0.00 3.00 0.00 5.00 5.00 3.00 1.00 11.00 4.00 7.00 0.00 0.00 0.00 
0.00 0.00 0.00 0.00 0.00 1.00 3.00 2.00 3.00 0.00 1.00 3.00 0.00 2.00 8.00 0.00 1.00 2.00 7.00 1.00 28.00 2.00 5.00 3.00 3.00 0.00 6.00 0.00 2.00 2.00 2.00 0.00 1.00 0.00 0.00 6.00 9.00 5.00 0.00 0.00 1.00 5.00 2.00 14.00 1.00 9.00 3.00 4.00 2.00 3.00 3.00 2.00 0.00 0.00 4.00 0.00 2.00 1.00 1.00 0.00 2.00 2.00 3.00 0.00 5.00 1.00 0.00 1.00 2.00 2.00 1.00 1.00 1.00 2.00 17.00 1.00 1.00 2.00 2.00 1.00 1.00 1.00 2.00 0.00 0.00 0.00 
0.00 0.00 0.00 1.00 0.00 1.00 0.00 2.00 0.00 1.00 0.00 1.00 4.00 3.00 1.00 0.00 2.00 1.00 1.00 3.00 3.00 1.00 0.00 0.00 2.00 1.00 1.00 11.00 3.00 2.00 1.00 2.00 1.00 0.00 1.00 16.00 1.00 0.00 0.00 1.00 2.00 1.00 2.00 0.00 4.00 2.00 0.00 1.00 1.00 2.00 1.00 4.00 4.00 8.00 2.00 5.00 1.00 0.00 0.00 3.00 1.00 1.00 1.00 2.00 3.00 1.00 1.00 2.00 2.00 2.00 0.00 7.00 1.00 0.00 4.00 0.00 3.00 1.00 4.00 2.00 2.00 2.00 1.00 0.00 0.00 0.00 
0.00 0.00 0.00 32.00 3.00 0.00 2.00 1.00 2.00 3.00 2.00 6.00 3.00 1.00 1.00 2.00 2.00 5.00 1.00 1.00 1.00 4.00 2.00 3.00 2.00 4.00 0.00 1.00 2.00 3.00 1.00 5.00 2.00 1.00 2.00 1.00 3.00 0.00 1.00 3.00 0.00 2.00 2.00 5.00 1.00 5.00 3.00 1.00 0.00 9.00 3.00 0.00 2.00 2.00 0.00 1.00 0.00 1.00 18.00 1.00 1.00 5.00 0.00 0.00 0.00 14.00 4.00 2.00 1.00 8.00 2.00 6.00 2.00 0.00 2.00 6.00 2.00 2.00 1.00 1.00 3.00 1.00 1.00 0.00 0.00 0.00 
0.00 0.00 0.00 6.00 0.00 0.00 1.00 1.00 2.00 0.00 3.00 10.00 0.00 2.00 2.00 3.00 1.00 0.00 2.00 3.00 1.00 1.00 0.00 13.00 1.00 1.00 1.00 5.00 3.00 2.00 2.00 1.00 1.00 2.00 1.00 3.00 2.00 2.00 3.00 0.00 0.00 1.00 2.00 4.00 3.00 2.00 0.00 1.00 2.00 1.00 3.00 1.00 1.00 0.00 5.00 4.00 3.00 1.00 1.00 1.00 3.00 0.00 1.00 2.00 0.00 0.00 2.00 1.00 4.00 2.00 1.00 2.00 3.00 2.00 2.00 9.00 4.00 1.00 0.00 10.00 2.00 1.00 0.00 0.00 0.00 0.00 
0.00 0.00 0.00 0.00 4.00 1.00 1.00 0.00 1.00 3.00 0.00 2.00 4.00 1.00 0.00 1.00 33.00 0.00 1.00 3.00 4.00 0.00 1.00 0.00 3.00 1.00 3.00 2.00 1.00 2.00 2.00 2.00 3.00 22.00 2.00 2.00 0.00 3.00 0.00 3.00 2.00 0.00 0.00 2.00 1.00 3.00 0.00 2.00 2.00 0.00 4.00 1.00 2.00 2.00 0.00 1.00 5.00 3.00 5.00 2.00 6.00 1.00 10.00 2.00 1.00 0.00 3.00 12.00 1.00 1.00 3.00 1.00 1.00 8.00 1.00 1.00 0.00 1.00 4.00 2.00 5.00 1.00 0.00 0.00 0.00 0.00 
0.00 0.00 0.00 0.00 0.00 2.00 10.00 1.00 0.00 1.00 0.00 2.00 2.00 0.00 1.00 3.00 2.00 2.00 0.00 0.00 2.00 1.00 2.00 1.00 1.00 11.00 7.00 0.00 1.00 1.00 1.00 0.00 8.00 1.00 2.00 1.00 3.00 2.00 3.00 5.00 1.00 4.00 1.00 1.00 6.00 3.00 3.00 4.00 0.00 6.00 1.00 0.00 2.00 4.00 1.00 2.00 1.00 0.00 3.00 6.00 1.00 2.00 0.00 8.00 0.00 1.00 3.00 0.00 3.00 0.00 0.00 0.00 1.00 4.00 2.00 0.00 1.00 0.00 1.00 3.00 3.00 0.00 0.00 0.00 0.00 0.00 
0.00 0.00 0.00 0.00 0.00 1.00 15.00 0.00 2.00 1.00 6.00 11.00 3.00 3.00 30.00 0.00 1.00 3.00 0.00 2.00 0.00 3.00 1.00 0.00 1.00 0.00 3.00 4.00 3.00 0.00 2.00 0.00 0.00 0.00 1.00 1.00 2.00 2.00 2.00 2.00 0.00 1.00 1.00 1.00 2.00 3.00 0.00 8.00 2.00 3.00 0.00 2.00 3.00 6.00 1.00 1.00 3.00 0.00 2.00 1.00 2.00 0.00 6.00 4.00 0.00 3.00 2.00 4.00 1.00 4.00 8.00 1.00 2.00 3.00 10.00 2.00 1.00 0.00 0.00 1.00 5.00 0.00 0.00 0.00 0.00 0.00 
0.00 0.00 0.00 0.00 0.00 0.00 0.00 6.00 1.00 1.00 6.00 18.00 49.00 0.00 0.00 0.00 0.00 0.00 2.00 3.00 2.00 0.00 1.00 7.00 0.00 2.00 9.00 2.00 0.00 4.00 2.00 0.00 4.00 8.00 3.00 0.00 34.00 3.00 2.00 2.00 6.00 3.00 0.00 11.00 3.00 3.00 4.00 0.00 2.00 1.00 1.00 7.00 1.00 1.00 2.00 1.00 1.00 0.00 3.00 3.00 0.00 1.00 3.00 0.00 0.00 1.00 0.00 0.00 1.00 1.00 2.00 2.00 0.00 2.00 1.00 2.00 26.00 1.00 7.00 0.00 0.00 0.00 0.00 0.00 0.00 0.00 
0.00 0.00 0.00 0.00 0.00 0.00 0.00 0.00 0.00 0.00 9.00 2.00 12.00 2.00 9.00 8.00 7.00 10.00 1.00 0.00 18.00 2.00 1.00 8.00 3.00 0.00 2.00 3.00 0.00 25.00 1.00 6.00 1.00 15.00 5.00 4.00 5.00 34.00 23.00 1.00 5.00 3.00 3.00 0.00 1.00 3.00 34.00 2.00 2.00 2.00 8.00 11.00 7.00 1.00 8.00 3.00 1.00 1.00 2.00 6.00 0.00 20.00 0.00 2.00 6.00 1.00 0.00 1.00 0.00 3.00 4.00 0.00 1.00 0.00 4.00 3.00 2.00 2.00 0.00 0.00 0.00 0.00 0.00 0.00 0.00 0.00 
0.00 0.00 0.00 0.00 0.00 0.00 0.00 0.00 0.00 0.00 0.00 0.00 0.00 0.00 0.00 0.00 0.00 0.00 0.00 0.00 0.00 0.00 0.00 0.00 2.00 0.00 2.00 1.00 0.00 0.00 0.00 0.00 0.00 0.00 0.00 0.00 1.00 0.00 0.00 0.00 0.00 0.00 0.00 0.00 0.00 0.00 0.00 0.00 1.00 0.00 0.00 0.00 1.00 0.00 0.00 0.00 0.00 1.00 0.00 1.00 1.00 0.00 1.00 0.00 0.00 0.00 0.00 0.00 0.00 0.00 0.00 0.00 0.00 0.00 0.00 0.00 0.00 0.00 0.00 0.00 0.00 0.00 0.00 0.00 0.00 0.00 
0.00 0.00 0.00 0.00 0.00 0.00 0.00 0.00 0.00 0.00 0.00 0.00 0.00 0.00 0.00 0.00 0.00 0.00 0.00 0.00 0.00 0.00 0.00 0.00 0.00 0.00 0.00 0.00 0.00 0.00 0.00 0.00 0.00 0.00 0.00 0.00 0.00 0.00 0.00 0.00 0.00 0.00 0.00 0.00 0.00 0.00 0.00 0.00 0.00 0.00 0.00 0.00 0.00 0.00 0.00 0.00 0.00 0.00 0.00 0.00 0.00 0.00 0.00 0.00 0.00 0.00 0.00 0.00 0.00 0.00 0.00 0.00 0.00 0.00 0.00 0.00 0.00 0.00 0.00 0.00 0.00 0.00 0.00 0.00 0.00 0.00 
0.00 0.00 0.00 0.00 0.00 0.00 0.00 0.00 0.00 0.00 0.00 0.00 0.00 0.00 0.00 0.00 0.00 0.00 0.00 0.00 0.00 0.00 0.00 0.00 0.00 0.00 0.00 0.00 0.00 0.00 0.00 0.00 0.00 0.00 0.00 0.00 0.00 0.00 0.00 0.00 0.00 0.00 0.00 0.00 0.00 0.00 0.00 0.00 0.00 0.00 0.00 0.00 0.00 0.00 0.00 0.00 0.00 0.00 0.00 0.00 0.00 0.00 0.00 0.00 0.00 0.00 0.00 0.00 0.00 0.00 0.00 0.00 0.00 0.00 0.00 0.00 0.00 0.00 0.00 0.00 0.00 0.00 0.00 0.00 0.00 0.00 
0.00 0.00 0.00 0.00 0.00 0.00 0.00 0.00 0.00 0.00 0.00 0.00 0.00 0.00 0.00 0.00 0.00 0.00 0.00 0.00 0.00 0.00 0.00 0.00 0.00 0.00 0.00 0.00 0.00 0.00 0.00 0.00 0.00 0.00 0.00 0.00 0.00 0.00 0.00 0.00 0.00 0.00 0.00 0.00 0.00 0.00 0.00 0.00 0.00 0.00 0.00 0.00 0.00 0.00 0.00 0.00 0.00 0.00 0.00 0.00 0.00 0.00 0.00 0.00 0.00 0.00 0.00 0.00 0.00 0.00 0.00 0.00 0.00 0.00 0.00 0.00 0.00 0.00 0.00 0.00 0.00 0.00 0.00 0.00 0.00 0.00 
