0.00 0.00 0.00 0.00 0.00 0.00 0.00 0.00 0.00 0.00 0.00 0.00 0.00 0.00 0.00 0.00 0.00 0.00 0.00 0.00 0.00 0.00 0.00 0.00 0.00 0.00 0.00 0.00 0.00 0.00 0.00 0.00 0.00 0.00 0.00 0.00 0.00 0.00 0.00 0.00 0.00 0.00 0.00 0.00 0.00 0.00 0.00 0.00 0.00 0.00 0.00 0.00 0.00 0.00 0.00 0.00 0.00 0.00 0.00 0.00 0.00 0.00 0.00 0.00 0.00 0.00 0.00 0.00 0.00 0.00 0.00 0.00 0.00 0.00 0.00 0.00 0.00 0.00 0.00 0.00 0.00 0.00 0.00 0.00 0.00 0.00 
0.00 0.00 0.00 0.00 0.00 0.00 0.00 0.00 0.00 0.00 0.00 0.00 0.00 0.00 0.00 0.00 0.00 0.00 0.00 0.00 0.00 0.00 0.00 0.00 0.00 0.00 0.00 0.00 0.00 0.00 0.00 0.00 0.00 0.00 0.00 0.00 0.00 0.00 0.00 0.00 0.00 0.00 0.00 0.00 0.00 0.00 0.00 0.00 0.00 0.00 0.00 0.00 0.00 0.00 0.00 0.00 0.00 0.00 0.00 0.00 0.00 0.00 0.00 0.00 0.00 0.00 0.00 0.00 0.00 0.00 0.00 0.00 0.00 0.00 0.00 0.00 0.00 0.00 0.00 0.00 0.00 0.00 0.00 0.00 0.00 0.00 
0.00 0.00 0.00 0.00 0.00 0.00 0.00 0.00 0.00 0.00 0.00 0.00 0.00 0.00 0.00 0.00 0.00 0.00 0.00 0.00 0.00 0.00 0.00 0.00 0.00 0.00 0.00 0.00 0.00 0.00 0.00 0.00 0.00 0.00 0.00 0.00 0.00 0.00 0.00 0.00 0.00 0.00 0.00 0.00 0.00 0.00 0.00 0.00 0.00 0.00 0.00 0.00 0.00 0.00 0.00 0.00 0.00 0.00 0.00 0.00 0.00 0.00 0.00 0.00 0.00 0.00 0.00 0.00 0.00 0.00 0.00 0.00 0.00 0.00 0.00 0.00 0.00 0.00 0.00 0.00 0.00 0.00 0.00 0.00 0.00 0.00 
0.00 0.00 0.00 0.00 0.00 0.00 0.00 0.00 0.00 0.00 1.00 40.00 3.00 1.00 0.00 1.00 10.00 0.00 0.00 1.00 2.00 0.00 0.00 0.00 0.00 1.00 1.00 0.00 12.00 5.00 3.00 4.00 6.00 11.00 11.00 1.00 4.00 3.00 2.00 2.00 3.00 0.00 11.00 1.00 2.00 0.00 5.00 0.00 0.00 1.00 3.00 1.00 1.00 1.00 1.00 3.00 3.00 10.00 19.00 4.00 2.00 1.00 1.00 5.00 2.00 0.00 0.00 5.00 0.00 1.00 1.00 8.00 1.00 2.00 0.00 1.00 1.00 0.00 0.00 0.00 0.00 0.00 0.00 0.00 0.00 0.00 
0.00 0.00 0.00 0.00 0.00 0.00 0.00 2.00 3.00 0.00 0.00 1.00 1.00 0.00 1.00 0.00 3.00 2.00 0.00 2.00 0.00 5.00 0.00 1.00 2.00 2.00 1.00 29.00 0.00 1.00 0.00 1.00 3.00 0.00 2.00 2.00 0.00 1.00 0.00 1.00 0.00 3.00 1.00 1.00 2.00 0.00 5.00 48.00 1.00 1.00 1.00 2.00 15.00 1.00 1.00 1.00 8.00 1.00 1.00 1.00 1.00 0.00 2.00 2.00 23.00 1.00 5.00 0.00 1.00 2.00 0.00 1.00 1.00 1.00 1.00 0.00 9.00 0.00 0.00 0.00 0.00 0.00 0.00 0.00 0.00 0.00 
0.00 0.00 0.00 0.00 0.00 0.00 0.00 5.00 0.00 0.00 8.00 0.00 3.00 1.00 1.00 0.00 2.00 1.00 2.00 1.00 1.00 2.00 2.00 1.00 0.00 0.00 0.00 0.00 1.00 2.00 3.00 1.00 1.00 3.00 5.00 1.00 0.00 6.00 1.00 1.00 4.00 31.00 0.00 5.00 1.00 2.00 5.00 11.00 10.00 0.00 2.00 2.00 2.00 0.00 11.00 3.00 2.00 8.00 2.00 1.00 10.00 3.00 2.00 0.00 0.00 0.00 1.00 0.00 4.00 5.00 7.00 0.00 1.00 7.00 2.00 0.00 0.00 2.00 1.00 3.00 1.00 0.00 0.00 0.00 0.00 0.00 
0.00 0.00 0.00 0.00 0.00 39.00 0.00 7.00 0.00 1.00 0.00 0.00 0.00 3.00 8.00 3.00 2.00 0.00 1.00 2.00 0.00 1.00 1.00 2.00 0.00 6.00 17.00 4.00 1.00 0.00 1.00 1.00 0.00 0.00 2.00 0.00 3.00 8.00 0.00 2.00 1.00 1.00 1.00 2.00 3.00 0.00 2.00 1.00 2.00 2.00 23.00 2.00 2.00 1.00 2.00 1.00 13.00 1.00 1.00 0.00 0.00 1.00 1.00 1.00 9.00 1.00 1.00 1.00 1.00 1.00 1.00 0.00 0.00 10.00 2.00 2.00 2.00 2.00 1.00 0.00 3.00 0.00 0.00 0.00 0.00 0.00 
0.00 0.00 0.00 0.00 2.00 0.00 3.00 2.00 0.00 7.00 3.00 1.00 1.00 2.00 5.00 2.00 0.00 1.00 3.00 2.00 6.00 4.00 1.00 1.00 2.00 1.00 0.00 0.00 0.00 1.00 4.00 1.00 2.00 1.00 2.00 1.00 9.00 1.00 2.00 0.00 1.00 4.00 0.00 0.00 7.00 0.00 0.00 5.00 3.00 4.00 2.00 1.00 1.00 1.00 1.00 2.00 1.00 1.00 1.00 3.00 0.00 5.00 1.00 2.00 0.00 0.00 0.00 4.00 0.00 2.00 2.00 2.00 1.00 8.00 1.00 0.00 1.00 2.00 1.00 1.00 14.00 1.00 0.00 0.00 0.00 0.00 
0.00 0.00 0.00 1.00 1.00 2.00 0.00 3.00 1.00 2.00 2.00 4.00 0.00 2.00 2.00 1.00 0.00 3.00 8.00 3.00 1.00 2.00 7.00 1.00 18.00 0.00 1.00 3.00 1.00 3.00 5.00 1.00 2.00 1.00 1.00 1.00 1.00 0.00 1.00 3.00 3.00 2.00 1.00 1.00 3.00 0.00 1.00 2.00 3.00 2.00 1.00 3.00 0.00 1.00 31.00 2.00 1.00 3.00 0.00 6.00 1.00 3.00 1.00 1.00 44.00 7.00 1.00 1.00 3.00 0.00 1.00 0.00 0.00 1.00 1.00 2.00 0.00 2.00 6.00 5.00 7.00 12.00 0.00 0.00 0.00 0.00 
0.00 0.00 0.00 0.00 0.00 0.00 1.00 1.00 6.00 3.00 1.00 2.00 3.00 1.00 2.00 5.00 1.00 1.00 0.00 1.00 2.00 0.00 3.00 5.00 3.00 2.00 1.00 1.00 3.00 1.00 0.00 7.00 2.00 0.00 0.00 0.00 2.00 1.00 3.00 1.00 3.00 1.00 2.00 0.00 18.00 1.00 6.00 9.00 1.00 2.00 2.00 3.00 3.00 3.00 2.00 2.00 2.00 0.00 3.00 0.00 3.00 3.00 0.00 1.00 3.00 7.00 8.00 3.00 0.00 2.00 2.00 2.00 0.00 0.00 1.00 1.00 1.00 1.00 1.00 0.00 2.00 4.00 2.00 0.00 0.00 0.00 
0.00 0.00 0.00 11.00 2.00 1.00 1.00 1.00 3.00 2.00 2.00 2.00 0.00 4.00 1.00 1.00 1.00 1.00 1.00 8.00 2.00 0.00 1.00 1.00 1.00 1.00 2.00 3.00 1.00 6.00 2.00 0.00 18.00 3.00 4.00 2.00 1.00 0.00 0.00 2.00 2.00 0.00 0.00 2.00 1.00 0.00 1.00 4.00 3.00 3.00 1.00 1.00 8.00 2.00 2.00 1.00 0.00 1.00 2.00 0.00 11.00 4.00 3.00 1.00 4.00 1.00 1.00 1.00 2.00 3.00 0.00 1.00 0.00 1.00 5.00 5.00 0.00 2.00 4.00 3.00 5.00 2.00 0.00 0.00 0.00 0.00 
0.00 0.00 0.00 9.00 2.00 1.00 0.00 0.00 1.00 7.00 3.00 3.00 1.00 4.00 0.00 2.00 2.00 2.00 5.00 1.00 4.00 1.00 2.00 0.00 1.00 1.00 2.00 2.00 1.00 14.00 1.00 2.00 0.00 1.00 2.00 2.00 1.00 2.00 17.00 5.00 2.00 3.00 3.00 3.00 1.00 0.00 1.00 1.00 1.00 2.00 2.00 3.00 2.00 1.00 3.00 8.00 3.00 5.00 2.00 1.00 2.00 1.00 4.00 1.00 1.00 6.00 4.00 2.00 3.00 2.00 1.00 2.00 2.00 2.00 1.00 1.00 3.00 1.00 8.00 4.00 1.00 0.00 4.00 0.00 0.00 0.00 
0.00 0.00 0.00 2.00 3.00 0.00 0.00 1.00 2.00 3.00 1.00 1.00 1.00 2.00 2.00 3.00 3.00 3.00 0.00 1.00 0.00 0.00 1.00 0.00 0.00 1.00 1.00 0.00 0.00 1.00 0.00 1.00 1.00 0.00 4.00 3.00 1.00 2.00 2.00 2.00 1.00 2.00 5.00 1.00 0.00 1.00 3.00 1.00 0.00 0.00 3.00 1.00 0.00 0.00 4.00 1.00 2.00 1.00 1.00 0.00 1.00 3.00 8.00 2.00 3.00 1.00 4.00 4.00 2.00 1.00 1.00 4.00 1.00 2.00 1.00 0.00 2.00 1.00 1.00 2.00 1.00 0.00 2.00 0.00 0.00 0.00 
0.00 0.00 0.00 6.00 0.00 2.00 1.00 0.00 1.00 8.00 2.00 2.00 1.00 3.00 3.00 2.00 1.00 0.00 0.00 1.00 1.00 3.00 3.00 5.00 1.00 2.00 1.00 2.00 2.00 2.00 1.00 0.00 0.00 2.00 11.00 1.00 2.00 2.00 3.00 2.00 10.00 0.00 1.00 2.00 2.00 2.00 7.00 5.00 1.00 1.00 1.00 3.00 1.00 3.00 0.00 3.00 1.00 1.00 0.00 2.00 3.00 2.00 1.00 0.00 2.00 2.00 2.00 2.00 2.00 7.00 3.00 0.00 4.00 1.00 2.00 1.00 1.00 2.00 2.00 2.00 3.00 1.00 14.00 0.00 0.00 0.00 
0.00 0.00 0.00 3.00 2.00 5.00 4.00 2.00 3.00 2.00 3.00 3.00 1.00 0.00 2.00 4.00 4.00 1.00 1.00 4.00 1.00 1.00 1.00 7.00 2.00 3.00 2.00 3.00 3.00 1.00 2.00 6.00 0.00 5.00 0.00 1.00 6.00 2.00 1.00 5.00 3.00 0.00 3.00 1.00 0.00 6.00 1.00 28.00 0.00 0.00 1.00 0.00 3.00 1.00 1.00 4.00 1.00 0.00 0.00 4.00 3.00 110.00 1.00 3.00 2.00 1.00 2.00 1.00 2.00 2.00 2.00 0.00 2.00 0.00 2.00 3.00 2.00 0.00 2.00 1.00 0.00 1.00 2.00 0.00 0.00 0.00 
0.00 0.00 0.00 1.00 1.00 12.00 0.00 2.00 0.00 0.00 1.00 2.00 1.00 2.00 0.00 8.00 0.00 3.00 1.00 0.00 5.00 3.00 4.00 4.00 1.00 0.00 3.00 0.00 5.00 1.00 0.00 3.00 6.00 7.00 3.00 1.00 1.00 4.00 2.00 4.00 2.00 3.00 1.00 0.00 3.00 6.00 6.00 1.00 2.00 2.00 3.00 2.00 0.00 0.00 1.00 1.00 1.00 0.00 2.00 1.00 3.00 3.00 2.00 5.00 3.00 0.00 1.00 2.00 0.00 0.00 3.00 9.00 19.00 1.00 0.00 1.00 0.00 5.00 1.00 0.00 0.00 2.00 3.00 0.00 0.00 0.00 
0.00 0.00 0.00 2.00 6.00 2.00 2.00 1.00 3.00 2.00 0.00 1.00 1.00 3.00 6.00 6.00 15.00 1.00 1.00 2.00 2.00 3.00 4.00 1.00 1.00 2.00 2.00 1.00 7.00 1.00 9.00 1.00 2.00 0.00 2.00 1.00 4.00 2.00 2.00 0.00 3.00 0.00 0.00 1.00 1.00 2.00 2.00 0.00 2.00 20.00 1.00 3.00 0.00 2.00 2.00 25.00 1.00 1.00 12.00 10.00 6.00 2.00 6.00 2.00 1.00 0.00 0.00 1.00 0.00 1.00 1.00 4.00 4.00 1.00 0.00 13.00 2.00 0.00 1.00 1.00 1.00 2.00 0.00 0.00 0.00 0.00 
0.00 0.00 0.00 1.00 0.00 2.00 2.00 3.00 2.00 0.00 5.00 2.00 1.00 0.00 0.00 1.00 3.00 1.00 0.00 0.00 1.00 2.00 0.00 9.00 2.00 3.00 0.00 3.00 2.00 0.00 1.00 4.00 3.00 1.00 3.00 1.00 0.00 1.00 0.00 0.00 2.00 2.00 1.00 3.00 0.00 2.00 3.00 3.00 3.00 4.00 1.00 0.00 2.00 3.00 0.00 1.00 1.00 0.00 1.00 0.00 1.00 2.00 1.00 1.00 1.00 0.00 5.00 2.00 1.00 1.00 8.00 1.00 2.00 1.00 0.00 1.00 3.00 2.00 0.00 5.00 4.00 28.00 1.00 0.00 0.00 0.00 
0.00 0.00 0.00 0.00 2.00 2.00 26.00 1.00 1.00 3.00 0.00 1.00 1.00 2.00 1.00 2.00 1.00 1.00 2.00 3.00 4.00 1.00 0.00 0.00 1.00 0.00 1.00 2.00 2.00 2.00 1.00 0.00 12.00 0.00 2.00 4.00 3.00 1.00 1.00 11.00 0.00 6.00 3.00 0.00 3.00 1.00 6.00 0.00 8.00 0.00 0.00 2.00 1.00 0.00 1.00 1.00 28.00 1.00 1.00 2.00 2.00 0.00 4.00 4.00 1.00 2.00 1.00 1.00 1.00 1.00 0.00 3.00 1.00 1.00 0.00 0.00 2.00 0.00 1.00 2.00 1.00 0.00 0.00 0.00 0.00 0.00 
0.00 0.00 0.00 0.00 0.00 0.00 2.00 2.00 3.00 0.00 3.00 2.00 0.00 2.00 1.00 1.00 3.00 0.00 0.00 3.00 0.00 2.00 3.00 1.00 0.00 1.00 1.00 1.00 2.00 3.00 0.00 2.00 12.00 2.00 2.00 2.00 1.00 2.00 1.00 1.00 1.00 2.00 1.00 7.00 1.00 3.00 23.00 5.00 5.00 2.00 2.00 2.00 2.00 3.00 4.00 26.00 5.00 0.00 1.00 1.00 8.00 1.00 14.00 0.00 2.00 3.00 2.00 11.00 0.00 0.00 5.00 2.00 0.00 2.00 31.00 0.00 2.00 3.00 9.00 2.00 4.00 0.00 0.00 0.00 0.00 0.00 
0.00 0.00 0.00 0.00 0.00 0.00 1.00 2.00 0.00 0.00 9.00 2.00 0.00 3.00 1.00 0.00 0.00 2.00 0.00 4.00 2.00 0.00 1.00 3.00 0.00 2.00 7.00 16.00 5.00 2.00 1.00 3.00 1.00 17.00 4.00 2.00 1.00 0.00 1.00 2.00 1.00 1.00 28.00 1.00 3.00 1.00 1.00 0.00 0.00 1.00 6.00 6.00 1.00 0.00 1.00 1.00 1.00 1.00 2.00 3.00 3.00 1.00 2.00 3.00 0.00 1.00 0.00 0.00 1.00 2.00 0.00 18.00 3.00 2.00 2.00 1.00 0.00 1.00 2.00 0.00 0.00 0.00 0.00 0.00 0.00 0.00 
0.00 0.00 0.00 0.00 0.00 0.00 1.00 0.00 1.00 2.00 3.00 1.00 1.00 3.00 1.00 2.00 2.00 2.00 1.00 1.00 1.00 0.00 4.00 2.00 5.00 3.00 2.00 1.00 3.00 1.00 0.00 2.00 0.00 1.00 9.00 0.00 24.00 1.00 2.00 9.00 3.00 5.00 4.00 2.00 2.00 3.00 1.00 0.00 4.00 0.00 3.00 2.00 0.00 3.00 1.00 0.00 2.00 11.00 0.00 3.00 1.00 0.00 3.00 1.00 0.00 2.00 21.00 2.00 0.00 4.00 1.00 2.00 0.00 0.00 4.00 0.00 0.00 4.00 2.00 0.00 0.00 0.00 0.00 0.00 0.00 0.00 
0.00 0.00 0.00 0.00 0.00 0.00 0.00 0.00 0.00 0.00 6.00 0.00 2.00 2.00 0.00 7.00 0.00 5.00 1.00 1.00 3.00 9.00 14.00 3.00 0.00 2.00 9.00 2.00 11.00 1.00 14.00 5.00 9.00 5.00 3.00 21.00 16.00 4.00 2.00 0.00 1.00 2.00 1.00 0.00 1.00 3.00 2.00 4.00 3.00 0.00 0.00 1.00 1.00 7.00 1.00 2.00 0.00 1.00 1.00 4.00 2.00 2.00 5.00 1.00 0.00 2.00 19.00 6.00 10.00 2.00 4.00 0.00 54.00 2.00 13.00 2.00 1.00 0.00 0.00 0.00 0.00 0.00 0.00 0.00 0.00 0.00 
0.00 0.00 0.00 0.00 0.00 0.00 0.00 0.00 0.00 0.00 0.00 0.00 0.00 0.00 0.00 0.00 1.00 0.00 0.00 0.00 0.00 0.00 0.00 0.00 0.00 1.00 0.00 0.00 0.00 0.00 0.00 1.00 0.00 0.00 0.00 0.00 0.00 0.00 0.00 0.00 0.00 0.00 0.00 0.00 1.00 0.00 1.00 0.00 0.00 0.00 0.00 0.00 0.00 1.00 0.00 0.00 1.00 0.00 0.00 0.00 0.00 0.00 0.00 0.00 0.00 0.00 0.00 0.00 0.00 0.00 0.00 0.00 0.00 0.00 0.00 0.00 0.00 0.00 0.00 0.00 0.00 0.00 0.00 0.00 0.00 0.00 
0.00 0.00 0.00 0.00 0.00 0.00 0.00 0.00 0.00 0.00 0.00 0.00 0.00 0.00 0.00 0.00 0.00 0.00 0.00 0.00 0.00 0.00 0.00 0.00 0.00 0.00 0.00 0.00 0.00 0.00 0.00 0.00 0.00 0.00 0.00 0.00 0.00 0.00 0.00 0.00 0.00 0.00 0.00 0.00 0.00 0.00 0.00 0.00 0.00 0.00 0.00 0.00 0.00 0.00 0.00 0.00 0.00 0.00 0.00 0.00 0.00 0.00 0.00 0.00 0.00 0.00 0.00 0.00 0.00 0.00 0.00 0.00 0.00 0.00 0.00 0.00 0.00 0.00 0.00 0.00 0.00 0.00 0.00 0.00 0.00 0.00 
0.00 0.00 0.00 0.00 0.00 0.00 0.00 0.00 0.00 0.00 0.00 0.00 0.00 0.00 0.00 0.00 0.00 0.00 0.00 0.00 0.00 0.00 0.00 0.00 0.00 0.00 0.00 0.00 0.00 0.00 0.00 0.00 0.00 0.00 0.00 0.00 0.00 0.00 0.00 0.00 0.00 0.00 0.00 0.00 0.00 0.00 0.00 0.00 0.00 0.00 0.00 0.00 0.00 0.00 0.00 0.00 0.00 0.00 0.00 0.00 0.00 0.00 0.00 0.00 0.00 0.00 0.00 0.00 0.00 0.00 0.00 0.00 0.00 0.00 0.00 0.00 0.00 0.00 0.00 0.00 0.00 0.00 0.00 0.00 0.00 0.00 
0.00 0.00 0.00 0.00 0.00 0.00 0.00 0.00 0.00 0.00 0.00 0.00 0.00 0.00 0.00 0.00 0.00 0.00 0.00 0.00 0.00 0.00 0.00 0.00 0.00 0.00 0.00 0.00 0.00 0.00 0.00 0.00 0.00 0.00 0.00 0.00 0.00 0.00 0.00 0.00 0.00 0.00 0.00 0.00 0.00 0.00 0.00 0.00 0.00 0.00 0.00 0.00 0.00 0.00 0.00 0.00 0.00 0.00 0.00 0.00 0.00 0.00 0.00 0.00 0.00 0.00 0.00 0.00 0.00 0.00 0.00 0.00 0.00 0.00 0.00 0.00 0.00 0.00 0.00 0.00 0.00 0.00 0.00 0.00 0.00 0.00 
