0.00 0.00 0.00 0.00 0.00 0.00 0.00 0.00 0.00 0.00 0.00 0.00 0.00 0.00 0.00 0.00 0.00 0.00 0.00 0.00 0.00 0.00 0.00 0.00 0.00 0.00 0.00 0.00 0.00 0.00 0.00 0.00 0.00 0.00 0.00 0.00 0.00 0.00 0.00 0.00 0.00 0.00 0.00 0.00 0.00 0.00 0.00 0.00 0.00 0.00 0.00 0.00 0.00 0.00 0.00 0.00 0.00 0.00 0.00 0.00 0.00 0.00 0.00 0.00 0.00 0.00 0.00 0.00 0.00 0.00 0.00 0.00 0.00 0.00 0.00 0.00 0.00 0.00 0.00 0.00 0.00 0.00 0.00 0.00 0.00 0.00 
0.00 0.00 0.00 0.00 0.00 0.00 0.00 0.00 0.00 0.00 0.00 0.00 0.00 0.00 0.00 0.00 0.00 0.00 0.00 0.00 0.00 0.00 0.00 0.00 0.00 0.00 0.00 0.00 0.00 0.00 0.00 0.00 0.00 0.00 0.00 0.00 0.00 0.00 0.00 0.00 0.00 0.00 0.00 0.00 0.00 0.00 0.00 0.00 0.00 0.00 0.00 0.00 0.00 0.00 0.00 0.00 0.00 0.00 0.00 0.00 0.00 0.00 0.00 0.00 0.00 0.00 0.00 0.00 0.00 0.00 0.00 0.00 0.00 0.00 0.00 0.00 0.00 0.00 0.00 0.00 0.00 0.00 0.00 0.00 0.00 0.00 
0.00 0.00 0.00 0.00 0.00 0.00 0.00 0.00 0.00 0.00 0.00 0.00 0.00 0.00 0.00 0.00 0.00 0.00 0.00 0.00 0.00 0.00 0.00 0.00 0.00 0.00 0.00 0.00 0.00 0.00 0.00 0.00 0.00 0.00 0.00 0.00 0.00 0.00 0.00 0.00 0.00 0.00 0.00 0.00 0.00 0.00 0.00 0.00 0.00 0.00 0.00 0.00 0.00 0.00 0.00 0.00 0.00 0.00 0.00 0.00 0.00 0.00 0.00 0.00 0.00 0.00 0.00 0.00 0.00 0.00 0.00 0.00 0.00 0.00 0.00 0.00 0.00 0.00 0.00 0.00 0.00 0.00 0.00 0.00 0.00 0.00 
0.00 0.00 0.00 0.00 0.00 0.00 0.00 0.00 1571.78 3136.61 3126.65 3884.15 3859.13 3828.28 3793.11 3754.62 3713.60 3670.78 3626.77 3582.07 3537.10 3492.18 3447.54 3403.40 3359.91 3317.17 3275.28 3234.32 3194.33 3155.37 3117.45 3080.61 3044.87 3010.22 2976.68 2944.25 2912.93 2882.71 2853.58 2825.54 2798.58 2772.68 2747.82 2724.01 2701.22 2679.44 2658.66 2638.85 2620.02 2602.14 2585.20 2569.19 2554.10 2539.92 2526.63 2514.23 2502.71 2492.06 2482.28 2473.35 2465.29 2458.07 2451.71 2446.19 2441.52 2437.70 2434.71 2432.57 2431.26 2430.78 2431.10 2432.18 2433.97 2436.31 2438.87 1953.78 1955.28 978.26 0.00 0.00 0.00 0.00 0.00 0.00 0.00 0.00 
0.00 0.00 0.00 0.00 0.00 0.00 0.00 3155.70 3932.29 4695.71 4671.45 4641.92 4608.75 4571.16 4529.51 4484.39 4436.48 4386.48 4335.03 4282.67 4229.88 4177.01 4124.39 4072.24 4020.76 3970.10 3920.39 3871.71 3824.15 3777.75 3732.57 3688.64 3645.99 3604.63 3564.57 3525.81 3488.37 3452.22 3417.38 3383.82 3351.55 3320.53 3290.78 3262.25 3234.95 3208.86 3183.95 3160.22 3137.65 3116.22 3095.92 3076.73 3058.64 3041.64 3025.71 3010.85 2997.04 2984.28 2972.56 2961.86 2952.20 2943.56 2935.93 2929.32 2923.73 2919.14 2915.56 2912.99 2911.40 2910.81 2911.17 2912.46 2914.64 2917.62 2921.31 2925.71 2930.43 2446.84 1960.51 0.00 0.00 0.00 0.00 0.00 0.00 0.00 
0.00 0.00 0.00 0.00 0.00 1583.43 3164.18 4727.00 4705.09 5460.80 5428.87 6165.83 6121.71 6071.90 6017.11 5958.01 5895.40 5830.07 5762.79 5694.25 5625.02 5555.59 5486.36 5417.67 5349.76 5282.86 5217.14 5152.73 5089.73 5028.25 4968.34 4910.05 4853.43 4798.50 4745.28 4693.77 4643.99 4595.92 4549.57 4504.93 4461.98 4420.70 4381.09 4343.11 4306.76 4272.01 4238.84 4207.24 4177.17 4148.62 4121.58 4096.01 4071.91 4049.26 4028.05 4008.25 3989.85 3972.85 3957.24 3943.00 3930.13 3918.62 3908.46 3899.66 3892.21 3886.10 3881.32 3877.88 3875.77 3874.95 3875.42 3877.14 3880.05 3884.08 3889.11 3407.61 3414.01 2932.45 2939.25 1964.84 983.32 0.00 0.00 0.00 0.00 0.00 
0.00 0.00 0.00 0.00 0.00 3169.63 4736.90 5501.96 5473.47 6222.80 6184.52 6141.02 6477.73 6425.05 6367.47 6305.69 6240.42 6172.39 6102.34 6030.90 5958.66 5886.10 5813.66 5741.65 5670.39 5600.08 5530.94 5463.11 5396.71 5331.85 5268.60 5207.03 5147.18 5089.09 5032.77 4978.26 4925.54 4874.63 4825.53 4778.21 4732.68 4688.92 4646.91 4606.63 4568.07 4531.20 4496.01 4462.47 4430.56 4400.26 4371.56 4344.42 4318.84 4294.80 4272.28 4251.27 4231.75 4213.70 4197.13 4182.02 4168.36 4156.15 4145.37 4136.03 4128.12 4121.64 4116.57 4112.92 4110.67 4109.81 4110.31 4112.16 4115.31 4119.73 3882.07 3888.94 3896.69 3416.76 3425.54 2944.26 1968.47 492.58 0.00 0.00 0.00 0.00 
0.00 0.00 0.00 0.00 3175.44 4748.15 5515.65 6274.68 6240.88 6984.54 6941.01 6892.44 6839.26 6782.46 6721.52 6656.65 6588.37 6517.34 6444.22 6369.65 6294.20 6218.35 6142.53 6067.11 5992.38 5918.59 5845.96 5774.64 5704.79 5636.51 5569.89 5505.00 5441.89 5380.61 5321.19 5263.65 5207.99 5154.22 5102.34 5052.35 5004.23 4957.97 4913.56 4870.98 4830.20 4791.21 4753.99 4718.51 4684.76 4652.71 4622.34 4593.64 4566.57 4541.14 4517.31 4495.08 4474.43 4455.34 4437.81 4421.83 4407.38 4394.46 4383.06 4373.19 4364.82 4357.96 4352.60 4348.74 4346.37 4345.47 4346.03 4348.03 4351.48 4356.37 4362.75 4370.42 4379.22 3900.72 3911.06 3431.87 2950.81 1972.68 0.00 0.00 0.00 0.00 
0.00 0.00 0.00 1588.96 3967.21 4740.22 5504.03 6260.16 7008.62 6966.04 6919.82 7643.47 7586.30 7523.73 7456.29 7384.52 7309.07 7230.66 7149.98 7067.71 6984.45 6900.73 6817.01 6733.69 6651.10 6569.52 6489.17 6410.25 6332.92 6257.30 6183.50 6111.59 6041.64 5973.71 5907.81 5843.99 5782.24 5722.59 5665.03 5609.54 5556.14 5504.79 5455.49 5408.21 5362.94 5319.65 5278.31 5238.92 5201.43 5165.84 5132.12 5100.24 5070.19 5041.94 5015.48 4990.78 4967.85 4946.65 4927.18 4909.43 4893.39 4879.04 4866.39 4855.42 4846.13 4838.51 4832.57 4828.28 4825.65 4824.67 4825.31 4827.56 4831.39 4836.76 4843.60 4364.48 4373.95 4384.72 3907.03 3428.76 2948.99 2466.19 988.40 0.00 0.00 0.00 
0.00 0.00 0.00 3179.97 4755.28 5523.70 6283.32 7034.98 6994.25 7731.54 7681.82 7626.64 7567.87 7504.79 7437.41 7366.08 7291.32 7213.74 7133.98 7052.65 6970.31 6887.47 6804.58 6722.01 6640.11 6559.14 6479.34 6400.91 6324.01 6248.77 6175.31 6103.69 6034.01 5966.30 5900.60 5836.95 5775.36 5715.84 5658.39 5603.01 5549.69 5498.43 5449.19 5401.97 5356.75 5313.51 5272.21 5232.85 5195.40 5159.84 5126.14 5094.28 5064.25 5036.02 5009.58 4984.91 4961.99 4940.81 4921.36 4903.62 4887.59 4873.25 4860.61 4849.65 4840.37 4832.77 4826.83 4822.56 4819.94 4818.98 4819.65 4821.96 4825.89 4831.43 4838.59 4847.42 4857.53 4380.67 4393.11 3916.51 3438.56 2957.96 1978.45 0.00 0.00 0.00 
0.00 0.00 0.00 3180.86 4751.14 5516.85 6274.67 7024.98 6982.54 7719.27 7668.36 7612.99 7553.58 7490.15 7422.79 7351.76 7277.49 7200.53 7121.45 7040.83 6959.20 6877.04 6794.79 6712.81 6631.45 6550.96 6471.60 6393.56 6317.00 6242.07 6168.87 6097.49 6028.01 5960.48 5894.95 5831.43 5769.96 5710.55 5653.20 5597.90 5544.65 5493.44 5444.26 5397.09 5351.91 5308.70 5267.44 5228.11 5190.69 5155.15 5121.47 5089.63 5059.62 5031.40 5004.98 4980.32 4957.41 4936.24 4916.80 4899.08 4883.05 4868.73 4856.10 4845.15 4835.88 4828.28 4822.35 4818.09 4815.49 4814.54 4815.25 4817.62 4821.63 4827.30 4834.63 4843.57 4854.02 4377.36 4390.35 3914.18 3436.76 2957.19 1979.73 0.00 0.00 0.00 
0.00 0.00 0.00 3974.74 4748.35 6303.18 6268.54 7018.00 7759.28 7711.12 7659.27 7603.36 7543.35 7479.69 7412.37 7341.56 7267.65 7191.12 7112.53 7032.41 6951.28 6869.60 6787.80 6706.24 6625.26 6545.12 6466.07 6388.31 6312.00 6237.28 6164.27 6093.07 6023.74 5956.34 5890.92 5827.51 5766.13 5706.79 5649.50 5594.26 5541.07 5489.91 5440.76 5393.63 5348.48 5305.30 5264.06 5224.75 5187.34 5151.82 5118.15 5086.33 5056.33 5028.13 5001.71 4977.06 4954.16 4933.00 4913.57 4895.85 4879.84 4865.52 4852.90 4841.95 4832.69 4825.09 4819.17 4814.92 4812.33 4811.40 4812.14 4814.54 4818.61 4824.38 4831.86 4840.95 4851.61 4863.82 4388.41 3912.56 3926.82 2956.69 2474.13 0.00 0.00 0.00 
0.00 0.00 0.00 3974.41 4746.83 6300.51 6659.72 7014.24 7755.06 7706.63 7654.37 7597.97 7918.38 7852.59 7782.42 7708.30 7630.79 7550.47 7467.96 7383.83 7298.64 7212.88 7126.99 7041.37 6956.34 6872.21 6789.22 6707.58 6627.47 6549.04 6472.39 6397.64 6324.85 6254.09 6185.41 6118.84 6054.39 5992.09 5931.95 5873.95 5818.10 5764.38 5712.79 5663.30 5615.89 5570.55 5527.26 5485.98 5446.71 5409.41 5374.06 5340.65 5309.14 5279.53 5251.80 5225.92 5201.87 5179.66 5159.25 5140.65 5123.83 5108.80 5095.54 5084.05 5074.32 5066.35 5060.14 5055.67 5052.95 5051.97 5052.74 5055.24 5059.48 5065.45 4830.33 4839.52 4850.28 4862.57 4387.33 3911.62 3926.12 3448.53 2474.23 0.00 0.00 0.00 
0.00 0.00 0.00 3974.31 4746.69 6300.30 6659.47 7013.92 7754.65 7706.14 7653.81 7597.34 7917.69 7851.85 7781.65 7707.52 7630.00 7549.70 7467.20 7383.10 7297.94 7212.22 7126.36 7040.77 6955.78 6871.68 6788.72 6707.11 6627.03 6548.61 6471.99 6397.25 6324.48 6253.74 6185.07 6118.51 6054.07 5991.78 5931.65 5873.66 5817.81 5764.10 5712.51 5663.02 5615.62 5570.29 5526.99 5485.72 5446.45 5409.15 5373.80 5340.39 5308.89 5279.28 5251.54 5225.66 5201.62 5179.41 5159.00 5140.40 5123.58 5108.55 5095.29 5083.80 5074.08 5066.11 5059.89 5055.43 5052.71 5051.74 5052.50 5055.01 5059.25 5065.23 4830.11 4839.32 4850.09 4862.38 4387.15 3911.46 3925.96 3448.39 2474.11 0.00 0.00 0.00 
0.00 0.00 0.00 3974.45 4747.94 6302.58 6267.80 7017.02 7758.05 7709.67 7657.59 7601.47 7541.28 7477.47 7410.05 7339.20 7265.29 7188.80 7110.27 7030.24 6949.20 6867.62 6785.93 6704.47 6623.59 6543.55 6464.58 6386.90 6310.66 6236.02 6163.07 6091.92 6022.64 5955.28 5889.90 5826.52 5765.17 5705.86 5648.60 5593.38 5540.20 5489.06 5439.93 5392.81 5347.67 5304.49 5263.26 5223.96 5186.56 5151.04 5117.38 5085.56 5055.56 5027.37 5000.95 4976.31 4953.41 4932.25 4912.82 4895.11 4879.10 4864.78 4852.16 4841.21 4831.95 4824.36 4818.44 4814.19 4811.61 4810.68 4811.43 4813.84 4817.94 4823.73 4831.23 4840.34 4851.03 4863.26 4387.89 3912.09 3926.35 2956.29 2473.77 0.00 0.00 0.00 
0.00 0.00 0.00 3180.45 4750.46 5515.93 6273.44 7023.35 6980.60 7716.81 7665.53 7609.79 7550.05 7486.39 7418.87 7347.76 7273.50 7196.61 7117.66 7037.18 6955.72 6873.74 6791.66 6709.86 6628.66 6548.34 6469.12 6391.21 6314.78 6239.96 6166.86 6095.58 6026.18 5958.72 5893.25 5829.79 5768.38 5709.01 5651.69 5596.43 5543.21 5492.03 5442.87 5395.72 5350.56 5307.36 5266.12 5226.80 5189.38 5153.85 5120.18 5088.35 5058.34 5030.13 5003.71 4979.05 4956.15 4934.99 4915.55 4897.83 4881.81 4867.49 4854.86 4843.91 4834.64 4827.05 4821.13 4816.87 4814.27 4813.34 4814.07 4816.45 4820.50 4826.20 4833.57 4842.56 4853.04 4376.49 4389.48 3913.39 3436.05 2956.54 1979.24 0.00 0.00 0.00 
0.00 0.00 0.00 3179.44 4754.37 5522.45 6281.61 7032.72 6991.52 7728.09 7677.81 7622.06 7562.81 7499.37 7431.78 7360.36 7285.64 7208.18 7128.61 7047.50 6965.41 6882.83 6800.19 6717.88 6636.21 6555.47 6475.88 6397.64 6320.91 6245.83 6172.50 6101.02 6031.45 5963.84 5898.23 5834.66 5773.14 5713.68 5656.28 5600.95 5547.67 5496.44 5447.24 5400.05 5354.85 5311.62 5270.35 5231.00 5193.57 5158.02 5124.33 5092.48 5062.46 5034.24 5007.80 4983.13 4960.22 4939.05 4919.60 4901.87 4885.84 4871.51 4858.87 4847.92 4838.64 4831.04 4825.11 4820.84 4818.24 4817.29 4817.98 4820.32 4824.29 4829.89 4837.11 4846.01 4856.18 4379.45 4391.93 3915.44 3437.59 2957.10 1977.85 0.00 0.00 0.00 
0.00 0.00 0.00 1588.61 3966.23 4738.79 5502.04 6257.47 7005.11 6961.83 6914.86 7637.38 7579.53 7516.49 7448.79 7376.95 7301.60 7223.38 7142.98 7061.03 6978.11 6894.74 6811.36 6728.38 6646.10 6564.80 6484.73 6406.05 6328.94 6253.53 6179.90 6108.16 6038.36 5970.55 5904.77 5841.04 5779.39 5719.81 5662.31 5606.89 5553.54 5502.24 5452.97 5405.73 5360.48 5317.22 5275.91 5236.53 5199.07 5163.49 5129.78 5097.91 5067.87 5039.63 5013.18 4988.50 4965.57 4944.38 4924.91 4907.17 4891.13 4876.79 4864.14 4853.18 4843.89 4836.28 4830.34 4826.06 4823.44 4822.47 4823.14 4825.43 4829.31 4834.75 4841.68 4362.78 4372.33 4383.17 3905.65 3427.54 2947.91 2465.26 988.04 0.00 0.00 0.00 
0.00 0.00 0.00 0.00 3174.49 4746.44 5513.24 6271.43 6236.96 6979.33 6934.79 6885.15 6831.00 6773.61 6712.42 6647.55 6579.46 6508.73 6436.00 6361.84 6286.82 6211.40 6136.00 6060.97 5986.61 5913.17 5840.85 5769.82 5700.22 5632.17 5565.76 5501.05 5438.11 5376.98 5317.68 5260.25 5204.69 5151.01 5099.21 5049.28 5001.22 4955.02 4910.65 4868.10 4827.36 4788.40 4751.20 4715.75 4682.01 4649.98 4619.63 4590.93 4563.88 4538.46 4514.64 4492.42 4471.78 4452.70 4435.18 4419.20 4404.76 4391.84 4380.45 4370.58 4362.22 4355.36 4350.01 4346.15 4343.79 4342.90 4343.48 4345.52 4349.03 4354.01 4360.53 4368.34 4377.25 3899.01 3909.41 3430.43 2949.56 1971.82 0.00 0.00 0.00 0.00 
0.00 0.00 0.00 0.00 0.00 3168.11 4734.34 5498.53 5469.32 6217.06 6177.52 6132.52 6467.43 6414.09 6356.37 6294.74 6229.80 6162.23 6092.69 6021.80 5950.10 5878.08 5806.13 5734.60 5663.77 5593.87 5525.09 5457.58 5391.48 5326.88 5263.87 5202.50 5142.84 5084.91 5028.74 4974.35 4921.75 4870.94 4821.91 4774.68 4729.21 4685.50 4643.54 4603.31 4564.78 4527.95 4492.78 4459.27 4427.38 4397.10 4368.41 4341.29 4315.73 4291.70 4269.19 4248.18 4228.67 4210.64 4194.07 4178.97 4165.32 4153.11 4142.35 4133.01 4125.10 4118.62 4113.56 4109.91 4107.66 4106.80 4107.32 4109.20 4112.41 4116.95 3879.60 3886.68 3894.58 3414.98 3423.83 2942.81 1967.48 492.34 0.00 0.00 0.00 0.00 
0.00 0.00 0.00 0.00 0.00 1582.32 3161.85 4723.57 4700.98 5454.84 5421.47 6155.35 6108.73 6058.42 6003.77 5945.09 5883.04 5818.36 5751.76 5683.90 5615.34 5546.55 5477.92 5409.77 5342.36 5275.91 5210.60 5146.55 5083.89 5022.70 4963.05 4904.99 4848.57 4793.82 4740.75 4689.38 4639.72 4591.76 4545.51 4500.94 4458.06 4416.85 4377.29 4339.36 4303.05 4268.33 4235.19 4203.61 4173.57 4145.04 4118.01 4092.46 4068.38 4045.74 4024.54 4004.75 3986.37 3969.38 3953.77 3939.54 3926.68 3915.18 3905.03 3896.23 3888.78 3882.67 3877.90 3874.46 3872.34 3871.52 3871.99 3873.71 3876.66 3880.81 3886.20 3405.27 3411.86 2930.70 2937.58 1963.74 982.78 0.00 0.00 0.00 0.00 0.00 
0.00 0.00 0.00 0.00 0.00 0.00 789.34 3153.24 3928.50 4689.95 4664.18 4632.49 5363.18 5320.40 5272.53 5220.53 5165.29 5107.61 5048.24 4987.79 4926.80 4865.69 4804.81 4744.45 4684.82 4626.11 4568.45 4511.97 4456.76 4402.88 4350.39 4299.33 4249.74 4201.63 4155.02 4109.93 4066.34 4024.26 3983.69 3944.61 3907.01 3870.88 3836.21 3802.97 3771.15 3740.73 3711.70 3684.04 3657.72 3632.74 3609.06 3586.69 3565.60 3545.77 3527.20 3509.87 3493.77 3478.89 3465.22 3452.75 3441.48 3431.40 3422.51 3414.81 3408.28 3402.93 3398.75 3395.74 3393.88 3393.17 3393.57 3395.05 3397.54 3400.97 2918.73 2923.44 2928.35 2445.21 1959.25 0.00 0.00 0.00 0.00 0.00 0.00 0.00 
0.00 0.00 0.00 0.00 0.00 0.00 0.00 0.00 1569.92 3132.29 3121.31 3875.48 3847.44 3816.19 3781.33 3743.36 3702.98 3660.82 3617.48 3573.43 3529.08 3484.72 3440.61 3396.94 3353.87 3311.51 3269.96 3229.30 3189.58 3150.85 3113.15 3076.50 3040.91 3006.41 2972.99 2940.67 2909.45 2879.31 2850.26 2822.28 2795.37 2769.51 2744.70 2720.93 2698.17 2676.41 2655.65 2635.87 2617.05 2599.19 2582.26 2566.26 2551.18 2537.01 2523.73 2511.34 2499.83 2489.19 2479.41 2470.50 2462.44 2455.23 2448.87 2443.36 2438.69 2434.87 2431.88 2429.73 2428.41 2427.91 2428.21 2429.28 2431.07 2433.50 2436.51 1952.10 1953.75 977.52 0.00 0.00 0.00 0.00 0.00 0.00 0.00 0.00 
0.00 0.00 0.00 0.00 0.00 0.00 0.00 0.00 0.00 0.00 0.00 0.00 762.69 758.57 752.58 745.55 737.85 729.71 721.28 712.67 703.97 695.25 686.55 677.92 669.40 661.01 652.77 644.69 636.80 629.10 621.59 614.30 607.21 600.33 593.67 587.23 581.00 574.99 569.19 563.60 558.23 553.07 548.11 543.37 538.82 534.47 530.33 526.37 522.61 519.04 515.66 512.46 509.45 506.62 503.96 501.49 499.19 497.06 495.11 493.33 491.72 490.28 489.01 487.91 486.97 486.21 485.61 485.18 484.91 484.80 484.84 485.01 485.28 485.56 0.00 0.00 0.00 0.00 0.00 0.00 0.00 0.00 0.00 0.00 0.00 0.00 
0.00 0.00 0.00 0.00 0.00 0.00 0.00 0.00 0.00 0.00 0.00 0.00 0.00 0.00 0.00 0.00 0.00 0.00 0.00 0.00 0.00 0.00 0.00 0.00 0.00 0.00 0.00 0.00 0.00 0.00 0.00 0.00 0.00 0.00 0.00 0.00 0.00 0.00 0.00 0.00 0.00 0.00 0.00 0.00 0.00 0.00 0.00 0.00 0.00 0.00 0.00 0.00 0.00 0.00 0.00 0.00 0.00 0.00 0.00 0.00 0.00 0.00 0.00 0.00 0.00 0.00 0.00 0.00 0.00 0.00 0.00 0.00 0.00 0.00 0.00 0.00 0.00 0.00 0.00 0.00 0.00 0.00 0.00 0.00 0.00 0.00 
0.00 0.00 0.00 0.00 0.00 0.00 0.00 0.00 0.00 0.00 0.00 0.00 0.00 0.00 0.00 0.00 0.00 0.00 0.00 0.00 0.00 0.00 0.00 0.00 0.00 0.00 0.00 0.00 0.00 0.00 0.00 0.00 0.00 0.00 0.00 0.00 0.00 0.00 0.00 0.00 0.00 0.00 0.00 0.00 0.00 0.00 0.00 0.00 0.00 0.00 0.00 0.00 0.00 0.00 0.00 0.00 0.00 0.00 0.00 0.00 0.00 0.00 0.00 0.00 0.00 0.00 0.00 0.00 0.00 0.00 0.00 0.00 0.00 0.00 0.00 0.00 0.00 0.00 0.00 0.00 0.00 0.00 0.00 0.00 0.00 0.00 
0.00 0.00 0.00 0.00 0.00 0.00 0.00 0.00 0.00 0.00 0.00 0.00 0.00 0.00 0.00 0.00 0.00 0.00 0.00 0.00 0.00 0.00 0.00 0.00 0.00 0.00 0.00 0.00 0.00 0.00 0.00 0.00 0.00 0.00 0.00 0.00 0.00 0.00 0.00 0.00 0.00 0.00 0.00 0.00 0.00 0.00 0.00 0.00 0.00 0.00 0.00 0.00 0.00 0.00 0.00 0.00 0.00 0.00 0.00 0.00 0.00 0.00 0.00 0.00 0.00 0.00 0.00 0.00 0.00 0.00 0.00 0.00 0.00 0.00 0.00 0.00 0.00 0.00 0.00 0.00 0.00 0.00 0.00 0.00 0.00 0.00 
