0.00 0.00 0.00 0.00 0.00 0.00 0.00 0.00 0.00 0.00 0.00 0.00 0.00 0.00 0.00 0.00 0.00 0.00 0.00 0.00 0.00 0.00 0.00 0.00 0.00 0.00 0.00 0.00 0.00 0.00 0.00 0.00 0.00 0.00 0.00 0.00 0.00 0.00 0.00 0.00 0.00 0.00 0.00 0.00 0.00 0.00 0.00 0.00 0.00 0.00 0.00 0.00 0.00 0.00 0.00 0.00 0.00 0.00 0.00 0.00 0.00 0.00 0.00 0.00 0.00 0.00 0.00 0.00 0.00 0.00 0.00 0.00 0.00 0.00 0.00 0.00 0.00 0.00 0.00 0.00 0.00 0.00 0.00 0.00 0.00 0.00 
0.00 0.00 0.00 0.00 0.00 0.00 0.00 0.00 0.00 0.00 0.00 0.00 0.00 0.00 0.00 0.00 0.00 0.00 0.00 0.00 0.00 0.00 0.00 0.00 0.00 0.00 0.00 0.00 0.00 0.00 0.00 0.00 0.00 0.00 0.00 0.00 0.00 0.00 0.00 0.00 0.00 0.00 0.00 0.00 0.00 0.00 0.00 0.00 0.00 0.00 0.00 0.00 0.00 0.00 0.00 0.00 0.00 0.00 0.00 0.00 0.00 0.00 0.00 0.00 0.00 0.00 0.00 0.00 0.00 0.00 0.00 0.00 0.00 0.00 0.00 0.00 0.00 0.00 0.00 0.00 0.00 0.00 0.00 0.00 0.00 0.00 
0.00 0.00 0.00 0.00 0.00 0.00 0.00 0.00 0.00 0.00 0.00 0.00 0.00 0.00 0.00 0.00 0.00 0.00 0.00 0.00 0.00 0.00 0.00 0.00 0.00 0.00 0.00 0.00 0.00 0.00 0.00 0.00 0.00 0.00 0.00 0.00 0.00 0.00 0.00 0.00 0.00 0.00 0.00 0.00 0.00 0.00 0.00 0.00 0.00 0.00 0.00 0.00 0.00 0.00 0.00 0.00 0.00 0.00 0.00 0.00 0.00 0.00 0.00 0.00 0.00 0.00 0.00 0.00 0.00 0.00 0.00 0.00 0.00 0.00 0.00 0.00 0.00 0.00 0.00 0.00 0.00 0.00 0.00 0.00 0.00 0.00 
0.00 0.00 0.00 0.00 0.00 0.00 0.00 0.00 1616.46 3221.13 3205.91 3972.96 3938.61 3898.03 3853.52 3806.51 3757.97 3708.62 3659.00 3609.50 3560.43 3511.98 3464.34 3417.62 3371.90 3327.27 3283.77 3241.43 3200.29 3160.35 3121.63 3084.13 3047.85 3012.79 2978.94 2946.28 2914.81 2884.51 2855.37 2827.36 2800.47 2774.69 2749.98 2726.34 2703.74 2682.17 2661.60 2642.02 2623.42 2605.76 2589.05 2573.25 2558.37 2544.38 2531.27 2519.04 2507.66 2497.14 2487.46 2478.62 2470.60 2463.42 2457.05 2451.51 2446.78 2442.87 2439.77 2437.48 2436.00 2435.31 2435.40 2436.23 2437.74 2439.79 2442.08 1956.08 1957.38 979.20 0.00 0.00 0.00 0.00 0.00 0.00 0.00 0.00 
0.00 0.00 0.00 0.00 0.00 0.00 0.00 3252.12 4046.70 4822.97 4789.16 4748.62 4704.28 4655.56 4603.28 4548.37 4491.68 4433.94 4375.74 4317.53 4259.68 4202.46 4146.06 4090.67 4036.40 3983.34 3931.57 3881.14 3832.08 3784.43 3738.21 3693.42 3650.06 3608.14 3567.65 3528.58 3490.91 3454.63 3419.73 3386.18 3353.96 3323.06 3293.45 3265.11 3238.02 3212.15 3187.49 3164.01 3141.70 3120.52 3100.47 3081.53 3063.68 3046.90 3031.18 3016.51 3002.86 2990.25 2978.64 2968.04 2958.43 2949.82 2942.19 2935.55 2929.88 2925.19 2921.47 2918.73 2916.94 2916.10 2916.20 2917.19 2919.05 2921.69 2925.03 2929.07 2933.45 2449.01 1962.00 0.00 0.00 0.00 0.00 0.00 0.00 0.00 
0.00 0.00 0.00 0.00 0.00 1636.05 3266.89 4872.19 4842.07 5608.56 5565.22 6306.43 6248.45 6184.65 6116.38 6044.73 5970.72 5895.22 5818.98 5742.58 5666.52 5591.15 5516.77 5443.61 5371.85 5301.62 5233.04 5166.18 5101.11 5037.87 4976.49 4916.98 4859.36 4803.62 4749.77 4697.79 4647.67 4599.39 4552.92 4508.25 4465.35 4424.19 4384.75 4346.99 4310.89 4276.43 4243.56 4212.27 4182.53 4154.31 4127.59 4102.35 4078.55 4056.19 4035.24 4015.68 3997.50 3980.68 3965.22 3951.09 3938.29 3926.82 3916.66 3907.80 3900.26 3894.01 3889.05 3885.39 3883.00 3881.87 3881.99 3883.32 3885.82 3889.42 3894.00 3411.40 3417.39 2934.89 2941.29 1965.80 983.65 0.00 0.00 0.00 0.00 0.00 
0.00 0.00 0.00 0.00 0.00 3276.06 4889.65 5670.72 5632.33 6390.78 6339.53 6282.03 6612.17 6545.38 6474.11 6399.46 6322.38 6243.72 6164.19 6084.38 6004.79 5925.80 5847.73 5770.84 5695.33 5621.36 5549.05 5478.49 5409.77 5342.94 5278.03 5215.07 5154.08 5095.07 5038.02 4982.94 4929.81 4878.62 4829.35 4781.96 4736.45 4692.77 4650.91 4610.84 4572.52 4535.93 4501.03 4467.81 4436.23 4406.26 4377.88 4351.07 4325.80 4302.05 4279.80 4259.03 4239.73 4221.87 4205.45 4190.45 4176.87 4164.68 4153.90 4144.50 4136.49 4129.86 4124.60 4120.71 4118.18 4116.99 4117.13 4118.58 4121.30 4125.27 3886.78 3893.16 3900.41 3419.46 3427.75 2945.64 1968.99 492.63 0.00 0.00 0.00 0.00 
0.00 0.00 0.00 0.00 3285.33 4907.28 5692.90 6466.35 6421.30 7172.62 7114.79 7050.98 6982.42 6910.75 6835.57 6757.33 6676.75 6594.58 6511.47 6428.02 6344.72 6261.96 6180.09 6099.38 6020.04 5942.25 5866.16 5791.86 5719.45 5648.99 5580.53 5514.10 5449.72 5387.41 5327.15 5268.96 5212.82 5158.71 5106.62 5056.51 5008.38 4962.19 4917.91 4875.51 4834.96 4796.24 4759.32 4724.16 4690.74 4659.02 4628.99 4600.61 4573.86 4548.72 4525.17 4503.19 4482.76 4463.86 4446.49 4430.61 4416.24 4403.35 4391.94 4382.00 4373.53 4366.52 4360.96 4356.84 4354.17 4352.93 4353.11 4354.69 4357.68 4362.08 4367.94 4375.06 4383.30 3903.69 3913.47 3433.36 2951.51 1972.74 0.00 0.00 0.00 0.00 
0.00 0.00 0.00 1644.96 4104.57 4898.83 5680.44 6450.89 7210.11 7153.79 7093.13 7818.54 7745.23 7666.50 7583.45 7497.00 7408.02 7317.32 7225.59 7133.47 7041.48 6950.06 6859.58 6770.33 6682.56 6596.47 6512.22 6429.93 6349.71 6271.62 6195.73 6122.06 6050.66 5981.53 5914.68 5850.11 5787.80 5727.74 5669.91 5614.29 5560.84 5509.55 5460.38 5413.29 5368.27 5325.26 5284.25 5245.19 5208.07 5172.83 5139.47 5107.95 5078.24 5050.31 5024.15 4999.73 4977.04 4956.05 4936.74 4919.11 4903.15 4888.83 4876.16 4865.13 4855.72 4847.93 4841.76 4837.20 4834.24 4832.88 4833.10 4834.88 4838.21 4843.04 4849.32 4368.97 4377.86 4388.01 3909.29 3430.08 2949.52 2466.12 988.17 0.00 0.00 0.00 
0.00 0.00 0.00 3292.48 4919.42 5707.92 6484.07 7248.60 7195.20 7938.97 7873.90 7802.32 7727.30 7648.24 7565.51 7479.73 7391.61 7301.86 7211.11 7119.93 7028.83 6938.23 6848.48 6759.90 6672.72 6587.14 6503.35 6421.46 6341.58 6263.79 6188.16 6114.73 6043.52 5974.56 5907.86 5843.41 5781.21 5721.25 5663.50 5607.94 5554.56 5503.31 5454.18 5407.13 5362.13 5319.15 5278.16 5239.12 5202.01 5166.80 5133.45 5101.93 5072.23 5044.32 5018.16 4993.76 4971.07 4950.09 4930.79 4913.17 4897.22 4882.91 4870.25 4859.22 4849.82 4842.04 4835.88 4831.34 4828.40 4827.06 4827.31 4829.16 4832.58 4837.58 4844.16 4852.38 4861.86 4383.82 4395.61 3917.96 3439.11 2957.81 1977.89 0.00 0.00 0.00 
0.00 0.00 0.00 3293.70 4914.91 5700.38 6474.74 7237.99 7182.85 7926.40 7860.25 7788.87 7713.31 7634.07 7551.54 7466.24 7378.76 7289.72 7199.71 7109.26 7018.84 6928.88 6839.72 6751.65 6664.94 6579.78 6496.35 6414.78 6335.18 6257.64 6182.21 6108.96 6037.92 5969.09 5902.51 5838.16 5776.05 5716.16 5658.47 5602.97 5549.63 5498.43 5449.33 5402.31 5357.34 5314.38 5273.40 5234.38 5197.28 5162.08 5128.74 5097.23 5067.54 5039.63 5013.49 4989.09 4966.41 4945.43 4926.14 4908.53 4892.58 4878.29 4865.63 4854.61 4845.22 4837.45 4831.30 4826.76 4823.84 4822.52 4822.82 4824.72 4828.23 4833.35 4840.10 4848.43 4858.25 4380.41 4392.73 3915.51 3437.21 2956.93 1979.04 0.00 0.00 0.00 
0.00 0.00 0.00 4115.56 4911.94 6512.29 6468.19 7230.58 7981.03 7918.33 7851.12 7779.26 7703.17 7623.82 7541.49 7456.56 7369.55 7281.03 7191.54 7101.61 7011.69 6922.18 6833.43 6745.75 6659.37 6574.51 6491.34 6410.00 6330.60 6253.23 6177.97 6104.85 6033.92 5965.20 5898.70 5834.42 5772.38 5712.54 5654.90 5599.44 5546.14 5494.96 5445.89 5398.89 5353.93 5310.99 5270.03 5231.02 5193.93 5158.73 5125.40 5093.90 5064.21 5036.31 5010.17 4985.77 4963.10 4942.13 4922.85 4905.24 4889.30 4875.00 4862.35 4851.34 4841.95 4834.19 4828.04 4823.52 4820.61 4819.31 4819.63 4821.57 4825.15 4830.37 4837.27 4845.74 4855.76 4867.28 4390.72 3913.80 3927.39 2956.34 2473.27 0.00 0.00 0.00 
0.00 0.00 0.00 4115.23 4910.27 6509.30 6871.42 7226.61 7976.53 7913.70 7846.10 7773.74 8085.02 8003.18 7917.47 7828.66 7737.47 7644.61 7550.70 7456.31 7361.92 7267.97 7174.81 7082.77 6992.10 6903.03 6815.73 6730.34 6646.99 6565.78 6486.76 6410.00 6335.54 6263.39 6193.58 6126.10 6060.96 5998.13 5937.62 5879.39 5823.42 5769.69 5718.17 5668.82 5621.62 5576.53 5533.52 5492.57 5453.62 5416.67 5381.67 5348.59 5317.42 5288.13 5260.68 5235.06 5211.26 5189.24 5168.99 5150.51 5133.76 5118.76 5105.48 5093.91 5084.06 5075.91 5069.46 5064.71 5061.65 5060.29 5060.62 5062.65 5066.36 5071.78 4835.70 4844.28 4854.39 4866.01 4389.60 3912.82 3926.64 3448.22 2473.35 0.00 0.00 0.00 
0.00 0.00 0.00 4115.10 4910.09 6509.02 6871.07 7226.17 7975.97 7913.06 7845.37 7772.94 8084.16 8002.28 7916.56 7827.75 7736.58 7643.75 7549.89 7455.54 7361.20 7267.29 7174.18 7082.18 6991.55 6902.51 6815.24 6729.89 6646.57 6565.37 6486.38 6409.63 6335.19 6263.05 6193.25 6125.78 6060.65 5997.83 5937.33 5879.10 5823.14 5769.42 5717.90 5668.55 5621.35 5576.27 5533.26 5492.30 5453.36 5416.41 5381.41 5348.34 5317.16 5287.87 5260.42 5234.81 5211.00 5188.98 5168.74 5150.25 5133.51 5118.51 5105.22 5093.66 5083.81 5075.66 5069.21 5064.46 5061.41 5060.05 5060.39 5062.42 5066.14 5071.57 4835.50 4844.09 4854.20 4865.83 4389.44 3912.67 3926.49 3448.09 2473.24 0.00 0.00 0.00 
0.00 0.00 0.00 4115.18 4911.39 6511.46 6467.16 7229.23 7979.36 7916.38 7848.92 7776.83 7700.58 7621.12 7538.74 7453.83 7366.89 7278.46 7189.10 7099.30 7009.52 6920.16 6831.55 6743.99 6657.73 6572.97 6489.90 6408.65 6329.33 6252.03 6176.82 6103.75 6032.87 5964.19 5897.72 5833.48 5771.46 5711.65 5654.03 5598.58 5545.29 5494.13 5445.07 5398.08 5353.13 5310.19 5269.23 5230.23 5193.14 5157.95 5124.62 5093.12 5063.44 5035.54 5009.40 4985.01 4962.33 4941.37 4922.09 4904.48 4888.54 4874.25 4861.60 4850.59 4841.20 4833.45 4827.31 4822.79 4819.88 4818.60 4818.93 4820.89 4824.48 4829.73 4836.65 4845.15 4855.19 4866.75 4390.22 3913.36 3926.95 2955.97 2472.95 0.00 0.00 0.00 
0.00 0.00 0.00 3293.17 4913.99 5699.11 6473.03 7235.74 7180.22 7923.10 7856.54 7784.76 7708.91 7629.48 7546.88 7461.61 7374.26 7285.41 7195.61 7105.40 7015.23 6925.51 6836.57 6748.72 6662.21 6577.23 6493.95 6412.53 6333.05 6255.62 6180.30 6107.14 6036.17 5967.41 5900.89 5836.59 5774.52 5714.67 5657.01 5601.54 5548.22 5497.04 5447.96 5400.95 5355.99 5313.04 5272.08 5233.07 5195.97 5160.77 5127.44 5095.94 5066.25 5038.34 5012.20 4987.80 4965.13 4944.15 4924.87 4907.26 4891.32 4877.02 4864.37 4853.35 4843.97 4836.20 4830.06 4825.53 4822.62 4821.32 4821.64 4823.57 4827.11 4832.28 4839.07 4847.45 4857.31 4379.57 4391.91 3914.78 3436.54 2956.32 1978.60 0.00 0.00 0.00 
0.00 0.00 0.00 3291.77 4918.18 5706.18 6481.69 7245.46 7191.47 7934.32 7868.62 7796.44 7720.96 7641.63 7558.81 7473.12 7385.21 7295.75 7205.33 7114.51 7023.76 6933.50 6844.09 6755.80 6668.90 6583.58 6500.01 6418.32 6338.62 6260.99 6185.49 6112.18 6041.08 5972.22 5905.59 5841.21 5779.07 5719.16 5661.45 5605.94 5552.58 5501.37 5452.26 5405.23 5360.25 5317.28 5276.30 5237.28 5200.17 5164.96 5131.62 5100.11 5070.42 5042.51 5016.36 4991.95 4969.27 4948.29 4929.00 4911.39 4895.44 4881.14 4868.48 4857.46 4848.06 4840.29 4834.14 4829.61 4826.68 4825.37 4825.65 4827.54 4831.01 4836.07 4842.72 4851.01 4860.56 4382.65 4394.48 3916.95 3438.21 2957.00 1977.33 0.00 0.00 0.00 
0.00 0.00 0.00 1644.50 4103.23 4896.85 5677.65 6447.15 7205.28 7148.11 7086.60 7810.70 7736.75 7657.66 7574.55 7488.28 7399.63 7309.35 7218.10 7126.47 7034.96 6944.00 6853.95 6765.09 6677.68 6591.91 6507.95 6425.92 6345.92 6268.03 6192.31 6118.80 6047.53 5978.52 5911.77 5847.29 5785.05 5725.06 5667.28 5611.71 5558.31 5507.05 5457.90 5410.84 5365.84 5322.85 5281.85 5242.81 5205.69 5170.47 5137.12 5105.60 5075.89 5047.97 5021.82 4997.41 4974.72 4953.73 4934.43 4916.81 4900.85 4886.54 4873.88 4862.85 4853.45 4845.67 4839.51 4834.96 4832.02 4830.68 4830.94 4832.77 4836.16 4841.07 4847.45 4367.33 4376.30 4386.53 3907.97 3428.93 2948.51 2465.26 987.83 0.00 0.00 0.00 
0.00 0.00 0.00 0.00 3284.01 4904.86 5689.48 6461.79 6415.88 7165.53 7106.54 7041.58 6972.07 6899.98 6824.82 6746.91 6666.83 6585.24 6502.75 6419.92 6337.20 6254.99 6173.63 6093.38 6014.45 5937.04 5861.27 5787.26 5715.11 5644.88 5576.61 5510.35 5446.13 5383.94 5323.80 5265.71 5209.65 5155.61 5103.58 5053.53 5005.44 4959.29 4915.04 4872.67 4832.15 4793.45 4756.54 4721.39 4687.98 4656.28 4626.25 4597.88 4571.14 4546.01 4522.46 4500.49 4480.06 4461.17 4443.80 4427.93 4413.57 4400.68 4389.28 4379.35 4370.89 4363.88 4358.33 4354.23 4351.58 4350.36 4350.57 4352.21 4355.27 4359.77 4365.78 4373.04 4381.40 3902.06 3911.90 3431.99 2950.34 1971.94 0.00 0.00 0.00 0.00 
0.00 0.00 0.00 0.00 0.00 3273.88 4885.99 5665.87 5626.57 6382.93 6330.23 6271.06 6599.25 6532.07 6461.05 6386.99 6310.66 6232.80 6154.07 6075.03 5996.15 5917.82 5840.35 5763.99 5688.96 5615.41 5543.47 5473.25 5404.81 5338.23 5273.55 5210.78 5149.96 5091.09 5034.17 4979.20 4926.16 4875.05 4825.84 4778.52 4733.06 4689.42 4647.60 4607.55 4569.26 4532.69 4497.81 4464.60 4433.04 4403.08 4374.71 4347.91 4322.64 4298.90 4276.66 4255.89 4236.60 4218.75 4202.33 4187.34 4173.76 4161.59 4150.81 4141.43 4133.42 4126.80 4121.55 4117.67 4115.15 4113.98 4114.15 4115.64 4118.44 4122.54 3884.38 3890.96 3898.38 3417.76 3426.13 2944.27 1968.07 492.41 0.00 0.00 0.00 0.00 
0.00 0.00 0.00 0.00 0.00 1634.44 3263.51 4867.37 4836.32 5600.37 5555.32 6292.81 6232.14 6168.30 6100.79 6030.15 5957.22 5882.79 5807.55 5732.09 5656.87 5582.26 5508.56 5436.00 5364.77 5295.01 5226.85 5160.35 5095.59 5032.63 4971.48 4912.18 4854.74 4799.17 4745.45 4693.59 4643.56 4595.37 4548.98 4504.37 4461.52 4420.41 4381.00 4343.28 4307.21 4272.76 4239.92 4208.64 4178.92 4150.71 4124.00 4098.76 4074.97 4052.62 4031.67 4012.12 3993.95 3977.14 3961.68 3947.56 3934.77 3923.30 3913.15 3904.31 3896.77 3890.53 3885.58 3881.93 3879.55 3878.43 3878.57 3879.92 3882.48 3886.21 3891.16 3409.13 3415.31 2933.21 2939.70 1964.76 983.15 0.00 0.00 0.00 0.00 0.00 
0.00 0.00 0.00 0.00 0.00 0.00 814.24 3248.92 4041.40 4814.96 4779.33 4736.31 5470.02 5415.32 5355.93 5293.24 5228.34 5162.10 5095.19 5028.18 4961.47 4895.40 4830.22 4766.13 4703.28 4641.79 4581.74 4523.22 4466.26 4410.91 4357.18 4305.10 4254.68 4205.91 4158.78 4113.30 4069.44 4027.19 3986.53 3947.44 3909.90 3873.89 3839.37 3806.34 3774.75 3744.59 3715.83 3688.45 3662.43 3637.74 3614.35 3592.26 3571.44 3551.87 3533.53 3516.42 3500.51 3485.79 3472.26 3459.89 3448.70 3438.65 3429.76 3422.02 3415.41 3409.95 3405.62 3402.41 3400.33 3399.35 3399.46 3400.61 3402.77 3405.83 2922.52 2926.86 2931.44 2447.45 1960.80 0.00 0.00 0.00 0.00 0.00 0.00 0.00 
0.00 0.00 0.00 0.00 0.00 0.00 0.00 0.00 1613.88 3215.07 3198.57 3961.51 3923.82 3883.33 3839.78 3793.91 3746.51 3698.21 3649.54 3600.89 3552.55 3504.76 3457.69 3411.47 3366.20 3321.95 3278.77 3236.72 3195.83 3156.11 3117.58 3080.24 3044.11 3009.17 2975.42 2942.86 2911.46 2881.23 2852.14 2824.18 2797.33 2771.58 2746.90 2723.29 2700.71 2679.15 2658.60 2639.03 2620.43 2602.79 2586.08 2570.29 2555.41 2541.43 2528.33 2516.10 2504.73 2494.21 2484.53 2475.70 2467.69 2460.51 2454.15 2448.62 2443.89 2439.99 2436.89 2434.61 2433.12 2432.43 2432.52 2433.35 2434.89 2437.05 2439.78 1954.45 1955.90 978.49 0.00 0.00 0.00 0.00 0.00 0.00 0.00 0.00 
0.00 0.00 0.00 0.00 0.00 0.00 0.00 0.00 0.00 0.00 0.00 0.00 776.76 771.59 764.24 755.81 746.80 737.46 727.97 718.42 708.91 699.47 690.16 681.00 672.02 663.23 654.65 646.29 638.14 630.23 622.56 615.11 607.91 600.94 594.20 587.70 581.44 575.40 569.59 564.01 558.64 553.50 548.56 543.84 539.33 535.02 530.91 527.00 523.28 519.76 516.42 513.26 510.28 507.49 504.87 502.42 500.15 498.05 496.11 494.35 492.75 491.31 490.04 488.94 487.99 487.21 486.59 486.13 485.83 485.69 485.69 485.82 486.05 486.29 0.00 0.00 0.00 0.00 0.00 0.00 0.00 0.00 0.00 0.00 0.00 0.00 
0.00 0.00 0.00 0.00 0.00 0.00 0.00 0.00 0.00 0.00 0.00 0.00 0.00 0.00 0.00 0.00 0.00 0.00 0.00 0.00 0.00 0.00 0.00 0.00 0.00 0.00 0.00 0.00 0.00 0.00 0.00 0.00 0.00 0.00 0.00 0.00 0.00 0.00 0.00 0.00 0.00 0.00 0.00 0.00 0.00 0.00 0.00 0.00 0.00 0.00 0.00 0.00 0.00 0.00 0.00 0.00 0.00 0.00 0.00 0.00 0.00 0.00 0.00 0.00 0.00 0.00 0.00 0.00 0.00 0.00 0.00 0.00 0.00 0.00 0.00 0.00 0.00 0.00 0.00 0.00 0.00 0.00 0.00 0.00 0.00 0.00 
0.00 0.00 0.00 0.00 0.00 0.00 0.00 0.00 0.00 0.00 0.00 0.00 0.00 0.00 0.00 0.00 0.00 0.00 0.00 0.00 0.00 0.00 0.00 0.00 0.00 0.00 0.00 0.00 0.00 0.00 0.00 0.00 0.00 0.00 0.00 0.00 0.00 0.00 0.00 0.00 0.00 0.00 0.00 0.00 0.00 0.00 0.00 0.00 0.00 0.00 0.00 0.00 0.00 0.00 0.00 0.00 0.00 0.00 0.00 0.00 0.00 0.00 0.00 0.00 0.00 0.00 0.00 0.00 0.00 0.00 0.00 0.00 0.00 0.00 0.00 0.00 0.00 0.00 0.00 0.00 0.00 0.00 0.00 0.00 0.00 0.00 
0.00 0.00 0.00 0.00 0.00 0.00 0.00 0.00 0.00 0.00 0.00 0.00 0.00 0.00 0.00 0.00 0.00 0.00 0.00 0.00 0.00 0.00 0.00 0.00 0.00 0.00 0.00 0.00 0.00 0.00 0.00 0.00 0.00 0.00 0.00 0.00 0.00 0.00 0.00 0.00 0.00 0.00 0.00 0.00 0.00 0.00 0.00 0.00 0.00 0.00 0.00 0.00 0.00 0.00 0.00 0.00 0.00 0.00 0.00 0.00 0.00 0.00 0.00 0.00 0.00 0.00 0.00 0.00 0.00 0.00 0.00 0.00 0.00 0.00 0.00 0.00 0.00 0.00 0.00 0.00 0.00 0.00 0.00 0.00 0.00 0.00 
