0.00 0.00 0.00 0.00 0.00 0.00 0.00 0.00 0.00 0.00 0.00 0.00 0.00 0.00 0.00 0.00 0.00 0.00 0.00 0.00 0.00 0.00 0.00 0.00 0.00 0.00 0.00 0.00 0.00 0.00 0.00 0.00 0.00 0.00 0.00 0.00 0.00 0.00 0.00 0.00 0.00 0.00 0.00 0.00 0.00 0.00 0.00 0.00 0.00 0.00 0.00 0.00 0.00 0.00 0.00 0.00 0.00 0.00 0.00 0.00 0.00 0.00 0.00 0.00 0.00 0.00 0.00 0.00 0.00 0.00 0.00 0.00 0.00 0.00 0.00 0.00 0.00 0.00 0.00 0.00 0.00 0.00 0.00 0.00 0.00 0.00 
0.00 0.00 0.00 0.00 0.00 0.00 0.00 0.00 0.00 0.00 0.00 0.00 0.00 0.00 0.00 0.00 0.00 0.00 0.00 0.00 0.00 0.00 0.00 0.00 0.00 0.00 0.00 0.00 0.00 0.00 0.00 0.00 0.00 0.00 0.00 0.00 0.00 0.00 0.00 0.00 0.00 0.00 0.00 0.00 0.00 0.00 0.00 0.00 0.00 0.00 0.00 0.00 0.00 0.00 0.00 0.00 0.00 0.00 0.00 0.00 0.00 0.00 0.00 0.00 0.00 0.00 0.00 0.00 0.00 0.00 0.00 0.00 0.00 0.00 0.00 0.00 0.00 0.00 0.00 0.00 0.00 0.00 0.00 0.00 0.00 0.00 
0.00 0.00 0.00 0.00 0.00 0.00 0.00 0.00 0.00 0.00 0.00 0.00 0.00 0.00 0.00 0.00 0.00 0.00 0.00 0.00 0.00 0.00 0.00 0.00 0.00 0.00 0.00 0.00 0.00 0.00 0.00 0.00 0.00 0.00 0.00 0.00 0.00 0.00 0.00 0.00 0.00 0.00 0.00 0.00 0.00 0.00 0.00 0.00 0.00 0.00 0.00 0.00 0.00 0.00 0.00 0.00 0.00 0.00 0.00 0.00 0.00 0.00 0.00 0.00 0.00 0.00 0.00 0.00 0.00 0.00 0.00 0.00 0.00 0.00 0.00 0.00 0.00 0.00 0.00 0.00 0.00 0.00 0.00 0.00 0.00 0.00 
0.00 0.00 0.00 0.00 0.00 0.00 0.00 0.00 1305.99 2612.88 2613.02 3265.21 3264.44 3263.65 3262.95 3262.27 3261.39 3260.07 3258.01 3254.88 3250.39 3244.25 3236.26 3226.28 3214.28 3200.32 3184.53 3167.12 3148.31 3128.36 3107.50 3085.94 3063.90 3041.54 3019.04 2996.51 2974.09 2951.87 2929.94 2908.38 2887.26 2866.63 2846.54 2827.05 2808.18 2789.98 2772.48 2755.70 2739.66 2724.40 2709.92 2696.25 2683.41 2671.41 2660.26 2649.99 2640.59 2632.09 2624.49 2617.81 2612.06 2607.25 2603.38 2600.47 2598.53 2597.56 2597.57 2598.55 2600.50 2603.41 2607.24 2611.94 2617.38 2623.34 2629.30 2109.19 2112.85 1058.16 0.00 0.00 0.00 0.00 0.00 0.00 0.00 0.00 
0.00 0.00 0.00 0.00 0.00 0.00 0.00 2613.07 3264.57 3913.99 3910.92 3908.31 3906.16 3904.34 3902.74 3901.16 3899.34 3896.97 3893.74 3889.29 3883.31 3875.51 3865.65 3853.60 3839.33 3822.87 3804.37 3784.04 3762.11 3738.84 3714.48 3689.29 3663.48 3637.27 3610.84 3584.34 3557.93 3531.71 3505.81 3480.32 3455.32 3430.88 3407.07 3383.94 3361.54 3339.92 3319.12 3299.17 3280.10 3261.94 3244.72 3228.46 3213.17 3198.89 3185.62 3173.38 3162.20 3152.08 3143.04 3135.10 3128.26 3122.54 3117.95 3114.49 3112.19 3111.04 3111.05 3112.21 3114.53 3117.97 3122.50 3128.08 3134.60 3141.96 3150.00 3158.77 3167.50 2648.24 2124.25 0.00 0.00 0.00 0.00 0.00 0.00 0.00 
0.00 0.00 0.00 0.00 0.00 1306.23 2613.10 3915.27 3910.01 4557.37 4552.45 5200.78 5197.08 5193.90 5191.03 5188.17 5184.97 5181.06 5176.01 5169.41 5160.86 5150.02 5136.60 5120.45 5101.50 5079.83 5055.57 5028.98 5000.34 4969.95 4938.13 4905.19 4871.42 4837.08 4802.41 4767.61 4732.88 4698.39 4664.27 4630.66 4597.68 4565.41 4533.95 4503.38 4473.77 4445.17 4417.64 4391.22 4365.97 4341.92 4319.11 4297.56 4277.30 4258.37 4240.79 4224.58 4209.76 4196.35 4184.38 4173.85 4164.80 4157.22 4151.14 4146.57 4143.53 4142.01 4142.01 4143.55 4146.59 4151.13 4157.10 4164.46 4173.09 4182.86 4193.53 3679.54 3690.99 3174.94 3186.20 2133.64 1069.08 0.00 0.00 0.00 0.00 0.00 
0.00 0.00 0.00 0.00 0.00 2613.51 3914.84 4560.71 4553.45 5199.21 5192.86 5187.17 5508.40 5504.11 5500.19 5496.27 5492.00 5486.97 5480.79 5473.03 5463.32 5451.32 5436.78 5419.52 5399.49 5376.74 5351.42 5323.73 5293.96 5262.39 5229.33 5195.08 5159.94 5124.15 5087.98 5051.64 5015.33 4979.23 4943.48 4908.23 4873.61 4839.72 4806.65 4774.50 4743.33 4713.22 4684.22 4656.39 4629.77 4604.42 4580.35 4557.63 4536.26 4516.29 4497.74 4480.64 4465.01 4450.86 4438.23 4427.13 4417.58 4409.60 4403.20 4398.38 4395.18 4393.58 4393.59 4395.21 4398.42 4403.21 4409.53 4417.32 4426.51 4436.98 4186.80 4199.79 4213.52 3700.15 3714.48 3197.46 2141.27 536.50 0.00 0.00 0.00 0.00 
0.00 0.00 0.00 0.00 2614.55 3916.60 4561.49 5205.34 5196.54 5840.87 5833.42 5826.82 5820.89 5815.64 5810.78 5805.93 5800.71 5794.71 5787.53 5778.76 5768.01 5754.95 5739.34 5721.00 5699.88 5676.02 5649.55 5620.69 5589.68 5556.82 5522.41 5486.75 5450.12 5412.81 5375.07 5337.11 5299.15 5261.37 5223.94 5187.01 5150.71 5115.15 5080.44 5046.67 5013.92 4982.27 4951.78 4922.51 4894.51 4867.82 4842.50 4818.58 4796.09 4775.06 4755.53 4737.53 4721.07 4706.18 4692.88 4681.20 4671.15 4662.75 4656.02 4650.96 4647.59 4645.92 4645.95 4647.67 4651.07 4656.14 4662.85 4671.16 4681.05 4692.50 4705.66 4720.20 4735.82 4224.80 4241.65 3727.86 3210.50 2149.86 0.00 0.00 0.00 0.00 
0.00 0.00 0.00 1307.24 3266.82 3912.09 4555.17 5197.60 5840.21 5830.78 5822.26 6467.31 6460.61 6454.56 6448.82 6443.06 6436.87 6429.83 6421.49 6411.42 6399.21 6384.50 6367.02 6346.59 6323.15 6296.74 6267.50 6235.64 6201.46 6165.25 6127.34 6088.05 6047.69 6006.56 5964.94 5923.07 5881.18 5839.47 5798.14 5757.34 5717.21 5677.90 5639.52 5602.17 5565.94 5530.91 5497.16 5464.76 5433.76 5404.22 5376.17 5349.68 5324.77 5301.48 5279.85 5259.91 5241.67 5225.18 5210.46 5197.52 5186.39 5177.09 5169.63 5164.03 5160.31 5158.46 5158.49 5160.41 5164.20 5169.84 5177.31 5186.56 5197.55 5210.18 5224.30 4714.48 4731.07 4749.13 4238.30 3725.59 3209.76 2688.78 1079.35 0.00 0.00 0.00 
0.00 0.00 0.00 2615.59 3917.25 4560.64 5202.30 5843.48 5832.40 6474.79 6465.61 6457.28 6449.89 6443.18 6436.80 6430.40 6423.58 6415.93 6407.02 6396.44 6383.81 6368.78 6351.10 6330.60 6307.22 6280.99 6252.04 6220.57 6186.84 6151.12 6113.74 6074.98 6035.16 5994.56 5953.44 5912.05 5870.61 5829.33 5788.39 5747.95 5708.17 5669.17 5631.07 5593.98 5557.99 5523.19 5489.64 5457.43 5426.60 5397.21 5369.32 5342.96 5318.17 5295.00 5273.47 5253.63 5235.48 5219.07 5204.42 5191.55 5180.48 5171.22 5163.81 5158.25 5154.55 5152.72 5152.76 5154.69 5158.49 5164.14 5171.65 5180.97 5192.09 5204.98 5219.63 5236.21 5254.02 4745.64 4765.73 4255.86 3743.03 3225.48 2161.32 0.00 0.00 0.00 
0.00 0.00 0.00 2616.08 3915.00 4556.97 5197.65 5838.11 5826.21 6468.10 6458.26 6449.48 6441.61 6434.39 6427.51 6420.61 6413.30 6405.18 6395.83 6384.86 6371.89 6356.62 6338.78 6318.22 6294.87 6268.77 6240.03 6208.84 6175.44 6140.10 6103.12 6064.77 6025.37 5985.17 5944.44 5903.42 5862.34 5821.39 5780.75 5740.60 5701.08 5662.33 5624.45 5587.57 5551.77 5517.14 5483.76 5451.69 5421.00 5391.73 5363.95 5337.70 5313.01 5289.93 5268.49 5248.71 5230.64 5214.29 5199.70 5186.87 5175.85 5166.63 5159.25 5153.71 5150.04 5148.22 5148.28 5150.21 5154.02 5159.70 5167.23 5176.62 5187.85 5200.93 5215.84 5232.54 5250.78 4742.64 4763.42 4254.07 3741.77 3225.43 2163.66 0.00 0.00 0.00 
0.00 0.00 0.00 3269.40 3913.45 5207.30 5194.29 5834.36 6474.63 6463.37 6453.21 6444.10 6435.85 6428.25 6421.01 6413.76 6406.10 6397.64 6387.98 6376.73 6363.53 6348.07 6330.11 6309.49 6286.16 6260.15 6231.55 6200.55 6167.38 6132.30 6095.59 6057.53 6018.41 5978.50 5938.05 5897.29 5856.45 5815.74 5775.32 5735.38 5696.04 5657.46 5619.75 5583.01 5547.35 5512.84 5479.57 5447.61 5417.02 5387.84 5360.14 5333.97 5309.35 5286.33 5264.94 5245.22 5227.20 5210.90 5196.34 5183.56 5172.56 5163.37 5156.01 5150.49 5146.83 5145.02 5145.09 5147.03 5150.84 5156.53 5164.08 5173.51 5184.81 5198.02 5213.14 5230.06 5248.67 5269.01 4761.79 4252.95 4274.88 3225.53 2703.96 0.00 0.00 0.00 
0.00 0.00 0.00 3269.22 3912.63 5205.90 5518.81 5832.30 6472.39 6460.90 6450.57 6441.24 6758.03 6750.07 6742.47 6734.86 6726.82 6717.93 6707.78 6695.94 6682.06 6665.79 6646.90 6625.22 6600.69 6573.33 6543.27 6510.68 6475.82 6438.96 6400.39 6360.42 6319.32 6277.40 6234.92 6192.12 6149.24 6106.49 6064.05 6022.11 5980.81 5940.30 5900.71 5862.14 5824.69 5788.47 5753.54 5719.98 5687.85 5657.22 5628.14 5600.66 5574.81 5550.64 5528.19 5507.48 5488.55 5471.44 5456.15 5442.72 5431.17 5421.53 5413.79 5407.99 5404.14 5402.24 5402.30 5404.32 5408.31 5414.26 5422.16 5431.98 5443.71 5457.32 5211.59 5228.65 5247.41 5267.80 4760.81 4252.19 4274.45 3761.24 2704.34 0.00 0.00 0.00 
0.00 0.00 0.00 3269.16 3912.56 5205.80 5518.70 5832.17 6472.25 6460.73 6450.38 6441.03 6757.79 6749.80 6742.18 6734.54 6726.46 6717.55 6707.36 6695.50 6681.58 6665.29 6646.38 6624.68 6600.13 6572.76 6542.69 6510.11 6475.25 6438.39 6399.83 6359.87 6318.79 6276.89 6234.42 6191.64 6148.77 6106.04 6063.62 6021.69 5980.41 5939.91 5900.33 5861.77 5824.34 5788.12 5753.20 5719.65 5687.54 5656.92 5627.84 5600.36 5574.52 5550.36 5527.91 5507.21 5488.28 5471.17 5455.88 5442.46 5430.91 5421.26 5413.53 5407.73 5403.87 5401.97 5402.02 5404.04 5408.03 5413.97 5421.86 5431.69 5443.41 5457.02 5211.29 5228.36 5247.12 5267.52 4760.54 4251.94 4274.19 3761.00 2704.12 0.00 0.00 0.00 
0.00 0.00 0.00 3269.22 3913.23 5207.01 5193.97 5833.98 6474.19 6462.87 6452.65 6443.47 6435.13 6427.46 6420.13 6412.78 6405.03 6396.48 6386.73 6375.39 6362.10 6346.56 6328.53 6307.86 6284.49 6258.44 6229.82 6198.82 6165.66 6130.60 6093.92 6055.90 6016.82 5976.95 5936.55 5895.84 5855.06 5814.39 5774.02 5734.12 5694.83 5656.29 5618.62 5581.92 5546.29 5511.82 5478.58 5446.64 5416.07 5386.93 5359.25 5333.09 5308.49 5285.48 5264.11 5244.41 5226.39 5210.10 5195.55 5182.77 5171.77 5162.59 5155.22 5149.70 5146.03 5144.21 5144.27 5146.19 5149.99 5155.66 5163.20 5172.62 5183.92 5197.13 5212.26 5229.18 5247.81 5268.16 4760.97 4252.19 4274.10 3224.85 2703.34 0.00 0.00 0.00 
0.00 0.00 0.00 2615.83 3914.63 4556.54 5197.13 5837.49 5825.51 6467.27 6457.32 6448.43 6440.42 6433.05 6426.03 6418.97 6411.51 6403.23 6393.73 6382.61 6369.50 6354.09 6336.13 6315.48 6292.06 6265.90 6237.13 6205.94 6172.55 6137.25 6100.31 6062.03 6022.70 5982.58 5941.93 5901.00 5860.00 5819.13 5778.58 5738.51 5699.06 5660.38 5622.57 5585.75 5550.01 5515.43 5482.10 5450.07 5419.42 5390.20 5362.46 5336.23 5311.57 5288.52 5267.10 5247.34 5229.29 5212.95 5198.37 5185.55 5174.53 5165.32 5157.93 5152.39 5148.69 5146.86 5146.90 5148.81 5152.60 5158.25 5165.76 5175.13 5186.36 5199.44 5214.36 5231.08 5249.34 4741.30 4762.07 4252.81 3740.58 3224.31 2162.81 0.00 0.00 0.00 
0.00 0.00 0.00 2615.27 3916.76 4560.04 5201.58 5842.62 5831.44 6473.65 6464.31 6455.81 6448.23 6441.31 6434.72 6428.09 6421.05 6413.18 6404.05 6393.25 6380.41 6365.20 6347.35 6326.72 6303.23 6276.93 6247.94 6216.46 6182.75 6147.09 6109.78 6071.12 6031.41 5990.92 5949.92 5908.65 5867.33 5826.17 5785.35 5745.02 5705.34 5666.44 5628.43 5591.43 5555.52 5520.79 5487.32 5455.17 5424.40 5395.07 5367.22 5340.90 5316.16 5293.02 5271.53 5251.71 5233.59 5217.20 5202.56 5189.70 5178.63 5169.38 5161.96 5156.39 5152.67 5150.81 5150.83 5152.72 5156.48 5162.10 5169.57 5178.87 5189.98 5202.87 5217.56 5234.18 5252.02 4743.78 4763.87 4254.12 3741.42 3223.99 2160.26 0.00 0.00 0.00 
0.00 0.00 0.00 1307.04 3266.29 3911.41 4554.33 5196.58 5838.98 5829.40 5820.69 6465.41 6458.46 6452.13 6446.11 6440.06 6433.58 6426.25 6417.62 6407.26 6394.78 6379.82 6362.12 6341.51 6317.93 6291.43 6262.14 6230.29 6196.15 6160.01 6122.20 6083.04 6042.83 6001.85 5960.39 5918.68 5876.95 5835.40 5794.21 5753.56 5713.57 5674.39 5636.13 5598.88 5562.76 5527.83 5494.17 5461.85 5430.93 5401.45 5373.47 5347.03 5322.18 5298.94 5277.35 5257.44 5239.23 5222.77 5208.06 5195.14 5184.02 5174.72 5167.25 5161.64 5157.89 5156.01 5156.01 5157.87 5161.61 5167.19 5174.61 5183.83 5194.80 5207.44 5221.61 4712.03 4728.67 4746.77 4236.13 3723.61 3207.98 2687.21 1078.72 0.00 0.00 0.00 
0.00 0.00 0.00 0.00 2614.03 3915.78 4560.47 5204.10 5195.18 5839.21 5831.53 5824.63 5818.37 5812.79 5807.58 5802.39 5796.82 5790.47 5782.94 5773.82 5762.75 5749.40 5733.53 5714.98 5693.70 5669.74 5643.23 5614.38 5583.43 5550.67 5516.40 5480.90 5444.46 5407.33 5369.78 5332.01 5294.24 5256.65 5219.40 5182.64 5146.49 5111.08 5076.51 5042.87 5010.24 4978.70 4948.31 4919.14 4891.22 4864.62 4839.37 4815.51 4793.08 4772.11 4752.63 4734.66 4718.24 4703.38 4690.11 4678.45 4668.41 4660.01 4653.27 4648.20 4644.80 4643.09 4643.07 4644.73 4648.07 4653.06 4659.70 4667.95 4677.80 4689.29 4702.54 4717.19 4732.91 4222.20 4239.06 3725.52 3208.42 2148.39 0.00 0.00 0.00 0.00 
0.00 0.00 0.00 0.00 0.00 2612.78 3913.75 4559.38 4552.01 5197.41 5190.80 5184.75 5505.45 5500.75 5496.42 5492.09 5487.41 5481.97 5475.36 5467.20 5457.10 5444.74 5429.88 5412.38 5392.17 5369.31 5343.95 5316.30 5286.62 5255.19 5222.31 5188.26 5153.34 5117.79 5081.85 5045.74 5009.66 4973.77 4938.23 4903.18 4868.74 4835.02 4802.12 4770.11 4739.08 4709.10 4680.22 4652.50 4625.98 4600.71 4576.74 4554.08 4532.79 4512.88 4494.38 4477.33 4461.74 4447.63 4435.03 4423.95 4414.41 4406.43 4400.02 4395.19 4391.96 4390.32 4390.27 4391.82 4394.94 4399.63 4405.84 4413.53 4422.66 4433.15 4183.32 4196.51 4210.39 3697.43 3711.81 3195.13 2139.63 536.09 0.00 0.00 0.00 0.00 
0.00 0.00 0.00 0.00 0.00 1305.75 2612.12 3913.88 3908.55 4555.54 4550.35 5197.98 5193.68 5190.00 5186.66 5183.34 5179.67 5175.26 5169.72 5162.64 5153.63 5142.36 5128.58 5112.14 5093.00 5071.21 5046.94 5020.41 4991.90 4961.69 4930.10 4897.42 4863.92 4829.86 4795.46 4760.94 4726.47 4692.23 4658.35 4624.97 4592.19 4560.12 4528.84 4498.44 4468.98 4440.52 4413.12 4386.83 4361.69 4337.74 4315.02 4293.56 4273.38 4254.52 4237.00 4220.84 4206.07 4192.70 4180.76 4170.26 4161.22 4153.65 4147.57 4142.98 4139.90 4138.34 4138.28 4139.73 4142.66 4147.06 4152.89 4160.07 4168.56 4178.30 4189.40 3676.14 3687.79 3172.26 3183.59 2131.86 1068.20 0.00 0.00 0.00 0.00 0.00 
0.00 0.00 0.00 0.00 0.00 0.00 652.67 2611.80 3263.18 3912.24 3908.91 3905.84 4555.09 4552.60 4550.37 4548.14 4545.61 4542.43 4538.21 4532.58 4525.17 4515.65 4503.78 4489.42 4472.54 4453.20 4431.57 4407.87 4382.36 4355.35 4327.11 4297.92 4268.03 4237.68 4207.07 4176.38 4145.77 4115.40 4085.38 4055.82 4026.82 3998.47 3970.83 3943.99 3917.98 3892.88 3868.72 3845.54 3823.38 3802.28 3782.26 3763.35 3745.58 3728.97 3713.54 3699.31 3686.30 3674.52 3664.00 3654.75 3646.78 3640.11 3634.74 3630.69 3627.97 3626.58 3626.52 3627.78 3630.36 3634.22 3639.31 3645.56 3652.85 3661.00 3146.33 3155.47 3164.41 2645.75 2122.30 0.00 0.00 0.00 0.00 0.00 0.00 0.00 
0.00 0.00 0.00 0.00 0.00 0.00 0.00 0.00 1305.34 2611.59 2611.58 3263.03 3261.60 3260.39 3259.33 3258.27 3257.00 3255.26 3252.77 3249.21 3244.30 3237.79 3229.47 3219.23 3207.05 3192.99 3177.20 3159.86 3141.19 3121.42 3100.77 3079.45 3057.65 3035.55 3013.29 2991.00 2968.80 2946.80 2925.07 2903.70 2882.75 2862.29 2842.35 2823.00 2804.26 2786.17 2768.78 2752.09 2736.15 2720.97 2706.57 2692.97 2680.19 2668.24 2657.15 2646.91 2637.56 2629.09 2621.52 2614.86 2609.13 2604.32 2600.46 2597.54 2595.57 2594.57 2594.52 2595.43 2597.28 2600.06 2603.73 2608.24 2613.50 2619.41 2625.95 2106.75 2110.57 1057.05 0.00 0.00 0.00 0.00 0.00 0.00 0.00 0.00 
0.00 0.00 0.00 0.00 0.00 0.00 0.00 0.00 0.00 0.00 0.00 0.00 650.75 650.54 650.27 649.96 649.61 649.15 648.54 647.73 646.65 645.28 643.58 641.52 639.10 636.34 633.24 629.86 626.22 622.36 618.32 614.15 609.88 605.54 601.16 596.77 592.39 588.05 583.76 579.53 575.38 571.33 567.38 563.54 559.82 556.23 552.78 549.46 546.30 543.28 540.42 537.71 535.17 532.80 530.59 528.56 526.70 525.02 523.51 522.19 521.05 520.09 519.33 518.75 518.36 518.16 518.14 518.32 518.68 519.20 519.89 520.69 521.53 522.23 0.00 0.00 0.00 0.00 0.00 0.00 0.00 0.00 0.00 0.00 0.00 0.00 
0.00 0.00 0.00 0.00 0.00 0.00 0.00 0.00 0.00 0.00 0.00 0.00 0.00 0.00 0.00 0.00 0.00 0.00 0.00 0.00 0.00 0.00 0.00 0.00 0.00 0.00 0.00 0.00 0.00 0.00 0.00 0.00 0.00 0.00 0.00 0.00 0.00 0.00 0.00 0.00 0.00 0.00 0.00 0.00 0.00 0.00 0.00 0.00 0.00 0.00 0.00 0.00 0.00 0.00 0.00 0.00 0.00 0.00 0.00 0.00 0.00 0.00 0.00 0.00 0.00 0.00 0.00 0.00 0.00 0.00 0.00 0.00 0.00 0.00 0.00 0.00 0.00 0.00 0.00 0.00 0.00 0.00 0.00 0.00 0.00 0.00 
0.00 0.00 0.00 0.00 0.00 0.00 0.00 0.00 0.00 0.00 0.00 0.00 0.00 0.00 0.00 0.00 0.00 0.00 0.00 0.00 0.00 0.00 0.00 0.00 0.00 0.00 0.00 0.00 0.00 0.00 0.00 0.00 0.00 0.00 0.00 0.00 0.00 0.00 0.00 0.00 0.00 0.00 0.00 0.00 0.00 0.00 0.00 0.00 0.00 0.00 0.00 0.00 0.00 0.00 0.00 0.00 0.00 0.00 0.00 0.00 0.00 0.00 0.00 0.00 0.00 0.00 0.00 0.00 0.00 0.00 0.00 0.00 0.00 0.00 0.00 0.00 0.00 0.00 0.00 0.00 0.00 0.00 0.00 0.00 0.00 0.00 
0.00 0.00 0.00 0.00 0.00 0.00 0.00 0.00 0.00 0.00 0.00 0.00 0.00 0.00 0.00 0.00 0.00 0.00 0.00 0.00 0.00 0.00 0.00 0.00 0.00 0.00 0.00 0.00 0.00 0.00 0.00 0.00 0.00 0.00 0.00 0.00 0.00 0.00 0.00 0.00 0.00 0.00 0.00 0.00 0.00 0.00 0.00 0.00 0.00 0.00 0.00 0.00 0.00 0.00 0.00 0.00 0.00 0.00 0.00 0.00 0.00 0.00 0.00 0.00 0.00 0.00 0.00 0.00 0.00 0.00 0.00 0.00 0.00 0.00 0.00 0.00 0.00 0.00 0.00 0.00 0.00 0.00 0.00 0.00 0.00 0.00 
