0.00 0.00 0.00 0.00 0.00 0.00 0.00 0.00 0.00 0.00 0.00 0.00 0.00 0.00 0.00 0.00 0.00 0.00 0.00 0.00 0.00 0.00 0.00 0.00 0.00 0.00 0.00 0.00 0.00 0.00 0.00 0.00 0.00 0.00 0.00 0.00 0.00 0.00 0.00 0.00 0.00 0.00 0.00 0.00 0.00 0.00 0.00 0.00 0.00 0.00 0.00 0.00 0.00 0.00 0.00 0.00 0.00 0.00 0.00 0.00 0.00 0.00 0.00 0.00 0.00 0.00 0.00 0.00 0.00 0.00 0.00 0.00 0.00 0.00 0.00 0.00 0.00 0.00 0.00 0.00 0.00 0.00 0.00 0.00 0.00 0.00 
0.00 0.00 0.00 0.00 0.00 0.00 0.00 0.00 0.00 0.00 0.00 0.00 0.00 0.00 0.00 0.00 0.00 0.00 0.00 0.00 0.00 0.00 0.00 0.00 0.00 0.00 0.00 0.00 0.00 0.00 0.00 0.00 0.00 0.00 0.00 0.00 0.00 0.00 0.00 0.00 0.00 0.00 0.00 0.00 0.00 0.00 0.00 0.00 0.00 0.00 0.00 0.00 0.00 0.00 0.00 0.00 0.00 0.00 0.00 0.00 0.00 0.00 0.00 0.00 0.00 0.00 0.00 0.00 0.00 0.00 0.00 0.00 0.00 0.00 0.00 0.00 0.00 0.00 0.00 0.00 0.00 0.00 0.00 0.00 0.00 0.00 
0.00 0.00 0.00 0.00 0.00 0.00 0.00 0.00 0.00 0.00 0.00 0.00 0.00 0.00 0.00 0.00 0.00 0.00 0.00 0.00 0.00 0.00 0.00 0.00 0.00 0.00 0.00 0.00 0.00 0.00 0.00 0.00 0.00 0.00 0.00 0.00 0.00 0.00 0.00 0.00 0.00 0.00 0.00 0.00 0.00 0.00 0.00 0.00 0.00 0.00 0.00 0.00 0.00 0.00 0.00 0.00 0.00 0.00 0.00 0.00 0.00 0.00 0.00 0.00 0.00 0.00 0.00 0.00 0.00 0.00 0.00 0.00 0.00 0.00 0.00 0.00 0.00 0.00 0.00 0.00 0.00 0.00 0.00 0.00 0.00 0.00 
0.00 0.00 0.00 0.00 0.00 0.00 0.00 0.00 1013.95 2025.47 2022.83 2523.20 2518.90 2514.72 2511.10 2508.22 2506.18 2505.03 2504.80 2505.49 2507.12 2509.69 2513.19 2517.63 2522.99 2529.28 2536.49 2544.61 2553.65 2563.60 2574.45 2586.21 2598.86 2612.41 2626.85 2642.18 2658.40 2675.50 2693.47 2712.31 2732.01 2752.57 2773.97 2796.20 2819.24 2843.09 2867.71 2893.08 2919.17 2945.94 2973.36 3001.36 3029.89 3058.88 3088.24 3117.87 3147.64 3177.42 3207.04 3236.29 3264.93 3292.71 3319.30 3344.38 3367.64 3388.75 3407.50 3423.76 3437.53 3448.98 3458.38 3466.06 3472.37 3477.56 3481.54 2788.35 2789.33 1394.56 0.00 0.00 0.00 0.00 0.00 0.00 0.00 0.00 
0.00 0.00 0.00 0.00 0.00 0.00 0.00 2033.97 2536.96 3036.17 3029.38 3022.73 3016.82 3011.62 3007.27 3003.85 3001.45 3000.11 2999.85 3000.70 3002.65 3005.72 3009.91 3015.20 3021.61 3029.12 3037.72 3047.43 3058.22 3070.11 3083.07 3097.11 3112.23 3128.41 3145.67 3163.98 3183.34 3203.76 3225.21 3247.70 3271.21 3295.73 3321.25 3347.76 3375.22 3403.62 3432.93 3463.11 3494.13 3525.94 3558.48 3591.68 3625.48 3659.78 3694.47 3729.43 3764.51 3799.54 3834.31 3868.59 3902.11 3934.57 3965.64 3994.97 4022.23 4047.10 4069.36 4088.90 4105.73 4120.02 4132.05 4142.18 4150.82 4158.36 4165.11 4171.48 4177.43 3486.15 2791.29 0.00 0.00 0.00 0.00 0.00 0.00 0.00 
0.00 0.00 0.00 0.00 0.00 1022.02 2040.97 3050.24 3041.14 3537.72 3528.71 4024.22 4016.32 4009.38 4003.61 3999.11 3995.96 3994.20 3993.89 3995.03 3997.64 4001.72 4007.28 4014.32 4022.83 4032.80 4044.24 4057.14 4071.48 4087.27 4104.49 4123.15 4143.24 4164.75 4187.67 4211.99 4237.72 4264.83 4293.33 4323.19 4354.41 4386.96 4420.82 4455.98 4492.40 4530.05 4568.89 4608.87 4649.94 4692.02 4735.05 4778.92 4823.54 4868.78 4914.49 4960.51 5006.63 5052.62 5098.22 5143.13 5187.00 5229.46 5270.09 5308.48 5344.23 5376.99 5406.49 5432.60 5455.36 5474.95 5491.72 5506.11 5518.61 5529.73 5539.85 4853.54 4862.44 4174.20 4181.79 2791.89 1395.68 0.00 0.00 0.00 0.00 0.00 
0.00 0.00 0.00 0.00 0.00 2046.68 3058.65 3555.63 3543.96 4038.36 4027.53 4017.52 4260.30 4252.83 4246.66 4241.88 4238.55 4236.70 4236.38 4237.60 4240.37 4244.70 4250.58 4258.03 4267.04 4277.59 4289.70 4303.34 4318.52 4335.23 4353.46 4373.21 4394.46 4417.22 4441.47 4467.21 4494.43 4523.12 4553.25 4584.83 4617.83 4652.24 4688.02 4725.16 4763.61 4803.35 4844.32 4886.47 4929.75 4974.06 5019.33 5065.46 5112.33 5159.80 5207.72 5255.90 5304.13 5352.17 5399.75 5446.54 5492.22 5536.41 5578.71 5618.72 5656.07 5690.43 5721.58 5749.39 5773.91 5795.31 5813.94 5830.19 5844.58 5857.59 5522.45 5534.19 5545.48 4859.72 4870.12 4182.06 2792.59 697.97 0.00 0.00 0.00 0.00 
0.00 0.00 0.00 0.00 2054.53 3069.13 3565.93 4060.10 4046.34 4538.82 4526.49 4515.29 4505.47 4497.27 4490.61 4485.50 4481.95 4479.99 4479.64 4480.93 4483.85 4488.42 4494.64 4502.50 4512.00 4523.14 4535.92 4550.32 4566.34 4583.97 4603.21 4624.06 4646.49 4670.51 4696.11 4723.27 4751.99 4782.26 4814.05 4847.36 4882.16 4918.43 4956.15 4995.29 5035.80 5077.65 5120.78 5165.14 5210.65 5257.23 5304.79 5353.23 5402.40 5452.17 5502.36 5552.79 5603.22 5653.41 5703.07 5751.89 5799.51 5845.57 5889.68 5931.44 5970.50 6006.54 6039.35 6068.84 6095.03 6118.13 6138.45 6156.41 6172.54 6187.39 6201.56 6215.11 6228.32 5544.77 5557.40 4872.05 4184.60 2793.69 0.00 0.00 0.00 0.00 
0.00 0.00 0.00 1030.44 2568.46 3068.00 3563.44 4056.59 4548.55 4533.97 4520.82 5013.03 5002.48 4993.46 4986.06 4980.36 4976.40 4974.21 4973.82 4975.24 4978.49 4983.55 4990.45 4999.17 5009.71 5022.07 5036.24 5052.21 5069.98 5089.54 5110.88 5134.00 5158.89 5185.53 5213.92 5244.04 5275.89 5309.45 5344.71 5381.64 5420.22 5460.43 5502.24 5545.60 5590.49 5636.85 5684.62 5733.73 5784.11 5835.66 5888.28 5941.84 5996.21 6051.21 6106.65 6162.33 6218.00 6273.38 6328.16 6381.99 6434.50 6485.29 6533.94 6580.04 6623.21 6663.10 6699.51 6732.32 6761.58 6787.49 6810.40 6830.75 6849.05 6865.82 6881.55 6200.91 6215.71 6230.47 5547.90 4864.39 4179.25 3490.91 1397.00 0.00 0.00 0.00 
0.00 0.00 0.00 2062.82 3080.74 3577.48 4070.49 4561.38 4544.91 5035.22 5021.13 5008.33 4997.36 4988.12 4980.61 4974.85 4970.85 4968.65 4968.25 4969.66 4972.90 4977.95 4984.83 4993.52 5004.03 5016.36 5030.49 5046.42 5064.14 5083.65 5104.94 5127.99 5152.81 5179.38 5207.69 5237.72 5269.48 5302.94 5338.08 5374.89 5413.33 5453.40 5495.04 5538.23 5582.92 5629.06 5676.59 5725.44 5775.53 5826.76 5879.03 5932.20 5986.13 6040.67 6095.61 6150.74 6205.83 6260.59 6314.72 6367.89 6419.75 6469.90 6517.96 6563.55 6606.30 6645.92 6682.20 6715.06 6744.55 6770.86 6794.31 6815.33 6834.42 6852.09 6868.91 6885.40 6901.44 6220.82 6236.71 5554.96 4871.70 4185.73 2795.38 0.00 0.00 0.00 
0.00 0.00 0.00 2064.63 3080.41 3576.01 4068.47 4558.91 4541.85 5031.94 5017.47 5004.55 4993.37 4983.98 4976.37 4970.55 4966.53 4964.31 4963.90 4965.30 4968.52 4973.57 4980.43 4989.11 4999.60 5011.90 5026.00 5041.89 5059.58 5079.04 5100.29 5123.29 5148.06 5174.57 5202.81 5232.78 5264.46 5297.84 5332.89 5369.60 5407.95 5447.89 5489.41 5532.46 5576.99 5622.96 5670.30 5718.94 5768.80 5819.78 5871.76 5924.63 5978.23 6032.40 6086.95 6141.66 6196.29 6250.57 6304.21 6356.88 6408.23 6457.91 6505.53 6550.73 6593.18 6632.61 6668.82 6701.73 6731.41 6758.03 6781.90 6803.45 6823.14 6841.49 6859.01 6876.11 6893.08 6213.14 6230.13 5549.30 4867.26 4183.01 2795.93 0.00 0.00 0.00 
0.00 0.00 0.00 2580.26 3080.44 4085.45 4067.06 4557.16 5046.18 5029.75 5014.99 5001.89 4990.53 4981.02 4973.35 4967.49 4963.45 4961.22 4960.80 4962.20 4965.42 4970.45 4977.31 4985.97 4996.45 5008.73 5022.81 5038.68 5056.34 5075.78 5096.99 5119.96 5144.68 5171.15 5199.35 5229.28 5260.90 5294.22 5329.21 5365.85 5404.12 5443.98 5485.41 5528.35 5572.78 5618.62 5665.83 5714.32 5764.01 5814.81 5866.60 5919.25 5972.61 6026.52 6080.79 6135.19 6189.51 6243.45 6296.74 6349.06 6400.07 6449.41 6496.73 6541.67 6583.93 6623.23 6659.40 6692.36 6722.18 6749.03 6773.21 6795.13 6815.25 6834.10 6852.17 6869.77 6887.23 6904.79 6225.56 5545.22 5561.74 4181.05 3494.07 0.00 0.00 0.00 
0.00 0.00 0.00 2580.54 3080.30 4084.74 4320.50 4556.17 5044.98 5028.48 5013.60 5000.38 5239.66 5229.86 5221.90 5215.80 5211.58 5209.25 5208.81 5210.29 5213.67 5218.96 5226.16 5235.26 5246.26 5259.16 5273.94 5290.61 5309.15 5329.56 5351.83 5375.95 5401.91 5429.71 5459.32 5490.73 5523.94 5558.92 5595.66 5634.13 5674.31 5716.16 5759.66 5804.75 5851.39 5899.52 5949.08 6000.00 6052.17 6105.50 6159.87 6215.15 6271.18 6327.79 6384.77 6441.90 6498.93 6555.59 6611.57 6666.52 6720.11 6771.95 6821.68 6868.91 6913.33 6954.65 6992.68 7027.35 7058.70 7086.93 7112.33 7135.33 7156.38 7176.00 6848.52 6866.44 6884.18 6902.07 6223.13 5543.04 5559.95 4877.73 3493.83 0.00 0.00 0.00 
0.00 0.00 0.00 2580.36 3080.10 4084.51 4320.28 4555.93 5044.73 5028.23 5013.35 5000.12 5239.40 5229.59 5221.63 5215.53 5211.31 5208.99 5208.56 5210.03 5213.42 5218.71 5225.91 5235.01 5246.01 5258.91 5273.69 5290.36 5308.90 5329.31 5351.57 5375.69 5401.65 5429.44 5459.05 5490.46 5523.66 5558.64 5595.37 5633.84 5674.01 5715.85 5759.33 5804.42 5851.05 5899.17 5948.72 5999.62 6051.78 6105.09 6159.45 6214.71 6270.72 6327.31 6384.27 6441.39 6498.40 6555.04 6611.00 6665.94 6719.52 6771.35 6821.07 6868.31 6912.74 6954.07 6992.13 7026.82 7058.21 7086.47 7111.91 7134.94 7156.03 7175.70 6848.26 6866.22 6883.99 6901.91 6223.00 5542.94 5559.87 4877.66 3493.78 0.00 0.00 0.00 
0.00 0.00 0.00 2579.73 3079.84 4084.77 4066.39 4556.44 5045.43 5028.99 5014.22 5001.12 4989.75 4980.23 4972.56 4966.71 4962.67 4960.44 4960.03 4961.44 4964.66 4969.70 4976.56 4985.22 4995.70 5007.98 5022.06 5037.93 5055.58 5075.01 5096.21 5119.18 5143.90 5170.35 5198.54 5228.45 5260.07 5293.37 5328.34 5364.96 5403.21 5443.05 5484.45 5527.37 5571.76 5617.57 5664.74 5713.19 5762.84 5813.60 5865.33 5917.93 5971.24 6025.10 6079.30 6133.65 6187.91 6241.80 6295.05 6347.32 6398.29 6447.61 6494.92 6539.87 6582.15 6621.50 6657.73 6690.77 6720.68 6747.64 6771.94 6793.97 6814.22 6833.20 6851.39 6869.10 6886.67 6904.32 6225.17 5544.92 5561.49 4180.86 3493.92 0.00 0.00 0.00 
0.00 0.00 0.00 2063.89 3079.44 3574.96 4067.36 4557.72 4540.67 5030.68 5016.20 5003.26 4992.06 4982.66 4975.05 4969.23 4965.22 4963.01 4962.61 4964.03 4967.26 4972.31 4979.18 4987.86 4998.35 5010.65 5024.74 5040.63 5058.31 5077.77 5099.00 5121.99 5146.74 5173.23 5201.46 5231.41 5263.07 5296.42 5331.44 5368.12 5406.43 5446.33 5487.81 5530.81 5575.30 5621.21 5668.49 5717.06 5766.85 5817.75 5869.66 5922.44 5975.95 6030.02 6084.47 6139.08 6193.62 6247.81 6301.36 6353.95 6405.25 6454.88 6502.48 6547.70 6590.19 6629.69 6666.00 6699.05 6728.88 6755.68 6779.75 6801.50 6821.40 6839.97 6857.70 6875.00 6892.13 6212.39 6229.50 5548.81 4866.87 4182.70 2795.72 0.00 0.00 0.00 
0.00 0.00 0.00 2061.90 3079.44 3576.05 4068.95 4559.73 4543.27 5033.47 5019.36 5006.51 4995.51 4986.26 4978.74 4972.99 4969.01 4966.82 4966.44 4967.87 4971.12 4976.18 4983.07 4991.77 5002.28 5014.61 5028.73 5044.65 5062.36 5081.86 5103.13 5126.17 5150.96 5177.51 5205.79 5235.80 5267.52 5300.94 5336.04 5372.81 5411.21 5451.21 5492.80 5535.93 5580.54 5626.61 5674.05 5722.81 5772.80 5823.92 5876.07 5929.12 5982.93 6037.33 6092.13 6147.13 6202.07 6256.70 6310.71 6363.77 6415.53 6465.62 6513.65 6559.25 6602.05 6641.77 6678.20 6711.25 6740.96 6767.52 6791.25 6812.57 6831.96 6849.95 6867.07 6883.85 6900.14 6219.80 6235.86 5554.30 4871.18 4185.32 2795.11 0.00 0.00 0.00 
0.00 0.00 0.00 1029.87 2567.05 3066.37 3561.64 4054.65 4546.46 4531.88 4518.69 5010.69 5000.09 4991.04 4983.63 4977.94 4974.01 4971.85 4971.48 4972.93 4976.19 4981.28 4988.19 4996.91 5007.45 5019.81 5033.97 5049.93 5067.69 5087.23 5108.56 5131.65 5156.51 5183.12 5211.47 5241.56 5273.37 5306.88 5342.09 5378.96 5417.48 5457.62 5499.35 5542.64 5587.43 5633.69 5681.35 5730.35 5780.60 5832.01 5884.48 5937.89 5992.08 6046.91 6102.17 6157.67 6213.15 6268.35 6322.95 6376.63 6429.02 6479.72 6528.32 6574.42 6617.64 6657.66 6694.25 6727.31 6756.86 6783.12 6806.39 6827.13 6845.84 6863.03 6879.17 6199.03 6214.16 6229.19 5546.91 4863.64 4178.68 3490.47 1396.83 0.00 0.00 0.00 
0.00 0.00 0.00 0.00 2053.18 3067.18 3563.76 4057.77 4044.04 4536.28 4523.88 4512.59 4502.67 4494.42 4487.77 4482.67 4479.16 4477.24 4476.93 4478.25 4481.20 4485.79 4492.01 4499.88 4509.39 4520.52 4533.29 4547.68 4563.68 4581.30 4600.51 4621.33 4643.73 4667.72 4693.27 4720.39 4749.07 4779.28 4811.01 4844.26 4878.99 4915.18 4952.82 4991.86 5032.27 5074.00 5117.01 5161.23 5206.59 5253.01 5300.41 5348.65 5397.63 5447.19 5497.17 5547.37 5597.58 5647.55 5697.00 5745.62 5793.07 5839.00 5883.03 5924.77 5963.89 6000.06 6033.08 6062.85 6089.39 6112.89 6133.65 6152.08 6168.70 6184.08 6198.79 6212.83 6226.45 5543.37 5556.24 4871.18 4183.94 2793.28 0.00 0.00 0.00 0.00 
0.00 0.00 0.00 0.00 0.00 2044.97 3056.34 3553.18 3541.57 4035.65 4024.70 4014.52 4256.98 4249.46 4243.31 4238.58 4235.30 4233.51 4233.24 4234.50 4237.30 4241.65 4247.55 4255.01 4264.01 4274.56 4286.66 4300.29 4315.45 4332.13 4350.33 4370.05 4391.27 4413.99 4438.20 4463.89 4491.05 4519.67 4549.74 4581.25 4614.17 4648.48 4684.17 4721.20 4759.54 4799.14 4839.97 4881.97 4925.07 4969.20 5014.27 5060.19 5106.83 5154.05 5201.71 5249.63 5297.58 5345.35 5392.66 5439.21 5484.67 5528.68 5570.86 5610.83 5648.22 5682.72 5714.10 5742.24 5767.17 5789.06 5808.20 5825.01 5839.98 5853.63 5519.34 5531.71 5543.49 4858.28 4868.94 4181.21 2792.08 697.85 0.00 0.00 0.00 0.00 
0.00 0.00 0.00 0.00 0.00 1020.89 2038.85 3047.87 3038.81 3534.98 3525.81 4020.68 4012.40 4005.44 3999.74 3995.33 3992.26 3990.59 3990.33 3991.52 3994.17 3998.28 4003.86 4010.90 4019.41 4029.38 4040.81 4053.68 4068.00 4083.76 4100.96 4119.58 4139.63 4161.09 4183.96 4208.23 4233.90 4260.94 4289.37 4319.15 4350.27 4382.72 4416.48 4451.52 4487.81 4525.31 4563.99 4603.80 4644.67 4686.55 4729.35 4772.98 4817.34 4862.29 4907.71 4953.41 4999.20 5044.87 5090.15 5134.74 5178.33 5220.55 5261.01 5299.31 5335.08 5367.97 5397.73 5424.22 5447.46 5467.61 5484.99 5500.01 5513.17 5525.02 5536.19 4851.01 4860.44 4172.82 4180.66 2791.26 1395.39 0.00 0.00 0.00 0.00 0.00 
0.00 0.00 0.00 0.00 0.00 0.00 508.92 2032.51 2534.91 3033.57 3026.58 3019.60 3515.84 3510.04 3505.15 3501.32 3498.64 3497.17 3496.94 3497.99 3500.31 3503.92 3508.82 3515.01 3522.48 3531.24 3541.27 3552.58 3565.16 3579.00 3594.10 3610.46 3628.06 3646.91 3666.99 3688.31 3710.86 3734.62 3759.59 3785.76 3813.12 3841.65 3871.33 3902.16 3934.09 3967.10 4001.16 4036.24 4072.27 4109.21 4146.99 4185.53 4224.74 4264.53 4304.76 4345.28 4385.94 4426.54 4466.84 4506.58 4545.47 4583.16 4619.29 4653.48 4685.34 4714.54 4740.82 4764.02 4784.15 4801.36 4815.96 4828.33 4838.90 4848.08 4161.90 4169.09 4175.56 3484.91 2790.44 0.00 0.00 0.00 0.00 0.00 0.00 0.00 
0.00 0.00 0.00 0.00 0.00 0.00 0.00 0.00 1013.05 2023.57 2020.78 2520.36 2515.54 2511.36 2507.84 2505.07 2503.13 2502.05 2501.88 2502.62 2504.28 2506.87 2510.38 2514.82 2520.18 2526.46 2533.66 2541.77 2550.79 2560.71 2571.54 2583.27 2595.89 2609.40 2623.80 2639.09 2655.26 2672.30 2690.21 2708.99 2728.62 2749.09 2770.41 2792.54 2815.48 2839.20 2863.69 2888.92 2914.86 2941.46 2968.68 2996.48 3024.79 3053.54 3082.64 3112.00 3141.49 3170.97 3200.29 3229.25 3257.62 3285.15 3311.57 3336.55 3359.80 3381.02 3400.00 3416.60 3430.82 3442.77 3452.70 3460.92 3467.77 3473.57 3478.73 2786.67 2787.97 1393.97 0.00 0.00 0.00 0.00 0.00 0.00 0.00 0.00 
0.00 0.00 0.00 0.00 0.00 0.00 0.00 0.00 0.00 0.00 0.00 0.00 501.72 501.24 500.68 500.20 499.85 499.65 499.63 499.78 500.12 500.63 501.33 502.22 503.29 504.54 505.97 507.59 509.39 511.37 513.52 515.86 518.38 521.07 523.94 526.99 530.21 533.61 537.18 540.92 544.83 548.90 553.15 557.55 562.12 566.84 571.71 576.72 581.87 587.15 592.55 598.06 603.67 609.36 615.11 620.91 626.72 632.52 638.28 643.96 649.52 654.90 660.06 664.94 669.50 673.67 677.42 680.75 683.63 686.09 688.16 689.87 691.23 692.13 0.00 0.00 0.00 0.00 0.00 0.00 0.00 0.00 0.00 0.00 0.00 0.00 
0.00 0.00 0.00 0.00 0.00 0.00 0.00 0.00 0.00 0.00 0.00 0.00 0.00 0.00 0.00 0.00 0.00 0.00 0.00 0.00 0.00 0.00 0.00 0.00 0.00 0.00 0.00 0.00 0.00 0.00 0.00 0.00 0.00 0.00 0.00 0.00 0.00 0.00 0.00 0.00 0.00 0.00 0.00 0.00 0.00 0.00 0.00 0.00 0.00 0.00 0.00 0.00 0.00 0.00 0.00 0.00 0.00 0.00 0.00 0.00 0.00 0.00 0.00 0.00 0.00 0.00 0.00 0.00 0.00 0.00 0.00 0.00 0.00 0.00 0.00 0.00 0.00 0.00 0.00 0.00 0.00 0.00 0.00 0.00 0.00 0.00 
0.00 0.00 0.00 0.00 0.00 0.00 0.00 0.00 0.00 0.00 0.00 0.00 0.00 0.00 0.00 0.00 0.00 0.00 0.00 0.00 0.00 0.00 0.00 0.00 0.00 0.00 0.00 0.00 0.00 0.00 0.00 0.00 0.00 0.00 0.00 0.00 0.00 0.00 0.00 0.00 0.00 0.00 0.00 0.00 0.00 0.00 0.00 0.00 0.00 0.00 0.00 0.00 0.00 0.00 0.00 0.00 0.00 0.00 0.00 0.00 0.00 0.00 0.00 0.00 0.00 0.00 0.00 0.00 0.00 0.00 0.00 0.00 0.00 0.00 0.00 0.00 0.00 0.00 0.00 0.00 0.00 0.00 0.00 0.00 0.00 0.00 
0.00 0.00 0.00 0.00 0.00 0.00 0.00 0.00 0.00 0.00 0.00 0.00 0.00 0.00 0.00 0.00 0.00 0.00 0.00 0.00 0.00 0.00 0.00 0.00 0.00 0.00 0.00 0.00 0.00 0.00 0.00 0.00 0.00 0.00 0.00 0.00 0.00 0.00 0.00 0.00 0.00 0.00 0.00 0.00 0.00 0.00 0.00 0.00 0.00 0.00 0.00 0.00 0.00 0.00 0.00 0.00 0.00 0.00 0.00 0.00 0.00 0.00 0.00 0.00 0.00 0.00 0.00 0.00 0.00 0.00 0.00 0.00 0.00 0.00 0.00 0.00 0.00 0.00 0.00 0.00 0.00 0.00 0.00 0.00 0.00 0.00 
