0.00 0.00 0.00 0.00 0.00 0.00 0.00 0.00 0.00 0.00 0.00 0.00 0.00 0.00 0.00 0.00 0.00 0.00 0.00 0.00 0.00 0.00 0.00 0.00 0.00 0.00 0.00 0.00 0.00 0.00 0.00 0.00 0.00 0.00 0.00 0.00 0.00 0.00 0.00 0.00 0.00 0.00 0.00 0.00 0.00 0.00 0.00 0.00 0.00 0.00 0.00 0.00 0.00 0.00 0.00 0.00 0.00 0.00 0.00 0.00 0.00 0.00 0.00 0.00 0.00 0.00 0.00 0.00 0.00 0.00 0.00 0.00 0.00 0.00 0.00 0.00 0.00 0.00 0.00 0.00 0.00 0.00 0.00 0.00 0.00 0.00 
0.00 0.00 0.00 0.00 0.00 0.00 0.00 0.00 0.00 0.00 0.00 0.00 0.00 0.00 0.00 0.00 0.00 0.00 0.00 0.00 0.00 0.00 0.00 0.00 0.00 0.00 0.00 0.00 0.00 0.00 0.00 0.00 0.00 0.00 0.00 0.00 0.00 0.00 0.00 0.00 0.00 0.00 0.00 0.00 0.00 0.00 0.00 0.00 0.00 0.00 0.00 0.00 0.00 0.00 0.00 0.00 0.00 0.00 0.00 0.00 0.00 0.00 0.00 0.00 0.00 0.00 0.00 0.00 0.00 0.00 0.00 0.00 0.00 0.00 0.00 0.00 0.00 0.00 0.00 0.00 0.00 0.00 0.00 0.00 0.00 0.00 
0.00 0.00 0.00 0.00 0.00 0.00 0.00 0.00 0.00 0.00 0.00 0.00 0.00 0.00 0.00 0.00 0.00 0.00 0.00 0.00 0.00 0.00 0.00 0.00 0.00 0.00 0.00 0.00 0.00 0.00 0.00 0.00 0.00 0.00 0.00 0.00 0.00 0.00 0.00 0.00 0.00 0.00 0.00 0.00 0.00 0.00 0.00 0.00 0.00 0.00 0.00 0.00 0.00 0.00 0.00 0.00 0.00 0.00 0.00 0.00 0.00 0.00 0.00 0.00 0.00 0.00 0.00 0.00 0.00 0.00 0.00 0.00 0.00 0.00 0.00 0.00 0.00 0.00 0.00 0.00 0.00 0.00 0.00 0.00 0.00 0.00 
0.00 0.00 0.00 0.00 0.00 0.00 0.00 0.00 1540.23 3075.84 3068.62 3817.42 3798.05 3773.58 3744.98 3712.82 3677.66 3640.11 3600.73 3560.08 3518.62 3476.73 3434.73 3392.87 3351.35 3310.34 3269.95 3230.28 3191.43 3153.44 3116.37 3080.26 3045.13 3011.01 2977.92 2945.86 2914.84 2884.86 2855.93 2828.04 2801.18 2775.36 2750.55 2726.76 2703.97 2682.17 2661.36 2641.52 2622.63 2604.70 2587.70 2571.64 2556.49 2542.26 2528.92 2516.49 2504.94 2494.27 2484.48 2475.57 2467.52 2460.35 2454.04 2448.59 2444.01 2440.29 2437.43 2435.43 2434.29 2433.98 2434.50 2435.79 2437.80 2440.37 2443.16 1957.41 1959.07 980.24 0.00 0.00 0.00 0.00 0.00 0.00 0.00 0.00 
0.00 0.00 0.00 0.00 0.00 0.00 0.00 3089.36 3852.29 4604.80 4585.73 4562.53 4536.21 4505.88 4471.61 4433.64 4392.43 4348.53 4302.54 4255.01 4206.44 4157.29 4107.90 4058.58 4009.56 3961.06 3913.22 3866.18 3820.04 3774.88 3730.77 3687.77 3645.90 3605.22 3565.72 3527.45 3490.40 3454.58 3420.00 3386.65 3354.52 3323.63 3293.94 3265.46 3238.18 3212.08 3187.15 3163.39 3140.77 3119.28 3098.92 3079.68 3061.53 3044.48 3028.50 3013.60 2999.77 2986.99 2975.27 2964.59 2954.95 2946.36 2938.80 2932.28 2926.79 2922.33 2918.90 2916.50 2915.11 2914.72 2915.32 2916.86 2919.30 2922.56 2926.52 2931.21 2936.20 2451.91 1964.75 0.00 0.00 0.00 0.00 0.00 0.00 0.00 
0.00 0.00 0.00 0.00 0.00 1548.38 3095.16 4627.56 4609.79 5355.76 5330.14 6061.66 6026.10 5985.44 5939.95 5889.94 5835.90 5778.47 5718.33 5656.17 5592.59 5528.14 5463.29 5398.44 5333.90 5269.96 5206.81 5144.66 5083.63 5023.86 4965.43 4908.43 4852.91 4798.92 4746.50 4695.66 4646.44 4598.84 4552.87 4508.52 4465.80 4424.69 4385.20 4347.30 4310.99 4276.25 4243.07 4211.42 4181.31 4152.70 4125.59 4099.95 4075.79 4053.08 4031.81 4011.96 3993.54 3976.53 3960.91 3946.70 3933.87 3922.43 3912.36 3903.68 3896.37 3890.43 3885.85 3882.64 3880.77 3880.24 3881.01 3883.05 3886.31 3890.70 3896.08 3414.08 3420.82 2938.64 2945.75 1969.47 985.75 0.00 0.00 0.00 0.00 0.00 
0.00 0.00 0.00 0.00 0.00 3099.03 4634.19 5386.70 5363.29 6103.85 6072.81 6037.52 6377.13 6333.65 6285.46 6232.88 6176.36 6116.48 6053.85 5989.11 5922.86 5855.63 5787.89 5720.05 5652.44 5585.37 5519.05 5453.70 5389.47 5326.50 5264.89 5204.75 5146.13 5089.09 5033.67 4979.92 4927.84 4877.46 4828.78 4781.82 4736.56 4693.00 4651.14 4610.97 4572.47 4535.63 4500.44 4466.88 4434.93 4404.58 4375.82 4348.63 4322.99 4298.89 4276.32 4255.27 4235.72 4217.67 4201.11 4186.02 4172.42 4160.28 4149.60 4140.39 4132.64 4126.33 4121.48 4118.06 4116.08 4115.51 4116.33 4118.52 4122.03 4126.82 3889.14 3896.41 3904.55 3424.06 3433.22 2951.24 1973.41 493.88 0.00 0.00 0.00 0.00 
0.00 0.00 0.00 0.00 3103.37 4642.66 5396.59 6143.91 6115.96 6851.70 6816.19 6776.58 6732.91 6685.77 6634.51 6579.11 6519.86 6457.26 6391.89 6324.35 6255.21 6185.01 6114.22 6043.26 5972.47 5902.16 5832.60 5763.97 5696.48 5630.26 5565.44 5502.11 5440.35 5380.24 5321.81 5265.10 5210.15 5156.98 5105.58 5055.98 5008.18 4962.16 4917.93 4875.47 4834.78 4795.84 4758.63 4723.14 4689.36 4657.27 4626.85 4598.09 4570.98 4545.49 4521.62 4499.36 4478.68 4459.59 4442.08 4426.13 4411.74 4398.90 4387.61 4377.87 4369.67 4363.00 4357.87 4354.26 4352.16 4351.57 4352.47 4354.84 4358.66 4363.95 4370.76 4378.87 4388.12 3909.12 3919.90 3440.09 2958.29 1977.97 0.00 0.00 0.00 0.00 
0.00 0.00 0.00 1552.49 3877.19 4635.20 5385.72 6130.31 6869.14 6834.01 6795.95 7515.71 7468.54 7416.47 7359.62 7298.22 7232.68 7163.52 7091.37 7016.84 6940.57 6863.12 6785.00 6706.65 6628.47 6550.78 6473.87 6397.98 6323.30 6250.01 6178.24 6108.09 6039.68 5973.05 5908.29 5845.42 5784.48 5725.50 5668.50 5613.47 5560.42 5509.36 5460.27 5413.15 5367.98 5324.74 5283.44 5244.04 5206.53 5170.90 5137.13 5105.20 5075.09 5046.79 5020.28 4995.56 4972.60 4951.41 4931.96 4914.25 4898.27 4884.02 4871.48 4860.67 4851.56 4844.16 4838.46 4834.46 4832.14 4831.49 4832.51 4835.16 4839.41 4845.22 4852.52 4373.01 4382.94 4394.19 3915.98 3437.09 2956.58 2472.90 991.24 0.00 0.00 0.00 
0.00 0.00 0.00 3106.80 4647.69 5401.71 6148.68 6889.55 6855.51 7585.61 7544.60 7499.11 7450.39 7397.64 7340.64 7279.44 7214.37 7145.89 7074.53 7000.88 6925.50 6848.92 6771.64 6694.09 6616.64 6539.63 6463.33 6387.98 6313.80 6240.94 6169.55 6099.75 6031.64 5965.29 5900.76 5838.10 5777.35 5718.53 5661.66 5606.76 5553.83 5502.86 5453.86 5406.81 5361.71 5318.54 5277.29 5237.94 5200.48 5164.89 5131.15 5099.25 5069.17 5040.90 5014.42 4989.72 4966.79 4945.61 4926.18 4908.49 4892.53 4878.29 4865.77 4854.97 4845.87 4838.48 4832.79 4828.80 4826.49 4825.87 4826.91 4829.62 4833.97 4839.96 4847.58 4856.91 4867.52 4390.23 4403.19 3926.05 3447.45 2966.06 1984.20 0.00 0.00 0.00 
0.00 0.00 0.00 3107.55 4643.83 5395.36 6140.61 6880.15 6844.48 7573.89 7531.65 7485.77 7436.33 7383.12 7325.96 7264.89 7200.16 7132.16 7061.39 6988.39 6913.68 6837.78 6761.16 6684.22 6607.34 6530.85 6455.03 6380.12 6306.32 6233.81 6162.73 6093.20 6025.33 5959.19 5894.84 5832.35 5771.75 5713.06 5656.31 5601.51 5548.67 5497.78 5448.85 5401.86 5356.81 5313.69 5272.48 5233.17 5195.75 5160.18 5126.47 5094.60 5064.55 5036.30 5009.84 4985.16 4962.24 4941.08 4921.67 4903.99 4888.04 4873.82 4861.31 4850.52 4841.43 4834.05 4828.37 4824.38 4822.09 4821.48 4822.56 4825.32 4829.76 4835.88 4843.68 4853.11 4864.07 4386.99 4400.49 3923.79 3445.72 2965.36 1985.55 0.00 0.00 0.00 
0.00 0.00 0.00 3883.24 4641.22 6164.63 6134.86 6873.59 7606.14 7565.98 7522.88 7476.42 7426.35 7372.80 7315.56 7254.58 7190.08 7122.42 7052.07 6979.52 6905.28 6829.86 6753.68 6677.18 6600.71 6524.59 6449.11 6374.51 6300.98 6228.72 6157.86 6088.53 6020.83 5954.84 5890.64 5828.26 5767.77 5709.17 5652.50 5597.78 5545.00 5494.17 5445.28 5398.34 5353.33 5310.25 5269.07 5229.79 5192.39 5156.85 5123.16 5091.30 5061.26 5033.03 5006.59 4981.92 4959.02 4937.87 4918.47 4900.80 4884.86 4870.65 4858.15 4847.36 4838.28 4830.90 4825.23 4821.25 4818.97 4818.38 4819.48 4822.27 4826.77 4832.99 4840.94 4850.53 4861.71 4874.45 4398.60 3922.23 3937.02 2964.92 2481.41 0.00 0.00 0.00 
0.00 0.00 0.00 3882.92 4639.80 6162.17 6517.86 6870.05 7602.18 7561.69 7518.19 7471.25 7796.20 7740.78 7681.07 7617.21 7549.53 7478.49 7404.60 7328.40 7250.44 7171.22 7091.23 7010.90 6930.61 6850.69 6771.44 6693.11 6615.92 6540.05 6465.66 6392.87 6321.80 6252.52 6185.11 6119.63 6056.11 5994.59 5935.10 5877.64 5822.22 5768.86 5717.53 5668.25 5620.99 5575.75 5532.52 5491.27 5452.00 5414.69 5379.32 5345.87 5314.33 5284.68 5256.92 5231.02 5206.97 5184.76 5164.39 5145.84 5129.11 5114.18 5101.05 5089.73 5080.19 5072.45 5066.49 5062.31 5059.91 5059.29 5060.44 5063.35 5068.03 5074.46 4839.42 4849.12 4860.40 4873.22 4397.54 3921.31 3936.35 3458.06 2481.54 0.00 0.00 0.00 
0.00 0.00 0.00 3882.83 4639.69 6162.00 6517.65 6869.78 7601.84 7561.28 7517.72 7470.72 7795.61 7740.14 7680.39 7616.50 7548.81 7477.77 7403.89 7327.70 7249.76 7170.57 7090.61 7010.30 6930.04 6850.15 6770.93 6692.62 6615.46 6539.61 6465.24 6392.47 6321.41 6252.15 6184.76 6119.29 6055.78 5994.27 5934.79 5877.34 5821.93 5768.57 5717.25 5667.97 5620.72 5575.48 5532.25 5491.01 5451.74 5414.43 5379.06 5345.61 5314.07 5284.43 5256.66 5230.76 5206.72 5184.52 5164.14 5145.59 5128.86 5113.93 5100.81 5089.48 5079.95 5072.20 5066.24 5062.07 5059.67 5059.05 5060.20 5063.12 5067.80 5074.23 4839.21 4848.91 4860.20 4873.03 4397.36 3921.15 3936.19 3457.91 2481.41 0.00 0.00 0.00 
0.00 0.00 0.00 3882.99 4640.87 6164.13 6134.25 6872.78 7605.13 7564.77 7521.47 7474.82 7424.57 7370.87 7313.51 7252.46 7187.92 7120.26 7049.92 6977.42 6903.25 6827.90 6751.81 6675.40 6599.01 6522.98 6447.58 6373.05 6299.60 6227.40 6156.61 6087.33 6019.68 5953.74 5889.58 5827.24 5766.78 5708.22 5651.57 5596.87 5544.11 5493.30 5444.43 5397.51 5352.51 5309.44 5268.27 5228.99 5191.60 5156.07 5122.39 5090.53 5060.50 5032.27 5005.83 4981.17 4958.27 4937.12 4917.72 4900.06 4884.12 4869.91 4857.41 4846.62 4837.55 4830.17 4824.50 4820.52 4818.24 4817.66 4818.77 4821.57 4826.09 4832.33 4840.30 4849.91 4861.11 4873.87 4398.06 3921.73 3936.53 2964.50 2481.04 0.00 0.00 0.00 
0.00 0.00 0.00 3107.20 4643.26 5394.59 6139.58 6878.80 6842.87 7571.85 7529.28 7483.06 7433.31 7379.84 7322.49 7261.29 7196.50 7128.50 7057.78 6984.87 6910.28 6834.51 6758.02 6681.23 6604.50 6528.16 6452.48 6377.69 6304.01 6231.61 6160.64 6091.21 6023.42 5957.35 5893.08 5830.65 5770.10 5711.47 5654.76 5600.00 5547.19 5496.33 5447.43 5400.46 5355.44 5312.33 5271.14 5231.85 5194.43 5158.88 5125.18 5093.32 5063.27 5035.03 5008.57 4983.90 4960.99 4939.84 4920.43 4902.75 4886.81 4872.59 4860.08 4849.29 4840.20 4832.82 4827.14 4823.16 4820.88 4820.28 4821.37 4824.15 4828.61 4834.76 4842.60 4852.08 4863.06 4386.08 4399.59 3922.97 3444.97 2964.68 1985.04 0.00 0.00 0.00 
0.00 0.00 0.00 3106.34 4646.92 5400.66 6147.27 6887.69 6853.26 7582.76 7541.26 7495.24 7446.05 7392.93 7335.65 7274.29 7209.15 7140.68 7069.41 6995.89 6920.69 6844.31 6767.24 6689.90 6612.66 6535.85 6459.75 6384.59 6310.58 6237.88 6166.63 6096.97 6028.97 5962.72 5898.29 5835.72 5775.04 5716.30 5659.49 5604.64 5551.76 5500.84 5451.87 5404.86 5359.78 5316.64 5275.41 5236.08 5198.64 5163.06 5129.33 5097.45 5067.38 5039.12 5012.65 4987.95 4965.03 4943.86 4924.44 4906.75 4890.79 4876.56 4864.05 4853.24 4844.15 4836.76 4831.08 4827.08 4824.78 4824.17 4825.23 4827.96 4832.35 4838.38 4846.07 4855.46 4866.13 4388.97 4401.96 3924.94 3446.44 2965.15 1983.56 0.00 0.00 0.00 
0.00 0.00 0.00 1552.19 3876.36 4634.01 5384.08 6128.11 6866.26 6830.54 6791.83 7510.60 7462.78 7410.19 7352.98 7291.40 7225.80 7156.69 7084.68 7010.36 6934.33 6857.15 6779.31 6701.24 6623.34 6545.93 6469.27 6393.62 6319.17 6246.08 6174.49 6104.52 6036.25 5969.77 5905.12 5842.36 5781.53 5722.63 5665.70 5610.74 5557.76 5506.75 5457.71 5410.62 5365.49 5322.29 5281.01 5241.64 5204.16 5168.55 5134.79 5102.87 5072.78 5044.49 5018.00 4993.28 4970.34 4949.15 4929.71 4912.00 4896.03 4881.78 4869.25 4858.44 4849.34 4841.94 4836.24 4832.24 4829.92 4829.29 4830.32 4833.00 4837.30 4843.18 4850.56 4371.27 4381.28 4392.59 3914.54 3435.81 2955.45 2471.92 990.85 0.00 0.00 0.00 
0.00 0.00 0.00 0.00 3102.56 4641.23 5394.61 6141.26 6112.75 6847.43 6811.05 6770.47 6725.88 6678.09 6626.46 6570.89 6511.63 6449.15 6383.99 6316.73 6247.91 6178.05 6107.61 6036.99 5966.54 5896.56 5827.29 5758.95 5691.72 5625.73 5561.13 5497.99 5436.41 5376.45 5318.16 5261.58 5206.74 5153.66 5102.36 5052.84 5005.10 4959.14 4914.96 4872.55 4831.90 4792.99 4755.82 4720.36 4686.60 4654.53 4624.14 4595.39 4568.29 4542.82 4518.97 4496.71 4476.05 4456.97 4439.46 4423.52 4409.14 4396.31 4385.03 4375.29 4367.09 4360.42 4355.29 4351.68 4349.58 4348.99 4349.90 4352.30 4356.17 4361.55 4368.49 4376.73 4386.09 3907.36 3918.19 3438.58 2956.98 1977.07 0.00 0.00 0.00 0.00 
0.00 0.00 0.00 0.00 0.00 3097.77 4632.10 5383.89 5359.90 6099.16 6067.05 6030.43 6368.41 6324.18 6275.63 6222.95 6166.51 6106.84 6044.53 5980.17 5914.33 5847.53 5780.23 5712.81 5645.61 5578.91 5512.95 5447.93 5384.00 5321.30 5259.94 5200.02 5141.59 5084.73 5029.48 4975.86 4923.91 4873.64 4825.06 4778.19 4733.00 4689.52 4647.72 4607.60 4569.14 4532.34 4497.19 4463.66 4431.74 4401.41 4372.67 4345.50 4319.88 4295.80 4273.24 4252.20 4232.67 4214.63 4198.07 4183.00 4169.40 4157.27 4146.60 4137.39 4129.64 4123.33 4118.48 4115.06 4113.07 4112.49 4113.32 4115.53 4119.09 4123.98 3886.62 3894.08 3902.37 3422.23 3431.45 2949.73 1972.38 493.62 0.00 0.00 0.00 0.00 
0.00 0.00 0.00 0.00 0.00 1547.47 3093.26 4624.75 4606.44 5350.93 5324.09 6052.99 6015.18 5973.81 5928.13 5878.17 5824.36 5767.28 5707.59 5645.92 5582.87 5518.96 5454.63 5390.28 5326.22 5262.71 5199.98 5138.19 5077.51 5018.04 4959.89 4903.13 4847.83 4794.04 4741.79 4691.11 4642.03 4594.55 4548.68 4504.43 4461.79 4420.76 4381.33 4343.49 4307.23 4272.53 4239.39 4207.78 4177.69 4149.11 4122.02 4096.41 4072.27 4049.57 4028.32 4008.49 3990.08 3973.08 3957.48 3943.27 3930.45 3919.02 3908.96 3900.28 3892.97 3887.03 3882.45 3879.23 3877.35 3876.80 3877.56 3879.59 3882.86 3887.36 3893.10 3411.68 3418.60 2936.83 2944.01 1968.32 985.18 0.00 0.00 0.00 0.00 0.00 
0.00 0.00 0.00 0.00 0.00 0.00 772.41 3087.25 3849.20 4600.16 4579.83 4554.76 5281.31 5246.46 5206.71 5162.63 5114.83 5063.96 5010.70 4955.69 4899.50 4842.61 4785.44 4728.33 4671.55 4615.34 4559.87 4505.30 4451.75 4399.32 4348.09 4298.12 4249.47 4202.16 4156.23 4111.71 4068.60 4026.91 3986.65 3947.82 3910.41 3874.42 3839.85 3806.67 3774.88 3744.47 3715.42 3687.72 3661.35 3636.31 3612.57 3590.13 3568.98 3549.10 3530.47 3513.10 3496.97 3482.07 3468.40 3455.95 3444.72 3434.70 3425.89 3418.28 3411.87 3406.67 3402.66 3399.84 3398.20 3397.72 3398.37 3400.13 3402.91 3406.62 2923.88 2928.88 2934.05 2450.22 1963.45 0.00 0.00 0.00 0.00 0.00 0.00 0.00 
0.00 0.00 0.00 0.00 0.00 0.00 0.00 0.00 1538.72 3072.39 3064.34 3810.35 3788.32 3763.24 3734.56 3702.55 3667.69 3630.52 3591.60 3551.43 3510.47 3469.07 3427.55 3386.14 3345.04 3304.40 3264.36 3225.01 3186.43 3148.70 3111.85 3075.94 3040.99 3007.03 2974.08 2942.14 2911.23 2881.35 2852.50 2824.69 2797.90 2772.13 2747.38 2723.63 2700.88 2679.12 2658.33 2638.52 2619.66 2601.74 2584.77 2568.72 2553.59 2539.36 2526.04 2513.62 2502.08 2491.42 2481.65 2472.74 2464.70 2457.53 2451.23 2445.79 2441.20 2437.48 2434.62 2432.61 2431.44 2431.11 2431.60 2432.87 2434.86 2437.51 2440.75 1955.69 1957.49 979.48 0.00 0.00 0.00 0.00 0.00 0.00 0.00 0.00 
0.00 0.00 0.00 0.00 0.00 0.00 0.00 0.00 0.00 0.00 0.00 0.00 751.75 748.36 743.35 737.35 730.68 723.49 715.93 708.09 700.08 691.96 683.79 675.63 667.51 659.48 651.55 643.75 636.09 628.60 621.27 614.13 607.18 600.41 593.85 587.49 581.33 575.37 569.61 564.07 558.72 553.58 548.64 543.90 539.35 535.01 530.86 526.90 523.13 519.55 516.16 512.96 509.93 507.09 504.43 501.95 499.64 497.52 495.56 493.78 492.18 490.75 489.49 488.40 487.48 486.74 486.17 485.76 485.52 485.45 485.52 485.73 486.03 486.33 0.00 0.00 0.00 0.00 0.00 0.00 0.00 0.00 0.00 0.00 0.00 0.00 
0.00 0.00 0.00 0.00 0.00 0.00 0.00 0.00 0.00 0.00 0.00 0.00 0.00 0.00 0.00 0.00 0.00 0.00 0.00 0.00 0.00 0.00 0.00 0.00 0.00 0.00 0.00 0.00 0.00 0.00 0.00 0.00 0.00 0.00 0.00 0.00 0.00 0.00 0.00 0.00 0.00 0.00 0.00 0.00 0.00 0.00 0.00 0.00 0.00 0.00 0.00 0.00 0.00 0.00 0.00 0.00 0.00 0.00 0.00 0.00 0.00 0.00 0.00 0.00 0.00 0.00 0.00 0.00 0.00 0.00 0.00 0.00 0.00 0.00 0.00 0.00 0.00 0.00 0.00 0.00 0.00 0.00 0.00 0.00 0.00 0.00 
0.00 0.00 0.00 0.00 0.00 0.00 0.00 0.00 0.00 0.00 0.00 0.00 0.00 0.00 0.00 0.00 0.00 0.00 0.00 0.00 0.00 0.00 0.00 0.00 0.00 0.00 0.00 0.00 0.00 0.00 0.00 0.00 0.00 0.00 0.00 0.00 0.00 0.00 0.00 0.00 0.00 0.00 0.00 0.00 0.00 0.00 0.00 0.00 0.00 0.00 0.00 0.00 0.00 0.00 0.00 0.00 0.00 0.00 0.00 0.00 0.00 0.00 0.00 0.00 0.00 0.00 0.00 0.00 0.00 0.00 0.00 0.00 0.00 0.00 0.00 0.00 0.00 0.00 0.00 0.00 0.00 0.00 0.00 0.00 0.00 0.00 
0.00 0.00 0.00 0.00 0.00 0.00 0.00 0.00 0.00 0.00 0.00 0.00 0.00 0.00 0.00 0.00 0.00 0.00 0.00 0.00 0.00 0.00 0.00 0.00 0.00 0.00 0.00 0.00 0.00 0.00 0.00 0.00 0.00 0.00 0.00 0.00 0.00 0.00 0.00 0.00 0.00 0.00 0.00 0.00 0.00 0.00 0.00 0.00 0.00 0.00 0.00 0.00 0.00 0.00 0.00 0.00 0.00 0.00 0.00 0.00 0.00 0.00 0.00 0.00 0.00 0.00 0.00 0.00 0.00 0.00 0.00 0.00 0.00 0.00 0.00 0.00 0.00 0.00 0.00 0.00 0.00 0.00 0.00 0.00 0.00 0.00 
