0.00 0.00 0.00 0.00 0.00 0.00 0.00 0.00 0.00 0.00 0.00 0.00 0.00 0.00 0.00 0.00 0.00 0.00 0.00 0.00 0.00 0.00 0.00 0.00 0.00 0.00 0.00 0.00 0.00 0.00 0.00 0.00 0.00 0.00 0.00 0.00 0.00 0.00 0.00 0.00 0.00 0.00 0.00 0.00 0.00 0.00 0.00 0.00 0.00 0.00 0.00 0.00 0.00 0.00 0.00 0.00 0.00 0.00 0.00 0.00 0.00 0.00 0.00 0.00 0.00 0.00 0.00 0.00 0.00 0.00 0.00 0.00 0.00 0.00 0.00 0.00 0.00 0.00 0.00 0.00 0.00 0.00 0.00 0.00 0.00 0.00 
0.00 0.00 0.00 0.00 0.00 0.00 0.00 0.00 0.00 0.00 0.00 0.00 0.00 0.00 0.00 0.00 0.00 0.00 0.00 0.00 0.00 0.00 0.00 0.00 0.00 0.00 0.00 0.00 0.00 0.00 0.00 0.00 0.00 0.00 0.00 0.00 0.00 0.00 0.00 0.00 0.00 0.00 0.00 0.00 0.00 0.00 0.00 0.00 0.00 0.00 0.00 0.00 0.00 0.00 0.00 0.00 0.00 0.00 0.00 0.00 0.00 0.00 0.00 0.00 0.00 0.00 0.00 0.00 0.00 0.00 0.00 0.00 0.00 0.00 0.00 0.00 0.00 0.00 0.00 0.00 0.00 0.00 0.00 0.00 0.00 0.00 
0.00 0.00 0.00 0.00 0.00 0.00 0.00 0.00 0.00 0.00 0.00 0.00 0.00 0.00 0.00 0.00 0.00 0.00 0.00 0.00 0.00 0.00 0.00 0.00 0.00 0.00 0.00 0.00 0.00 0.00 0.00 0.00 0.00 0.00 0.00 0.00 0.00 0.00 0.00 0.00 0.00 0.00 0.00 0.00 0.00 0.00 0.00 0.00 0.00 0.00 0.00 0.00 0.00 0.00 0.00 0.00 0.00 0.00 0.00 0.00 0.00 0.00 0.00 0.00 0.00 0.00 0.00 0.00 0.00 0.00 0.00 0.00 0.00 0.00 0.00 0.00 0.00 0.00 0.00 0.00 0.00 0.00 0.00 0.00 0.00 0.00 
0.00 0.00 0.00 0.00 0.00 0.00 0.00 0.00 1016.25 2032.09 2031.29 2536.89 2535.26 2533.86 2532.94 2532.63 2532.99 2534.02 2535.75 2538.18 2541.31 2545.13 2549.65 2554.87 2560.79 2567.41 2574.72 2582.75 2591.48 2600.93 2611.11 2622.02 2633.67 2646.08 2659.27 2673.24 2688.01 2703.60 2720.03 2737.32 2755.49 2774.57 2794.58 2815.54 2837.48 2860.43 2884.42 2909.47 2935.62 2962.90 2991.33 3020.96 3051.81 3083.91 3117.31 3152.02 3188.08 3225.53 3264.39 3304.70 3346.47 3389.74 3434.52 3480.82 3528.66 3578.04 3628.92 3681.27 3735.02 3790.02 3846.05 3902.70 3959.27 4014.41 4065.28 3297.34 3327.28 1678.41 0.00 0.00 0.00 0.00 0.00 0.00 0.00 0.00 
0.00 0.00 0.00 0.00 0.00 0.00 0.00 2035.11 2541.17 3045.00 3041.41 3038.21 3035.66 3033.75 3032.57 3032.17 3032.57 3033.80 3035.85 3038.75 3042.48 3047.05 3052.46 3058.71 3065.80 3073.72 3082.49 3092.11 3102.58 3113.92 3126.13 3139.22 3153.21 3168.11 3183.93 3200.70 3218.44 3237.16 3256.89 3277.66 3299.48 3322.39 3346.42 3371.59 3397.93 3425.49 3454.29 3484.36 3515.75 3548.49 3582.61 3618.16 3655.17 3693.67 3733.71 3775.33 3818.55 3863.42 3909.96 3958.21 4008.20 4059.95 4113.47 4168.79 4225.88 4284.75 4345.35 4407.62 4471.46 4536.68 4603.03 4670.11 4737.37 4804.06 4869.46 4934.48 4993.52 4216.40 3408.95 0.00 0.00 0.00 0.00 0.00 0.00 0.00 
0.00 0.00 0.00 0.00 0.00 1019.09 2037.49 3050.35 3044.84 3546.93 3541.87 4044.43 4040.82 4038.15 4036.51 4035.93 4036.44 4038.05 4040.78 4044.62 4049.58 4055.65 4062.85 4071.16 4080.59 4091.15 4102.83 4115.65 4129.60 4144.71 4160.99 4178.44 4197.10 4216.97 4238.07 4260.44 4284.10 4309.08 4335.40 4363.10 4392.21 4422.78 4454.83 4488.40 4523.55 4560.30 4598.71 4638.82 4680.68 4724.33 4769.83 4817.22 4866.54 4917.86 4971.21 5026.65 5084.21 5143.96 5205.91 5270.12 5336.62 5405.42 5476.55 5550.01 5625.79 5703.86 5784.15 5866.56 5950.93 6037.00 6124.43 6212.71 6301.13 6388.70 6473.80 5744.71 5819.24 5059.36 5123.03 3469.60 1749.69 0.00 0.00 0.00 0.00 0.00 
0.00 0.00 0.00 0.00 0.00 2039.56 3052.94 3554.36 3547.14 4047.86 4041.69 4036.37 4285.42 4282.39 4280.53 4279.85 4280.34 4282.01 4284.87 4288.93 4294.17 4300.60 4308.22 4317.04 4327.04 4338.24 4350.63 4364.24 4379.06 4395.11 4412.40 4430.94 4450.76 4471.88 4494.32 4518.09 4543.24 4569.79 4597.78 4627.23 4658.18 4690.67 4724.74 4760.43 4797.79 4836.86 4877.68 4920.31 4964.79 5011.17 5059.50 5109.83 5162.22 5216.70 5273.34 5332.18 5393.26 5456.63 5522.32 5590.38 5660.83 5733.70 5808.98 5886.69 5966.80 6049.26 6134.00 6220.90 6309.79 6400.41 6492.43 6585.33 6678.44 6770.72 6462.90 6554.05 6642.08 5897.02 5976.07 5196.16 3514.27 885.45 0.00 0.00 0.00 0.00 
0.00 0.00 0.00 0.00 2042.56 3057.19 3558.10 4057.68 4049.13 4548.66 4541.65 4535.72 4530.97 4527.57 4525.48 4524.67 4525.14 4526.87 4529.87 4534.14 4539.66 4546.45 4554.50 4563.82 4574.39 4586.24 4599.35 4613.75 4629.43 4646.42 4664.72 4684.36 4705.35 4727.71 4751.47 4776.66 4803.30 4831.42 4861.06 4892.26 4925.04 4959.46 4995.55 5033.36 5072.93 5114.30 5157.54 5202.68 5249.78 5298.89 5350.06 5403.34 5458.79 5516.45 5576.38 5638.62 5703.23 5770.24 5839.69 5911.62 5986.06 6063.02 6142.50 6224.51 6309.01 6395.96 6485.28 6576.84 6670.48 6765.98 6863.03 6961.28 7060.38 7160.24 7261.97 7363.82 7463.51 6731.42 6823.17 6058.41 5268.77 3558.28 0.00 0.00 0.00 0.00 
0.00 0.00 0.00 1022.23 2552.59 3054.59 3554.23 4052.88 4551.34 4542.52 4534.88 5035.42 5030.31 5026.58 5024.24 5023.31 5023.79 5025.69 5028.99 5033.71 5039.84 5047.36 5056.30 5066.63 5078.37 5091.52 5106.09 5122.08 5139.50 5158.37 5178.71 5200.53 5223.85 5248.70 5275.10 5303.09 5332.70 5363.95 5396.89 5431.56 5468.00 5506.25 5546.35 5588.37 5632.34 5678.32 5726.36 5776.52 5828.85 5883.41 5940.26 5999.45 6061.03 6125.08 6191.63 6260.75 6332.47 6406.86 6483.95 6563.77 6646.36 6731.72 6819.87 6910.79 7004.46 7100.82 7199.78 7301.21 7404.96 7510.78 7618.38 7727.37 7837.26 7947.35 8056.40 7353.06 7457.00 7561.65 6818.77 6056.57 5270.80 4454.96 1798.88 0.00 0.00 0.00 
0.00 0.00 0.00 2045.62 3061.16 3561.37 4059.56 4556.92 4546.55 5044.66 5036.53 5029.62 5024.23 5020.32 5017.87 5016.86 5017.28 5019.13 5022.40 5027.09 5033.19 5040.69 5049.60 5059.92 5071.65 5084.79 5099.34 5115.32 5132.74 5151.60 5171.94 5193.76 5217.08 5241.93 5268.34 5296.34 5325.95 5357.21 5390.17 5424.85 5461.30 5499.56 5539.68 5581.71 5625.69 5671.68 5719.73 5769.89 5822.22 5876.78 5933.61 5992.79 6054.35 6118.36 6184.86 6253.92 6325.57 6399.86 6476.83 6556.51 6638.93 6724.09 6812.01 6902.65 6996.01 7092.01 7190.57 7291.60 7394.92 7500.35 7607.66 7716.57 7826.75 7937.92 8049.99 8164.22 8275.96 7557.14 7664.03 6916.33 6144.51 5342.84 3607.08 0.00 0.00 0.00 
0.00 0.00 0.00 2046.43 3059.92 3559.08 4056.67 4553.58 4542.69 5040.58 5032.12 5025.07 5019.52 5015.48 5012.92 5011.84 5012.21 5014.02 5017.26 5021.92 5028.00 5035.49 5044.38 5054.69 5066.40 5079.53 5094.07 5110.05 5127.46 5146.32 5166.65 5188.47 5211.79 5236.65 5263.06 5291.06 5320.68 5351.95 5384.92 5419.60 5456.06 5494.33 5534.46 5576.50 5620.49 5666.49 5714.54 5764.71 5817.04 5871.59 5928.41 5987.57 6049.11 6113.08 6179.55 6248.55 6320.14 6394.35 6471.22 6550.78 6633.06 6718.05 6805.77 6896.19 6989.29 7085.00 7183.25 7283.94 7386.94 7492.07 7599.17 7708.02 7818.45 7930.31 8043.47 8157.51 8270.59 7551.84 7660.73 6914.04 6142.36 5343.78 3615.10 0.00 0.00 0.00 
0.00 0.00 0.00 2557.51 3059.14 4066.72 4054.58 4551.24 5047.80 5037.74 5029.10 5021.91 5016.21 5012.06 5009.43 5008.29 5008.63 5010.41 5013.62 5018.26 5024.32 5031.80 5040.68 5050.98 5062.68 5075.80 5090.34 5106.31 5123.71 5142.58 5162.90 5184.72 5208.05 5232.90 5259.32 5287.32 5316.95 5348.23 5381.19 5415.89 5452.35 5490.63 5530.77 5572.81 5616.80 5662.80 5710.86 5761.02 5813.35 5867.90 5924.71 5983.85 6045.37 6109.32 6175.76 6244.72 6316.25 6390.40 6467.19 6546.66 6628.83 6713.69 6801.26 6891.50 6984.40 7079.89 7177.90 7278.33 7381.07 7485.95 7592.84 7701.57 7812.04 7924.26 8038.32 8153.19 8268.21 8383.73 7658.13 6913.51 7013.06 5345.00 4516.31 0.00 0.00 0.00 
0.00 0.00 0.00 2557.50 3058.68 4065.79 4307.66 4549.93 5046.36 5036.20 5027.47 5020.18 5267.02 5262.69 5259.95 5258.76 5259.10 5260.97 5264.34 5269.21 5275.57 5283.41 5292.74 5303.55 5315.83 5329.61 5344.87 5361.64 5379.92 5399.72 5421.06 5443.97 5468.46 5494.56 5522.30 5551.70 5582.81 5615.65 5650.26 5686.69 5724.98 5765.17 5807.31 5851.45 5897.64 5945.94 5996.39 6049.06 6103.99 6161.26 6220.91 6282.99 6347.58 6414.71 6484.45 6556.84 6631.92 6709.75 6790.35 6873.75 6959.97 7049.03 7140.91 7235.60 7333.05 7433.22 7536.01 7641.33 7749.01 7858.88 7970.70 8084.15 8198.83 8314.19 8034.69 8150.23 8265.79 8380.94 7656.17 6912.30 7012.91 6227.46 4517.42 0.00 0.00 0.00 
0.00 0.00 0.00 2557.40 3058.57 4065.66 4307.51 4549.77 5046.19 5036.01 5027.27 5019.98 5266.80 5262.46 5259.71 5258.52 5258.85 5260.71 5264.08 5268.94 5275.30 5283.14 5292.47 5303.27 5315.56 5329.33 5344.59 5361.36 5379.63 5399.43 5420.78 5443.69 5468.18 5494.28 5522.01 5551.42 5582.52 5615.36 5649.97 5686.40 5724.69 5764.88 5807.02 5851.16 5897.35 5945.64 5996.09 6048.76 6103.69 6160.95 6220.59 6282.67 6347.25 6414.37 6484.09 6556.46 6631.53 6709.33 6789.91 6873.28 6959.47 7048.48 7140.31 7234.94 7332.33 7432.43 7535.14 7640.37 7747.97 7857.75 7969.48 8082.86 8197.47 8312.79 8033.27 8148.80 8264.37 8379.54 7654.87 6911.15 7011.81 6226.56 4516.74 0.00 0.00 0.00 
0.00 0.00 0.00 2557.23 3058.81 4066.32 4054.16 4550.76 5047.28 5037.18 5028.51 5021.29 5015.56 5011.38 5008.72 5007.56 5007.87 5009.64 5012.84 5017.47 5023.52 5030.98 5039.86 5050.15 5061.85 5074.96 5089.50 5105.46 5122.87 5141.73 5162.05 5183.87 5207.19 5232.05 5258.47 5286.47 5316.09 5347.37 5380.34 5415.03 5451.49 5489.77 5529.90 5571.94 5615.93 5661.93 5709.97 5760.13 5812.45 5866.98 5923.77 5982.89 6044.38 6108.30 6174.69 6243.61 6315.09 6389.17 6465.88 6545.26 6627.31 6712.05 6799.47 6889.54 6982.25 7077.52 7175.30 7275.48 7377.94 7482.56 7589.19 7697.69 7807.97 7920.06 8034.05 8148.89 8263.94 8379.55 7654.23 6910.05 7009.74 5342.43 4514.32 0.00 0.00 0.00 
0.00 0.00 0.00 2046.05 3059.38 3558.47 4055.97 4552.79 4541.87 5039.66 5031.14 5024.04 5018.43 5014.34 5011.74 5010.61 5010.95 5012.73 5015.95 5020.59 5026.65 5034.12 5043.01 5053.30 5065.01 5078.12 5092.66 5108.63 5126.04 5144.90 5165.23 5187.04 5210.37 5235.22 5261.63 5289.63 5319.25 5350.52 5383.48 5418.17 5454.63 5492.90 5533.02 5575.05 5619.04 5665.02 5713.07 5763.21 5815.53 5870.05 5926.85 5985.96 6047.46 6111.38 6177.78 6246.71 6318.20 6392.30 6469.04 6548.45 6630.54 6715.33 6802.80 6892.94 6985.72 7081.07 7178.93 7279.18 7381.72 7486.40 7593.04 7701.50 7811.60 7923.24 8036.29 8150.31 8263.42 7545.27 7654.21 6908.23 6137.29 5339.48 3612.32 0.00 0.00 0.00 
0.00 0.00 0.00 2045.13 3060.43 3560.52 4058.60 4555.82 4545.40 5043.37 5035.17 5028.17 5022.70 5018.71 5016.19 5015.12 5015.50 5017.31 5020.55 5025.21 5031.29 5038.77 5047.67 5057.97 5069.69 5082.81 5097.36 5113.33 5130.75 5149.61 5169.94 5191.75 5215.07 5239.93 5266.33 5294.33 5323.94 5355.20 5388.16 5422.84 5459.28 5497.54 5537.66 5579.68 5623.65 5669.63 5717.66 5767.80 5820.11 5874.63 5931.42 5990.55 6052.05 6115.98 6182.40 6251.35 6322.87 6397.01 6473.81 6553.27 6635.44 6720.31 6807.89 6898.15 6991.05 7086.55 7184.55 7284.95 7387.61 7492.36 7599.01 7707.31 7817.02 7927.87 8039.83 8154.10 8265.92 7547.91 7654.96 6908.24 6137.47 5336.94 3603.43 0.00 0.00 0.00 
0.00 0.00 0.00 1021.92 2551.80 3053.63 3553.10 4051.58 4549.87 4540.97 4533.23 5033.54 5028.32 5024.49 5022.06 5021.06 5021.48 5023.33 5026.60 5031.28 5037.38 5044.88 5053.79 5064.11 5075.84 5088.98 5103.53 5119.51 5136.93 5155.79 5176.13 5197.94 5221.26 5246.11 5272.51 5300.50 5330.10 5361.36 5394.30 5428.96 5465.40 5503.64 5543.75 5585.75 5629.71 5675.68 5723.70 5773.83 5826.13 5880.65 5937.45 5996.57 6058.09 6122.04 6188.48 6257.47 6329.04 6403.23 6480.10 6559.65 6641.93 6726.93 6814.65 6905.07 6998.17 7093.87 7192.09 7292.71 7395.57 7500.46 7607.13 7715.26 7824.47 7934.14 8043.09 7340.76 7444.88 7549.75 6808.08 6047.20 5262.84 4448.53 1796.60 0.00 0.00 0.00 
0.00 0.00 0.00 0.00 2041.80 3056.02 3556.72 4056.11 4047.51 4546.78 4539.64 4533.56 4528.64 4525.11 4522.92 4522.03 4522.43 4524.11 4527.07 4531.30 4536.79 4543.56 4551.59 4560.88 4571.44 4583.27 4596.37 4610.76 4626.44 4643.42 4661.72 4681.35 4702.34 4724.70 4748.46 4773.64 4800.28 4828.41 4858.05 4889.24 4922.03 4956.44 4992.52 5030.32 5069.88 5111.24 5154.46 5199.57 5246.64 5295.70 5346.82 5400.03 5455.40 5512.96 5572.77 5634.87 5699.30 5766.11 5835.31 5906.95 5981.04 6057.59 6136.60 6218.04 6301.89 6388.09 6476.54 6567.13 6659.69 6754.02 6849.88 6946.99 7045.16 7144.53 7246.34 7348.51 7448.57 6718.16 6810.18 6047.05 5259.17 3552.06 0.00 0.00 0.00 0.00 
0.00 0.00 0.00 0.00 0.00 2038.53 3051.47 3552.69 3545.42 4045.83 4039.50 4033.97 4282.67 4279.49 4277.51 4276.74 4277.16 4278.78 4281.60 4285.62 4290.83 4297.23 4304.83 4313.62 4323.60 4334.79 4347.17 4360.77 4375.58 4391.62 4408.90 4427.45 4447.27 4468.38 4490.82 4514.59 4539.75 4566.30 4594.28 4623.73 4654.68 4687.17 4721.23 4756.92 4794.26 4833.32 4874.12 4916.72 4961.16 5007.49 5055.77 5106.03 5158.33 5212.71 5269.22 5327.90 5388.79 5451.93 5517.36 5585.10 5655.17 5727.58 5802.34 5879.42 5958.79 6040.39 6124.13 6209.88 6297.46 6386.63 6477.07 6568.40 6660.13 6751.68 6445.18 6537.12 6625.79 5882.98 5962.39 5184.57 3506.52 883.64 0.00 0.00 0.00 0.00 
0.00 0.00 0.00 0.00 0.00 1018.41 2036.16 3048.66 3043.13 3544.85 3539.62 4041.61 4037.62 4034.76 4033.01 4032.35 4032.80 4034.36 4037.04 4040.84 4045.77 4051.82 4058.99 4067.28 4076.69 4087.23 4098.90 4111.70 4125.65 4140.75 4157.02 4174.47 4193.12 4212.99 4234.10 4256.47 4280.13 4305.11 4331.43 4359.14 4388.25 4418.81 4450.86 4484.43 4519.56 4556.30 4594.69 4634.77 4676.59 4720.20 4765.64 4812.95 4862.19 4913.39 4966.61 5021.88 5079.26 5138.76 5200.44 5264.31 5330.40 5398.72 5469.28 5542.07 5617.05 5694.18 5773.35 5854.45 5937.28 6021.58 6106.99 6193.06 6279.26 6365.35 6452.35 5726.95 5802.33 5045.27 5109.38 3460.62 1745.42 0.00 0.00 0.00 0.00 0.00 
0.00 0.00 0.00 0.00 0.00 0.00 508.59 2033.83 2539.59 3043.01 3039.23 3035.71 3538.95 3536.65 3535.22 3534.69 3535.12 3536.51 3538.88 3542.22 3546.55 3551.86 3558.15 3565.42 3573.67 3582.90 3593.12 3604.33 3616.54 3629.76 3644.00 3659.27 3675.59 3692.97 3711.43 3731.00 3751.69 3773.54 3796.56 3820.78 3846.24 3872.97 3900.99 3930.35 3961.08 3993.21 4026.79 4061.85 4098.44 4136.59 4176.34 4217.75 4260.84 4305.66 4352.25 4400.65 4450.90 4503.02 4557.07 4613.05 4670.99 4730.92 4792.83 4856.72 4922.56 4990.33 5059.93 5131.25 5204.12 5278.28 5353.35 5428.74 5503.61 5576.52 4850.31 4916.96 4977.00 4203.07 3398.55 0.00 0.00 0.00 0.00 0.00 0.00 0.00 
0.00 0.00 0.00 0.00 0.00 0.00 0.00 0.00 1015.53 2030.62 2029.69 2534.62 2532.54 2530.97 2529.98 2529.62 2529.94 2530.94 2532.64 2535.04 2538.14 2541.95 2546.45 2551.65 2557.55 2564.16 2571.47 2579.48 2588.21 2597.65 2607.82 2618.73 2630.39 2642.80 2655.98 2669.95 2684.73 2700.32 2716.75 2734.05 2752.22 2771.30 2791.31 2812.26 2834.20 2857.14 2881.11 2906.15 2932.27 2959.52 2987.91 3017.49 3048.27 3080.30 3113.60 3148.19 3184.11 3221.39 3260.04 3300.09 3341.56 3384.47 3428.81 3474.59 3521.81 3570.42 3620.40 3671.65 3724.06 3777.46 3831.58 3886.02 3940.29 3993.89 4047.54 3284.19 3314.97 1672.42 0.00 0.00 0.00 0.00 0.00 0.00 0.00 0.00 
0.00 0.00 0.00 0.00 0.00 0.00 0.00 0.00 0.00 0.00 0.00 0.00 505.41 505.23 505.08 505.03 505.10 505.30 505.64 506.12 506.74 507.50 508.40 509.43 510.61 511.93 513.39 514.99 516.74 518.63 520.66 522.84 525.17 527.66 530.29 533.09 536.05 539.17 542.45 545.92 549.55 553.37 557.37 561.57 565.96 570.55 575.34 580.35 585.58 591.03 596.71 602.62 608.78 615.18 621.84 628.75 635.93 643.38 651.10 659.09 667.37 675.93 684.77 693.89 703.29 712.95 722.87 733.01 743.32 753.72 764.07 774.06 783.08 789.65 0.00 0.00 0.00 0.00 0.00 0.00 0.00 0.00 0.00 0.00 0.00 0.00 
0.00 0.00 0.00 0.00 0.00 0.00 0.00 0.00 0.00 0.00 0.00 0.00 0.00 0.00 0.00 0.00 0.00 0.00 0.00 0.00 0.00 0.00 0.00 0.00 0.00 0.00 0.00 0.00 0.00 0.00 0.00 0.00 0.00 0.00 0.00 0.00 0.00 0.00 0.00 0.00 0.00 0.00 0.00 0.00 0.00 0.00 0.00 0.00 0.00 0.00 0.00 0.00 0.00 0.00 0.00 0.00 0.00 0.00 0.00 0.00 0.00 0.00 0.00 0.00 0.00 0.00 0.00 0.00 0.00 0.00 0.00 0.00 0.00 0.00 0.00 0.00 0.00 0.00 0.00 0.00 0.00 0.00 0.00 0.00 0.00 0.00 
0.00 0.00 0.00 0.00 0.00 0.00 0.00 0.00 0.00 0.00 0.00 0.00 0.00 0.00 0.00 0.00 0.00 0.00 0.00 0.00 0.00 0.00 0.00 0.00 0.00 0.00 0.00 0.00 0.00 0.00 0.00 0.00 0.00 0.00 0.00 0.00 0.00 0.00 0.00 0.00 0.00 0.00 0.00 0.00 0.00 0.00 0.00 0.00 0.00 0.00 0.00 0.00 0.00 0.00 0.00 0.00 0.00 0.00 0.00 0.00 0.00 0.00 0.00 0.00 0.00 0.00 0.00 0.00 0.00 0.00 0.00 0.00 0.00 0.00 0.00 0.00 0.00 0.00 0.00 0.00 0.00 0.00 0.00 0.00 0.00 0.00 
0.00 0.00 0.00 0.00 0.00 0.00 0.00 0.00 0.00 0.00 0.00 0.00 0.00 0.00 0.00 0.00 0.00 0.00 0.00 0.00 0.00 0.00 0.00 0.00 0.00 0.00 0.00 0.00 0.00 0.00 0.00 0.00 0.00 0.00 0.00 0.00 0.00 0.00 0.00 0.00 0.00 0.00 0.00 0.00 0.00 0.00 0.00 0.00 0.00 0.00 0.00 0.00 0.00 0.00 0.00 0.00 0.00 0.00 0.00 0.00 0.00 0.00 0.00 0.00 0.00 0.00 0.00 0.00 0.00 0.00 0.00 0.00 0.00 0.00 0.00 0.00 0.00 0.00 0.00 0.00 0.00 0.00 0.00 0.00 0.00 0.00 
