0.00 0.00 0.00 0.00 0.00 0.00 0.00 0.00 0.00 0.00 0.00 0.00 0.00 0.00 0.00 0.00 0.00 0.00 0.00 0.00 0.00 0.00 0.00 0.00 0.00 0.00 0.00 0.00 0.00 0.00 0.00 0.00 0.00 0.00 0.00 0.00 0.00 0.00 0.00 0.00 0.00 0.00 0.00 0.00 0.00 0.00 0.00 0.00 0.00 0.00 0.00 0.00 0.00 0.00 0.00 0.00 0.00 0.00 0.00 0.00 0.00 0.00 0.00 0.00 0.00 0.00 0.00 0.00 0.00 0.00 0.00 0.00 0.00 0.00 0.00 0.00 0.00 0.00 0.00 0.00 0.00 0.00 0.00 0.00 0.00 0.00 
0.00 0.00 0.00 0.00 0.00 0.00 0.00 0.00 0.00 0.00 0.00 0.00 0.00 0.00 0.00 0.00 0.00 0.00 0.00 0.00 0.00 0.00 0.00 0.00 0.00 0.00 0.00 0.00 0.00 0.00 0.00 0.00 0.00 0.00 0.00 0.00 0.00 0.00 0.00 0.00 0.00 0.00 0.00 0.00 0.00 0.00 0.00 0.00 0.00 0.00 0.00 0.00 0.00 0.00 0.00 0.00 0.00 0.00 0.00 0.00 0.00 0.00 0.00 0.00 0.00 0.00 0.00 0.00 0.00 0.00 0.00 0.00 0.00 0.00 0.00 0.00 0.00 0.00 0.00 0.00 0.00 0.00 0.00 0.00 0.00 0.00 
0.00 0.00 0.00 0.00 0.00 0.00 0.00 0.00 0.00 0.00 0.00 0.00 0.00 0.00 0.00 0.00 0.00 0.00 0.00 0.00 0.00 0.00 0.00 0.00 0.00 0.00 0.00 0.00 0.00 0.00 0.00 0.00 0.00 0.00 0.00 0.00 0.00 0.00 0.00 0.00 0.00 0.00 0.00 0.00 0.00 0.00 0.00 0.00 0.00 0.00 0.00 0.00 0.00 0.00 0.00 0.00 0.00 0.00 0.00 0.00 0.00 0.00 0.00 0.00 0.00 0.00 0.00 0.00 0.00 0.00 0.00 0.00 0.00 0.00 0.00 0.00 0.00 0.00 0.00 0.00 0.00 0.00 0.00 0.00 0.00 0.00 
0.00 0.00 0.00 0.00 0.00 0.00 0.00 0.00 1670.64 3319.25 3294.51 4067.95 4020.95 3968.49 3913.54 3857.63 3801.64 3746.09 3691.35 3637.63 3585.07 3533.79 3483.85 3435.29 3388.13 3342.40 3298.09 3255.20 3213.74 3173.67 3134.99 3097.68 3061.72 3027.09 2993.75 2961.69 2930.89 2901.31 2872.92 2845.71 2819.64 2794.68 2770.82 2748.02 2726.27 2705.53 2685.78 2667.00 2649.17 2632.26 2616.27 2601.16 2586.92 2573.54 2561.00 2549.28 2538.38 2528.28 2518.98 2510.47 2502.73 2495.77 2489.58 2484.15 2479.49 2475.59 2472.44 2470.06 2468.43 2467.55 2467.39 2467.94 2469.13 2470.84 2472.77 1980.30 1981.34 991.02 0.00 0.00 0.00 0.00 0.00 0.00 0.00 0.00 
0.00 0.00 0.00 0.00 0.00 0.00 0.00 3377.61 4189.45 4974.36 4924.02 4866.41 4806.51 4743.73 4679.05 4613.43 4547.63 4482.21 4417.57 4354.00 4291.69 4230.78 4171.39 4113.56 4057.35 4002.79 3949.89 3898.66 3849.08 3801.16 3754.89 3710.23 3667.16 3625.68 3585.74 3547.32 3510.39 3474.92 3440.88 3408.24 3376.97 3347.03 3318.40 3291.04 3264.93 3240.03 3216.33 3193.79 3172.38 3152.09 3132.89 3114.75 3097.66 3081.60 3066.54 3052.48 3039.40 3027.29 3016.13 3005.91 2996.64 2988.29 2980.87 2974.36 2968.78 2964.10 2960.34 2957.48 2955.53 2954.47 2954.28 2954.96 2956.44 2958.69 2961.61 2965.19 2969.14 2478.32 1985.12 0.00 0.00 0.00 0.00 0.00 0.00 0.00 
0.00 0.00 0.00 0.00 0.00 1712.27 3411.19 5065.08 5017.03 5788.27 5725.14 6464.46 6386.97 6305.09 6220.64 6134.84 6048.62 5962.72 5877.66 5793.86 5711.58 5631.06 5552.43 5475.81 5401.27 5328.86 5258.62 5190.54 5124.65 5060.93 4999.37 4939.94 4882.63 4827.39 4774.21 4723.04 4673.84 4626.58 4581.22 4537.71 4496.03 4456.12 4417.94 4381.47 4346.65 4313.46 4281.84 4251.78 4223.23 4196.17 4170.56 4146.37 4123.58 4102.16 4082.08 4063.33 4045.89 4029.74 4014.87 4001.25 3988.89 3977.77 3967.87 3959.21 3951.77 3945.54 3940.53 3936.73 3934.13 3932.72 3932.48 3933.39 3935.42 3938.51 3942.57 3453.28 3458.75 2969.76 2975.67 1988.17 994.63 0.00 0.00 0.00 0.00 0.00 
0.00 0.00 0.00 0.00 0.00 3432.36 5104.92 5898.27 5838.65 6598.56 6524.67 6445.05 6762.56 6677.05 6588.84 6499.20 6409.07 6319.15 6230.00 6142.02 6055.54 5970.78 5887.93 5807.11 5728.41 5651.90 5577.63 5505.61 5435.86 5368.37 5303.15 5240.16 5179.39 5120.81 5064.39 5010.09 4957.87 4907.70 4859.54 4813.34 4769.07 4726.67 4686.12 4647.37 4610.37 4575.10 4541.51 4509.56 4479.22 4450.46 4423.24 4397.53 4373.31 4350.54 4329.21 4309.29 4290.76 4273.60 4257.80 4243.34 4230.21 4218.40 4207.90 4198.71 4190.81 4184.21 4178.90 4174.87 4172.12 4170.64 4170.41 4171.43 4173.68 4177.12 3934.97 3940.76 3947.41 3459.86 3467.55 2979.08 1990.77 497.96 0.00 0.00 0.00 0.00 
0.00 0.00 0.00 0.00 3453.59 5142.33 5944.62 6726.97 6657.94 7407.94 7324.94 7236.74 7145.65 7053.81 6960.59 6866.39 6771.86 6677.59 6584.08 6491.74 6400.90 6311.80 6224.63 6139.54 6056.63 5975.98 5897.64 5821.64 5748.00 5676.73 5607.82 5541.26 5477.03 5415.09 5355.42 5297.99 5242.75 5189.66 5138.70 5089.80 5042.94 4998.06 4955.13 4914.10 4874.93 4837.58 4802.01 4768.18 4736.05 4705.59 4676.76 4649.54 4623.89 4599.78 4577.19 4556.10 4536.48 4518.31 4501.58 4486.28 4472.38 4459.88 4448.77 4439.05 4430.69 4423.71 4418.10 4413.85 4410.95 4409.41 4409.22 4410.36 4412.84 4416.69 4421.93 4428.39 4435.94 3949.65 3958.73 3472.14 2984.00 1993.85 0.00 0.00 0.00 0.00 
0.00 0.00 0.00 1732.99 4315.73 5135.06 5933.37 6713.12 7475.35 7392.45 7306.31 8025.13 7927.96 7827.12 7724.11 7619.94 7515.43 7411.22 7307.85 7205.75 7105.28 7006.69 6910.21 6815.98 6724.14 6634.76 6547.92 6463.66 6381.99 6302.93 6226.47 6152.61 6081.31 6012.56 5946.31 5882.54 5821.19 5762.24 5705.63 5651.32 5599.27 5549.41 5501.72 5456.13 5412.61 5371.11 5331.59 5293.99 5258.29 5224.45 5192.41 5162.16 5133.66 5106.87 5081.77 5058.33 5036.53 5016.35 4997.77 4980.76 4965.32 4951.44 4939.10 4928.30 4919.03 4911.28 4905.06 4900.34 4897.15 4895.45 4895.26 4896.56 4899.33 4903.55 4909.18 4422.00 4430.19 4439.59 3954.25 3468.57 2981.73 2492.29 998.35 0.00 0.00 0.00 
0.00 0.00 0.00 3470.05 5171.97 5982.69 6772.42 7542.74 7462.65 8202.87 8110.64 8012.55 7913.23 7811.98 7709.26 7605.70 7501.95 7398.55 7295.98 7194.64 7094.85 6996.88 6900.94 6807.18 6715.75 6626.73 6540.20 6456.19 6374.75 6295.87 6219.57 6145.84 6074.66 6005.99 5939.82 5876.11 5814.82 5755.91 5699.33 5645.05 5593.01 5543.17 5495.48 5449.90 5406.38 5364.88 5325.35 5287.75 5252.05 5218.20 5186.16 5155.91 5127.40 5100.61 5075.51 5052.07 5030.27 5010.09 4991.51 4974.51 4959.07 4945.20 4932.87 4922.08 4912.81 4905.08 4898.87 4894.17 4891.00 4889.34 4889.19 4890.56 4893.43 4897.82 4903.73 4911.22 4919.95 4435.12 4446.10 3961.85 3476.57 2989.08 1998.11 0.00 0.00 0.00 
0.00 0.00 0.00 3472.63 5167.70 5975.09 6763.62 7533.13 7451.49 8192.04 8098.94 8001.46 7901.58 7800.12 7697.59 7594.48 7491.31 7388.53 7286.58 7185.82 7086.58 6989.09 6893.58 6800.21 6709.11 6620.38 6534.09 6450.30 6369.03 6290.32 6214.15 6140.52 6069.43 6000.84 5934.74 5871.08 5809.83 5750.95 5694.40 5640.14 5588.11 5538.28 5490.60 5445.02 5401.51 5360.01 5320.48 5282.88 5247.17 5213.32 5181.28 5151.02 5122.51 5095.72 5070.61 5047.17 5025.38 5005.20 4986.62 4969.62 4954.19 4940.32 4928.00 4917.21 4907.96 4900.24 4894.04 4889.36 4886.21 4884.57 4884.47 4885.90 4888.86 4893.38 4899.46 4907.07 4916.13 4431.51 4443.02 3959.20 3474.49 2988.03 1999.10 0.00 0.00 0.00 
0.00 0.00 0.00 4338.74 5165.18 6824.25 6757.61 7526.36 8276.52 8185.70 8091.24 7993.29 7892.85 7791.32 7689.02 7586.30 7483.57 7381.25 7279.76 7179.44 7080.58 6983.46 6888.27 6795.18 6704.33 6615.81 6529.71 6446.07 6364.94 6286.34 6210.27 6136.73 6065.70 5997.17 5931.11 5867.49 5806.28 5747.42 5690.89 5636.65 5584.63 5534.81 5487.14 5441.56 5398.05 5356.55 5317.02 5279.42 5243.71 5209.85 5177.81 5147.55 5119.04 5092.25 5067.14 5043.70 5021.91 5001.73 4983.15 4966.16 4950.73 4936.87 4924.55 4913.77 4904.52 4896.81 4890.62 4885.95 4882.81 4881.21 4881.13 4882.61 4885.64 4890.26 4896.48 4904.24 4913.48 4924.19 4440.87 3957.32 3970.06 2987.30 2498.34 0.00 0.00 0.00 
0.00 0.00 0.00 4338.60 5163.55 6820.99 7177.44 7522.79 8272.21 8181.62 8086.75 7988.28 8282.32 8177.85 8071.54 7964.25 7856.69 7749.45 7643.01 7537.77 7434.06 7332.15 7232.27 7134.58 7039.23 6946.33 6855.96 6768.18 6683.03 6600.52 6520.66 6443.46 6368.90 6296.96 6227.61 6160.82 6096.55 6034.76 5975.41 5918.46 5863.85 5811.54 5761.48 5713.64 5667.95 5624.37 5582.87 5543.39 5505.90 5470.35 5436.70 5404.93 5374.99 5346.86 5320.50 5295.89 5273.01 5251.82 5232.31 5214.47 5198.28 5183.72 5170.78 5159.47 5149.76 5141.66 5135.17 5130.27 5126.98 5125.30 5125.22 5126.76 5129.92 5134.72 4894.85 4902.71 4912.05 4922.85 4439.69 3956.27 3969.22 3484.49 2498.36 0.00 0.00 0.00 
0.00 0.00 0.00 4338.35 5163.20 6820.46 7176.81 7522.02 8271.29 8180.61 8085.67 7987.15 8281.16 8176.68 8070.40 7963.15 7855.65 7748.48 7642.11 7536.94 7433.29 7331.45 7231.62 7133.98 7038.68 6945.83 6855.49 6767.74 6682.61 6600.13 6520.29 6443.11 6368.57 6296.64 6227.30 6160.52 6096.25 6034.47 5975.13 5918.17 5863.57 5811.26 5761.21 5713.36 5667.68 5624.10 5582.60 5543.12 5505.63 5470.08 5436.44 5404.66 5374.73 5346.59 5320.24 5295.63 5272.74 5251.55 5232.05 5214.21 5198.01 5183.45 5170.52 5159.21 5149.50 5141.41 5134.91 5130.02 5126.74 5125.06 5124.99 5126.53 5129.70 5134.51 4894.65 4902.52 4911.87 4922.68 4439.53 3956.13 3969.09 3484.37 2498.26 0.00 0.00 0.00 
0.00 0.00 0.00 4338.01 5164.12 6822.67 6755.75 7524.02 8273.76 8182.66 8087.99 7989.88 7889.36 7787.82 7685.59 7583.00 7480.44 7378.33 7277.05 7176.94 7078.29 6981.36 6886.34 6793.41 6702.69 6614.30 6528.30 6444.76 6363.71 6285.18 6209.16 6135.67 6064.69 5996.20 5930.17 5866.58 5805.38 5746.55 5690.03 5635.80 5583.79 5533.98 5486.31 5440.75 5397.24 5355.74 5316.21 5278.61 5242.90 5209.05 5177.01 5146.75 5118.24 5091.44 5066.34 5042.90 5021.11 5000.93 4982.35 4965.36 4949.94 4936.08 4923.76 4912.99 4903.75 4896.04 4889.86 4885.20 4882.08 4880.48 4880.43 4881.92 4884.98 4889.63 4895.88 4903.67 4912.94 4923.68 4440.41 3956.92 3969.66 2986.97 2498.05 0.00 0.00 0.00 
0.00 0.00 0.00 3471.61 5165.93 5972.68 6760.48 7529.20 7447.15 8186.90 8093.46 7995.70 7895.67 7794.20 7691.79 7588.92 7486.05 7383.63 7282.05 7181.66 7082.75 6985.59 6890.37 6797.26 6706.40 6617.87 6531.76 6448.12 6366.99 6288.38 6212.31 6138.77 6067.75 5999.22 5933.17 5869.55 5808.34 5749.49 5692.96 5638.72 5586.71 5536.89 5489.22 5443.66 5400.15 5358.65 5319.12 5281.53 5245.82 5211.97 5179.93 5149.67 5121.17 5094.37 5069.27 5045.84 5024.04 5003.86 4985.29 4968.29 4952.87 4939.00 4926.69 4915.91 4906.67 4898.95 4892.76 4888.10 4884.97 4883.36 4883.29 4884.75 4887.76 4892.32 4898.46 4906.12 4915.23 4430.72 4442.26 3958.52 3473.89 2987.49 1998.71 0.00 0.00 0.00 
0.00 0.00 0.00 3468.68 5169.51 5979.33 6768.00 7537.20 7456.50 8195.61 8102.86 8004.32 7904.76 7803.50 7700.98 7597.80 7494.52 7391.66 7289.63 7188.82 7089.52 6992.01 6896.47 6803.09 6711.98 6623.24 6536.95 6453.16 6371.90 6293.18 6217.02 6143.40 6072.31 6003.73 5937.63 5873.98 5812.73 5753.86 5697.32 5643.06 5591.04 5541.22 5493.55 5447.98 5404.47 5362.97 5323.45 5285.86 5250.16 5216.31 5184.27 5154.02 5125.51 5098.72 5073.62 5050.19 5028.39 5008.21 4989.64 4972.64 4957.21 4943.35 4931.02 4920.24 4910.99 4903.27 4897.07 4892.40 4889.25 4887.62 4887.52 4888.93 4891.87 4896.33 4902.33 4909.90 4918.70 4434.02 4445.05 3960.92 3475.75 2988.37 1997.62 0.00 0.00 0.00 
0.00 0.00 0.00 1732.09 4313.03 5131.17 5928.15 6706.51 7467.32 7383.61 7296.76 8014.22 7916.70 7815.86 7713.18 7609.58 7505.76 7402.30 7299.67 7198.29 7098.47 7000.48 6904.53 6810.77 6719.34 6630.32 6543.79 6459.80 6378.36 6299.50 6223.21 6149.48 6078.31 6009.66 5943.50 5879.80 5818.51 5759.61 5703.05 5648.77 5596.74 5546.91 5499.23 5453.66 5410.15 5368.66 5329.14 5291.55 5255.85 5222.01 5189.98 5159.73 5131.22 5104.44 5079.34 5055.91 5034.11 5013.93 4995.35 4978.35 4962.92 4949.05 4936.72 4925.93 4916.67 4908.94 4902.74 4898.05 4894.88 4893.23 4893.08 4894.44 4897.30 4901.61 4907.35 4420.41 4428.70 4438.19 3953.03 3467.52 2980.82 2491.53 998.05 0.00 0.00 0.00 
0.00 0.00 0.00 0.00 3450.90 5137.45 5938.09 6718.81 6648.93 7396.91 7312.89 7223.76 7132.04 7040.23 6947.54 6854.16 6760.56 6667.25 6574.67 6483.20 6393.14 6304.73 6218.18 6133.62 6051.18 5970.93 5892.94 5817.24 5743.86 5672.81 5604.08 5537.68 5473.58 5411.76 5352.18 5294.83 5239.65 5186.63 5135.71 5086.85 5040.02 4995.16 4952.25 4911.24 4872.08 4834.73 4799.17 4765.34 4733.22 4702.76 4673.93 4646.71 4621.06 4596.95 4574.37 4553.27 4533.66 4515.50 4498.77 4483.47 4469.58 4457.09 4446.00 4436.28 4427.95 4420.98 4415.39 4411.17 4408.30 4406.80 4406.66 4407.87 4410.45 4414.42 4419.83 4426.44 4434.14 3948.11 3957.27 3470.88 2982.94 1993.13 0.00 0.00 0.00 0.00 
0.00 0.00 0.00 0.00 0.00 3427.88 5097.78 5889.56 5829.06 6586.41 6511.16 6430.07 6745.78 6660.46 6573.16 6484.75 6395.90 6307.23 6219.23 6132.29 6046.73 5962.78 5880.63 5800.42 5722.24 5646.19 5572.30 5500.61 5431.15 5363.90 5298.88 5236.07 5175.44 5116.99 5060.67 5006.45 4954.31 4904.20 4856.09 4809.93 4765.69 4723.32 4682.79 4644.05 4607.07 4571.80 4538.21 4506.27 4475.93 4447.17 4419.95 4394.25 4370.03 4347.26 4325.93 4306.01 4287.49 4270.33 4254.54 4240.08 4226.96 4215.16 4204.68 4195.49 4187.61 4181.03 4175.74 4171.74 4169.02 4167.58 4167.41 4168.50 4170.84 4174.44 3932.63 3938.65 3945.47 3458.26 3466.04 2977.83 1989.93 497.76 0.00 0.00 0.00 0.00 
0.00 0.00 0.00 0.00 0.00 1708.98 3404.43 5056.49 5007.50 5775.61 5710.82 6446.00 6365.98 6284.95 6202.19 6118.21 6033.72 5949.38 5865.71 5783.11 5701.89 5622.26 5544.41 5468.46 5394.49 5322.57 5252.74 5185.02 5119.43 5055.97 4994.62 4935.38 4878.22 4823.12 4770.04 4718.96 4669.84 4622.64 4577.33 4533.87 4492.21 4452.33 4414.18 4377.71 4342.91 4309.72 4278.11 4248.06 4219.51 4192.45 4166.84 4142.65 4119.85 4098.43 4078.36 4059.61 4042.18 4026.03 4011.16 3997.55 3985.20 3974.09 3964.21 3955.56 3948.14 3941.93 3936.94 3933.16 3930.59 3929.21 3929.02 3929.99 3932.11 3935.37 3939.80 3451.09 3456.77 2968.17 2974.18 1987.22 994.17 0.00 0.00 0.00 0.00 0.00 
0.00 0.00 0.00 0.00 0.00 0.00 848.01 3372.67 4180.78 4961.97 4909.78 4849.78 5582.69 5513.35 5440.81 5366.64 5291.87 5217.22 5143.22 5070.25 4998.56 4928.36 4859.78 4792.93 4727.87 4664.66 4603.32 4543.86 4486.30 4430.62 4376.82 4324.88 4274.78 4226.50 4180.00 4135.26 4092.24 4050.91 4011.25 3973.20 3936.74 3901.84 3868.45 3836.55 3806.10 3777.06 3749.41 3723.11 3698.14 3674.47 3652.06 3630.91 3610.97 3592.23 3574.67 3558.26 3543.01 3528.88 3515.86 3503.95 3493.14 3483.41 3474.76 3467.18 3460.68 3455.24 3450.87 3447.56 3445.30 3444.08 3443.89 3444.71 3446.47 3449.13 2959.15 2963.07 2967.23 2476.84 1984.00 0.00 0.00 0.00 0.00 0.00 0.00 0.00 
0.00 0.00 0.00 0.00 0.00 0.00 0.00 0.00 1666.60 3309.90 3283.76 4052.40 4002.08 3950.61 3897.55 3843.55 3789.27 3735.19 3681.69 3629.01 3577.34 3526.80 3477.49 3429.45 3382.75 3337.39 3293.40 3250.79 3209.55 3169.68 3131.17 3094.00 3058.15 3023.62 2990.36 2958.37 2927.62 2898.08 2869.74 2842.55 2816.50 2791.57 2767.72 2744.93 2723.19 2702.45 2682.70 2663.93 2646.09 2629.19 2613.19 2598.08 2583.84 2570.46 2557.92 2546.20 2535.31 2525.21 2515.92 2507.41 2499.68 2492.72 2486.54 2481.12 2476.47 2472.59 2469.46 2467.09 2465.48 2464.61 2464.48 2465.06 2466.30 2468.15 2470.54 1978.73 1979.92 990.35 0.00 0.00 0.00 0.00 0.00 0.00 0.00 0.00 
0.00 0.00 0.00 0.00 0.00 0.00 0.00 0.00 0.00 0.00 0.00 0.00 791.23 784.85 776.01 766.11 755.76 745.26 734.77 724.39 714.17 704.15 694.35 684.80 675.51 666.48 657.71 649.22 640.99 633.04 625.35 617.93 610.77 603.87 597.23 590.84 584.69 578.79 573.12 567.68 562.48 557.49 552.72 548.16 543.81 539.66 535.71 531.96 528.39 525.01 521.81 518.78 515.93 513.26 510.75 508.41 506.23 504.21 502.35 500.65 499.10 497.71 496.48 495.39 494.46 493.69 493.06 492.59 492.26 492.08 492.04 492.13 492.32 492.53 0.00 0.00 0.00 0.00 0.00 0.00 0.00 0.00 0.00 0.00 0.00 0.00 
0.00 0.00 0.00 0.00 0.00 0.00 0.00 0.00 0.00 0.00 0.00 0.00 0.00 0.00 0.00 0.00 0.00 0.00 0.00 0.00 0.00 0.00 0.00 0.00 0.00 0.00 0.00 0.00 0.00 0.00 0.00 0.00 0.00 0.00 0.00 0.00 0.00 0.00 0.00 0.00 0.00 0.00 0.00 0.00 0.00 0.00 0.00 0.00 0.00 0.00 0.00 0.00 0.00 0.00 0.00 0.00 0.00 0.00 0.00 0.00 0.00 0.00 0.00 0.00 0.00 0.00 0.00 0.00 0.00 0.00 0.00 0.00 0.00 0.00 0.00 0.00 0.00 0.00 0.00 0.00 0.00 0.00 0.00 0.00 0.00 0.00 
0.00 0.00 0.00 0.00 0.00 0.00 0.00 0.00 0.00 0.00 0.00 0.00 0.00 0.00 0.00 0.00 0.00 0.00 0.00 0.00 0.00 0.00 0.00 0.00 0.00 0.00 0.00 0.00 0.00 0.00 0.00 0.00 0.00 0.00 0.00 0.00 0.00 0.00 0.00 0.00 0.00 0.00 0.00 0.00 0.00 0.00 0.00 0.00 0.00 0.00 0.00 0.00 0.00 0.00 0.00 0.00 0.00 0.00 0.00 0.00 0.00 0.00 0.00 0.00 0.00 0.00 0.00 0.00 0.00 0.00 0.00 0.00 0.00 0.00 0.00 0.00 0.00 0.00 0.00 0.00 0.00 0.00 0.00 0.00 0.00 0.00 
0.00 0.00 0.00 0.00 0.00 0.00 0.00 0.00 0.00 0.00 0.00 0.00 0.00 0.00 0.00 0.00 0.00 0.00 0.00 0.00 0.00 0.00 0.00 0.00 0.00 0.00 0.00 0.00 0.00 0.00 0.00 0.00 0.00 0.00 0.00 0.00 0.00 0.00 0.00 0.00 0.00 0.00 0.00 0.00 0.00 0.00 0.00 0.00 0.00 0.00 0.00 0.00 0.00 0.00 0.00 0.00 0.00 0.00 0.00 0.00 0.00 0.00 0.00 0.00 0.00 0.00 0.00 0.00 0.00 0.00 0.00 0.00 0.00 0.00 0.00 0.00 0.00 0.00 0.00 0.00 0.00 0.00 0.00 0.00 0.00 0.00 
