0.00 0.00 0.00 0.00 0.00 0.00 0.00 0.00 0.00 0.00 0.00 0.00 0.00 0.00 0.00 0.00 0.00 0.00 0.00 0.00 0.00 0.00 0.00 0.00 0.00 0.00 0.00 0.00 0.00 0.00 0.00 0.00 0.00 0.00 0.00 0.00 0.00 0.00 0.00 0.00 0.00 0.00 0.00 0.00 0.00 0.00 0.00 0.00 0.00 0.00 0.00 0.00 0.00 0.00 0.00 0.00 0.00 0.00 0.00 0.00 0.00 0.00 0.00 0.00 0.00 0.00 0.00 0.00 0.00 0.00 0.00 0.00 0.00 0.00 0.00 0.00 0.00 0.00 0.00 0.00 0.00 0.00 0.00 0.00 0.00 0.00 
0.00 0.00 0.00 0.00 0.00 0.00 0.00 0.00 0.00 0.00 0.00 0.00 0.00 0.00 0.00 0.00 0.00 0.00 0.00 0.00 0.00 0.00 0.00 0.00 0.00 0.00 0.00 0.00 0.00 0.00 0.00 0.00 0.00 0.00 0.00 0.00 0.00 0.00 0.00 0.00 0.00 0.00 0.00 0.00 0.00 0.00 0.00 0.00 0.00 0.00 0.00 0.00 0.00 0.00 0.00 0.00 0.00 0.00 0.00 0.00 0.00 0.00 0.00 0.00 0.00 0.00 0.00 0.00 0.00 0.00 0.00 0.00 0.00 0.00 0.00 0.00 0.00 0.00 0.00 0.00 0.00 0.00 0.00 0.00 0.00 0.00 
0.00 0.00 0.00 0.00 0.00 0.00 0.00 0.00 0.00 0.00 0.00 0.00 0.00 0.00 0.00 0.00 0.00 0.00 0.00 0.00 0.00 0.00 0.00 0.00 0.00 0.00 0.00 0.00 0.00 0.00 0.00 0.00 0.00 0.00 0.00 0.00 0.00 0.00 0.00 0.00 0.00 0.00 0.00 0.00 0.00 0.00 0.00 0.00 0.00 0.00 0.00 0.00 0.00 0.00 0.00 0.00 0.00 0.00 0.00 0.00 0.00 0.00 0.00 0.00 0.00 0.00 0.00 0.00 0.00 0.00 0.00 0.00 0.00 0.00 0.00 0.00 0.00 0.00 0.00 0.00 0.00 0.00 0.00 0.00 0.00 0.00 
0.00 0.00 0.00 0.00 0.00 0.00 0.00 0.00 979.83 1958.68 1957.40 2443.76 2441.50 2439.47 2437.98 2437.16 2437.09 2437.79 2439.28 2441.57 2444.66 2448.57 2453.28 2458.81 2465.15 2472.31 2480.30 2489.10 2498.75 2509.23 2520.56 2532.75 2545.80 2559.73 2574.56 2590.29 2606.95 2624.54 2643.08 2662.59 2683.09 2704.60 2727.13 2750.71 2775.36 2801.09 2827.92 2855.88 2884.99 2915.25 2946.69 2979.33 3013.18 3048.24 3084.54 3122.08 3160.86 3200.88 3242.13 3284.59 3328.26 3373.10 3419.05 3466.07 3514.07 3562.93 3612.50 3662.59 3712.92 3763.10 3812.63 3860.79 3906.61 3948.63 3984.43 3216.44 3232.59 1622.65 0.00 0.00 0.00 0.00 0.00 0.00 0.00 0.00 
0.00 0.00 0.00 0.00 0.00 0.00 0.00 1963.23 2450.59 2935.38 2931.04 2927.03 2923.72 2921.10 2919.27 2918.29 2918.21 2919.06 2920.85 2923.60 2927.32 2932.00 2937.65 2944.27 2951.87 2960.46 2970.03 2980.59 2992.15 3004.72 3018.31 3032.93 3048.58 3065.30 3083.08 3101.96 3121.93 3143.03 3165.27 3188.67 3213.26 3239.05 3266.07 3294.34 3323.88 3354.72 3386.87 3420.37 3455.23 3491.47 3529.11 3568.17 3608.66 3650.60 3693.99 3738.84 3785.14 3832.90 3882.09 3932.70 3984.69 4038.01 4092.59 4148.36 4205.20 4262.96 4321.43 4380.37 4439.44 4498.18 4556.05 4612.31 4666.10 4716.48 4762.56 4804.91 4840.36 4062.71 3265.88 0.00 0.00 0.00 0.00 0.00 0.00 0.00 
0.00 0.00 0.00 0.00 0.00 984.18 1966.96 2943.13 2936.77 3419.63 3413.68 3896.65 3892.10 3888.53 3886.07 3884.76 3884.66 3885.80 3888.20 3891.86 3896.81 3903.05 3910.58 3919.40 3929.53 3940.97 3953.72 3967.79 3983.20 3999.95 4018.06 4037.54 4058.41 4080.69 4104.40 4129.55 4156.18 4184.30 4213.94 4245.13 4277.90 4312.27 4348.27 4385.94 4425.29 4466.37 4509.19 4553.80 4600.21 4648.45 4698.54 4750.51 4804.37 4860.14 4917.82 4977.41 5038.91 5102.31 5167.58 5234.69 5303.57 5374.17 5446.37 5520.05 5595.05 5671.15 5748.07 5825.46 5902.87 5979.71 6055.26 6128.66 6198.87 6264.77 6324.90 5583.60 5628.88 4861.36 4893.03 3282.01 1643.98 0.00 0.00 0.00 0.00 0.00 
0.00 0.00 0.00 0.00 0.00 1970.10 2947.43 3429.90 3421.65 3902.96 3895.75 3889.40 4128.09 4124.16 4121.46 4120.04 4119.92 4121.12 4123.67 4127.56 4132.81 4139.43 4147.42 4156.78 4167.53 4179.67 4193.21 4208.15 4224.51 4242.30 4261.53 4282.23 4304.39 4328.05 4353.23 4379.95 4408.23 4438.09 4469.57 4502.70 4537.49 4573.98 4612.20 4652.19 4693.96 4737.55 4782.99 4830.31 4879.53 4930.69 4983.79 5038.87 5095.93 5154.99 5216.05 5279.12 5344.17 5411.18 5480.13 5550.97 5623.63 5698.01 5774.01 5851.49 5930.23 6010.02 6090.55 6171.44 6252.21 6332.30 6410.99 6487.45 6560.71 6629.62 6300.75 6360.53 6413.98 5654.79 5694.99 4912.05 3292.08 824.01 0.00 0.00 0.00 0.00 
0.00 0.00 0.00 0.00 1974.53 2953.48 3435.53 3915.95 3906.19 4386.15 4377.95 4370.87 4365.05 4360.68 4357.73 4356.17 4356.01 4357.26 4359.94 4364.05 4369.61 4376.61 4385.06 4394.97 4406.34 4419.19 4433.51 4449.32 4466.64 4485.47 4505.82 4527.72 4551.18 4576.23 4602.88 4631.16 4661.09 4692.70 4726.02 4761.08 4797.90 4836.51 4876.96 4919.26 4963.45 5009.56 5057.62 5107.66 5159.71 5213.78 5269.91 5328.11 5388.39 5450.76 5515.22 5581.77 5650.39 5721.06 5793.73 5868.34 5944.82 6023.06 6102.94 6184.29 6266.90 6350.52 6434.83 6519.44 6603.87 6687.55 6769.83 6849.96 6927.23 7001.15 7072.13 7138.41 7198.67 6446.83 6493.90 5718.74 4930.60 3300.75 0.00 0.00 0.00 0.00 
0.00 0.00 0.00 988.89 2467.87 2951.46 3432.27 3911.76 4390.82 4380.70 4371.85 4852.56 4846.32 4841.53 4838.24 4836.48 4836.28 4837.66 4840.62 4845.19 4851.35 4859.12 4868.50 4879.51 4892.14 4906.41 4922.32 4939.88 4959.12 4980.03 5002.64 5026.97 5053.03 5080.86 5110.46 5141.88 5175.13 5210.25 5247.26 5286.20 5327.10 5369.99 5414.91 5461.89 5510.96 5562.17 5615.53 5671.09 5728.87 5788.89 5851.19 5915.77 5982.66 6051.85 6123.36 6197.16 6273.24 6351.56 6432.08 6514.73 6599.41 6686.02 6774.40 6864.37 6955.69 7048.08 7141.19 7234.60 7327.79 7420.17 7511.03 7599.57 7684.90 7766.08 7841.93 7116.82 7179.92 7238.62 6478.34 5706.17 4922.13 4124.75 1653.20 0.00 0.00 0.00 
0.00 0.00 0.00 1979.16 2959.74 3441.30 3920.41 4398.37 4386.60 4865.00 4855.56 4847.38 4840.84 4835.88 4832.49 4830.67 4830.44 4831.79 4834.74 4839.28 4845.44 4853.20 4862.57 4873.57 4886.19 4900.45 4916.35 4933.91 4953.13 4974.04 4996.64 5020.96 5047.02 5074.84 5104.43 5135.84 5169.08 5204.18 5241.18 5280.11 5320.99 5363.86 5408.75 5455.70 5504.74 5555.90 5609.21 5664.70 5722.41 5782.34 5844.54 5909.00 5975.75 6044.78 6116.10 6189.68 6265.51 6343.55 6423.73 6506.00 6590.24 6676.34 6764.15 6853.47 6944.07 7035.66 7127.90 7220.37 7312.60 7404.02 7494.01 7581.86 7666.85 7748.34 7825.92 7900.16 7967.82 7223.72 7279.37 6513.42 5735.10 4943.77 3309.31 0.00 0.00 0.00 
0.00 0.00 0.00 1980.26 2958.85 3439.37 3917.92 4395.45 4383.17 4861.36 4851.59 4843.30 4836.59 4831.50 4828.03 4826.15 4825.88 4827.21 4830.14 4834.68 4840.82 4848.57 4857.94 4868.93 4881.55 4895.80 4911.69 4929.24 4948.46 4969.36 4991.96 5016.27 5042.32 5070.13 5099.72 5131.12 5164.35 5199.45 5236.44 5275.35 5316.21 5359.06 5403.93 5450.86 5499.86 5550.99 5604.25 5659.70 5717.34 5777.21 5839.32 5903.69 5970.32 6039.22 6110.39 6183.80 6259.43 6337.23 6417.15 6499.10 6583.00 6668.70 6756.06 6844.86 6934.89 7025.86 7117.41 7209.17 7300.66 7391.36 7480.70 7568.06 7652.83 7734.49 7812.58 7886.57 7955.27 7211.35 7268.74 6504.08 5727.50 4939.22 3310.67 0.00 0.00 0.00 
0.00 0.00 0.00 2474.82 2958.36 3929.75 3916.14 4393.40 4870.33 4858.85 4848.88 4840.45 4833.60 4828.41 4824.87 4822.95 4822.65 4823.96 4826.88 4831.41 4837.54 4845.29 4854.66 4865.64 4878.25 4892.50 4908.39 4925.93 4945.15 4966.04 4988.63 5012.94 5038.99 5066.79 5096.38 5127.77 5161.00 5196.09 5233.07 5271.97 5312.82 5355.66 5400.51 5447.42 5496.40 5547.50 5600.74 5656.14 5713.74 5773.56 5835.61 5899.90 5966.46 6035.26 6106.32 6179.60 6255.08 6332.71 6412.44 6494.17 6577.81 6663.22 6750.25 6838.69 6928.31 7018.82 7109.89 7201.13 7292.10 7382.28 7471.14 7558.11 7642.67 7724.41 7803.03 7877.49 7947.27 8012.49 7261.31 6497.64 6543.41 4936.04 4136.69 0.00 0.00 0.00 
0.00 0.00 0.00 2474.90 2958.02 3928.93 4160.45 4392.25 4869.03 4857.47 4847.41 4838.87 5075.16 5069.78 5066.10 5064.10 5063.80 5065.17 5068.24 5072.99 5079.43 5087.56 5097.39 5108.93 5122.17 5137.13 5153.81 5172.23 5192.41 5214.35 5238.07 5263.59 5290.94 5320.13 5351.20 5384.16 5419.05 5455.89 5494.72 5535.56 5578.46 5623.44 5670.53 5719.78 5771.21 5824.86 5880.75 5938.92 5999.39 6062.19 6127.34 6194.84 6264.71 6336.95 6411.54 6488.48 6567.71 6649.21 6732.89 6818.69 6906.48 6996.14 7087.49 7180.32 7274.38 7369.39 7464.98 7560.74 7656.19 7750.79 7843.90 7934.84 8022.85 8107.14 7797.52 7872.48 7942.65 8007.95 7257.26 6494.03 6540.59 5757.59 4136.33 0.00 0.00 0.00 
0.00 0.00 0.00 2474.78 2957.89 3928.77 4160.28 4392.07 4868.83 4857.27 4847.20 4838.66 5074.94 5069.55 5065.87 5063.87 5063.55 5064.93 5067.99 5072.74 5079.18 5087.31 5097.14 5108.67 5121.91 5136.87 5153.56 5171.98 5192.15 5214.09 5237.81 5263.33 5290.68 5319.88 5350.94 5383.90 5418.79 5455.63 5494.45 5535.30 5578.19 5623.17 5670.26 5719.50 5770.93 5824.57 5880.46 5938.63 5999.10 6061.89 6127.03 6194.52 6264.38 6336.60 6411.18 6488.09 6567.31 6648.78 6732.44 6818.21 6905.97 6995.59 7086.90 7179.69 7273.71 7368.66 7464.20 7559.91 7655.32 7749.88 7842.97 7933.91 8021.92 8106.25 7796.70 7871.72 7941.99 8007.37 7256.81 6493.68 6540.31 5757.40 4136.21 0.00 0.00 0.00 
0.00 0.00 0.00 2474.47 2957.96 3929.27 3915.66 4392.87 4869.75 4858.25 4848.26 4839.81 4832.93 4827.72 4824.16 4822.24 4821.93 4823.23 4826.14 4830.66 4836.79 4844.54 4853.90 4864.88 4877.49 4891.74 4907.62 4925.17 4944.38 4965.27 4987.86 5012.17 5038.22 5066.02 5095.60 5126.99 5160.22 5195.30 5232.28 5271.17 5312.02 5354.86 5399.70 5446.60 5495.57 5546.66 5599.88 5655.27 5712.85 5772.64 5834.67 5898.93 5965.45 6034.22 6105.23 6178.46 6253.88 6331.44 6411.09 6492.74 6576.28 6661.58 6748.49 6836.80 6926.28 7016.64 7107.57 7198.66 7289.49 7379.57 7468.35 7555.30 7639.89 7721.74 7800.53 7875.22 7945.26 8010.77 7259.94 6496.61 6542.59 4935.50 4136.32 0.00 0.00 0.00 
0.00 0.00 0.00 1979.78 2958.19 3438.64 3917.11 4394.56 4382.27 4860.37 4850.56 4842.23 4835.48 4830.36 4826.85 4824.95 4824.66 4825.98 4828.90 4833.43 4839.56 4847.31 4856.68 4867.66 4880.28 4894.52 4910.42 4927.96 4947.18 4968.07 4990.67 5014.98 5041.03 5068.83 5098.42 5129.82 5163.05 5198.14 5235.12 5274.02 5314.88 5357.72 5402.58 5449.49 5498.48 5549.58 5602.83 5658.24 5715.86 5775.69 5837.75 5902.07 5968.65 6037.49 6108.58 6181.90 6257.43 6335.12 6414.91 6496.72 6580.45 6665.97 6753.13 6841.72 6931.51 7022.22 7113.53 7205.03 7296.28 7386.79 7475.98 7563.28 7648.11 7729.95 7808.35 7882.74 7951.87 7208.64 7266.45 6502.37 5726.25 4938.32 3310.16 0.00 0.00 0.00 
0.00 0.00 0.00 1978.54 2958.85 3440.29 3919.29 4397.13 4385.34 4863.62 4854.12 4845.88 4839.28 4834.26 4830.83 4828.98 4828.72 4830.05 4832.99 4837.53 4843.67 4851.43 4860.80 4871.79 4884.41 4898.66 4914.56 4932.11 4951.33 4972.23 4994.83 5019.15 5045.20 5073.01 5102.61 5134.01 5167.24 5202.34 5239.33 5278.25 5319.12 5361.97 5406.85 5453.78 5502.79 5553.93 5607.21 5662.66 5720.33 5780.21 5842.35 5906.74 5973.41 6042.35 6113.56 6187.03 6262.72 6340.60 6420.61 6502.67 6586.69 6672.54 6760.06 6849.07 6939.34 7030.57 7122.43 7214.54 7306.41 7397.52 7487.27 7575.01 7660.06 7741.81 7819.84 7894.70 7963.02 7219.90 7276.18 6511.05 5733.39 4942.56 3308.63 0.00 0.00 0.00 
0.00 0.00 0.00 988.51 2466.90 2950.32 3430.97 3910.31 4389.21 4379.04 4370.12 4850.62 4844.30 4839.43 4836.08 4834.28 4834.06 4835.41 4838.36 4842.91 4849.07 4856.83 4866.21 4877.21 4889.83 4904.09 4920.00 4937.56 4956.79 4977.70 5000.30 5024.63 5050.69 5078.51 5108.11 5139.52 5172.76 5207.87 5244.87 5283.80 5324.68 5367.56 5412.46 5459.42 5508.46 5559.64 5612.96 5668.47 5726.20 5786.16 5848.38 5912.88 5979.66 6048.74 6120.12 6193.77 6269.67 6347.80 6428.09 6510.48 6594.88 6681.16 6769.17 6858.73 6949.61 7041.53 7134.14 7227.04 7319.73 7411.65 7502.14 7590.47 7675.83 7757.34 7833.83 7110.08 7174.05 7233.66 6474.57 5703.43 4920.23 4123.46 1652.76 0.00 0.00 0.00 
0.00 0.00 0.00 0.00 1973.60 2952.10 3433.95 3914.19 3904.41 4384.13 4375.83 4368.63 4362.68 4358.21 4355.19 4353.59 4353.40 4354.64 4357.30 4361.41 4366.95 4373.94 4382.39 4392.29 4403.66 4416.50 4430.82 4446.62 4463.93 4482.75 4503.11 4525.00 4548.46 4573.50 4600.14 4628.42 4658.34 4689.94 4723.25 4758.29 4795.10 4833.70 4874.12 4916.40 4960.56 5006.63 5054.65 5104.64 5156.62 5210.62 5266.67 5324.77 5384.94 5447.18 5511.50 5577.88 5646.31 5716.75 5789.16 5863.48 5939.62 6017.49 6096.95 6177.83 6259.93 6342.98 6426.68 6510.65 6594.42 6677.48 6759.21 6838.98 6916.17 6990.48 7062.40 7129.87 7191.33 6441.29 6489.32 5715.46 4928.34 3299.50 0.00 0.00 0.00 0.00 
0.00 0.00 0.00 0.00 0.00 1968.88 2945.75 3428.04 3419.78 3900.79 3893.45 3886.92 4125.29 4121.24 4118.48 4117.02 4116.88 4118.06 4120.59 4124.48 4129.72 4136.33 4144.31 4153.68 4164.42 4176.55 4190.08 4205.02 4221.37 4239.16 4258.38 4279.07 4301.23 4324.89 4350.06 4376.77 4405.04 4434.90 4466.37 4499.47 4534.25 4570.72 4608.92 4648.87 4690.61 4734.16 4779.56 4826.82 4875.98 4927.05 4980.07 5035.04 5091.98 5150.90 5211.79 5274.66 5339.49 5406.26 5474.92 5545.43 5617.71 5691.67 5767.19 5844.12 5922.26 6001.37 6081.16 6161.25 6241.18 6320.41 6398.30 6474.10 6547.05 6616.30 6289.39 6350.87 6405.84 5648.88 5690.17 4908.73 3290.28 823.62 0.00 0.00 0.00 0.00 
0.00 0.00 0.00 0.00 0.00 983.38 1965.42 2941.28 2934.93 3417.42 3411.31 3893.73 3888.83 3885.13 3882.62 3881.29 3881.18 3882.31 3884.70 3888.36 3893.31 3899.53 3907.06 3915.87 3926.00 3937.42 3950.17 3964.24 3979.64 3996.38 4014.49 4033.96 4054.83 4077.10 4100.80 4125.95 4152.57 4180.68 4210.31 4241.49 4274.24 4308.58 4344.56 4382.20 4421.52 4462.55 4505.32 4549.87 4596.21 4644.36 4694.36 4746.22 4799.94 4855.55 4913.06 4972.44 5033.71 5096.84 5161.79 5228.54 5297.01 5367.13 5438.80 5511.87 5586.18 5661.50 5737.55 5813.98 5890.33 5966.05 6040.45 6112.74 6182.09 6247.93 6310.77 5573.27 5620.32 4855.38 4888.19 3279.50 1642.92 0.00 0.00 0.00 0.00 0.00 
0.00 0.00 0.00 0.00 0.00 0.00 490.81 1961.94 2448.92 2933.27 2928.75 2924.44 3408.14 3405.11 3402.99 3401.86 3401.78 3402.77 3404.87 3408.07 3412.40 3417.86 3424.45 3432.17 3441.03 3451.04 3462.20 3474.52 3488.00 3502.66 3518.51 3535.56 3553.82 3573.32 3594.06 3616.07 3639.37 3663.98 3689.92 3717.21 3745.88 3775.95 3807.45 3840.41 3874.84 3910.79 3948.26 3987.29 4027.89 4070.10 4113.93 4159.41 4206.53 4255.33 4305.80 4357.94 4411.76 4467.24 4524.36 4583.09 4643.38 4705.18 4768.39 4832.91 4898.60 4965.27 5032.68 5100.51 5168.37 5235.73 5301.91 5366.06 5427.07 5483.51 4749.77 4794.61 4831.90 4056.99 3262.08 0.00 0.00 0.00 0.00 0.00 0.00 0.00 
0.00 0.00 0.00 0.00 0.00 0.00 0.00 0.00 979.09 1957.14 1955.72 2441.41 2438.71 2436.58 2435.07 2434.25 2434.18 2434.89 2436.38 2438.67 2441.76 2445.66 2450.37 2455.89 2462.23 2469.38 2477.36 2486.17 2495.80 2506.28 2517.61 2529.79 2542.84 2556.77 2571.59 2587.32 2603.97 2621.55 2640.08 2659.59 2680.07 2701.57 2724.08 2747.64 2772.26 2797.96 2824.75 2852.67 2881.71 2911.92 2943.28 2975.83 3009.58 3044.53 3080.69 3118.06 3156.65 3196.46 3237.46 3279.64 3322.98 3367.43 3412.95 3459.46 3506.88 3555.07 3603.89 3653.10 3702.44 3751.52 3799.84 3846.76 3891.51 3933.34 3972.50 3208.71 3226.15 1619.84 0.00 0.00 0.00 0.00 0.00 0.00 0.00 0.00 
0.00 0.00 0.00 0.00 0.00 0.00 0.00 0.00 0.00 0.00 0.00 0.00 486.62 486.38 486.16 486.03 486.03 486.18 486.48 486.94 487.56 488.34 489.28 490.39 491.65 493.08 494.68 496.44 498.36 500.46 502.72 505.16 507.77 510.55 513.52 516.66 519.99 523.51 527.21 531.11 535.21 539.50 544.00 548.71 553.63 558.77 564.12 569.70 575.50 581.53 587.79 594.29 601.03 608.00 615.21 622.66 630.35 638.28 646.45 654.84 663.46 672.29 681.32 690.54 699.93 709.45 719.06 728.72 738.35 747.84 757.03 765.65 773.19 778.50 0.00 0.00 0.00 0.00 0.00 0.00 0.00 0.00 0.00 0.00 0.00 0.00 
0.00 0.00 0.00 0.00 0.00 0.00 0.00 0.00 0.00 0.00 0.00 0.00 0.00 0.00 0.00 0.00 0.00 0.00 0.00 0.00 0.00 0.00 0.00 0.00 0.00 0.00 0.00 0.00 0.00 0.00 0.00 0.00 0.00 0.00 0.00 0.00 0.00 0.00 0.00 0.00 0.00 0.00 0.00 0.00 0.00 0.00 0.00 0.00 0.00 0.00 0.00 0.00 0.00 0.00 0.00 0.00 0.00 0.00 0.00 0.00 0.00 0.00 0.00 0.00 0.00 0.00 0.00 0.00 0.00 0.00 0.00 0.00 0.00 0.00 0.00 0.00 0.00 0.00 0.00 0.00 0.00 0.00 0.00 0.00 0.00 0.00 
0.00 0.00 0.00 0.00 0.00 0.00 0.00 0.00 0.00 0.00 0.00 0.00 0.00 0.00 0.00 0.00 0.00 0.00 0.00 0.00 0.00 0.00 0.00 0.00 0.00 0.00 0.00 0.00 0.00 0.00 0.00 0.00 0.00 0.00 0.00 0.00 0.00 0.00 0.00 0.00 0.00 0.00 0.00 0.00 0.00 0.00 0.00 0.00 0.00 0.00 0.00 0.00 0.00 0.00 0.00 0.00 0.00 0.00 0.00 0.00 0.00 0.00 0.00 0.00 0.00 0.00 0.00 0.00 0.00 0.00 0.00 0.00 0.00 0.00 0.00 0.00 0.00 0.00 0.00 0.00 0.00 0.00 0.00 0.00 0.00 0.00 
0.00 0.00 0.00 0.00 0.00 0.00 0.00 0.00 0.00 0.00 0.00 0.00 0.00 0.00 0.00 0.00 0.00 0.00 0.00 0.00 0.00 0.00 0.00 0.00 0.00 0.00 0.00 0.00 0.00 0.00 0.00 0.00 0.00 0.00 0.00 0.00 0.00 0.00 0.00 0.00 0.00 0.00 0.00 0.00 0.00 0.00 0.00 0.00 0.00 0.00 0.00 0.00 0.00 0.00 0.00 0.00 0.00 0.00 0.00 0.00 0.00 0.00 0.00 0.00 0.00 0.00 0.00 0.00 0.00 0.00 0.00 0.00 0.00 0.00 0.00 0.00 0.00 0.00 0.00 0.00 0.00 0.00 0.00 0.00 0.00 0.00 
