0.00 0.00 0.00 0.00 0.00 0.00 0.00 0.00 0.00 0.00 0.00 0.00 0.00 0.00 0.00 0.00 0.00 0.00 0.00 0.00 0.00 0.00 0.00 0.00 0.00 0.00 0.00 0.00 0.00 0.00 0.00 0.00 0.00 0.00 0.00 0.00 0.00 0.00 0.00 0.00 0.00 0.00 0.00 0.00 0.00 0.00 0.00 0.00 0.00 0.00 0.00 0.00 0.00 0.00 0.00 0.00 0.00 0.00 0.00 0.00 0.00 0.00 0.00 0.00 0.00 0.00 0.00 0.00 0.00 0.00 0.00 0.00 0.00 0.00 0.00 0.00 0.00 0.00 0.00 0.00 0.00 0.00 0.00 0.00 0.00 0.00 
0.00 0.00 0.00 0.00 0.00 0.00 0.00 0.00 0.00 0.00 0.00 0.00 0.00 0.00 0.00 0.00 0.00 0.00 0.00 0.00 0.00 0.00 0.00 0.00 0.00 0.00 0.00 0.00 0.00 0.00 0.00 0.00 0.00 0.00 0.00 0.00 0.00 0.00 0.00 0.00 0.00 0.00 0.00 0.00 0.00 0.00 0.00 0.00 0.00 0.00 0.00 0.00 0.00 0.00 0.00 0.00 0.00 0.00 0.00 0.00 0.00 0.00 0.00 0.00 0.00 0.00 0.00 0.00 0.00 0.00 0.00 0.00 0.00 0.00 0.00 0.00 0.00 0.00 0.00 0.00 0.00 0.00 0.00 0.00 0.00 0.00 
0.00 0.00 0.00 0.00 0.00 0.00 0.00 0.00 0.00 0.00 0.00 0.00 0.00 0.00 0.00 0.00 0.00 0.00 0.00 0.00 0.00 0.00 0.00 0.00 0.00 0.00 0.00 0.00 0.00 0.00 0.00 0.00 0.00 0.00 0.00 0.00 0.00 0.00 0.00 0.00 0.00 0.00 0.00 0.00 0.00 0.00 0.00 0.00 0.00 0.00 0.00 0.00 0.00 0.00 0.00 0.00 0.00 0.00 0.00 0.00 0.00 0.00 0.00 0.00 0.00 0.00 0.00 0.00 0.00 0.00 0.00 0.00 0.00 0.00 0.00 0.00 0.00 0.00 0.00 0.00 0.00 0.00 0.00 0.00 0.00 0.00 
0.00 0.00 0.00 0.00 0.00 0.00 0.00 0.00 994.61 1987.31 1985.16 2476.97 2473.43 2470.07 2467.27 2465.21 2463.96 2463.57 2464.07 2465.47 2467.77 2470.98 2475.09 2480.11 2486.03 2492.86 2500.59 2509.21 2518.74 2529.17 2540.50 2552.73 2565.86 2579.90 2594.85 2610.71 2627.48 2645.17 2663.77 2683.30 2703.75 2725.12 2747.41 2770.62 2794.75 2819.79 2845.74 2872.59 2900.32 2928.92 2958.36 2988.62 3019.67 3051.45 3083.94 3117.05 3150.72 3184.86 3219.35 3254.07 3288.85 3323.50 3357.78 3391.41 3424.06 3455.34 3484.87 3512.23 3537.07 3559.13 3578.31 3594.66 3608.35 3619.56 3628.11 2908.91 2911.59 1456.31 0.00 0.00 0.00 0.00 0.00 0.00 0.00 0.00 
0.00 0.00 0.00 0.00 0.00 0.00 0.00 1994.42 2488.26 2978.77 2972.89 2967.22 2962.29 2958.08 2954.71 2952.26 2950.79 2950.36 2950.98 2952.66 2955.43 2959.27 2964.19 2970.19 2977.28 2985.44 2994.68 3005.00 3016.40 3028.87 3042.42 3057.06 3072.77 3089.57 3107.45 3126.42 3146.48 3167.63 3189.88 3213.23 3237.67 3263.21 3289.84 3317.57 3346.39 3376.29 3407.26 3439.28 3472.34 3506.41 3541.47 3577.48 3614.40 3652.16 3690.71 3729.96 3769.83 3810.19 3850.92 3891.84 3932.77 3973.46 4013.64 4053.00 4091.17 4127.74 4162.30 4194.42 4223.77 4250.09 4273.29 4293.45 4310.80 4325.71 4338.52 4349.95 4359.77 3640.94 2916.54 0.00 0.00 0.00 0.00 0.00 0.00 0.00 
0.00 0.00 0.00 0.00 0.00 1001.40 2000.31 2990.63 2982.52 3470.67 3462.80 3950.32 3943.69 3938.05 3933.57 3930.34 3928.43 3927.88 3928.72 3930.98 3934.67 3939.78 3946.33 3954.32 3963.74 3974.60 3986.89 4000.62 4015.78 4032.37 4050.40 4069.86 4090.76 4113.11 4136.89 4162.13 4188.81 4216.94 4246.53 4277.57 4310.06 4344.01 4379.41 4416.26 4454.54 4494.24 4535.35 4577.85 4621.72 4666.90 4713.37 4761.07 4809.94 4859.91 4910.87 4962.72 5015.34 5068.55 5122.18 5176.00 5229.76 5283.14 5335.79 5387.31 5437.24 5485.10 5530.36 5572.57 5611.30 5646.29 5677.43 5704.83 5728.76 5749.66 5767.89 5059.06 5073.06 4358.43 4369.04 2918.41 1459.19 0.00 0.00 0.00 0.00 0.00 
0.00 0.00 0.00 0.00 0.00 2005.14 2997.63 3485.88 3475.47 3961.67 3952.19 3943.56 4183.19 4177.08 4172.28 4168.84 4166.82 4166.24 4167.15 4169.55 4173.46 4178.89 4185.83 4194.30 4204.28 4215.79 4228.81 4243.35 4259.42 4277.00 4296.10 4316.73 4338.88 4362.55 4387.76 4414.49 4442.76 4472.56 4503.90 4536.77 4571.18 4607.12 4644.59 4683.58 4724.08 4766.07 4809.53 4854.45 4900.77 4948.48 4997.51 5047.82 5099.32 5151.93 5205.54 5260.05 5315.29 5371.10 5427.28 5483.59 5539.76 5595.47 5650.36 5704.03 5756.02 5805.87 5853.10 5897.27 5938.01 5975.09 6008.42 6038.09 6064.40 6087.72 5747.38 5766.59 5784.03 5072.85 5087.21 4370.87 2919.90 729.88 0.00 0.00 0.00 0.00 
0.00 0.00 0.00 0.00 2011.84 3006.59 3494.58 3980.30 3968.01 4452.50 4441.71 4432.07 4423.78 4417.06 4411.86 4408.17 4406.00 4405.39 4406.34 4408.88 4413.02 4418.75 4426.09 4435.03 4445.58 4457.73 4471.49 4486.86 4503.83 4522.41 4542.59 4564.38 4587.79 4612.80 4639.43 4667.67 4697.53 4729.01 4762.11 4796.83 4833.16 4871.10 4910.65 4951.80 4994.53 5038.82 5084.66 5132.00 5180.83 5231.08 5282.71 5335.65 5389.81 5445.12 5501.44 5558.65 5616.60 5675.08 5733.91 5792.81 5851.52 5909.69 5966.97 6022.94 6077.17 6129.18 6178.53 6224.79 6267.62 6306.80 6342.27 6374.16 6402.78 6428.69 6452.61 6474.53 6494.78 5786.70 5804.05 5091.21 4374.91 2921.65 0.00 0.00 0.00 0.00 
0.00 0.00 0.00 1008.57 2514.91 3005.21 3491.89 3976.64 4460.46 4447.55 4436.01 4920.63 4911.73 4904.35 4898.56 4894.44 4892.02 4891.33 4892.38 4895.20 4899.79 4906.15 4914.29 4924.22 4935.93 4949.42 4964.69 4981.74 5000.58 5021.19 5043.59 5067.78 5093.75 5121.51 5151.06 5182.40 5215.54 5250.47 5287.19 5325.71 5366.02 5408.11 5451.98 5497.61 5544.99 5594.10 5644.91 5697.39 5751.49 5807.17 5864.35 5922.97 5982.94 6044.14 6106.44 6169.71 6233.76 6298.39 6363.36 6428.39 6493.18 6557.36 6620.54 6682.27 6742.09 6799.49 6854.00 6905.17 6952.63 6996.16 7035.69 7071.35 7103.43 7132.35 7158.58 6457.75 6480.01 6501.19 5792.95 5082.32 4368.77 3650.72 1461.17 0.00 0.00 0.00 
0.00 0.00 0.00 2018.90 3016.41 3504.19 3988.69 4471.44 4456.70 4939.26 4926.91 4915.86 4906.58 4899.01 4893.12 4888.94 4886.49 4885.77 4886.82 4889.63 4894.20 4900.56 4908.69 4918.59 4930.28 4943.74 4958.99 4976.01 4994.81 5015.39 5037.75 5061.89 5087.81 5115.52 5145.01 5176.29 5209.36 5244.22 5280.86 5319.30 5359.51 5401.49 5445.24 5490.75 5537.98 5586.93 5637.56 5689.84 5743.72 5799.15 5856.05 5914.36 5973.98 6034.80 6096.68 6159.48 6223.01 6287.08 6351.43 6415.80 6479.89 6543.34 6605.76 6666.75 6725.85 6782.60 6836.55 6887.30 6934.52 6978.01 7017.73 7053.80 7086.54 7116.40 7143.96 7169.98 7194.07 6489.92 6511.53 5803.28 5092.14 4377.00 2923.92 0.00 0.00 0.00 
0.00 0.00 0.00 2020.47 3015.91 3502.59 3986.57 4468.87 4453.57 4935.92 4923.21 4912.05 4902.58 4894.86 4888.88 4884.65 4882.17 4881.44 4882.47 4885.27 4889.84 4896.18 4904.30 4914.19 4925.86 4939.31 4954.53 4971.53 4990.30 5010.85 5033.18 5057.28 5083.17 5110.84 5140.29 5171.52 5204.53 5239.33 5275.92 5314.28 5354.41 5396.32 5439.97 5485.37 5532.49 5581.32 5631.80 5683.92 5737.63 5792.85 5849.54 5907.61 5966.95 6027.47 6089.02 6151.45 6214.57 6278.19 6342.07 6405.93 6469.48 6532.36 6594.22 6654.64 6713.20 6769.46 6823.01 6873.46 6920.52 6964.00 7003.88 7040.29 7073.54 7104.08 7132.44 7159.08 7184.29 6480.90 6503.84 5796.70 5086.99 4373.85 2924.53 0.00 0.00 0.00 
0.00 0.00 0.00 2525.07 3015.78 4001.71 3985.06 4467.05 4948.25 4933.66 4920.70 4909.37 4899.74 4891.91 4885.87 4881.61 4879.10 4878.36 4879.39 4882.18 4886.74 4893.08 4901.19 4911.07 4922.73 4936.16 4951.37 4968.35 4987.10 5007.63 5029.94 5054.02 5079.88 5107.51 5136.93 5168.13 5201.11 5235.87 5272.40 5310.72 5350.80 5392.64 5436.23 5481.55 5528.59 5577.32 5627.71 5679.71 5733.29 5788.38 5844.91 5902.80 5961.95 6022.25 6083.56 6145.73 6208.57 6271.87 6335.41 6398.91 6462.08 6524.57 6586.02 6646.05 6704.24 6760.17 6813.44 6863.69 6910.65 6954.14 6994.14 7030.80 7064.41 7095.46 7124.44 7151.66 7177.52 7202.38 6498.50 5791.98 5812.68 4371.59 3654.68 0.00 0.00 0.00 
0.00 0.00 0.00 2525.29 3015.58 4000.98 4233.48 4466.03 4947.04 4932.38 4919.31 4907.86 5144.44 5136.36 5130.09 5125.64 5123.03 5122.26 5123.34 5126.27 5131.07 5137.72 5146.24 5156.62 5168.86 5182.97 5198.93 5216.76 5236.46 5258.01 5281.43 5306.72 5333.87 5362.89 5393.78 5426.53 5461.16 5497.66 5536.02 5576.24 5618.33 5662.26 5708.02 5755.61 5805.00 5856.16 5909.06 5963.66 6019.91 6077.75 6137.10 6197.88 6259.98 6323.29 6387.66 6452.94 6518.92 6585.39 6652.11 6718.80 6785.13 6850.77 6915.32 6978.39 7039.53 7098.30 7154.29 7207.11 7256.46 7302.17 7344.18 7382.62 7417.75 7449.98 7120.13 7147.75 7173.95 7199.18 6495.67 5789.46 5810.63 5099.98 3654.41 0.00 0.00 0.00 
0.00 0.00 0.00 2525.13 3015.41 4000.77 4233.27 4465.81 4946.81 4932.14 4919.07 4907.63 5144.19 5136.11 5129.84 5125.39 5122.78 5122.01 5123.09 5126.03 5130.82 5137.48 5145.99 5156.37 5168.62 5182.72 5198.69 5216.52 5236.21 5257.76 5281.18 5306.46 5333.61 5362.63 5393.51 5426.27 5460.89 5497.38 5535.74 5575.96 5618.04 5661.96 5707.72 5755.31 5804.69 5855.84 5908.73 5963.32 6019.56 6077.38 6136.72 6197.48 6259.57 6322.86 6387.21 6452.46 6518.42 6584.88 6651.58 6718.24 6784.56 6850.18 6914.72 6977.77 7038.90 7097.67 7153.67 7206.50 7255.88 7301.61 7343.65 7382.13 7417.31 7449.59 7119.79 7147.46 7173.70 7198.97 6495.51 5789.33 5810.53 5099.90 3654.35 0.00 0.00 0.00 
0.00 0.00 0.00 2524.60 3015.25 4001.10 3984.46 4466.40 4947.57 4932.97 4919.99 4908.65 4899.01 4891.17 4885.13 4880.86 4878.35 4877.61 4878.64 4881.44 4886.00 4892.34 4900.45 4910.34 4921.99 4935.42 4950.63 4967.61 4986.36 5006.88 5029.18 5053.26 5079.11 5106.74 5136.15 5167.34 5200.31 5235.05 5271.58 5309.88 5349.94 5391.76 5435.34 5480.64 5527.65 5576.36 5626.71 5678.69 5732.23 5787.28 5843.76 5901.61 5960.71 6020.96 6082.21 6144.32 6207.09 6270.34 6333.81 6397.25 6460.35 6522.79 6584.20 6644.19 6702.36 6758.28 6811.57 6861.86 6908.88 6952.45 6992.56 7029.33 7063.09 7094.28 7123.42 7150.78 7176.78 7201.77 6498.02 5791.61 5812.38 4371.37 3654.52 0.00 0.00 0.00 
0.00 0.00 0.00 2019.82 3015.05 3501.66 3985.56 4467.79 4452.50 4934.76 4922.04 4910.85 4901.36 4893.62 4887.63 4883.39 4880.91 4880.19 4881.22 4884.03 4888.60 4894.95 4903.07 4912.96 4924.63 4938.08 4953.29 4970.29 4989.05 5009.60 5031.92 5056.01 5081.89 5109.54 5138.98 5170.19 5203.19 5237.97 5274.54 5312.87 5352.98 5394.86 5438.48 5483.84 5530.93 5579.70 5630.14 5682.21 5735.85 5791.02 5847.63 5905.62 5964.89 6025.31 6086.76 6149.09 6212.11 6275.63 6339.39 6403.15 6466.59 6529.38 6591.15 6651.51 6710.03 6766.29 6819.86 6870.37 6917.53 6961.15 7001.20 7037.82 7071.30 7102.10 7130.71 7157.61 7183.06 6479.94 6503.05 5796.10 5086.53 4373.50 2924.30 0.00 0.00 0.00 
0.00 0.00 0.00 2018.08 3015.25 3502.91 3987.31 4469.94 4455.21 4937.65 4925.27 4914.17 4904.86 4897.26 4891.35 4887.17 4884.72 4884.01 4885.06 4887.88 4892.47 4898.82 4906.96 4916.87 4928.55 4942.01 4957.25 4974.27 4993.06 5013.63 5035.98 5060.10 5086.01 5113.70 5143.18 5174.44 5207.48 5242.31 5278.93 5317.33 5357.50 5399.45 5443.15 5488.61 5535.79 5584.67 5635.24 5687.44 5741.24 5796.57 5853.38 5911.58 5971.09 6031.78 6093.53 6156.18 6219.56 6283.47 6347.67 6411.89 6475.82 6539.13 6601.44 6662.33 6721.37 6778.09 6832.08 6882.91 6930.26 6973.94 7013.91 7050.28 7083.35 7113.58 7141.53 7167.93 7192.37 6488.59 6510.45 5802.46 5091.52 4376.53 2923.63 0.00 0.00 0.00 
0.00 0.00 0.00 1008.07 2513.65 3003.75 3490.27 3974.88 4458.56 4445.62 4434.03 4918.46 4909.50 4902.07 4896.27 4892.14 4889.73 4889.05 4890.11 4892.94 4897.54 4903.92 4912.07 4921.99 4933.70 4947.19 4962.45 4979.50 4998.32 5018.92 5041.31 5065.48 5091.43 5119.17 5148.69 5180.01 5213.11 5248.01 5284.69 5323.17 5363.43 5405.47 5449.29 5494.86 5542.17 5591.20 5641.92 5694.30 5748.30 5803.86 5860.92 5919.40 5979.21 6040.25 6102.38 6165.46 6229.32 6293.74 6358.50 6423.33 6487.91 6551.90 6614.91 6676.51 6736.23 6793.60 6848.13 6899.39 6947.02 6990.80 7030.65 7066.69 7099.22 7128.65 7155.41 6455.25 6477.96 6499.52 5791.69 5081.39 4368.09 3650.23 1460.99 0.00 0.00 0.00 
0.00 0.00 0.00 0.00 2010.63 3004.84 3492.62 3978.18 3965.91 4450.16 4439.31 4429.56 4421.16 4414.39 4409.16 4405.47 4403.32 4402.73 4403.71 4406.26 4410.41 4416.16 4423.50 4432.45 4443.00 4455.15 4468.90 4484.25 4501.21 4519.78 4539.94 4561.71 4585.09 4610.08 4636.68 4664.89 4694.72 4726.16 4759.22 4793.89 4830.17 4868.05 4907.54 4948.61 4991.26 5035.47 5081.20 5128.44 5177.14 5227.26 5278.74 5331.52 5385.52 5440.63 5496.75 5553.74 5611.45 5669.70 5728.27 5786.93 5845.38 5903.32 5960.38 6016.17 6070.26 6122.20 6171.55 6217.90 6260.91 6300.36 6336.19 6368.53 6397.69 6424.23 6448.86 6471.47 6492.30 5784.87 5802.58 5090.13 4374.13 2921.18 0.00 0.00 0.00 0.00 
0.00 0.00 0.00 0.00 0.00 2003.61 2995.55 3483.65 3473.27 3959.17 3949.57 3940.78 4180.10 4173.92 4169.11 4165.69 4163.69 4163.16 4164.09 4166.52 4170.45 4175.89 4182.84 4191.31 4201.29 4212.79 4225.81 4240.34 4256.39 4273.95 4293.03 4313.64 4335.76 4359.41 4384.58 4411.28 4439.51 4469.27 4500.56 4533.38 4567.73 4603.60 4641.00 4679.90 4720.31 4762.20 4805.55 4850.34 4896.53 4944.08 4992.95 5043.07 5094.37 5146.76 5200.14 5254.38 5309.35 5364.88 5420.76 5476.76 5532.62 5588.03 5642.64 5696.06 5747.86 5797.59 5844.79 5889.04 5929.97 5967.35 6001.09 6031.28 6058.21 6082.29 5743.11 5763.22 5781.36 5070.97 5085.71 4369.82 2919.29 729.74 0.00 0.00 0.00 0.00 
0.00 0.00 0.00 0.00 0.00 1000.39 1998.39 2988.45 2980.38 3468.14 3460.11 3947.04 3940.05 3934.36 3929.91 3926.73 3924.87 3924.37 3925.26 3927.55 3931.26 3936.39 3942.95 3950.94 3960.36 3971.21 3983.49 3997.20 4012.34 4028.92 4046.92 4066.36 4087.23 4109.55 4133.30 4158.49 4185.13 4213.21 4242.75 4273.73 4306.16 4340.03 4375.35 4412.11 4450.29 4489.88 4530.87 4573.23 4616.94 4661.96 4708.24 4755.74 4804.38 4854.10 4904.79 4956.35 5008.65 5061.53 5114.80 5168.26 5221.64 5274.65 5326.95 5378.15 5427.82 5475.49 5520.67 5562.92 5601.84 5637.16 5668.75 5696.70 5721.29 5743.04 5762.79 5055.59 5070.36 4356.62 4367.60 2917.63 1458.85 0.00 0.00 0.00 0.00 0.00 
0.00 0.00 0.00 0.00 0.00 0.00 498.90 1993.04 2486.36 2976.37 2970.29 2964.32 3452.59 3447.86 3444.05 3441.30 3439.68 3439.24 3440.01 3442.01 3445.26 3449.76 3455.52 3462.52 3470.79 3480.31 3491.08 3503.11 3516.40 3530.93 3546.73 3563.78 3582.09 3601.66 3622.49 3644.59 3667.96 3692.60 3718.52 3745.71 3774.17 3803.91 3834.92 3867.19 3900.73 3935.52 3971.55 4008.80 4047.24 4086.86 4127.61 4169.45 4212.33 4256.18 4300.93 4346.49 4392.74 4439.56 4486.78 4534.22 4581.66 4628.83 4675.43 4721.09 4765.42 4807.97 4848.26 4885.84 4920.30 4951.35 4978.86 5002.85 5023.52 5041.15 4334.01 4346.63 4357.22 3639.30 2915.45 0.00 0.00 0.00 0.00 0.00 0.00 0.00 
0.00 0.00 0.00 0.00 0.00 0.00 0.00 0.00 993.78 1985.55 1983.26 2474.34 2470.32 2466.92 2464.18 2462.19 2461.01 2460.68 2461.22 2462.65 2464.97 2468.19 2472.31 2477.33 2483.25 2490.07 2497.78 2506.40 2515.91 2526.32 2537.63 2549.84 2562.96 2576.97 2591.89 2607.72 2624.46 2642.10 2660.67 2680.14 2700.54 2721.85 2744.08 2767.22 2791.27 2816.22 2842.07 2868.81 2896.42 2924.88 2954.17 2984.26 3015.11 3046.70 3078.95 3111.82 3145.22 3179.07 3213.25 3247.64 3282.09 3316.39 3350.34 3383.65 3416.03 3447.12 3476.55 3503.93 3528.92 3551.27 3570.84 3587.66 3601.90 3613.84 3624.11 2906.56 2909.73 1455.51 0.00 0.00 0.00 0.00 0.00 0.00 0.00 0.00 
0.00 0.00 0.00 0.00 0.00 0.00 0.00 0.00 0.00 0.00 0.00 0.00 492.79 492.40 491.98 491.64 491.43 491.38 491.50 491.79 492.25 492.90 493.72 494.72 495.90 497.26 498.80 500.52 502.42 504.50 506.75 509.19 511.81 514.60 517.58 520.74 524.08 527.60 531.30 535.19 539.26 543.51 547.94 552.55 557.34 562.32 567.47 572.79 578.28 583.95 589.77 595.75 601.88 608.15 614.55 621.06 627.68 634.37 641.12 647.90 654.69 661.43 668.08 674.61 680.94 687.01 692.76 698.11 703.02 707.43 711.31 714.61 717.26 719.01 0.00 0.00 0.00 0.00 0.00 0.00 0.00 0.00 0.00 0.00 0.00 0.00 
0.00 0.00 0.00 0.00 0.00 0.00 0.00 0.00 0.00 0.00 0.00 0.00 0.00 0.00 0.00 0.00 0.00 0.00 0.00 0.00 0.00 0.00 0.00 0.00 0.00 0.00 0.00 0.00 0.00 0.00 0.00 0.00 0.00 0.00 0.00 0.00 0.00 0.00 0.00 0.00 0.00 0.00 0.00 0.00 0.00 0.00 0.00 0.00 0.00 0.00 0.00 0.00 0.00 0.00 0.00 0.00 0.00 0.00 0.00 0.00 0.00 0.00 0.00 0.00 0.00 0.00 0.00 0.00 0.00 0.00 0.00 0.00 0.00 0.00 0.00 0.00 0.00 0.00 0.00 0.00 0.00 0.00 0.00 0.00 0.00 0.00 
0.00 0.00 0.00 0.00 0.00 0.00 0.00 0.00 0.00 0.00 0.00 0.00 0.00 0.00 0.00 0.00 0.00 0.00 0.00 0.00 0.00 0.00 0.00 0.00 0.00 0.00 0.00 0.00 0.00 0.00 0.00 0.00 0.00 0.00 0.00 0.00 0.00 0.00 0.00 0.00 0.00 0.00 0.00 0.00 0.00 0.00 0.00 0.00 0.00 0.00 0.00 0.00 0.00 0.00 0.00 0.00 0.00 0.00 0.00 0.00 0.00 0.00 0.00 0.00 0.00 0.00 0.00 0.00 0.00 0.00 0.00 0.00 0.00 0.00 0.00 0.00 0.00 0.00 0.00 0.00 0.00 0.00 0.00 0.00 0.00 0.00 
0.00 0.00 0.00 0.00 0.00 0.00 0.00 0.00 0.00 0.00 0.00 0.00 0.00 0.00 0.00 0.00 0.00 0.00 0.00 0.00 0.00 0.00 0.00 0.00 0.00 0.00 0.00 0.00 0.00 0.00 0.00 0.00 0.00 0.00 0.00 0.00 0.00 0.00 0.00 0.00 0.00 0.00 0.00 0.00 0.00 0.00 0.00 0.00 0.00 0.00 0.00 0.00 0.00 0.00 0.00 0.00 0.00 0.00 0.00 0.00 0.00 0.00 0.00 0.00 0.00 0.00 0.00 0.00 0.00 0.00 0.00 0.00 0.00 0.00 0.00 0.00 0.00 0.00 0.00 0.00 0.00 0.00 0.00 0.00 0.00 0.00 
