0.00 0.00 0.00 0.00 0.00 0.00 0.00 0.00 0.00 0.00 0.00 0.00 0.00 0.00 0.00 0.00 0.00 0.00 0.00 0.00 0.00 0.00 0.00 0.00 0.00 0.00 0.00 0.00 0.00 0.00 0.00 0.00 0.00 0.00 0.00 0.00 0.00 0.00 0.00 0.00 0.00 0.00 0.00 0.00 0.00 0.00 0.00 0.00 0.00 0.00 0.00 0.00 0.00 0.00 0.00 0.00 0.00 0.00 0.00 0.00 0.00 0.00 0.00 0.00 0.00 0.00 0.00 0.00 0.00 0.00 0.00 0.00 0.00 0.00 0.00 0.00 0.00 0.00 0.00 0.00 0.00 0.00 0.00 0.00 0.00 0.00 
0.00 0.00 0.00 0.00 0.00 0.00 0.00 0.00 0.00 0.00 0.00 0.00 0.00 0.00 0.00 0.00 0.00 0.00 0.00 0.00 0.00 0.00 0.00 0.00 0.00 0.00 0.00 0.00 0.00 0.00 0.00 0.00 0.00 0.00 0.00 0.00 0.00 0.00 0.00 0.00 0.00 0.00 0.00 0.00 0.00 0.00 0.00 0.00 0.00 0.00 0.00 0.00 0.00 0.00 0.00 0.00 0.00 0.00 0.00 0.00 0.00 0.00 0.00 0.00 0.00 0.00 0.00 0.00 0.00 0.00 0.00 0.00 0.00 0.00 0.00 0.00 0.00 0.00 0.00 0.00 0.00 0.00 0.00 0.00 0.00 0.00 
0.00 0.00 0.00 0.00 0.00 0.00 0.00 0.00 0.00 0.00 0.00 0.00 0.00 0.00 0.00 0.00 0.00 0.00 0.00 0.00 0.00 0.00 0.00 0.00 0.00 0.00 0.00 0.00 0.00 0.00 0.00 0.00 0.00 0.00 0.00 0.00 0.00 0.00 0.00 0.00 0.00 0.00 0.00 0.00 0.00 0.00 0.00 0.00 0.00 0.00 0.00 0.00 0.00 0.00 0.00 0.00 0.00 0.00 0.00 0.00 0.00 0.00 0.00 0.00 0.00 0.00 0.00 0.00 0.00 0.00 0.00 0.00 0.00 0.00 0.00 0.00 0.00 0.00 0.00 0.00 0.00 0.00 0.00 0.00 0.00 0.00 
0.00 0.00 0.00 0.00 0.00 0.00 0.00 0.00 1073.38 2146.92 2146.65 2681.98 2681.20 2680.72 2680.80 2681.52 2682.92 2685.01 2687.78 2691.23 2695.34 2700.09 2705.47 2711.46 2718.04 2725.19 2732.90 2741.14 2749.88 2759.10 2768.79 2778.90 2789.41 2800.30 2811.51 2823.04 2834.83 2846.86 2859.09 2871.48 2884.01 2896.66 2909.39 2922.20 2935.08 2948.02 2961.04 2974.14 2987.36 3000.73 3014.29 3028.08 3042.16 3056.57 3071.38 3086.64 3102.42 3118.77 3135.76 3153.42 3171.83 3191.03 3211.07 3231.99 3253.82 3276.60 3300.35 3325.06 3350.73 3377.31 3404.70 3432.71 3460.99 3488.84 3514.75 2835.06 2850.49 1432.92 0.00 0.00 0.00 0.00 0.00 0.00 0.00 0.00 
0.00 0.00 0.00 0.00 0.00 0.00 0.00 2148.56 2683.62 3216.84 3214.06 3211.81 3210.27 3209.44 3209.40 3210.18 3211.78 3214.21 3217.46 3221.51 3226.36 3231.97 3238.33 3245.42 3253.21 3261.69 3270.82 3280.59 3290.96 3301.90 3313.39 3325.39 3337.87 3350.79 3364.11 3377.80 3391.81 3406.11 3420.66 3435.42 3450.36 3465.45 3480.67 3496.00 3511.43 3526.97 3542.62 3558.40 3574.34 3590.48 3606.86 3623.53 3640.56 3658.01 3675.93 3694.40 3713.49 3733.25 3753.77 3775.09 3797.29 3820.42 3844.53 3869.67 3895.89 3923.20 3951.62 3981.17 4011.80 4043.48 4076.08 4109.43 4143.28 4177.26 4211.02 4245.04 4276.41 3593.40 2894.29 0.00 0.00 0.00 0.00 0.00 0.00 0.00 
0.00 0.00 0.00 0.00 0.00 1075.01 2149.89 3220.04 3215.26 3746.89 3742.79 4275.52 4273.18 4271.89 4271.71 4272.65 4274.70 4277.86 4282.11 4287.42 4293.79 4301.18 4309.57 4318.92 4329.21 4340.41 4352.48 4365.38 4379.09 4393.56 4408.74 4424.61 4441.11 4458.20 4475.82 4493.93 4512.48 4531.42 4550.70 4570.27 4590.09 4610.13 4630.36 4650.76 4671.32 4692.03 4712.92 4734.01 4755.34 4776.95 4798.90 4821.25 4844.09 4867.49 4891.54 4916.31 4941.90 4968.39 4995.87 5024.42 5054.12 5085.04 5117.24 5150.79 5185.73 5222.10 5259.91 5299.16 5339.81 5381.77 5424.91 5469.00 5513.73 5558.64 5602.93 4944.44 4984.57 4311.41 4346.97 2929.06 1473.49 0.00 0.00 0.00 0.00 0.00 
0.00 0.00 0.00 0.00 0.00 2151.18 3221.29 3751.80 3745.46 4275.88 4270.82 4266.73 4531.70 4530.09 4529.72 4530.58 4532.64 4535.89 4540.29 4545.84 4552.49 4560.23 4569.03 4578.85 4589.65 4601.42 4614.11 4627.68 4642.10 4657.32 4673.30 4690.00 4707.37 4725.36 4743.92 4763.01 4782.56 4802.53 4822.87 4843.54 4864.49 4885.69 4907.11 4928.73 4950.55 4972.57 4994.79 5017.26 5040.00 5063.06 5086.51 5110.41 5134.83 5159.85 5185.56 5212.05 5239.40 5267.71 5297.05 5327.52 5359.18 5392.12 5426.41 5462.08 5499.21 5537.81 5577.90 5619.48 5662.50 5706.89 5752.52 5799.19 5846.60 5894.29 5594.63 5643.29 5691.12 5026.56 5071.26 4389.55 2956.56 743.78 0.00 0.00 0.00 0.00 
0.00 0.00 0.00 0.00 2153.21 3224.25 3754.08 4282.92 4275.37 4804.74 4798.98 4794.42 4791.12 4789.21 4788.68 4789.47 4791.54 4794.88 4799.46 4805.23 4812.19 4820.29 4829.50 4839.80 4851.14 4863.49 4876.81 4891.06 4906.20 4922.19 4938.99 4956.54 4974.80 4993.71 5013.23 5033.31 5053.88 5074.91 5096.33 5118.11 5140.21 5162.58 5185.21 5208.06 5231.15 5254.47 5278.03 5301.86 5326.01 5350.51 5375.44 5400.86 5426.84 5453.46 5480.83 5509.01 5538.11 5568.21 5599.40 5631.77 5665.39 5700.35 5736.70 5774.52 5813.84 5854.70 5897.12 5941.09 5986.59 6033.55 6081.89 6131.48 6182.20 6234.10 6287.82 6342.48 6396.99 5740.05 5792.45 5120.15 4434.95 2986.52 0.00 0.00 0.00 0.00 
0.00 0.00 0.00 1077.10 2690.67 3221.20 3749.72 4277.59 4805.62 4798.00 4791.62 5322.61 5319.04 5316.94 5316.31 5317.12 5319.37 5323.02 5328.04 5334.40 5342.06 5351.01 5361.18 5372.56 5385.10 5398.75 5413.48 5429.25 5446.00 5463.70 5482.28 5501.71 5521.92 5542.86 5564.47 5586.70 5609.49 5632.78 5656.52 5680.66 5705.16 5729.98 5755.08 5780.46 5806.10 5832.01 5858.20 5884.71 5911.57 5938.85 5966.60 5994.90 6023.83 6053.49 6083.96 6115.35 6147.75 6181.26 6215.98 6252.00 6289.40 6328.27 6368.69 6410.71 6454.39 6499.78 6546.88 6595.70 6646.22 6698.38 6752.10 6807.25 6863.64 6921.02 6978.83 6335.20 6392.54 6451.41 5790.63 5120.58 4438.48 3739.79 1509.06 0.00 0.00 0.00 
0.00 0.00 0.00 2155.26 3226.66 3755.55 4282.79 4809.55 4800.33 5328.42 5321.65 5316.24 5312.40 5310.11 5309.33 5310.03 5312.17 5315.72 5320.65 5326.92 5334.49 5343.34 5353.43 5364.71 5377.14 5390.70 5405.32 5420.98 5437.62 5455.20 5473.67 5492.97 5513.06 5533.87 5555.36 5577.47 5600.14 5623.32 5646.96 5671.01 5695.43 5720.18 5745.23 5770.58 5796.20 5822.11 5848.33 5874.88 5901.80 5929.15 5956.99 5985.39 6014.43 6044.20 6074.80 6106.31 6138.82 6172.45 6207.27 6243.38 6280.86 6319.80 6360.26 6402.31 6446.00 6491.36 6538.43 6587.22 6637.70 6689.86 6743.63 6798.97 6855.78 6914.00 6973.71 7035.65 7097.50 6448.86 6510.94 5849.85 5176.87 4487.97 3025.58 0.00 0.00 0.00 
0.00 0.00 0.00 2155.90 3225.17 3752.98 4279.57 4805.86 4796.11 5323.95 5316.84 5311.27 5307.27 5304.83 5303.93 5304.52 5306.57 5310.04 5314.89 5321.09 5328.59 5337.37 5347.38 5358.59 5370.95 5384.42 5398.96 5414.53 5431.09 5448.58 5466.95 5486.16 5506.15 5526.87 5548.27 5570.28 5592.86 5615.96 5639.52 5663.49 5687.85 5712.55 5737.56 5762.88 5788.49 5814.41 5840.64 5867.22 5894.18 5921.59 5949.49 5977.97 6007.10 6036.96 6067.64 6099.24 6131.84 6165.55 6200.45 6236.63 6274.17 6313.15 6353.64 6395.70 6439.39 6484.74 6531.78 6580.53 6630.99 6683.15 6736.99 6792.48 6849.62 6908.44 6968.97 7031.12 7094.09 6445.93 6509.66 5849.71 5177.38 4490.90 3033.00 0.00 0.00 0.00 
0.00 0.00 0.00 2694.32 3224.19 4288.43 4277.23 4803.28 5329.57 5320.81 5313.55 5307.83 5303.68 5301.12 5300.12 5300.64 5302.62 5306.03 5310.83 5316.97 5324.43 5333.15 5343.11 5354.26 5366.56 5379.98 5394.47 5409.98 5426.47 5443.90 5462.20 5481.35 5501.27 5521.93 5543.25 5565.20 5587.72 5610.76 5634.26 5658.19 5682.50 5707.16 5732.15 5757.44 5783.05 5808.96 5835.20 5861.80 5888.79 5916.24 5944.19 5972.71 6001.90 6031.82 6062.56 6094.22 6126.89 6160.65 6195.60 6231.82 6269.39 6308.40 6348.90 6390.97 6434.65 6479.98 6527.00 6575.72 6626.15 6678.29 6732.13 6787.69 6845.00 6904.18 6965.37 7028.17 7092.39 7158.37 6508.61 5850.25 5912.87 4493.51 3790.12 0.00 0.00 0.00 
0.00 0.00 0.00 2694.25 3223.64 4287.42 4544.32 4801.85 5328.02 5319.14 5311.79 5305.98 5569.00 5566.30 5565.25 5565.79 5567.86 5571.43 5576.46 5582.91 5590.73 5599.89 5610.34 5622.05 5634.97 5649.05 5664.26 5680.55 5697.87 5716.17 5735.40 5755.50 5776.42 5798.11 5820.51 5843.56 5867.20 5891.39 5916.07 5941.19 5966.72 5992.61 6018.84 6045.40 6072.28 6099.49 6127.03 6154.96 6183.29 6212.10 6241.44 6271.38 6302.02 6333.42 6365.69 6398.92 6433.21 6468.64 6505.32 6543.33 6582.76 6623.69 6666.19 6710.33 6756.15 6803.70 6853.01 6904.10 6956.96 7011.57 7067.90 7125.87 7185.37 7246.24 6962.97 7026.24 7090.86 7156.81 6507.68 5849.96 5913.45 5236.02 3791.68 0.00 0.00 0.00 
0.00 0.00 0.00 2694.18 3223.55 4287.31 4544.20 4801.71 5327.86 5318.97 5311.61 5305.79 5568.79 5566.08 5565.02 5565.55 5567.61 5571.18 5576.20 5582.63 5590.45 5599.60 5610.05 5621.75 5634.66 5648.75 5663.95 5680.24 5697.55 5715.84 5735.07 5755.16 5776.08 5797.77 5820.16 5843.20 5866.85 5891.03 5915.70 5940.82 5966.34 5992.23 6018.46 6045.02 6071.90 6099.10 6126.65 6154.57 6182.90 6211.71 6241.05 6270.99 6301.62 6333.03 6365.30 6398.52 6432.80 6468.23 6504.90 6542.91 6582.33 6623.24 6665.73 6709.84 6755.64 6803.16 6852.44 6903.49 6956.31 7010.89 7067.18 7125.12 7184.59 7245.43 6962.15 7025.40 7090.02 7155.96 6506.85 5849.18 5912.64 5235.26 3790.99 0.00 0.00 0.00 
0.00 0.00 0.00 2694.10 3223.91 4288.09 4276.87 4802.86 5329.10 5320.31 5313.01 5307.26 5303.07 5300.47 5299.44 5299.92 5301.88 5305.26 5310.03 5316.16 5323.59 5332.30 5342.24 5353.37 5365.66 5379.06 5393.53 5409.03 5425.51 5442.92 5461.22 5480.35 5500.26 5520.90 5542.22 5564.15 5586.66 5609.68 5633.17 5657.08 5681.38 5706.03 5731.01 5756.30 5781.89 5807.80 5834.04 5860.63 5887.62 5915.06 5943.01 5971.54 6000.72 6030.63 6061.37 6093.03 6125.68 6159.43 6194.36 6230.55 6268.09 6307.06 6347.51 6389.51 6433.12 6478.37 6525.29 6573.90 6624.21 6676.24 6729.97 6785.42 6842.64 6901.75 6962.90 7025.67 7089.87 7155.83 6506.14 5847.91 5910.44 4491.36 3788.15 0.00 0.00 0.00 
0.00 0.00 0.00 2155.59 3224.72 3752.46 4278.96 4805.17 4795.37 5323.11 5315.95 5310.31 5306.24 5303.74 5302.78 5303.32 5305.32 5308.74 5313.55 5319.72 5327.19 5335.94 5345.92 5357.10 5369.43 5382.88 5397.40 5412.95 5429.48 5446.95 5465.30 5484.49 5504.46 5525.16 5546.53 5568.52 5591.08 5614.15 5637.69 5661.65 5685.98 5710.66 5735.66 5760.96 5786.56 5812.47 5838.69 5865.26 5892.22 5919.62 5947.52 5976.00 6005.12 6034.98 6065.66 6097.24 6129.83 6163.52 6198.38 6234.52 6272.00 6310.92 6351.32 6393.28 6436.84 6482.05 6528.93 6577.50 6627.77 6679.72 6733.36 6788.67 6845.66 6904.37 6964.84 7026.95 7089.87 6441.96 6505.57 5845.83 5173.69 4487.39 3030.29 0.00 0.00 0.00 
0.00 0.00 0.00 2154.86 3226.05 3754.82 4281.95 4808.59 4799.30 5327.25 5320.40 5314.89 5310.95 5308.58 5307.71 5308.33 5310.40 5313.89 5318.76 5324.98 5332.51 5341.32 5351.37 5362.61 5375.01 5388.53 5403.13 5418.75 5435.37 5452.91 5471.35 5490.62 5510.68 5531.46 5552.92 5574.99 5597.63 5620.78 5644.39 5668.41 5692.80 5717.52 5742.56 5767.88 5793.49 5819.38 5845.59 5872.12 5899.04 5926.38 5954.22 5982.62 6011.66 6041.43 6072.02 6103.51 6136.01 6169.60 6204.38 6240.43 6277.84 6316.69 6357.03 6398.94 6442.45 6487.62 6534.45 6582.98 6633.17 6685.03 6738.51 6793.58 6850.17 6908.25 6967.89 7029.82 7091.64 6443.33 6505.32 5844.55 5171.87 4483.32 3022.21 0.00 0.00 0.00 
0.00 0.00 0.00 1076.85 2690.01 3220.38 3748.74 4276.45 4804.30 4796.60 4790.11 5320.87 5317.17 5314.94 5314.20 5314.91 5317.07 5320.64 5325.59 5331.89 5339.50 5348.39 5358.52 5369.85 5382.34 5395.95 5410.65 5426.37 5443.09 5460.74 5479.29 5498.67 5518.84 5539.74 5561.31 5583.50 5606.24 5629.49 5653.20 5677.30 5701.76 5726.54 5751.62 5776.97 5802.59 5828.47 5854.65 5881.15 5908.00 5935.27 5963.02 5991.32 6020.25 6049.91 6080.38 6111.75 6144.13 6177.61 6212.27 6248.22 6285.54 6324.29 6364.56 6406.41 6449.87 6494.99 6541.79 6590.26 6640.40 6692.15 6745.45 6800.22 6856.31 6913.51 6971.26 6328.17 6385.52 6444.38 5784.08 5114.53 4432.94 3734.85 1507.06 0.00 0.00 0.00 
0.00 0.00 0.00 0.00 2152.57 3223.25 3752.88 4281.53 4273.91 4803.04 4797.14 4792.41 4788.93 4786.86 4786.19 4786.86 4788.84 4792.09 4796.59 4802.30 4809.19 4817.23 4826.39 4836.63 4847.92 4860.22 4873.49 4887.70 4902.80 4918.74 4935.49 4953.00 4971.21 4990.07 5009.55 5029.57 5050.10 5071.07 5092.45 5114.18 5136.23 5158.57 5181.16 5203.98 5227.04 5250.34 5273.88 5297.71 5321.84 5346.35 5371.28 5396.69 5422.68 5449.31 5476.67 5504.84 5533.92 5563.98 5595.13 5627.42 5660.95 5695.78 5731.98 5769.59 5808.67 5849.23 5891.30 5934.86 5979.88 6026.33 6074.13 6123.21 6173.52 6225.22 6279.00 6333.81 6388.44 5732.30 5784.64 5113.00 4428.51 2981.93 0.00 0.00 0.00 0.00 
0.00 0.00 0.00 0.00 0.00 2150.30 3220.01 3750.32 3743.91 4274.03 4268.81 4264.50 4529.13 4527.31 4526.79 4527.52 4529.47 4532.62 4536.94 4542.40 4548.99 4556.66 4565.39 4575.15 4585.91 4597.62 4610.25 4623.77 4638.13 4653.30 4669.23 4685.88 4703.19 4721.13 4739.63 4758.66 4778.15 4798.06 4818.35 4838.96 4859.86 4881.01 4902.39 4923.97 4945.76 4967.75 4989.96 5012.41 5035.15 5058.22 5081.67 5105.57 5130.00 5155.03 5180.75 5207.23 5234.57 5262.85 5292.14 5322.54 5354.10 5386.91 5421.02 5456.48 5493.33 5531.59 5571.27 5612.36 5654.81 5698.56 5743.48 5789.43 5836.22 5883.61 5584.71 5633.80 5681.91 5018.47 5063.18 4382.42 2951.49 742.51 0.00 0.00 0.00 0.00 
0.00 0.00 0.00 0.00 0.00 1074.43 2148.74 3218.51 3213.70 3745.00 3740.72 4272.91 4270.19 4268.67 4268.32 4269.12 4271.05 4274.10 4278.26 4283.50 4289.79 4297.11 4305.43 4314.72 4324.94 4336.08 4348.09 4360.93 4374.58 4388.99 4404.11 4419.92 4436.35 4453.37 4470.93 4488.98 4507.46 4526.33 4545.54 4565.05 4584.81 4604.79 4624.97 4645.33 4665.85 4686.53 4707.41 4728.49 4749.81 4771.42 4793.39 4815.76 4838.62 4862.03 4886.09 4910.87 4936.45 4962.92 4990.36 5018.84 5048.44 5079.23 5111.25 5144.57 5179.22 5215.22 5252.58 5291.27 5331.25 5372.42 5414.63 5457.71 5501.42 5545.68 5591.04 4934.57 4975.13 4303.42 4339.08 2923.63 1470.78 0.00 0.00 0.00 0.00 0.00 
0.00 0.00 0.00 0.00 0.00 0.00 536.80 2147.33 2682.17 3215.02 3212.05 3209.49 3743.05 3741.91 3741.73 3742.52 3744.29 3747.04 3750.75 3755.41 3760.99 3767.48 3774.84 3783.06 3792.11 3801.95 3812.57 3823.91 3835.97 3848.69 3862.05 3876.00 3890.51 3905.53 3921.02 3936.94 3953.23 3969.86 3986.78 4003.95 4021.32 4038.88 4056.59 4074.43 4092.40 4110.49 4128.73 4147.12 4165.71 4184.54 4203.65 4223.11 4242.99 4263.34 4284.26 4305.80 4328.05 4351.08 4374.96 4399.77 4425.57 4452.42 4480.37 4509.47 4539.75 4571.24 4603.94 4637.83 4672.86 4708.92 4745.85 4783.39 4821.13 4858.37 4200.47 4235.39 4267.29 3585.97 2888.40 0.00 0.00 0.00 0.00 0.00 0.00 0.00 
0.00 0.00 0.00 0.00 0.00 0.00 0.00 0.00 1072.71 2145.57 2145.18 2679.89 2678.66 2677.98 2677.93 2678.55 2679.86 2681.87 2684.57 2687.96 2692.00 2696.70 2702.03 2707.97 2714.50 2721.60 2729.26 2737.45 2746.15 2755.32 2764.96 2775.02 2785.48 2796.31 2807.47 2818.94 2830.67 2842.64 2854.81 2867.15 2879.63 2892.23 2904.92 2917.69 2930.54 2943.46 2956.46 2969.56 2982.78 2996.16 3009.73 3023.54 3037.63 3052.07 3066.90 3082.18 3097.96 3114.31 3131.27 3148.90 3167.25 3186.35 3206.26 3227.01 3248.62 3271.11 3294.49 3318.74 3343.83 3369.69 3396.20 3423.19 3450.39 3477.56 3505.06 2827.89 2843.76 1429.62 0.00 0.00 0.00 0.00 0.00 0.00 0.00 0.00 
0.00 0.00 0.00 0.00 0.00 0.00 0.00 0.00 0.00 0.00 0.00 0.00 534.69 534.62 534.62 534.75 535.00 535.40 535.93 536.60 537.40 538.32 539.38 540.55 541.85 543.26 544.77 546.40 548.12 549.94 551.85 553.85 555.92 558.07 560.28 562.56 564.88 567.26 569.68 572.13 574.61 577.12 579.65 582.20 584.76 587.35 589.95 592.58 595.23 597.92 600.65 603.43 606.27 609.17 612.16 615.23 618.41 621.70 625.11 628.65 632.34 636.17 640.16 644.31 648.63 653.12 657.77 662.59 667.54 672.59 677.67 682.63 687.15 690.48 0.00 0.00 0.00 0.00 0.00 0.00 0.00 0.00 0.00 0.00 0.00 0.00 
0.00 0.00 0.00 0.00 0.00 0.00 0.00 0.00 0.00 0.00 0.00 0.00 0.00 0.00 0.00 0.00 0.00 0.00 0.00 0.00 0.00 0.00 0.00 0.00 0.00 0.00 0.00 0.00 0.00 0.00 0.00 0.00 0.00 0.00 0.00 0.00 0.00 0.00 0.00 0.00 0.00 0.00 0.00 0.00 0.00 0.00 0.00 0.00 0.00 0.00 0.00 0.00 0.00 0.00 0.00 0.00 0.00 0.00 0.00 0.00 0.00 0.00 0.00 0.00 0.00 0.00 0.00 0.00 0.00 0.00 0.00 0.00 0.00 0.00 0.00 0.00 0.00 0.00 0.00 0.00 0.00 0.00 0.00 0.00 0.00 0.00 
0.00 0.00 0.00 0.00 0.00 0.00 0.00 0.00 0.00 0.00 0.00 0.00 0.00 0.00 0.00 0.00 0.00 0.00 0.00 0.00 0.00 0.00 0.00 0.00 0.00 0.00 0.00 0.00 0.00 0.00 0.00 0.00 0.00 0.00 0.00 0.00 0.00 0.00 0.00 0.00 0.00 0.00 0.00 0.00 0.00 0.00 0.00 0.00 0.00 0.00 0.00 0.00 0.00 0.00 0.00 0.00 0.00 0.00 0.00 0.00 0.00 0.00 0.00 0.00 0.00 0.00 0.00 0.00 0.00 0.00 0.00 0.00 0.00 0.00 0.00 0.00 0.00 0.00 0.00 0.00 0.00 0.00 0.00 0.00 0.00 0.00 
0.00 0.00 0.00 0.00 0.00 0.00 0.00 0.00 0.00 0.00 0.00 0.00 0.00 0.00 0.00 0.00 0.00 0.00 0.00 0.00 0.00 0.00 0.00 0.00 0.00 0.00 0.00 0.00 0.00 0.00 0.00 0.00 0.00 0.00 0.00 0.00 0.00 0.00 0.00 0.00 0.00 0.00 0.00 0.00 0.00 0.00 0.00 0.00 0.00 0.00 0.00 0.00 0.00 0.00 0.00 0.00 0.00 0.00 0.00 0.00 0.00 0.00 0.00 0.00 0.00 0.00 0.00 0.00 0.00 0.00 0.00 0.00 0.00 0.00 0.00 0.00 0.00 0.00 0.00 0.00 0.00 0.00 0.00 0.00 0.00 0.00 
