0.00 0.00 0.00 0.00 0.00 0.00 0.00 0.00 0.00 0.00 0.00 0.00 0.00 0.00 0.00 0.00 0.00 0.00 0.00 0.00 0.00 0.00 0.00 0.00 0.00 0.00 0.00 0.00 0.00 0.00 0.00 0.00 0.00 0.00 0.00 0.00 0.00 0.00 0.00 0.00 0.00 0.00 0.00 0.00 0.00 0.00 0.00 0.00 0.00 0.00 0.00 0.00 0.00 0.00 0.00 0.00 0.00 0.00 0.00 0.00 0.00 0.00 0.00 0.00 0.00 0.00 0.00 0.00 0.00 0.00 0.00 0.00 0.00 0.00 0.00 0.00 0.00 0.00 0.00 0.00 0.00 0.00 0.00 0.00 0.00 0.00 
0.00 0.00 0.00 0.00 0.00 0.00 0.00 0.00 0.00 0.00 0.00 0.00 0.00 0.00 0.00 0.00 0.00 0.00 0.00 0.00 0.00 0.00 0.00 0.00 0.00 0.00 0.00 0.00 0.00 0.00 0.00 0.00 0.00 0.00 0.00 0.00 0.00 0.00 0.00 0.00 0.00 0.00 0.00 0.00 0.00 0.00 0.00 0.00 0.00 0.00 0.00 0.00 0.00 0.00 0.00 0.00 0.00 0.00 0.00 0.00 0.00 0.00 0.00 0.00 0.00 0.00 0.00 0.00 0.00 0.00 0.00 0.00 0.00 0.00 0.00 0.00 0.00 0.00 0.00 0.00 0.00 0.00 0.00 0.00 0.00 0.00 
0.00 0.00 0.00 0.00 0.00 0.00 0.00 0.00 0.00 0.00 0.00 0.00 0.00 0.00 0.00 0.00 0.00 0.00 0.00 0.00 0.00 0.00 0.00 0.00 0.00 0.00 0.00 0.00 0.00 0.00 0.00 0.00 0.00 0.00 0.00 0.00 0.00 0.00 0.00 0.00 0.00 0.00 0.00 0.00 0.00 0.00 0.00 0.00 0.00 0.00 0.00 0.00 0.00 0.00 0.00 0.00 0.00 0.00 0.00 0.00 0.00 0.00 0.00 0.00 0.00 0.00 0.00 0.00 0.00 0.00 0.00 0.00 0.00 0.00 0.00 0.00 0.00 0.00 0.00 0.00 0.00 0.00 0.00 0.00 0.00 0.00 
0.00 0.00 0.00 0.00 0.00 0.00 0.00 0.00 1631.11 3248.29 3230.91 4000.32 3962.67 3918.83 3871.37 3821.76 3771.01 3719.78 3668.57 3617.73 3567.52 3518.12 3469.68 3422.28 3376.00 3330.90 3287.01 3244.36 3202.96 3162.83 3123.96 3086.36 3050.02 3014.93 2981.07 2948.44 2917.02 2886.78 2857.72 2829.80 2803.02 2777.35 2752.76 2729.24 2706.77 2685.33 2664.90 2645.45 2626.97 2609.45 2592.85 2577.18 2562.41 2548.52 2535.51 2523.37 2512.08 2501.62 2492.01 2483.22 2475.25 2468.10 2461.75 2456.22 2451.49 2447.57 2444.45 2442.13 2440.60 2439.85 2439.88 2440.63 2442.06 2444.03 2446.22 1959.31 1960.55 980.74 0.00 0.00 0.00 0.00 0.00 0.00 0.00 0.00 
0.00 0.00 0.00 0.00 0.00 0.00 0.00 3284.71 4084.65 4864.24 4826.62 4781.92 4733.60 4681.12 4625.42 4567.46 4508.12 4448.10 4387.95 4328.08 4268.81 4210.38 4152.96 4096.71 4041.71 3988.04 3935.76 3884.92 3835.53 3787.62 3741.19 3696.26 3652.80 3610.83 3570.32 3531.26 3493.63 3457.41 3422.60 3389.15 3357.05 3326.27 3296.80 3268.60 3241.65 3215.94 3191.43 3168.10 3145.94 3124.91 3105.00 3086.20 3068.48 3051.82 3036.22 3021.65 3008.10 2995.57 2984.04 2973.50 2963.94 2955.37 2947.77 2941.13 2935.47 2930.76 2927.02 2924.23 2922.39 2921.49 2921.51 2922.42 2924.18 2926.72 2929.95 2933.87 2938.14 2452.81 1964.96 0.00 0.00 0.00 0.00 0.00 0.00 0.00 
0.00 0.00 0.00 0.00 0.00 1654.59 3302.66 4921.61 4887.88 5656.87 5609.01 6350.62 6287.70 6219.14 6146.47 6070.87 5993.36 5914.82 5835.95 5757.29 5679.28 5602.25 5526.46 5452.09 5379.32 5308.24 5238.95 5171.50 5105.96 5042.33 4980.66 4920.93 4863.15 4807.33 4753.43 4701.45 4651.37 4603.16 4556.79 4512.24 4469.49 4428.49 4389.22 4351.64 4315.74 4281.46 4248.80 4217.70 4188.16 4160.13 4133.59 4108.53 4084.90 4062.70 4041.90 4022.48 4004.42 3987.72 3972.35 3958.31 3945.57 3934.15 3924.02 3915.19 3907.64 3901.37 3896.38 3892.66 3890.21 3889.00 3889.02 3890.23 3892.60 3896.07 3900.52 3416.95 3422.81 2939.39 2945.67 1968.58 984.99 0.00 0.00 0.00 0.00 0.00 
0.00 0.00 0.00 0.00 0.00 3313.73 4942.86 5728.43 5685.77 6446.03 6389.66 6326.88 6654.22 6582.58 6506.79 6428.02 6347.28 6265.39 6183.03 6100.77 6019.06 5938.24 5858.61 5780.39 5703.74 5628.81 5555.70 5484.48 5415.22 5347.94 5282.69 5219.47 5158.29 5099.15 5042.04 4986.94 4933.84 4882.71 4833.52 4786.26 4740.88 4697.37 4655.68 4615.79 4577.66 4541.27 4506.57 4473.55 4442.17 4412.40 4384.21 4357.59 4332.49 4308.91 4286.81 4266.19 4247.01 4229.27 4212.95 4198.04 4184.52 4172.40 4161.65 4152.27 4144.26 4137.61 4132.31 4128.37 4125.76 4124.49 4124.53 4125.86 4128.45 4132.28 3893.22 3899.45 3906.55 3424.65 3432.79 2949.79 1971.64 493.27 0.00 0.00 0.00 0.00 
0.00 0.00 0.00 0.00 3324.82 4963.70 5754.77 6532.06 6482.18 7234.74 7171.25 7101.68 7027.57 6950.75 6870.81 6788.25 6703.81 6618.21 6532.09 6446.01 6360.42 6275.68 6192.11 6109.94 6029.35 5950.51 5873.52 5798.49 5725.47 5654.52 5585.67 5518.94 5454.33 5391.87 5331.52 5273.29 5217.16 5163.10 5111.09 5061.10 5013.11 4967.07 4922.96 4880.75 4840.41 4801.89 4765.17 4730.22 4697.00 4665.49 4635.65 4607.47 4580.90 4555.94 4532.55 4510.72 4490.42 4471.64 4454.37 4438.59 4424.28 4411.45 4400.08 4390.16 4381.68 4374.65 4369.05 4364.88 4362.14 4360.81 4360.88 4362.34 4365.19 4369.45 4375.15 4382.09 4390.16 3909.58 3919.18 3438.15 2955.44 1975.22 0.00 0.00 0.00 0.00 
0.00 0.00 0.00 1665.27 4153.99 4955.20 5742.19 6516.52 7278.16 7216.18 7149.82 7874.68 7795.52 7711.18 7622.90 7531.69 7438.43 7343.93 7248.85 7153.80 7059.25 6965.61 6873.21 6782.32 6693.14 6605.86 6520.60 6437.47 6356.55 6277.90 6201.55 6127.54 6055.88 5986.57 5919.61 5854.98 5792.68 5732.66 5674.92 5619.41 5566.12 5514.99 5466.01 5419.13 5374.31 5331.53 5290.74 5251.91 5215.01 5180.00 5146.86 5115.54 5086.03 5058.30 5032.32 5008.06 4985.51 4964.65 4945.47 4927.94 4912.05 4897.79 4885.16 4874.14 4864.73 4856.93 4850.72 4846.09 4843.06 4841.59 4841.69 4843.35 4846.52 4851.19 4857.30 4375.95 4384.65 4394.61 3914.94 3434.82 2953.38 2469.17 989.32 0.00 0.00 0.00 
0.00 0.00 0.00 3333.33 4978.47 5773.41 6554.38 7322.13 7263.33 8007.90 7936.76 7858.99 7778.06 7693.43 7605.51 7515.00 7422.63 7329.07 7234.96 7140.82 7047.13 6954.27 6862.57 6772.30 6683.67 6596.87 6512.03 6429.27 6348.66 6270.28 6194.18 6120.37 6048.89 5979.73 5912.90 5848.38 5786.17 5726.23 5668.56 5613.11 5559.86 5508.77 5459.82 5412.97 5368.18 5325.41 5284.64 5245.82 5208.93 5173.94 5140.80 5109.49 5079.99 5052.26 5026.28 5002.03 4979.49 4958.64 4939.46 4921.94 4906.06 4891.81 4879.19 4868.18 4858.78 4850.98 4844.78 4840.17 4837.15 4835.71 4835.85 4837.57 4840.84 4845.68 4852.09 4860.11 4869.40 4390.36 4401.95 3923.35 3443.59 2961.45 1980.16 0.00 0.00 0.00 
0.00 0.00 0.00 3334.75 4973.88 5765.68 6544.92 7311.46 7250.96 7995.43 7923.30 7845.84 7764.41 7679.62 7591.94 7501.94 7410.22 7317.39 7224.00 7130.58 7037.55 6945.30 6854.16 6764.38 6676.19 6589.77 6505.27 6422.80 6342.45 6264.29 6188.38 6114.73 6043.39 5974.36 5907.63 5843.20 5781.06 5721.20 5663.57 5608.17 5554.96 5503.91 5454.99 5408.15 5363.38 5320.63 5279.87 5241.07 5204.19 5169.19 5136.06 5104.76 5075.26 5047.54 5021.57 4997.32 4974.79 4953.94 4934.77 4917.25 4901.38 4887.14 4874.52 4863.52 4854.12 4846.33 4840.14 4835.55 4832.55 4831.13 4831.31 4833.08 4836.44 4841.41 4847.98 4856.12 4865.74 4386.91 4399.02 3920.86 3441.65 2960.52 1981.28 0.00 0.00 0.00 
0.00 0.00 0.00 4166.77 4970.89 6586.61 6538.31 7304.00 8056.22 7987.56 7914.31 7836.40 7754.45 7669.58 7582.14 7492.54 7401.31 7309.00 7216.14 7123.22 7030.67 6938.86 6848.11 6758.69 6670.82 6584.68 6500.43 6418.17 6338.01 6260.01 6184.23 6110.71 6039.47 5970.53 5903.88 5839.52 5777.43 5717.61 5660.03 5604.66 5551.48 5500.46 5451.55 5404.74 5359.98 5317.24 5276.49 5237.69 5200.82 5165.83 5132.70 5101.41 5071.91 5044.19 5018.22 4993.98 4971.45 4950.61 4931.44 4913.93 4898.06 4883.82 4871.21 4860.21 4850.83 4843.04 4836.86 4832.27 4829.28 4827.89 4828.10 4829.91 4833.33 4838.40 4845.12 4853.40 4863.22 4874.54 4396.98 3919.11 3932.48 2959.90 2476.06 0.00 0.00 0.00 
0.00 0.00 0.00 4166.46 4969.19 6583.51 6945.69 7300.03 8051.68 7982.97 7909.32 7830.91 8138.42 8050.94 7959.96 7866.29 7770.70 7673.88 7576.45 7478.93 7381.80 7285.44 7190.20 7096.34 7004.11 6913.69 6825.25 6738.91 6654.76 6572.89 6493.34 6416.16 6341.37 6268.99 6199.01 6131.45 6066.27 6003.46 5943.01 5884.88 5829.04 5775.46 5724.12 5674.96 5627.97 5583.09 5540.31 5499.57 5460.86 5424.12 5389.34 5356.48 5325.51 5296.40 5269.14 5243.69 5220.03 5198.14 5178.02 5159.63 5142.97 5128.02 5114.78 5103.23 5093.38 5085.20 5078.71 5073.90 5070.77 5069.30 5069.52 5071.41 5074.97 5080.22 4843.54 4851.93 4861.84 4873.25 4395.86 3918.12 3931.71 3452.42 2476.13 0.00 0.00 0.00 
0.00 0.00 0.00 4166.31 4968.98 6583.19 6945.30 7299.52 8051.05 7982.25 7908.52 7830.04 8137.49 8049.98 7958.99 7865.33 7769.77 7672.99 7575.61 7478.15 7381.07 7284.76 7189.56 7095.75 7003.56 6913.18 6824.77 6738.46 6654.34 6572.49 6492.96 6415.79 6341.02 6268.65 6198.69 6131.13 6065.96 6003.17 5942.72 5884.59 5828.76 5775.19 5723.84 5674.69 5627.70 5582.83 5540.04 5499.31 5460.59 5423.86 5389.08 5356.22 5325.25 5296.14 5268.88 5243.43 5219.77 5197.89 5177.76 5159.37 5142.71 5127.76 5114.52 5102.98 5093.12 5084.96 5078.47 5073.66 5070.52 5069.06 5069.28 5071.18 5074.75 5080.01 4843.34 4851.74 4861.66 4873.07 4395.69 3917.97 3931.57 3452.29 2476.02 0.00 0.00 0.00 
0.00 0.00 0.00 4166.34 4970.27 6585.66 6537.15 7302.48 8054.35 7985.40 7911.89 7833.76 7751.65 7666.69 7579.23 7489.67 7398.53 7306.34 7213.63 7120.87 7028.47 6936.82 6846.22 6756.93 6669.18 6583.16 6499.00 6416.83 6336.74 6258.82 6183.10 6109.63 6038.44 5969.53 5902.91 5838.58 5776.53 5716.73 5659.16 5603.81 5550.64 5499.63 5450.73 5403.92 5359.17 5316.44 5275.69 5236.90 5200.03 5165.05 5131.92 5100.63 5071.13 5043.42 5017.45 4993.21 4970.68 4949.84 4930.67 4913.16 4897.29 4883.06 4870.45 4859.46 4850.07 4842.30 4836.12 4831.54 4828.56 4827.18 4827.39 4829.22 4832.67 4837.76 4844.51 4852.82 4862.67 4874.01 4396.50 3918.68 3932.05 2959.55 2475.75 0.00 0.00 0.00 
0.00 0.00 0.00 3334.14 4972.84 5764.24 6542.98 7308.91 7248.00 7991.77 7919.21 7841.37 7759.66 7674.71 7587.01 7497.09 7405.54 7312.93 7219.80 7126.64 7033.89 6941.90 6851.00 6761.45 6673.47 6587.23 6502.89 6420.57 6340.35 6262.31 6186.49 6112.93 6041.67 5972.69 5906.02 5841.65 5779.55 5719.72 5662.12 5606.75 5553.56 5502.53 5453.62 5406.80 5362.04 5319.30 5278.54 5239.75 5202.87 5167.88 5134.76 5103.46 5073.96 5046.24 5020.27 4996.03 4973.50 4952.65 4933.48 4915.97 4900.10 4885.86 4873.25 4862.25 4852.87 4845.08 4838.90 4834.32 4831.33 4829.93 4830.13 4831.93 4835.33 4840.34 4846.96 4855.15 4864.81 4386.09 4398.22 3920.14 3441.00 2959.94 1980.85 0.00 0.00 0.00 
0.00 0.00 0.00 3332.53 4977.05 5771.41 6551.66 7318.56 7259.15 8002.73 7930.95 7852.58 7771.23 7686.37 7598.43 7508.07 7415.97 7322.76 7229.04 7135.30 7042.00 6949.52 6858.17 6768.21 6679.88 6593.33 6508.72 6426.16 6345.74 6267.51 6191.54 6117.86 6046.47 5977.41 5910.65 5846.20 5784.05 5724.16 5666.53 5611.11 5557.89 5506.84 5457.91 5411.07 5366.29 5323.54 5282.78 5243.97 5207.09 5172.09 5138.96 5107.66 5078.16 5050.43 5024.46 5000.22 4977.68 4956.83 4937.66 4920.14 4904.26 4890.02 4877.40 4866.40 4857.01 4849.22 4843.03 4838.43 4835.43 4834.02 4834.19 4835.94 4839.27 4844.17 4850.65 4858.76 4868.11 4389.21 4400.84 3922.36 3442.71 2960.66 1979.62 0.00 0.00 0.00 
0.00 0.00 0.00 1664.75 4152.45 4952.93 5739.01 6512.27 7272.72 7209.86 7142.64 7866.14 7786.39 7701.76 7613.51 7522.56 7429.72 7335.72 7241.19 7146.68 7052.66 6959.52 6867.58 6777.09 6688.29 6601.34 6516.37 6433.50 6352.81 6274.35 6198.18 6124.32 6052.79 5983.60 5916.73 5852.19 5789.95 5730.00 5672.31 5616.85 5563.59 5512.50 5463.54 5416.68 5371.88 5329.11 5288.34 5249.52 5212.63 5177.63 5144.49 5113.18 5083.67 5055.94 5029.97 5005.72 4983.17 4962.32 4943.14 4925.61 4909.73 4895.48 4882.86 4871.85 4862.45 4854.65 4848.45 4843.85 4840.83 4839.39 4839.53 4841.23 4844.48 4849.23 4855.44 4374.32 4383.11 4393.15 3913.65 3433.69 2952.40 2468.34 989.00 0.00 0.00 0.00 
0.00 0.00 0.00 0.00 3323.30 4960.90 5750.84 6526.86 6476.08 7226.84 7162.17 7091.45 7016.43 6939.28 6859.48 6777.37 6693.53 6608.61 6523.20 6437.79 6352.84 6268.70 6185.66 6103.96 6023.81 5945.34 5868.69 5793.95 5721.19 5650.46 5581.80 5515.24 5450.79 5388.44 5328.21 5270.07 5214.02 5160.03 5108.08 5058.14 5010.18 4964.18 4920.10 4877.92 4837.59 4799.09 4762.38 4727.44 4694.23 4662.73 4632.90 4604.72 4578.16 4553.20 4529.82 4507.99 4487.70 4468.93 4451.66 4435.88 4421.59 4408.76 4397.39 4387.48 4379.02 4372.00 4366.41 4362.26 4359.53 4358.23 4358.34 4359.86 4362.78 4367.15 4373.00 4380.09 4388.28 3907.97 3917.64 3436.81 2954.29 1974.44 0.00 0.00 0.00 0.00 
0.00 0.00 0.00 0.00 0.00 3311.21 4938.63 5722.90 5679.27 6437.28 6379.41 6314.96 6640.34 6568.44 6493.05 6415.04 6335.18 6254.21 6172.74 6091.33 6010.38 5930.26 5851.26 5773.59 5697.43 5622.93 5550.20 5479.31 5410.33 5343.31 5278.27 5215.24 5154.23 5095.23 5038.23 4983.24 4930.22 4879.17 4830.04 4782.83 4737.50 4694.03 4652.37 4612.51 4574.40 4538.03 4503.35 4470.34 4438.97 4409.20 4381.03 4354.40 4329.32 4305.74 4283.65 4263.03 4243.86 4226.12 4209.81 4194.90 4181.39 4169.27 4158.53 4149.16 4141.16 4134.52 4129.24 4125.31 4122.72 4121.47 4121.54 4122.92 4125.60 4129.57 3890.84 3897.28 3904.54 3422.97 3431.20 2948.45 1970.73 493.05 0.00 0.00 0.00 0.00 
0.00 0.00 0.00 0.00 0.00 1652.72 3298.74 4916.11 4881.39 5647.72 5598.10 6335.82 6270.20 6201.80 6130.12 6055.74 5979.49 5902.15 5824.39 5746.74 5669.63 5593.39 5518.30 5444.56 5372.33 5301.72 5232.84 5165.76 5100.53 5037.18 4975.73 4916.21 4858.61 4802.93 4749.16 4697.29 4647.30 4599.17 4552.88 4508.39 4465.68 4424.72 4385.48 4347.93 4312.05 4277.80 4245.14 4214.06 4184.53 4156.51 4129.98 4104.92 4081.30 4059.10 4038.30 4018.89 4000.84 3984.14 3968.78 3954.74 3942.02 3930.60 3920.49 3911.66 3904.12 3897.87 3892.89 3889.18 3886.74 3885.55 3885.59 3886.84 3889.28 3892.89 3897.70 3414.71 3420.75 2937.73 2944.11 1967.56 984.50 0.00 0.00 0.00 0.00 0.00 
0.00 0.00 0.00 0.00 0.00 0.00 822.80 3281.17 4078.67 4855.28 4815.76 4768.54 5502.56 5443.90 5380.84 5314.86 5247.07 5178.31 5109.24 5040.37 4972.06 4904.63 4838.29 4773.21 4709.52 4647.33 4586.70 4527.69 4470.35 4414.69 4360.73 4308.47 4257.93 4209.08 4161.93 4116.46 4072.64 4030.46 3989.89 3950.92 3913.51 3877.64 3843.28 3810.41 3778.99 3749.00 3720.42 3693.22 3667.36 3642.84 3619.62 3597.69 3577.02 3557.59 3539.39 3522.39 3506.59 3491.98 3478.53 3466.24 3455.10 3445.10 3436.24 3428.51 3421.91 3416.43 3412.07 3408.83 3406.68 3405.64 3405.66 3406.72 3408.77 3411.73 2927.45 2931.69 2936.16 2451.27 1963.78 0.00 0.00 0.00 0.00 0.00 0.00 0.00 
0.00 0.00 0.00 0.00 0.00 0.00 0.00 0.00 1628.21 3241.49 3222.76 3987.83 3946.78 3903.26 3857.00 3808.75 3759.28 3709.22 3659.05 3609.11 3559.69 3510.97 3463.11 3416.22 3370.39 3325.66 3282.10 3239.74 3198.59 3158.66 3119.98 3082.54 3046.33 3011.35 2977.60 2945.05 2913.70 2883.53 2854.51 2826.64 2799.89 2774.25 2749.69 2726.19 2703.74 2682.31 2661.89 2642.45 2623.98 2606.46 2589.87 2574.20 2559.43 2545.55 2532.54 2520.40 2509.11 2498.67 2489.06 2480.27 2472.31 2465.16 2458.83 2453.30 2448.58 2444.67 2441.55 2439.23 2437.71 2436.97 2436.99 2437.76 2439.22 2441.30 2443.94 1957.70 1959.08 980.04 0.00 0.00 0.00 0.00 0.00 0.00 0.00 0.00 
0.00 0.00 0.00 0.00 0.00 0.00 0.00 0.00 0.00 0.00 0.00 0.00 780.99 775.49 767.72 758.86 749.45 739.76 729.96 720.16 710.41 700.78 691.31 682.01 672.91 664.02 655.35 646.92 638.73 630.77 623.06 615.59 608.37 601.39 594.65 588.15 581.89 575.87 570.07 564.50 559.16 554.03 549.12 544.43 539.94 535.65 531.57 527.68 523.99 520.49 517.17 514.03 511.08 508.31 505.71 503.28 501.02 498.93 497.01 495.25 493.66 492.24 490.97 489.87 488.92 488.14 487.52 487.05 486.74 486.59 486.57 486.69 486.91 487.15 0.00 0.00 0.00 0.00 0.00 0.00 0.00 0.00 0.00 0.00 0.00 0.00 
0.00 0.00 0.00 0.00 0.00 0.00 0.00 0.00 0.00 0.00 0.00 0.00 0.00 0.00 0.00 0.00 0.00 0.00 0.00 0.00 0.00 0.00 0.00 0.00 0.00 0.00 0.00 0.00 0.00 0.00 0.00 0.00 0.00 0.00 0.00 0.00 0.00 0.00 0.00 0.00 0.00 0.00 0.00 0.00 0.00 0.00 0.00 0.00 0.00 0.00 0.00 0.00 0.00 0.00 0.00 0.00 0.00 0.00 0.00 0.00 0.00 0.00 0.00 0.00 0.00 0.00 0.00 0.00 0.00 0.00 0.00 0.00 0.00 0.00 0.00 0.00 0.00 0.00 0.00 0.00 0.00 0.00 0.00 0.00 0.00 0.00 
0.00 0.00 0.00 0.00 0.00 0.00 0.00 0.00 0.00 0.00 0.00 0.00 0.00 0.00 0.00 0.00 0.00 0.00 0.00 0.00 0.00 0.00 0.00 0.00 0.00 0.00 0.00 0.00 0.00 0.00 0.00 0.00 0.00 0.00 0.00 0.00 0.00 0.00 0.00 0.00 0.00 0.00 0.00 0.00 0.00 0.00 0.00 0.00 0.00 0.00 0.00 0.00 0.00 0.00 0.00 0.00 0.00 0.00 0.00 0.00 0.00 0.00 0.00 0.00 0.00 0.00 0.00 0.00 0.00 0.00 0.00 0.00 0.00 0.00 0.00 0.00 0.00 0.00 0.00 0.00 0.00 0.00 0.00 0.00 0.00 0.00 
0.00 0.00 0.00 0.00 0.00 0.00 0.00 0.00 0.00 0.00 0.00 0.00 0.00 0.00 0.00 0.00 0.00 0.00 0.00 0.00 0.00 0.00 0.00 0.00 0.00 0.00 0.00 0.00 0.00 0.00 0.00 0.00 0.00 0.00 0.00 0.00 0.00 0.00 0.00 0.00 0.00 0.00 0.00 0.00 0.00 0.00 0.00 0.00 0.00 0.00 0.00 0.00 0.00 0.00 0.00 0.00 0.00 0.00 0.00 0.00 0.00 0.00 0.00 0.00 0.00 0.00 0.00 0.00 0.00 0.00 0.00 0.00 0.00 0.00 0.00 0.00 0.00 0.00 0.00 0.00 0.00 0.00 0.00 0.00 0.00 0.00 
