0 0 0 0 43.8449 215.892 982.509 2931.27 6709.12 12003.5 16888.8 19145.6 18240.7 16784.4 16548 18158.4 19693.9 19303.7 16128.9 11075.1 6817.22 3181.64 1420.21 495.611 97.1901 0 0 0 0 0 0 0 0 0 0 0 0 0 0 0 0 0 0 0 0 0 0 0 0 0 0 0 0 0 0 0 0 0 0 0 0 0 0 0 0 0 0 0 0 0 0 0 0 0 0 0 0 0 0 0 0 0 0 0 0 0 0 0 0 0 0 0 0 0 0 0 0 0 0 0 0 0 0 0 0 0 0 0 0 0 0 0 0 0 0 0 0 0 0 0 0 0 0 0 0 0 
0 0 0 22.8342 255.831 1156.85 4158.63 10886.5 22535.2 37402.1 49957 54910.8 51682 47127.9 45970.6 49733.2 53661.3 52947 45581.7 33470.8 22757.8 12641.4 6602.39 2700.53 684.415 64.0703 0 0 0 0 0 0 0 0 0 0 0 0 0 0 0 0 0 0 0 0 0 0 0 0 0 0 0 0 0 0 0 0 0 0 0 0 0 0 0 0 0 0 0 0 0 0 0 0 0 0 0 0 0 0 0 0 0 0 0 0 0 0 0 0 0 0 0 0 0 0 0 0 0 0 0 0 0 0 0 0 0 0 0 0 0 0 0 0 0 0 0 0 0 0 0 0 0 0 0 0 
0 0 60.8913 358.695 1522.46 4837.58 13107.4 29073.9 53959 83146.6 105492 112297 104173 94019.4 90559 96568.6 103653 103110 91720 72027.8 53471.9 33747.2 19576.9 9024.95 2875.46 617.592 129.356 34.5661 0 0 0 0 0 0 0 0 0 0 0 0 0 0 0 0 0 0 0 0 0 0 0 0 0 0 0 0 0 0 0 0 0 0 0 0 0 0 0 0 0 0 0 0 0 0 0 0 0 0 0 0 0 0 0 0 0 0 0 0 0 0 0 0 0 0 0 0 0 0 0 0 0 0 0 0 0 0 0 0 0 0 0 0 0 0 0 0 0 0 0 0 0 0 0 0 0 0 
0 48.8399 439.934 1833.8 5675.09 14435.4 31781.2 60733.7 101039 143455 171156 174905 159330 141921 134502 140339 148950 149357 138565 118017 96387.2 68782.3 44360.1 23659.2 10116.9 3872.69 1497.72 495.994 49.3182 0 0 0 0 0 0 0 0 0 0 0 0 0 0 0 0 0 0 0 0 0 0 0 0 0 0 0 0 0 0 0 0 0 0 0 0 0 0 0 0 0 0 0 0 0 0 0 0 0 0 0 0 0 0 0 0 0 0 0 0 0 0 0 0 0 0 0 0 0 0 0 68.3441 260.042 690.35 1305.03 1834.95 2058.26 2068.45 2006.17 1821.09 1630.4 1248.25 777.18 361.719 126.984 0 0 0 0 0 0 0 0 0 0 0 0 
29.1771 308.81 1731.34 5966.81 15457.2 33348.9 62024.7 102682 152824 199615 223408 218361 195075 171381 159632 162263 169264 171017 166520 154307 137807 109546 78105.8 47974.4 25678.1 12709.6 5861.54 2189.88 409.262 57.7066 0 0 0 0 0 0 0 0 0 0 0 0 0 0 0 0 0 0 0 0 0 0 0 0 0 0 0 0 0 0 0 0 0 0 0 0 0 0 0 0 0 0 0 0 0 0 0 0 0 0 0 0 0 0 0 0 0 0 0 0 0 0 0 0 0 0 0 14.8264 74.4673 268.079 977.861 2450.59 5045.88 8190.25 10482 11015.7 10524.2 9843.82 8935.39 8254.61 6725.3 4685.57 2634.29 1254.53 355.887 129.697 33.5537 0 0 0 0 0 0 0 0 0 
141.808 1086.72 4806.35 14437.1 32934.4 62022.6 99950.2 144319 192028 231337 244570 230177 202845 177444 164201 163843 167539 169774 172005 170585 163886 143206 113506 81139 52983.5 31737.3 17338 8423.87 3980.41 2871.92 2321.03 1608.65 842.154 317.163 41.9422 0 0 0 0 0 0 0 0 0 0 0 0 0 0 0 0 0 0 0 0 0 0 0 0 0 0 0 0 0 0 0 0 0 0 0 0 0 0 0 0 0 0 0 0 0 0 0 0 0 0 0 0 0 0 0 0 0 0 0 0 26.3624 117.704 407.352 1139.43 2621.79 5929.52 11443.7 19496 27975.3 33326.3 33657.6 31342.4 29028 26478.1 24933 21267.7 16196 10695.9 6462.78 3093.72 1518.57 533.173 106.446 0 0 0 0 0 0 0 0 
461.626 2812.93 10404.5 27644.3 56473.4 94524.3 134944 172351 205587 229108 231581 213563 189149 169208 159947 160253 161942 163879 168588 172536 173168 162775 142224 116478 88667 61212.7 38732.7 22947 14687.1 12276.2 11237.8 9929.79 8277.43 6547.1 4659.81 3066.23 1572.78 708.352 187.982 54.6694 0 0 0 0 0 0 0 0 0 0 0 0 0 0 0 0 0 0 0 0 0 0 0 0 0 0 0 0 0 0 0 0 0 0 0 0 0 0 0 0 0 0 0 0 0 0 0 0 0 0 0 0 0 0 10.3468 182.805 826.336 2510.53 6060.04 11820.2 21304.9 34530.5 51445.1 67400.4 75911.9 74351.4 67783.7 62147.2 56886.6 54436.2 48317.7 39532 29222.7 20256.3 11885.5 6617.24 2763.08 801.523 104.422 0 0 0 0 0 0 0 
1277.14 6056.17 18877.8 44133.4 80625.4 121021 155855 179666 193809 199741 194063 178055 162639 153821 152308 155203 156244 158076 162821 168031 171763 169134 158509 143315 121814 94586.7 68874.2 48774.5 37740 34077.6 32827.8 31153 28480 24501.1 18858.9 13277 7907.78 4872.9 2968.7 2254.07 1533.41 945.416 438.042 149.18 31.5289 0 0 0 0 0 0 0 0 0 0 0 0 0 0 0 0 0 0 0 0 0 0 0 0 0 0 0 0 0 0 0 0 0 0 0 0 0 0 0 0 0 0 0 0 0 0 0 7.92855 60.7588 256.802 1105.91 3559.42 8951.96 19033.4 33568.2 53315.7 76667.6 102157 122609 130405 124261 111593 102117 94508 91997.5 84995.2 74449 60816.5 46736.8 31234.4 18875.1 8781.73 3087.28 656.281 78.5331 0 0 0 0 0 0 
2797.4 11071.2 30115 62474.1 102083 137865 162117 172911 173622 169696 162575 152782 148234 150930 156369 160201 159419 159293 160996 163938 166341 166158 161240 154694 142663 123301 102372 83657 72549 68677.3 69183 70145.9 69054.7 63003.9 50925.1 37248.9 23799.7 16301.9 11587.6 9669 7420.87 5351.75 3458.56 2303.7 1736.95 1530.46 1523.18 1538.99 1614.53 1694.21 1704.57 1622.69 1456.06 1239.29 1097.65 948.282 755.494 483.707 232.206 70.7232 0 0 0 0 0 0 0 0 0 0 0 0 0 0 0 0 0 0 0 0 0 0 0 0 0 0 0 0 0 0 0 39.4842 191.845 683.48 1823.82 4635.22 11025.5 23256.8 44048.1 71086.4 101760 131411 157687 173892 175193 164006 147092 136259 128577 126723 120712 111742 99278.7 83342.8 62205.5 41408.5 22262.6 9907.04 3337.51 911.924 142.893 0 0 0 0 0 
5923.35 19793 47220.5 86301.8 125568 152984 165812 166013 158628 149455 142173 137834 141960 153510 162651 164484 160799 158625 158680 162135 163989 163098 158075 154058 148877 140087 128499 115314 106380 103808 108836 117082 122495 117333 99224.4 75859.2 52289.9 39249.6 31080.9 27519.8 22858.4 18141.5 13417.3 10107.5 8069.51 7072.53 6876.48 6929.13 7291.78 7790.53 8161.24 8211.79 7805.29 6975.95 6354.58 5751.42 4997.52 3694.6 2252.51 1082.93 347.067 118.975 29.0703 0 0 0 0 0 0 0 0 0 0 0 0 0 0 0 0 0 0 0 0 0 0 0 0 0 9.43498 44.7683 175.766 600.909 1590.4 3713.15 7423.89 14003.3 26087.7 46378.1 77712.1 114825 150265 176764 193907 199719 194249 183190 168813 161793 157359 155459 148770 140593 131547 118081 97163.9 71803.2 44852.3 24267.2 10643.8 3746.35 815.201 28.3471 0 0 0 0 
10795.5 32632.7 71304.4 118305 156600 175966 179924 173440 163627 153348 145331 142584 149553 163554 172704 171543 166517 163789 163549 168148 169025 164994 156357 149988 146393 144447 140056 131962 125366 124241 133418 149131 162532 162057 143683 116181 87309.3 71289.4 61436.6 57036 50766.7 43704.3 35758.2 29489.5 25060.1 22628.1 22026.3 21906.4 22431.3 23404.5 24494.7 24942.1 24323.3 22371.6 20795.4 19183.8 17134.6 13418.7 9027.95 5228.75 2468.35 1206.54 510.523 146.72 38.4711 0 0 0 0 0 0 0 0 0 0 0 0 0 0 0 0 0 0 0 0 0 10.981 73.0051 297.131 813.136 1848.51 3792.69 7080.66 12766.8 21192.5 32919.2 49967.3 74536.3 108699 145777 176053 192079 197660 196212 190652 186732 181893 183308 184657 181251 169282 156521 147903 139021 125237 103755 75419.3 47993.6 24972.5 10132 2565.11 154.327 0 0 0 0 
17227.3 49203.7 102313 160191 200751 216968 216567 204020 190798 177759 164920 158179 160628 170696 178945 180056 181236 182406 180574 179903 174161 164523 153564 145378 140776 140491 138510 133066 128188 127382 136556 153556 170294 175854 164510 142167 116376 101339 92751.9 89780.9 85835.8 80230.6 71684.2 63255.6 56021.9 51371.8 49754.3 48895.6 49070.3 50433.7 52972.6 54686.1 54501.2 51246 48297.7 45214.2 41367.9 33941.7 24559.5 15955.9 9067.37 5280.19 2855.19 1285.61 540.126 150.379 33.5537 0 0 0 0 0 0 0 0 0 0 0 0 0 0 0 0 0 48.0867 201.559 595.358 1372.69 2691 4747.13 8076.41 13323.5 20831.4 31909.2 45937 61485.3 78806.6 99684.5 125754 152024 170896 176733 176187 174303 173904 178552 184304 194615 202163 197721 179743 160450 149409 145192 141767 131031 108725 78397.8 45999.4 20719.1 6050.23 556.317 0 0 0 0 
23146 64474.9 131355 200872 247235 265972 265912 249490 233121 215574 193651 177709 170512 173009 181173 189160 201298 208212 202888 192291 177765 164596 156748 150625 144328 140192 134927 128481 124148 122520 127986 140259 154845 165023 163609 151269 132725 119923 113432 113312 115571 116119 111546 104171 96114.7 90070.9 87318 84821.6 82956.6 83132.8 86867.7 90436.9 92122.2 88751.7 84913.8 80523.1 75196.2 64476.6 50002 35973.4 23589.7 15653.1 9908.56 5538.94 2835.55 1092.05 326.293 32.9752 0 0 0 0 0 0 0 0 0 0 0 0 0 0 12.7253 75.0477 424.187 1315.88 3167 6173.64 10315.8 15733.8 23322.5 33655.7 46172.7 61947.9 79005.5 93883.4 105338 115942 127983 139721 147569 147654 146761 148253 153344 162991 174695 189581 200575 197196 178130 156744 144439 144049 148564 148527 134879 105886 67823.1 33512.7 11454.1 1740.03 129.731 0 0 0 
25377.5 70391.4 143158 218709 270051 293194 296064 280126 263548 243081 213651 189697 174760 170729 178008 190467 209653 220216 213179 196318 177895 166557 165255 162820 154163 143675 132846 123367 118458 115515 117321 124861 136226 148554 154246 149856 137248 125839 120150 121818 129655 137036 139164 136731 131742 126737 123421 118846 113584 110822 114300 118852 122758 120660 116891 111980 106502 95535.7 79635.1 63242 47059.8 35075.7 25295.4 16880.8 10714.5 5979.71 3023.67 1207.99 427.875 34.8554 0 0 0 0 0 0 0 0 0 0 37.066 174.157 552.565 1329.8 2990.24 5947.86 11046.1 18462.5 27435.4 37611.3 49982.7 64758.4 79796.1 95993.8 110808 120456 123410 123313 123269 123843 124651 122938 124418 129808 137929 147618 158584 171518 182687 183797 170898 153523 141737 141927 147675 152516 145319 121005 83648.1 45468.1 18202.8 4094.16 513.359 0 0 0 
22932.4 64805.7 134088 209005 262595 287435 290444 276377 261711 242696 214278 190342 174719 167424 169885 177871 193127 201561 196164 182656 170292 167636 174427 176013 165504 150094 135273 123821 118865 114996 113684 116326 122609 132722 140339 140350 132626 123708 118770 120353 128986 138661 145698 149436 150270 149006 146873 141603 133852 127902 129013 132238 136755 136084 132864 128041 123599 115828 103701 90080.1 74725.6 61769.1 49797.5 38002.2 27650.7 18152.3 10618 4987.97 1960.38 291.566 36.8802 0 0 0 0 0 0 0 10.1485 51.5341 304.318 1038.59 2699.71 5626.19 10363.6 17169.6 27195.2 40376.7 54602.6 68607.7 83147.1 98242.7 110770 122261 131067 135026 132372 126157 119574 114233 112260 111678 115492 121887 128817 134880 141414 150089 161252 169638 167394 157460 147364 144972 146167 149686 144523 125606 93530.2 56237.9 26133.1 7936.92 1376.87 0 0 0 
18331.8 54118.7 116081 187876 242110 265056 263122 247298 231884 215838 195881 180776 172245 166476 162772 160728 164655 166904 164035 158735 156945 164463 177859 182913 173396 158446 144014 131445 124884 119672 117979 121079 125957 132013 135315 132830 125376 118572 114642 115586 121218 128282 136134 143754 149943 153756 155128 152055 145037 137899 135638 135444 137829 137177 134211 129739 126664 123361 117688 109839 99110 89208.3 79168.7 68008.7 56062.8 42030.4 27610.1 14711.3 6517.32 1582.83 421.147 92.4174 0 0 0 0 0 17.4825 125.384 476.698 1619.95 4227.45 9125.35 16622.4 26502.4 37982.6 52053.4 68616.1 84759.9 98795.7 111082 121804 128585 134108 138136 140062 136940 129998 122253 115392 112385 112255 116091 121328 125338 126880 128656 134498 147820 164758 172830 169141 160211 154619 150348 150640 144763 130547 105936 71957 39285.9 15424 3754.71 0 0 0 
14782.6 45928 102296 171817 226329 246762 238842 217946 197979 182675 171515 166557 166199 163090 155000 145954 141982 140886 140471 141278 146454 159000 175000 182190 176210 166774 156227 143030 132809 124767 122590 127525 132289 134382 132618 127157 120605 118175 118257 120057 121075 121481 125054 131813 140526 149264 155648 156323 151569 144144 138301 134249 133467 132131 129529 125867 124036 124558 124508 121739 115604 109943 104781 98848 90281.3 75086.2 54423.6 32773.9 16956 6369.84 2626.77 947.591 224.213 40.6405 0 18.7114 94.0323 349.713 1049.02 2587.59 5974.1 12276.8 22442.3 36190.7 51589.1 66114.3 80229.6 94704.1 107491 117677 125214 130242 132205 134274 137377 141047 140614 135141 127538 120339 117337 118563 122095 125278 125996 124119 124018 131545 150508 174958 188102 185073 175042 166636 159841 157871 150440 140247 124131 94490.4 58679.5 26838.4 7843.1 0 0 0 
11261.8 37420.7 87496.3 154150 210227 232826 224738 201996 177523 160822 154757 155488 159493 157700 147834 136455 129272 126939 126855 129879 138130 152082 169235 179792 182904 185704 182569 166870 147100 131191 125417 131990 137489 136860 131151 123951 119170 122166 128668 133737 131902 125679 123227 126278 135257 147815 158615 161690 157535 148562 139133 132271 129474 128055 126282 123371 121762 124181 127251 127738 124436 121465 120611 120745 118585 106666 84660.2 57908.4 35446.1 18377.7 9765.98 4652.19 1791.54 599.03 205.186 325.128 943.03 2248.2 4690.79 8882.86 16153.7 27598 43445.3 62046.2 79868.8 93661 103877 112664 119545 124636 127542 128508 128730 130739 135992 142390 144391 140033 133308 127699 126990 130466 132716 132176 129211 125446 126584 139057 163869 190903 201686 194121 182194 174638 171540 171351 164993 160922 155600 131221 89641.8 44895.3 14731.9 48.0165 0 0 
8621.27 29952.3 72584.7 133289 190014 220703 222444 204736 178932 158844 152354 154174 158876 156251 146036 137104 132519 132055 130518 130322 136056 146992 163240 177840 193879 212978 218785 198777 165482 138370 127121 134998 142509 141599 134275 126783 123531 130353 142340 150856 148257 138095 130541 128063 134088 146456 157995 161147 156164 145867 135145 129040 127400 127475 126659 124182 122238 125074 129441 131912 129962 127431 127791 130598 133706 127881 111499 87506.8 63386.1 41594.8 26404.9 15365.8 8094.58 4338.22 2982.27 3416.85 5352.59 8897.7 14526.9 22739.1 34523 50398.9 69243.5 88060.2 103467 113687 119666 123758 125946 126626 125709 124714 125930 129734 136802 143001 144553 140124 135104 133361 136961 142953 143248 138984 134347 131787 135798 151172 176607 199263 202913 190006 177950 174225 178531 183057 182092 188595 196965 178594 129118 67847.3 23811.7 535.736 0 0 
5266.29 19688.7 50445.3 98989.5 151775 191578 210065 206737 187470 167293 160175 162521 168258 164497 152303 142260 136243 135467 133727 133738 140238 150525 165506 182477 207019 236279 247598 224442 181556 145368 128891 135383 144162 144995 139629 134606 133196 140696 153578 162640 159808 149006 139189 132327 134536 143634 152746 154784 149124 138781 128867 125275 126534 128992 128905 126471 124078 126933 132489 137166 136671 133422 131713 132604 137304 137378 130868 116339 96838.5 74741.8 54345 36587.4 23074.1 14978.8 11971.5 13080.8 17310.6 24172.7 33605.3 45414 59627.3 76314.3 93633.8 108526 119270 126249 130243 132243 131801 129492 125743 123808 126094 130667 137654 141821 141968 137333 133956 135506 142562 150023 149648 145434 144150 146312 152211 163992 181491 193870 190796 176658 167576 169355 180843 190040 194244 208220 224790 210307 156248 84589.7 31015.8 1815.24 0 0 
2353.29 10002 28059.8 61250.4 105137 149729 183724 197053 188766 172104 165411 168794 176437 173643 160877 148636 139086 135740 134043 136110 144623 154850 166334 180909 205121 234771 248752 229213 188016 150260 130872 132119 139595 142381 141322 140802 141784 147938 158366 165936 163103 154084 144554 135066 132990 135955 140084 141172 137589 131029 124806 124153 127295 130746 130569 128456 126775 129803 136002 142131 143435 139789 134959 131934 135454 139703 142375 138315 126757 109441 89148.7 68266.6 49691.2 37016.2 32116.9 34137.2 40626.8 50015.6 61210.8 73419.6 85830.3 99059.1 111704 121830 129235 134856 138731 140440 139190 135121 128574 124536 125701 129318 135352 138229 138551 134871 132302 134252 141418 148706 150205 150613 156393 164519 170298 173934 178913 180445 174520 163429 158110 163909 179334 191334 197483 210275 224031 209308 158171 88582.4 34292.1 4387.91 0 0 
753.696 4139.96 13444.9 34057 66900.2 108122 147578 171677 174548 165542 161905 166732 176027 175492 164202 150879 139739 134867 134159 137843 146454 155194 162094 171239 188339 211140 225484 214672 183949 151377 131620 126507 131223 135576 139511 143926 147455 151992 158806 164132 160945 153704 145415 135661 131190 129042 128643 128615 127175 124484 121932 123248 127344 131215 131383 130329 130176 132852 137656 142912 145434 142623 136914 131495 132662 138107 145133 147530 143089 133373 118912 101443 82999 69097.1 63752.7 66604.8 73371.1 81849.5 90434.4 99213 106932 115091 122483 128550 134010 138779 142703 144438 143644 139424 131529 125351 124259 126737 133033 137644 140578 138228 133551 131455 134645 140289 145400 152601 165573 178708 184294 181459 175913 169742 163938 156754 153228 158839 173673 186096 192258 198996 204461 188501 145598 85903.5 36007.6 7907.02 85.4752 0 
109.598 1087.25 4538.61 14595.8 34724.4 66295.1 103478 134173 149299 151601 152693 158359 168331 170896 163071 150271 139690 134610 134898 138226 143978 149045 151521 155275 164365 179297 192021 189149 169930 145690 128574 120329 122359 126543 133306 141121 146865 150231 153293 156128 153076 148103 142344 134951 130579 125748 121738 119597 118929 119199 120007 122516 126114 129542 130323 130742 132404 134755 136984 139486 141720 140827 138132 134795 135581 140001 145034 147046 145129 140927 133997 124221 111624 101582 97936.5 100703 104715 108754 111855 116431 120585 125460 128871 131486 134986 137771 140641 141961 142302 139762 133303 127019 124902 127999 136015 143730 149678 147997 139387 131146 128465 131374 139298 150891 166856 181639 188310 185541 177614 171136 168581 163640 157265 155504 162128 170909 177843 182108 183287 168576 133301 83035.6 37587.9 10973.8 372.871 0 
30.2273 385.815 1827.68 6815.78 18204.9 39119.1 68123.1 98575.3 121827 135112 142737 150653 161421 165762 159923 147231 137646 133425 134553 136451 138480 139395 138739 138766 141232 148532 157064 158594 148846 133672 121413 113152 113038 115792 123014 132311 139806 142975 143706 145169 143534 141422 139017 135766 133624 129211 123117 117704 115020 115422 118075 121509 124824 127870 128886 129675 131946 133917 133890 133524 134504 136223 138858 139700 140490 141663 141454 140236 138601 136957 135367 132491 127632 124003 122969 124522 124323 123410 122047 124779 128498 132474 132681 131116 131325 131238 133236 135119 137799 138800 136550 132421 130477 134435 142982 151811 158789 156615 144345 131232 123431 123385 131949 144141 158584 171436 178592 179655 175494 173342 174808 171094 161499 152613 152244 158286 166538 169126 166346 151731 121198 78981.4 38216 13074.1 1071.72 0 
0 39.7727 360.413 1983.03 6725.84 17906.5 37040.3 62897.8 89525.5 110833 125266 137455 150318 156924 153422 141530 132157 128097 129361 131476 133598 134173 133684 132588 132041 135417 140190 141498 134961 125007 116526 110346 108866 109021 113667 121500 128882 132060 131764 132711 132816 133078 133702 135070 136397 134286 127347 118875 113635 113369 116864 120870 124007 126908 127951 128231 129576 130760 129853 128255 128705 133395 141216 146197 147053 144240 138347 133243 131052 130008 131260 132813 134747 137347 138576 137999 133328 128217 123983 126484 131439 136284 135104 130502 127649 125114 126976 130330 135993 141142 143652 141933 139981 143615 150675 157678 162750 159023 145696 131787 121598 118648 124852 134518 145521 154969 160505 163812 164041 166489 171090 169013 160041 150309 148994 155562 165503 168118 164300 150535 121001 81381 41562.5 15018.6 2215.84 0 
0 0 33.2645 475.504 2217.28 7676.97 18948.5 37166.1 59517.9 81016 99466.5 117121 134627 145357 145268 135211 125038 119915 120412 123933 128700 132104 134606 135072 133405 132894 132097 130049 124915 119401 114910 110811 107614 104792 106011 111579 118523 122593 123203 124578 125966 127396 129763 133709 136780 135847 128636 118976 112567 111662 114696 118427 121630 125617 128195 129180 129621 130414 130036 128376 128048 133090 142552 149174 149917 144595 135872 129236 127544 127133 129605 133031 139328 146440 149285 146474 137512 128675 122266 124512 129940 135429 134522 129314 125427 122266 124626 129359 137413 146028 152491 152664 149764 149938 152081 154448 156340 151737 141237 130833 121430 116505 118902 125408 134124 141441 144265 145935 146417 148804 153318 153455 149364 145362 147781 156165 165926 167075 161001 147173 119375 82766.2 44693.7 17201.9 3491.44 0 
0 0 0 61.0331 475.166 2401.79 7255.06 16715.4 30606.6 46699.9 64114 84017.9 105567 123197 131543 128400 120286 114571 114434 120124 128867 136414 142483 144819 141956 137987 133196 128220 124224 121747 119437 115660 110186 104877 103495 107515 113755 117695 117947 118423 119426 120984 123702 127612 130072 129020 123068 115707 111048 110433 112021 114752 118949 126592 134044 138017 137484 136171 134496 131561 129836 132369 139206 143948 143857 137999 130196 125490 126646 128867 132530 135941 142787 150751 153743 149673 138455 127509 119557 120375 124367 129791 131006 128128 125249 122429 124536 129548 138593 148821 156715 157564 153938 150211 147308 145270 144910 141100 135984 130808 123409 117375 116809 122502 132801 141065 141539 138802 135378 132827 134134 135593 137177 141180 148508 157765 164441 162233 153470 139345 114995 81866.7 46576.1 18935.3 4582.53 0 
0 0 0 0 79.9794 654.073 2316.58 6029.55 12348.1 21094.1 33014 49620.7 70861.7 93935.3 112991 121401 120135 116228 115957 122340 132807 142390 150694 154789 151442 145422 138166 130528 127077 126323 125223 121646 114798 108355 105670 108963 114671 118256 117559 116038 114980 115664 118231 120915 121573 119411 115468 112490 111618 111893 111436 112332 117396 129862 144067 151908 149641 143795 138314 133221 130420 129616 132299 133994 133471 129521 125225 123810 127890 132689 137065 139989 145157 151009 152954 149381 138695 127320 118176 116337 117735 122951 127245 128111 127017 124216 124375 127659 135725 145285 152525 153761 150939 145270 139021 133774 132299 131040 132175 132063 126631 120161 118415 125237 139006 149290 149043 143172 136577 129689 127702 128731 131652 137952 144905 152992 157900 156372 148995 136560 115786 84575.2 50237.3 21525.7 5797.99 77.3761 
0 0 0 0 0 27.7686 161.473 662.17 2095.89 5279.99 11711.4 23543.9 42213.3 67733.5 94829 113814 120859 121228 123107 130504 141352 150434 157869 161742 157646 150572 141963 131931 127408 126570 125716 123110 117151 112046 110393 114330 119871 122278 119257 115075 112114 112914 116144 117995 116652 113106 111307 113287 117160 118674 115634 113125 116870 130991 148814 158483 154666 144813 135745 129526 127383 126059 126957 126652 125303 122550 120409 120807 125776 131071 135069 137874 142300 146906 148985 147428 139187 128136 117825 112804 112069 118003 125717 130611 131263 127872 125037 125591 131051 137673 141797 141704 139845 135092 129355 124734 124345 126324 131481 134009 130014 124412 123400 130822 145810 156409 157542 153060 147535 139803 136034 135034 135139 138272 140954 147096 151365 152021 147276 137233 119865 90898.9 56662.5 25936.4 8005.89 376.732 
0 0 0 0 0 0 0 29.5041 206.131 845.987 2973.84 9280.05 22856 46273.8 76295.3 102599 118223 125246 131582 141082 151915 158541 162557 164765 161278 156192 148590 137206 129352 125717 123282 121522 117562 114454 114049 118288 123669 125595 121826 117058 114140 116382 120914 122397 118835 113234 112737 118578 127079 130007 124407 117310 116751 127143 142845 151293 147680 137987 129167 124635 124237 124078 124772 123613 121755 119785 118345 118465 121742 125277 128201 131634 136705 141454 144186 144385 138906 129008 118721 111688 110471 117891 128224 135629 136574 131570 125411 123388 126342 130229 131211 128803 126843 123857 120537 118365 119631 124589 132146 136721 134738 130736 130038 134902 145997 152954 155299 155694 156803 155352 154133 150799 144891 141076 137540 141831 146565 150736 150367 144295 130619 104139 68521.8 33856.6 12039.9 1139.52 
0 0 0 0 0 0 0 0 0 56.405 604.893 3682.78 12359.5 30343.8 57324.9 85896.3 108579 123688 136217 148824 159751 163873 164338 164999 163423 161591 156165 145118 134072 127389 122967 121136 118448 116218 115790 119013 123796 126089 124084 121690 121262 126039 132376 134344 129008 120656 119299 125508 135998 139452 132285 121594 116128 119814 129413 135221 133958 128643 123974 122882 124015 124908 126038 125328 124359 123525 121899 120148 120195 120900 122446 126223 131797 136717 139784 140600 137410 129617 121186 114746 115489 125397 136963 143933 142528 134640 125595 122218 123790 125962 124784 120271 117335 115668 114697 115153 117908 124812 133569 140070 140648 138446 136891 136851 141022 142344 144620 149759 158692 166338 169576 163782 151859 142419 136411 142821 150587 158032 161285 158661 147617 123475 85534.4 45246.2 18035.6 2631.63 
0 0 0 0 0 0 0 0 0 0 168.037 1681.27 6855.64 19381.3 41332.1 69640 98108.6 121432 139480 153215 162029 163170 160990 160808 161607 162970 161046 153910 143562 135962 130716 127942 124865 121665 119224 119617 122962 125610 126175 126670 128536 134400 140911 142901 136741 126822 124103 128342 137350 139525 131945 120702 113212 112427 116758 120783 122664 123103 123850 126182 128164 129172 130568 131087 132188 133108 131561 127552 123885 121554 121576 125443 131300 136288 138754 137935 134914 129080 123475 120287 124865 137164 147916 150935 144401 133124 122669 119814 121827 124628 124133 119526 115613 113432 112150 113196 116551 124416 133779 141312 143822 143150 140894 136969 135311 132140 133356 140783 153894 167334 173615 166945 153008 142526 138070 147606 157907 166895 172452 172567 163625 141814 102321 56951.3 24465.5 4623.77 
0 0 0 0 0 0 0 0 0 0 48.3058 674.607 3410.99 11481 28565.8 55820.5 89373.7 120943 143987 156725 160823 157906 153472 152879 155804 159724 162100 161449 155805 149616 144515 140398 135715 130976 125722 122175 122482 123852 125670 127565 130030 134689 139585 141186 136139 127474 124307 126013 131046 130484 123432 114656 108927 107677 109440 112544 116768 122279 128213 133432 135368 135583 137028 138923 142030 144142 142767 137096 130765 126199 124470 127308 132330 137109 138609 135509 131433 127223 124696 126119 134389 147212 155042 152544 141056 128088 118746 117898 121545 126311 128410 125568 121491 117765 114309 114284 117284 124307 132167 137970 140324 140681 139100 134579 130479 125619 125625 132579 144697 157490 163579 158019 146676 139224 138632 150700 162755 171930 177570 178715 171664 152637 113966 66019.4 29630.7 6604.39 
0 0 0 0 0 0 0 0 0 0 0 164.866 1390.68 6315.47 19418.6 44808.9 81548.4 120508 149029 160826 159340 151488 144233 142651 146478 151854 158625 165261 166212 161998 156833 151989 146563 141901 134921 127705 123304 121077 121584 123366 125929 129518 133032 134397 131421 125569 122725 122732 123743 120628 114253 108571 106088 107101 109546 113060 118435 126583 135386 141602 142823 142709 145073 148446 151640 152469 150480 144426 137640 131951 128336 129787 134542 140418 142087 137353 131240 126693 124663 128188 136589 146895 151138 145577 133210 122073 116036 117382 122526 128964 133489 132747 129321 124709 119298 117510 118892 123426 128363 130867 131332 131499 130913 127736 124306 120799 120954 126301 134575 142805 147141 144794 139342 136598 138255 148219 157759 164569 168942 170835 166699 151173 115877 69132.9 31601.5 7826.9 
0 0 0 0 0 0 0 0 0 0 0 34.7108 575.877 3503.52 13292.2 35393.2 71854.5 115217 148862 161191 155664 143838 133899 130993 134540 140243 150612 163298 169849 166563 160175 154945 150065 147215 140392 131876 123941 118864 117217 118499 121969 126436 130042 130693 128162 124084 121537 120976 119454 114996 109396 105944 105909 108915 112743 116908 123183 133373 143928 149591 148325 147329 150974 155715 157437 154628 151108 146415 142427 137916 133100 132324 135816 142363 144442 139484 132336 127256 124642 127226 131813 137060 138140 133035 124201 117650 115417 117825 123153 129641 135296 136317 134215 130177 124530 121575 120772 122120 123594 123210 121964 121367 121126 119134 117004 115574 116855 121247 126873 132008 136289 138478 139061 139506 139733 143918 148501 152249 154851 156346 153110 138412 106479 63912.9 28911.1 7550.85 
0 0 0 0 0 0 0 0 0 0 0 0 181.846 1620.18 8068.52 25125.9 57197 100794 139708 158179 155765 143784 130982 124169 125471 130950 143463 158527 167168 164300 157382 152561 148146 145918 139439 131864 123372 117949 114974 116127 121637 129093 133811 132509 127623 123467 121403 122092 120463 116212 111091 107799 108017 111254 115888 119996 125985 136641 147674 152507 149144 147023 151004 156362 156868 151054 146352 143864 144422 143784 140098 137525 138527 143538 145124 141359 134852 129621 126336 126242 125530 125637 124892 122554 119412 117636 117442 118751 122314 126989 131751 133553 132822 130462 126519 123747 121670 121158 120761 119377 117138 115343 114552 113140 112293 112694 115313 119521 123802 126869 130816 135831 140717 143532 141879 140590 140783 142395 144176 144486 138725 120613 89394.7 51743.5 22282.9 5630.13 
0 0 0 0 0 0 0 0 0 0 0 0 48.1612 633.174 4340.66 16131.7 41147.9 80464 122368 150723 159655 154821 142692 130777 126921 128340 138098 150539 158892 158833 155139 152450 147639 142901 134836 128354 121723 118850 116991 119599 128880 141137 147936 143793 133438 125441 122056 123594 123232 120242 115695 111628 110995 113479 118043 121185 125105 133494 142494 146378 143453 142275 147065 152910 152893 145082 139230 138641 144580 150831 151199 146915 142865 142712 141803 140292 136595 133239 130822 128169 121983 116700 113642 113685 116484 119363 120460 119702 120681 123026 126333 128266 128256 127365 125356 123320 120930 120228 119928 119511 117239 113967 111543 109603 109322 110782 115099 121370 128525 134178 139229 143704 146905 147661 142297 136883 134184 134136 135373 134266 125395 103268 71703.8 38446.1 14953.5 3156.06 
0 0 0 0 0 0 0 0 0 0 0 0 0 117.192 1730.98 8836.68 26421.3 60066.4 105045 148311 177723 187312 177192 156382 142351 135603 138994 144961 149903 152422 153204 153356 148045 139844 129947 124792 121358 122139 122226 125751 137333 152625 160800 154783 140381 128867 124036 125772 126459 124239 119781 114712 112741 113725 116953 118453 119767 125181 131622 135792 136438 138496 144000 149353 148741 140140 133836 134604 145301 158742 163790 157322 146731 140127 136303 137355 136569 135416 134503 130861 121902 113929 109670 110958 117256 122395 123253 120528 119781 121261 124195 125761 124954 123787 122500 121170 119010 118607 118814 119823 118690 115582 113132 111465 111163 112098 116533 124800 135860 145540 151545 152936 150473 146907 139585 135141 134335 135040 135811 131987 118085 91078.7 58043 27861.9 9222.23 1278.94 
0 0 0 0 0 0 0 0 0 0 0 0 0 26.7562 646.838 4791.87 16791.2 45030.7 91745.1 149819 202709 230346 223642 193658 167579 151261 147636 147370 148561 152180 155675 157268 150876 139695 128483 124108 123278 126366 127633 130951 142633 158300 166781 160412 144707 131344 125482 126655 127879 126194 121942 116645 113581 113021 114805 115407 115684 119747 124844 130421 136025 142353 147532 149937 146447 136842 130849 131791 143735 159570 166302 158180 143433 133022 128316 132238 134515 135944 136393 132855 123229 114394 109356 110634 117703 122776 122720 118917 117846 120071 124050 125845 124334 122504 121267 120521 118838 118424 118644 120321 120388 118482 117027 115985 115135 114828 118753 128290 142358 155107 161354 159098 150034 141414 132673 130896 133751 136915 138345 133055 115654 85016.4 50213.9 21617.9 5679.42 189.424 
0 0 0 0 0 0 0 0 0 0 0 0 0 0 116.114 2191.41 10129.8 33352 79363.2 146573 216381 258467 256503 222992 188807 165134 154761 149415 147580 150998 155317 157205 151101 140149 130506 127586 128339 131353 131702 132619 141241 154114 161820 157066 143626 131171 125529 126471 128244 127180 123320 118310 114706 113558 115325 116769 117706 121742 126505 133022 141787 150390 153315 150847 143276 132700 127603 128204 137680 150185 155070 146980 133256 123875 121184 127146 131426 134304 134979 131919 123191 115481 110794 111701 117862 121721 121175 117884 117522 120534 124666 125592 122811 120362 119604 120665 120664 120850 121157 122818 123719 123647 123989 123813 121927 119287 120911 128860 142510 155467 161396 157375 144955 133603 125008 126377 133640 140658 143768 137379 116343 82302.5 45875.6 18473.3 3968.1 0 
0 0 0 0 0 0 0 0 0 0 0 0 0 0 23.5744 1068.3 6730.59 25194.9 65614.1 129236 199066 244710 248983 223216 192457 169670 156865 150204 148029 150645 154496 155913 151166 142557 135413 133628 135097 136738 134979 132501 136052 144150 149802 146883 137033 126947 122160 123040 125187 124820 121635 117435 114417 114593 118928 123812 127521 132719 137500 142762 150678 158590 159012 153004 142376 131265 127047 127067 132053 137787 138333 131435 122191 117360 118746 126389 131958 135015 134694 131695 124133 118064 113977 114176 119257 122379 122275 119936 119353 121449 124563 125595 124166 123496 124027 126649 128106 128677 128888 129203 128941 129527 131487 132818 130747 126407 125515 129968 139834 149352 153955 150773 140039 129452 121690 124190 134358 145222 150555 142717 117063 78982.8 41099 15367.4 2514.38 0 
0 0 0 0 0 0 0 0 0 0 0 0 0 0 0 356.669 3979.92 16713.9 46927.9 97142.4 154744 196217 207599 196394 177272 161188 149292 142850 141549 144405 149038 151588 150329 145625 140967 139329 140308 139818 136587 132269 132110 136515 139686 137302 129693 121053 116394 116980 119439 120491 118874 116447 115681 119581 128686 137823 143361 147981 151499 153160 156656 160706 159053 152730 142719 132889 129522 129573 131292 131946 129090 123400 117980 116848 121020 129203 135270 138244 137249 134391 127452 121860 117555 116347 120716 124466 126462 126110 124922 124732 125923 128314 131113 134532 136602 139324 140875 141125 141385 139738 136426 135748 138284 141339 140487 136329 134356 135498 140534 144554 146974 145670 138911 130486 122984 124555 135552 148751 154457 143108 112172 71168.7 34139.3 11572.4 1306.15 0 
0 0 0 0 0 0 0 0 0 0 0 0 0 0 0 95.8885 2267.85 10298.1 30421.3 65472 107942 142576 158810 159535 151622 142831 134878 131116 132237 136632 143485 149753 153943 152751 148233 144211 142843 140493 137233 133225 132287 136038 138091 135711 128256 118707 112171 111419 113635 116959 117931 118201 120565 128790 142290 154377 159500 161250 162192 159581 158763 159993 159384 156717 149182 139487 133709 131988 131380 130042 126656 123465 121644 123531 129380 136967 142276 144497 143302 140478 132935 125763 120157 117205 121456 126836 131580 133233 131063 128562 129069 135863 146476 155307 156788 154976 152723 150891 152536 150586 144617 140915 141646 144573 145212 143400 143169 143969 146405 145818 146172 147095 144214 137364 128354 126712 135969 149167 152651 135805 99887.4 58363 25137.9 7383.72 499.504 0 
0 0 0 0 0 0 0 0 0 0 0 0 0 0 0 0 1073.86 5440.33 17413.9 40111.6 70920.3 101064 121317 129705 128996 125593 122354 122714 126661 132471 140739 150400 159080 159793 154083 147098 142695 138985 135921 132267 130983 134871 137537 137379 131553 121601 113135 110994 113287 119540 123288 125597 129585 139308 153017 164367 167561 166789 166210 161259 158133 158772 161339 164449 160142 149669 138986 133487 131396 131506 130853 130680 130667 133399 138765 145000 149668 153757 156499 155459 145339 132308 122693 116985 120915 126787 132731 135803 134105 132112 135060 148143 167033 180306 179211 171105 164603 160440 162963 160551 152534 144417 141297 141559 142825 144258 146866 149165 152115 151643 152992 155882 153768 145701 134184 129722 136995 148907 148131 125003 85054.1 44757.8 16574.2 3859.49 107.112 0 
0 0 0 0 0 0 0 0 0 0 0 0 0 0 0 0 423.394 2816.51 10422 26934.7 52978.3 82447.2 105184 116070 117666 116773 117778 121780 126744 131840 139448 150207 160792 161754 155279 147421 141817 137711 133966 129560 127136 130704 134408 136878 133466 124757 116358 114456 118140 127643 133620 135996 138240 144799 153809 161784 164009 163940 164876 161351 158622 159978 164422 171522 170003 159463 143993 132692 126654 127142 129628 133540 136589 140633 145368 150347 155342 163818 174139 177024 163727 142567 126727 116894 119467 124181 129750 133901 134379 134856 140704 156736 177887 191837 189792 182121 179109 176604 177293 170500 159033 145939 139160 135700 136191 139970 144925 149068 153596 155725 159722 164708 162572 153043 140074 133538 137587 144690 136627 107601 66775.7 30958 9262.08 1432.23 0 0 
0 0 0 0 0 0 0 0 0 0 0 0 0 0 0 0 119.288 1405.03 6628.9 19764.9 43672.5 74312 100786 114758 117495 117461 120507 126668 131278 134082 138667 147018 156980 158320 153513 147571 142224 136907 131055 125184 121088 123689 127789 131776 130722 125012 119431 119940 126382 138344 145057 145072 142966 143788 146915 151832 154684 156847 160044 159062 156966 157689 161057 169320 171161 164181 148120 132444 121882 121173 125663 133045 139150 144386 148407 152459 158057 169927 185717 191272 175866 149618 129376 116795 117574 120879 126436 132765 136978 139555 144908 156503 170939 182480 185965 193392 209267 216555 209919 188413 166174 145276 136766 130180 128837 132867 138705 144243 150707 157015 165023 171622 168360 157071 143541 135173 134081 132135 115211 83508.8 47177 19251.4 4634.41 382.542 0 0 
0 0 0 0 0 0 0 0 0 0 0 0 0 0 0 0 30.2273 738.268 4457.17 15153.1 37021 68669.1 100197 120360 126440 126787 128853 133465 135762 135831 137419 142611 151266 153540 150847 146587 142174 136335 130331 124782 119743 120590 123163 125979 125653 123042 121276 124942 133745 146186 152052 148923 143044 140000 140418 144700 147853 149131 151455 152414 151841 151645 151870 157722 162125 161487 150325 134726 122077 119730 124131 132080 138444 142799 145082 148058 153989 166888 183539 189054 174369 149346 129282 117464 117392 120758 127988 137521 145226 147751 149179 151925 155201 163657 177035 207839 250074 270182 251682 208209 169968 139934 132264 124999 122797 126193 131967 138491 146110 155262 166118 173302 169061 156984 143609 132952 124948 111969 87141.1 56241.8 28007.7 9637.22 1737.64 0 0 0 
0 0 0 0 0 0 0 0 0 0 0 0 0 0 0 0 0 309.501 2668.88 10989.1 30391.3 62612.6 99943.8 128103 138585 138021 136555 137403 137699 136587 136505 139879 147964 151671 149747 144614 139711 134157 130868 128508 124899 124857 125647 126383 125321 124082 124383 129497 138210 148720 152899 147899 140753 136586 137310 143044 146768 145272 143903 144298 144051 143024 140646 143324 148358 152534 147711 135866 124670 121631 124226 129393 133099 135466 137046 140744 147952 160467 173753 175853 162335 141958 124952 116430 116579 121130 130698 143124 152861 154398 152163 148526 144019 150630 171209 216914 273874 299182 270793 212740 165100 132027 127271 121815 119934 123109 129082 136104 143134 151380 161656 167939 163702 151958 137801 122868 106921 85241.1 57815.8 32234.9 13673.9 3782.81 557.72 0 0 0 
0 0 0 0 0 0 0 0 0 0 0 0 0 0 0 0 0 125.35 1516.95 7816.49 24400.7 55426.2 96248.7 131512 147731 147695 143349 140747 139746 138384 137524 140486 148214 152807 149614 141272 134372 129534 130235 132652 133338 134940 135255 133587 130178 128045 128297 133409 140377 147692 149869 144460 138045 134645 136798 143544 146414 141557 136505 135801 136529 136817 134847 135507 138603 142431 141099 134017 126532 123780 123714 124370 124112 124264 125830 131276 140906 153883 163803 162194 149121 132568 118694 113429 114531 120249 130857 143962 153895 155531 153005 147665 139703 142903 161921 204456 254947 275625 247920 195770 154254 127082 124012 120458 119912 124139 130813 137773 142757 146867 152873 156691 152839 141473 124569 103804 80986.6 56052 32028.7 14355.9 4455.13 553.499 0 0 0 0 
0 0 0 0 0 0 0 0 0 0 0 0 0 0 0 0 0 29.6488 685.097 4868.93 17575.4 44255.6 83955.3 123545 147197 152129 149137 146262 145046 143039 140139 140876 145916 150193 146706 137739 130586 127333 130590 136244 141559 146545 148428 145480 139640 135097 133331 136882 141110 145324 145890 141308 136196 133402 135566 141319 142835 136810 131005 130460 132425 135431 136572 137726 138172 137329 134645 129608 124817 122441 120253 117591 115081 114645 117385 124566 135119 146104 151436 147074 135768 123521 113574 111078 112729 118081 126788 137261 145487 149143 150988 150480 145889 146246 156680 182042 211459 221025 201240 168040 142528 126672 124005 121366 121624 126886 134364 141166 144087 143607 143605 142938 137160 124010 103242 78025.7 53002 31186.5 15004.4 5432.64 1228.88 0 0 0 0 0 
0 0 0 0 0 0 0 0 0 0 0 0 0 0 0 0 0 0 238.178 2560.37 11014.7 31035.6 64969.4 104796 135944 150016 152826 152495 151438 148364 143590 142212 145023 149423 146854 138186 130516 127758 131051 137923 146349 154181 157804 154077 146625 140438 137497 139695 141793 143895 143496 139809 135250 132489 133951 138871 140565 136426 132456 132059 133328 137665 141938 145202 144006 137359 130241 124275 120295 118387 115504 111731 109003 108890 112239 119860 130248 139692 143688 140607 132287 122747 114953 112489 113007 115995 120751 127482 134164 140750 147532 152042 151333 149562 152732 163566 175642 176364 163848 146939 134906 128554 126518 125188 126596 132923 140968 147308 148471 144138 137568 130163 118867 101278 77432.9 51800.7 29834.7 14478.2 5786.25 1700.04 308.144 0 0 0 0 0 
0 0 0 0 0 0 0 0 0 0 0 0 0 0 0 0 0 0 72.748 1135.3 6062.56 19450.4 45492.3 81749.6 117450 141305 152430 156211 155245 150620 144640 142100 145159 151357 151227 142937 133634 129217 129963 135540 143565 151365 155674 152991 147145 142352 140193 141381 141225 140976 139438 136530 132913 131150 132802 137757 140839 139884 138492 138005 137011 140601 145870 150295 148170 137520 126284 118619 115112 114539 113385 111162 110132 110970 114288 120809 129072 135200 137538 136512 132474 126687 121162 118106 116424 116394 117164 120800 126003 133423 141750 148558 150904 149221 148719 150255 151378 147235 140509 134426 131105 131365 131031 131735 134276 140703 148510 153885 152812 143965 129228 112182 93004.9 71231.2 48399.3 27737.9 12770.4 4414.77 1108.47 101.308 0 0 0 0 0 0 
0 0 0 0 0 0 0 0 0 0 0 0 0 0 0 0 0 0 0 260.371 2404.12 9775.09 26918.3 55906.7 91221.5 122428 142892 153252 155264 151285 145359 141670 144505 150840 152209 144222 133693 127819 126253 129554 134470 139456 143244 143151 141638 140682 140965 142256 141567 140866 139396 136785 132920 130825 130843 134308 138045 140384 141976 141857 139243 141583 146163 150314 147611 136191 123544 115292 112342 113097 114085 113881 114244 115224 117728 122484 128216 131535 133051 134185 134322 132145 128522 124702 120893 118741 118238 121907 126943 132322 136996 141530 144214 144713 145143 145733 146426 143836 139477 134320 130718 130839 132334 135894 140283 147020 154056 157686 153269 139071 116022 89748.2 64690.1 42242.7 24851 12182.9 4697.89 1228.21 201.56 0 0 0 0 0 0 0 
0 0 0 0 0 0 0 0 0 0 0 0 0 0 0 0 0 0 0 44.2562 904.186 4721.85 15066.5 35876.6 66200.7 99945.2 128636 147511 155208 153413 147347 141653 142935 147446 148577 140907 130210 123822 121357 122821 124660 126227 128215 129590 131580 134695 138493 141499 142139 142393 141541 138481 133498 130370 128554 130549 134393 138695 141832 141732 138515 139985 143130 145926 142777 133462 122353 114951 112607 114149 117005 118787 119948 120200 121365 124418 128375 130545 131608 132977 134432 134188 132174 128870 125457 123970 126211 133472 139601 140817 138506 137541 137414 139542 141329 141762 142517 141525 139274 135010 130871 130261 133216 139367 144884 150064 153085 151189 140172 119721 91237.4 61865.2 37967.9 19958.4 9558.51 3634.58 993.488 112.388 0 0 0 0 0 0 0 0 
0 0 0 0 0 0 0 0 0 0 0 0 0 0 0 0 0 0 0 0 252.064 1867.26 7083.41 20026.1 42840.9 74621.4 108501 135596 150410 152783 147817 140417 139091 140799 141061 135042 125840 119865 117181 117556 118098 118164 118893 120702 124158 129587 135966 140593 142568 143726 143631 140543 135260 130883 126610 125712 127757 132148 136223 137091 134901 135614 136659 137509 134848 129748 122240 115989 113187 113908 117661 121857 124712 125059 125037 126272 128123 128976 128742 128781 129700 130632 130840 129661 129330 131396 140192 154592 163772 160627 150068 141615 135378 136773 138622 138670 139652 139604 138731 135911 132366 132362 137346 145450 149856 148930 141772 128932 109237 85414.2 58405 34095.2 17107.1 6222.07 1918.53 328.195 0 0 0 0 0 0 0 0 0 0 
0 0 0 0 0 0 0 0 0 0 0 0 0 0 0 0 0 0 0 0 34.1322 534.393 2609.23 9581.66 24680.3 50479.3 83649.4 114798 136022 144961 144764 139107 136860 136820 136175 131972 124501 119079 116368 116289 117074 117678 117896 118785 121008 126101 133495 139827 143196 144578 144321 141457 137348 132816 126939 122855 122091 125475 130018 132378 131469 131097 130429 130574 129946 129078 124845 118566 113981 112782 116548 122948 128151 129739 129259 129565 130035 129319 126647 123658 122331 123545 127089 130571 136387 144096 160021 181027 192089 184368 166290 151329 139136 138749 139445 138481 138964 138195 136940 135549 134590 138496 148018 157757 157372 144172 121474 95916.4 70239.4 48530.4 29012.3 14439.8 6031.72 1431.41 250.631 0 0 0 0 0 0 0 0 0 0 0 
0 0 0 0 0 0 0 0 0 0 0 0 0 0 0 0 0 0 0 0 0 105.289 751.746 3992.11 12410.4 29384.5 54953.9 83160.5 107790 125080 134019 135051 134831 134306 132907 130473 125228 121227 119107 119022 120833 122940 123294 122506 121919 124531 131365 139202 144502 146536 146489 144718 142620 138587 131982 125332 122150 124524 129207 132545 131108 127967 124533 123703 125020 126884 125036 119126 113953 112043 115770 122677 128814 131690 131948 133283 134159 132595 127587 121309 117245 118239 125941 136076 148667 159693 176333 196461 205138 195176 175009 158672 144944 143693 143121 140805 139741 136598 133598 133410 136175 145635 159020 167094 157869 130318 94306.1 61536.2 36404.8 21173.2 10475.7 4195.97 1407.53 130.328 0 0 0 0 0 0 0 0 0 0 0 0 
0 0 0 0 0 0 0 0 0 0 0 0 0 0 0 0 0 0 0 0 0 0 108.037 1287.05 4961.13 13629.5 29024.3 49462.3 72817.7 96027.7 115121 126866 133490 136176 135637 133803 129153 125506 123194 122156 124011 127415 129190 128747 126950 126861 130852 137621 143432 146591 148574 149376 149330 145282 137648 129188 124955 127385 132603 136602 134114 128921 123898 122485 124506 126264 124945 119949 116027 115474 119705 125432 130104 132339 132600 135077 137069 135886 130021 122123 116873 118732 131730 149673 167015 175578 182857 192118 193507 184255 167503 154206 143367 142647 141903 138941 136076 131287 127931 130046 137254 150515 162567 162846 142512 104673 63861.6 32271 12824.8 4940.04 1268.18 119.248 0 0 0 0 0 0 0 0 0 0 0 0 0 0 
0 0 0 0 0 0 0 0 0 0 0 0 0 0 0 0 0 0 0 0 0 0 0 322.521 1479 4719.96 11877.2 23962.6 42096.9 65150 89224.1 109794 124877 134016 137537 137546 133978 130636 127787 124691 125239 128851 132433 133894 132816 131189 131090 133855 137436 140711 145682 149854 151595 147831 140140 131841 128719 132508 138807 142902 138372 130874 124815 123122 125729 126737 125439 121600 119518 121387 127053 132051 134751 134744 132978 134108 135187 134420 129359 122559 119029 124028 143244 168668 187506 188410 180419 174788 168318 162421 151927 143277 136658 136583 135681 132273 127848 122836 121110 126376 136373 147812 150464 137393 108111 69892.1 36375 14773.4 3937.64 1123.79 188.369 0 0 0 0 0 0 0 0 0 0 0 0 0 0 0 
0 0 0 0 0 0 0 0 0 0 0 0 0 0 0 0 0 0 0 0 0 0 0 0 49.8967 487.106 2479.72 7895.71 19333.4 37654.7 60804.4 85756.6 108426 126596 138276 142760 140658 136433 132191 126821 126222 129448 134138 137562 138077 136398 132439 129620 128731 130404 137005 143015 145453 142699 137408 133455 134884 141876 149808 153212 145522 134957 127287 124449 126877 127353 126646 124659 124347 128098 135004 140052 141601 139216 134313 132151 130780 130161 126752 122510 122224 130732 153530 181439 197613 191163 173040 159617 150917 148971 142552 135642 130474 130194 129664 127432 123261 118954 118215 123424 130144 132891 122326 98003.6 66791.3 36503.9 15498.1 4784.12 461.689 0 0 0 0 0 0 0 0 0 0 0 0 0 0 0 0 0 
0 0 0 0 0 0 0 0 0 0 0 0 0 0 0 0 0 0 0 0 0 0 0 0 0 100.95 741.782 2902.74 8382.23 19001.6 35419.3 57863.6 83463.7 109607 131337 142875 143345 138537 134099 129009 129214 131397 134543 137230 138239 137633 132420 126331 121518 120603 126172 131955 134475 133391 132182 134658 141803 152064 160842 162635 151494 137840 128743 125217 128204 129738 130911 130642 130866 134242 140898 146270 147810 144439 137322 132618 129361 128491 125705 123009 125190 135276 156454 179760 189942 180127 160666 147050 139572 139609 135218 129499 126100 127173 128907 129679 127306 123329 120816 120789 117385 107492 86465.2 58690.3 33257 14502.3 4697.5 1142.88 0 0 0 0 0 0 0 0 0 0 0 0 0 0 0 0 0 0 
0 0 0 0 0 0 0 0 0 0 0 0 0 0 0 0 0 0 0 0 0 0 0 0 0 0 94.2975 630.153 2508.95 7274.88 16463.2 32350.3 54343.5 81563.6 108471 126291 132225 132130 133225 133252 135711 135520 134129 133295 133281 134396 130909 125128 118891 116460 119858 124264 126232 126228 128237 135590 146256 157438 164788 164267 151614 137228 128410 124980 128606 132013 136187 138567 139357 140304 144128 148240 149752 147084 139685 134207 130793 129914 127630 125605 128986 138510 154167 168397 171858 162965 149687 142622 138741 137834 132187 126078 123793 126626 131052 135274 136122 132745 126574 117399 100512 78371 52228 27739.9 11631.2 3101.08 251.687 0 0 0 0 0 0 0 0 0 0 0 0 0 0 0 0 0 0 0 
0 0 0 0 0 0 0 0 0 0 0 0 0 0 0 0 0 0 0 0 0 0 0 0 0 0 0 80.124 532.442 2079.19 5818.16 14248.1 28349.7 48948.6 72588.5 91868.8 104142 113834 126232 136404 142996 140615 133687 128159 126125 128599 128225 125676 121804 120647 122462 124860 125219 124869 127965 136832 147857 158359 163665 161453 149274 135768 128381 125375 129305 134798 142334 147913 149105 145964 144531 145874 147178 147058 142273 138363 136088 134502 131296 129068 133917 143670 154114 158810 155360 146888 138875 136939 135001 132905 127432 122856 123930 129606 136723 142822 144882 139568 127022 107523 80221.3 52398.3 28739.2 11836 3917.18 756.115 0 0 0 0 0 0 0 0 0 0 0 0 0 0 0 0 0 0 0 0 
0 0 0 0 0 0 0 0 0 0 0 0 0 0 0 0 0 0 0 0 0 0 0 0 0 0 0 0 62.0455 370.409 1364.27 4575.91 11175.9 22521.6 37555.5 52663.9 67409.3 84898.2 107353 127432 138581 135897 126563 120110 118998 123763 126042 125839 124232 124891 126681 128814 128820 127976 130370 138174 147779 157297 160894 157528 146864 135203 130324 128367 132697 139980 150059 158335 159760 152515 144894 141968 141860 144430 143395 141700 140269 137803 134239 133316 140521 151087 157210 153899 144884 136182 131936 133631 133418 131317 127301 124171 127121 133392 140920 146289 146454 136180 115472 87507.9 56051.1 29637.7 12502.7 3115.81 475.168 0 0 0 0 0 0 0 0 0 0 0 0 0 0 0 0 0 0 0 0 0 
0 0 0 0 0 0 0 0 0 0 0 0 0 0 0 0 0 0 0 0 0 0 0 0 0 0 0 0 0 0 51.7769 682.411 2525.91 6637.12 13467 22401.6 34856.5 52843.4 76937.5 100114 114067 114520 108670 106160 108145 114498 117630 118236 118273 121146 125235 129592 131004 130015 131175 137284 145581 154696 156924 152538 143407 133900 131580 131398 136089 144320 155426 165423 167833 159470 148324 141460 138804 141556 142045 140912 138901 135632 132614 133968 143557 155020 159971 155106 146404 138933 136589 138990 138979 137694 135186 132080 133396 136372 141051 142885 137719 120365 92681.1 61939.3 34265 15278.2 5521.85 1014.91 103.946 0 0 0 0 0 0 0 0 0 0 0 0 0 0 0 0 0 0 0 0 0 
0 0 0 0 0 0 0 0 0 0 0 0 0 0 0 0 0 0 0 0 0 0 0 0 0 0 0 0 0 0 0 26.7562 166.457 637.751 2059.3 5368.4 12706.9 25234.1 42889.3 61072.9 73292.4 76843.6 77007.6 80533 86684.4 94174.2 97520.3 98313.4 99391.6 103900 110995 118843 123244 123677 125204 131343 140114 150517 153432 149344 141588 133694 132670 134248 138920 146471 155869 165193 168709 162697 152529 144069 139165 140097 139854 138035 134984 131397 128738 130790 139851 149879 155072 153536 150693 148195 148462 149894 148849 148454 147671 144615 141820 137980 135162 129295 115932 92630.1 63115.2 36103.7 16433.4 5694.59 1590.29 126.635 0 0 0 0 0 0 0 0 0 0 0 0 0 0 0 0 0 0 0 0 0 0 
0 0 0 0 0 0 0 0 0 0 0 0 0 0 0 0 0 0 0 0 0 0 0 0 0 0 0 0 0 0 0 0 0 26.9008 260.849 1103.82 3774.02 9163.91 17761.2 27615 35454.9 39653.3 43029.7 48904.3 55764.9 62242.8 65550.1 67294.9 69779.9 75290.9 83875.3 93642.6 100670 104018 108520 116904 127507 139486 144360 142520 137981 133381 133672 136883 140789 146613 153842 162484 168082 166449 159851 151339 144010 141896 139363 137045 133984 130562 126848 126704 132408 139265 146310 152086 160049 166867 169856 167035 160650 158047 156699 153557 145644 133565 121137 106503 86461 61634.2 35964.7 16585.8 5468.21 1124.82 128.745 0 0 0 0 0 0 0 0 0 0 0 0 0 0 0 0 0 0 0 0 0 0 0 
0 0 0 0 0 0 0 0 0 0 0 0 0 0 0 0 0 0 0 0 0 0 0 0 0 0 0 0 0 0 0 0 0 0 0 24.2975 374.429 1390.44 3643.05 6989.93 10616.7 13810.3 17328.3 22025.3 26814.5 31027.1 33769.2 35951.5 38755.9 43466.9 50722.5 59296.8 66531.7 71870.7 79165.2 89676.2 102253 116221 125113 128471 129939 131126 133850 137895 140515 145046 152416 162705 170749 171592 166615 158201 149393 146297 142716 141744 140716 138162 131875 126610 126700 129417 138382 151582 170914 188257 193219 183279 167317 158100 153038 148984 136202 116618 95555.5 74659.3 53234.9 33342.5 16606.2 6142.81 1451.4 160.932 0 0 0 0 0 0 0 0 0 0 0 0 0 0 0 0 0 0 0 0 0 0 0 0 
0 0 0 0 0 0 0 0 0 0 0 0 0 0 0 0 0 0 0 0 0 0 0 0 0 0 0 0 0 0 0 0 0 0 0 0 0 0 34.1322 170.95 657.952 1735.4 3571.63 6013.7 8410.9 10395.8 12015.7 13625.6 15635.6 18522.1 22786.8 28016.4 33214.8 38522.3 46217.8 56252.2 68251.5 81839.6 93478.7 102254 110837 119450 126392 131232 133326 139062 152169 170572 183835 184079 175094 163572 151960 149787 147290 149887 152806 151950 143065 132016 126472 125086 134051 150453 175642 198760 203147 186417 161929 145389 135738 129806 114116 90905.6 66288.9 44459.6 26543.1 13961.7 5599.62 1411.09 114.499 0 0 0 0 0 0 0 0 0 0 0 0 0 0 0 0 0 0 0 0 0 0 0 0 0 
0 0 0 0 0 0 0 0 0 0 0 0 0 0 0 0 0 0 0 0 0 0 0 0 0 0 0 0 0 0 0 0 0 0 0 0 0 0 0 0 0 0 0 58.8636 253.512 761.374 1645.35 2776.96 4047.31 5360.1 7005.38 9127.92 11691.9 14990.2 20080.9 26628.6 35066.2 45571 56882 68153.3 80919 94624.2 105501 111711 115788 126020 148813 178880 198380 195692 178681 161302 145959 145860 146671 153916 161298 163047 153880 140159 131429 127097 133214 147489 170336 189992 188950 166603 137772 116677 104493 96585.2 80960.1 59706.1 38321.8 21335.2 9904.56 4105.4 1243.5 125.052 0 0 0 0 0 0 0 0 0 0 0 0 0 0 0 0 0 0 0 0 0 0 0 0 0 0 
0 0 0 0 0 0 0 0 0 0 0 0 0 0 0 0 0 0 0 0 0 0 0 0 0 0 0 0 0 0 0 0 0 0 0 0 0 0 0 0 0 0 0 0 0 0 0 0 0 0 39.3389 307.238 1048.13 2596.99 5237.26 8668.58 13332.7 19322.4 26741.2 35575 46922.1 60208.6 71829.9 79091.5 86302.7 101323 131514 169238 192712 188707 168091 148996 133607 135962 139403 148115 156843 160480 154030 141864 132073 124935 125552 134445 150118 161110 153147 128349 100560 79267.8 67511.1 58946.9 46521 31488.6 17589.8 7773.83 2387.48 644.953 123.996 0 0 0 0 0 0 0 0 0 0 0 0 0 0 0 0 0 0 0 0 0 0 0 0 0 0 0 
0 0 0 0 0 0 0 0 0 0 0 0 0 0 0 0 0 0 0 0 0 0 0 0 0 0 0 0 0 0 0 0 0 0 0 0 0 0 0 0 0 0 0 0 0 0 0 0 0 0 0 0 0 0 161.55 662.416 1995.09 4364 7983.6 13065.9 20115.2 28953.4 37447 43566.1 51430.6 66564.2 95012.8 129693 151903 150799 136242 123803 114406 118833 122947 129180 135353 138715 135470 127247 118432 109793 105154 107850 115067 117348 105139 82183.9 59813.5 43032.1 34790.5 28282 20724.2 12768.8 6187.4 2171.66 305.506 0 0 0 0 0 0 0 0 0 0 0 0 0 0 0 0 0 0 0 0 0 0 0 0 0 0 0 0 0 
0 0 0 0 0 0 0 0 0 0 0 0 0 0 0 0 0 0 0 0 0 0 0 0 0 0 0 0 0 0 0 0 0 0 0 0 0 0 0 0 0 0 0 0 0 0 0 0 0 0 0 0 0 0 0 0 61.3223 264.796 948.045 2532.7 5360.74 9412.84 13944.6 17904.5 23820.7 34487.8 53345.5 76001.5 91291.3 93325.6 88649.5 86056.8 84898.4 90593.5 94383.8 97449 100392 102363 100754 95509.7 87839.1 78932.3 71543.3 69772.2 70595.6 67821.7 56502.3 40415 26721.5 16891.4 12966.5 9523.08 6301.95 3478.94 1462.31 421.06 0 0 0 0 0 0 0 0 0 0 0 0 0 0 0 0 0 0 0 0 0 0 0 0 0 0 0 0 0 0 
0 0 0 0 0 0 0 0 0 0 0 0 0 0 0 0 0 0 0 0 0 0 0 0 0 0 0 0 0 0 0 0 0 0 0 0 0 0 0 0 0 0 0 0 0 0 0 0 0 0 0 0 0 0 0 0 0 0 0 87.9339 370.705 1049.51 2258.57 3914.16 7076.41 12565.2 21712.2 32455 40333.6 43410.3 44942.7 48180.9 51758.9 56860.5 59217.8 59290.2 59036 59068.5 58183.9 55502.7 50293.1 43537.9 37051.6 34295.2 33335.7 30977.1 24563.1 16024.8 9138.02 4450.12 2824.23 1519.92 644.323 170.429 0 0 0 0 0 0 0 0 0 0 0 0 0 0 0 0 0 0 0 0 0 0 0 0 0 0 0 0 0 0 0 0 
0 0 0 0 0 0 0 0 0 0 0 0 0 0 0 0 0 0 0 0 0 0 0 0 0 0 0 0 0 0 0 0 0 0 0 0 0 0 0 0 0 0 0 0 0 0 0 0 0 0 0 0 0 0 0 0 0 0 0 0 0 0 39.1942 196.649 773.836 1953.46 3890.92 6313.37 8757.5 11467.6 15156.1 19660.8 23708.4 26697.6 27745.2 27231.5 26606.7 26273.7 25591 24116.2 21230.7 17491.2 13797.6 11683 10432.6 9067.74 6541.47 3531.63 1349.1 111.333 0 0 0 0 0 0 0 0 0 0 0 0 0 0 0 0 0 0 0 0 0 0 0 0 0 0 0 0 0 0 0 0 0 0 0 0 
0 0 0 0 0 0 0 0 0 0 0 0 0 0 0 0 0 0 0 0 0 0 0 0 0 0 0 0 0 0 0 0 0 0 0 0 0 0 0 0 0 0 0 0 0 0 0 0 0 0 0 0 0 0 0 0 0 0 0 0 0 0 0 0 0 0 0 75.7851 374.11 1165.14 2675.67 4709 6733.87 8150 8680.77 8388.59 7883.84 7415.08 6822.96 5995.16 4684.39 3113.51 1617.6 655.152 132.439 0 0 0 0 0 0 0 0 0 0 0 0 0 0 0 0 0 0 0 0 0 0 0 0 0 0 0 0 0 0 0 0 0 0 0 0 0 0 0 0 0 
