0.00 0.00 0.00 0.00 0.00 0.00 0.00 0.00 0.00 0.00 0.00 0.00 0.00 0.00 0.00 0.00 0.00 0.00 0.00 0.00 0.00 0.00 0.00 0.00 0.00 0.00 0.00 0.00 0.00 0.00 0.00 0.00 0.00 0.00 0.00 0.00 0.00 0.00 0.00 0.00 0.00 0.00 0.00 0.00 0.00 0.00 0.00 0.00 0.00 0.00 0.00 0.00 0.00 0.00 0.00 0.00 0.00 0.00 0.00 0.00 0.00 0.00 0.00 0.00 0.00 0.00 0.00 0.00 0.00 0.00 0.00 0.00 0.00 0.00 0.00 0.00 0.00 0.00 0.00 0.00 0.00 0.00 0.00 0.00 0.00 0.00 
0.00 0.00 0.00 0.00 0.00 0.00 0.00 0.00 0.00 0.00 0.00 0.00 0.00 0.00 0.00 0.00 0.00 0.00 0.00 0.00 0.00 0.00 0.00 0.00 0.00 0.00 0.00 0.00 0.00 0.00 0.00 0.00 0.00 0.00 0.00 0.00 0.00 0.00 0.00 0.00 0.00 0.00 0.00 0.00 0.00 0.00 0.00 0.00 0.00 0.00 0.00 0.00 0.00 0.00 0.00 0.00 0.00 0.00 0.00 0.00 0.00 0.00 0.00 0.00 0.00 0.00 0.00 0.00 0.00 0.00 0.00 0.00 0.00 0.00 0.00 0.00 0.00 0.00 0.00 0.00 0.00 0.00 0.00 0.00 0.00 0.00 
0.00 0.00 0.00 0.00 0.00 0.00 0.00 0.00 0.00 0.00 0.00 0.00 0.00 0.00 0.00 0.00 0.00 0.00 0.00 0.00 0.00 0.00 0.00 0.00 0.00 0.00 0.00 0.00 0.00 0.00 0.00 0.00 0.00 0.00 0.00 0.00 0.00 0.00 0.00 0.00 0.00 0.00 0.00 0.00 0.00 0.00 0.00 0.00 0.00 0.00 0.00 0.00 0.00 0.00 0.00 0.00 0.00 0.00 0.00 0.00 0.00 0.00 0.00 0.00 0.00 0.00 0.00 0.00 0.00 0.00 0.00 0.00 0.00 0.00 0.00 0.00 0.00 0.00 0.00 0.00 0.00 0.00 0.00 0.00 0.00 0.00 
0.00 0.00 0.00 0.00 0.00 0.00 0.00 0.00 0.02 0.14 0.19 0.21 0.22 0.21 0.21 0.21 0.21 0.21 0.21 0.21 0.21 0.21 0.22 0.22 0.22 0.22 0.22 0.23 0.23 0.23 0.24 0.24 0.24 0.25 0.25 0.25 0.26 0.26 0.27 0.27 0.28 0.29 0.29 0.30 0.31 0.32 0.33 0.34 0.36 0.37 0.39 0.41 0.44 0.47 0.50 0.54 0.59 0.65 0.72 0.81 0.92 1.06 1.25 1.49 1.79 2.16 2.61 3.13 3.70 4.30 4.90 5.47 5.99 6.44 6.53 6.03 4.55 0.66 0.00 0.00 0.00 0.00 0.00 0.00 0.00 0.00 
0.00 0.00 0.00 0.00 0.00 0.00 0.00 0.16 0.23 0.15 0.12 0.10 0.10 0.09 0.09 0.09 0.09 0.09 0.09 0.09 0.09 0.09 0.09 0.09 0.10 0.10 0.10 0.10 0.10 0.10 0.10 0.10 0.11 0.11 0.11 0.11 0.11 0.11 0.12 0.12 0.12 0.12 0.13 0.13 0.13 0.14 0.14 0.15 0.16 0.16 0.17 0.18 0.19 0.20 0.22 0.24 0.26 0.28 0.31 0.35 0.40 0.46 0.54 0.65 0.78 0.94 1.14 1.36 1.61 1.87 2.13 2.38 2.61 2.85 3.13 3.60 4.58 7.12 4.73 0.00 0.00 0.00 0.00 0.00 0.00 0.00 
0.00 0.00 0.00 0.00 0.00 0.01 0.24 0.18 0.12 0.10 0.09 0.08 0.08 0.07 0.07 0.07 0.07 0.07 0.07 0.07 0.07 0.07 0.07 0.07 0.07 0.08 0.08 0.08 0.08 0.08 0.08 0.08 0.08 0.08 0.08 0.09 0.09 0.09 0.09 0.09 0.09 0.10 0.10 0.10 0.10 0.11 0.11 0.12 0.12 0.13 0.13 0.14 0.15 0.16 0.17 0.18 0.20 0.22 0.24 0.27 0.31 0.36 0.42 0.50 0.60 0.73 0.88 1.05 1.24 1.45 1.65 1.84 2.02 2.21 2.43 2.67 3.02 3.69 5.50 7.01 0.27 0.00 0.00 0.00 0.00 0.00 
0.00 0.00 0.00 0.00 0.00 0.26 0.17 0.11 0.09 0.08 0.07 0.07 0.07 0.06 0.06 0.06 0.06 0.06 0.06 0.06 0.06 0.06 0.06 0.06 0.06 0.06 0.07 0.07 0.07 0.07 0.07 0.07 0.07 0.07 0.07 0.07 0.08 0.08 0.08 0.08 0.08 0.08 0.09 0.09 0.09 0.09 0.10 0.10 0.10 0.11 0.12 0.12 0.13 0.14 0.15 0.16 0.17 0.19 0.21 0.24 0.27 0.31 0.36 0.43 0.52 0.63 0.76 0.91 1.07 1.25 1.42 1.59 1.74 1.91 2.11 2.28 2.47 2.88 3.47 5.04 7.22 0.00 0.00 0.00 0.00 0.00 
0.00 0.00 0.00 0.00 0.20 0.21 0.12 0.10 0.08 0.07 0.07 0.06 0.06 0.06 0.06 0.06 0.06 0.06 0.06 0.06 0.06 0.06 0.06 0.06 0.06 0.06 0.06 0.06 0.06 0.06 0.06 0.07 0.07 0.07 0.07 0.07 0.07 0.07 0.07 0.07 0.08 0.08 0.08 0.08 0.08 0.09 0.09 0.09 0.10 0.10 0.11 0.11 0.12 0.13 0.14 0.15 0.16 0.18 0.20 0.22 0.25 0.29 0.34 0.41 0.49 0.59 0.72 0.86 1.02 1.18 1.34 1.50 1.64 1.80 1.92 2.02 2.21 2.48 2.89 3.57 5.87 5.24 0.00 0.00 0.00 0.00 
0.00 0.00 0.00 0.03 0.32 0.15 0.10 0.08 0.07 0.07 0.06 0.06 0.05 0.05 0.05 0.05 0.05 0.05 0.05 0.05 0.05 0.05 0.05 0.05 0.06 0.06 0.06 0.06 0.06 0.06 0.06 0.06 0.06 0.06 0.06 0.06 0.06 0.07 0.07 0.07 0.07 0.07 0.07 0.08 0.08 0.08 0.08 0.09 0.09 0.09 0.10 0.10 0.11 0.12 0.13 0.14 0.15 0.16 0.18 0.20 0.23 0.27 0.31 0.37 0.44 0.54 0.65 0.77 0.92 1.06 1.21 1.35 1.48 1.59 1.70 1.89 2.08 2.22 2.55 3.04 4.04 8.11 0.79 0.00 0.00 0.00 
0.00 0.00 0.00 0.24 0.21 0.12 0.09 0.08 0.07 0.06 0.06 0.06 0.05 0.05 0.05 0.05 0.05 0.05 0.05 0.05 0.05 0.05 0.05 0.05 0.05 0.05 0.05 0.05 0.06 0.06 0.06 0.06 0.06 0.06 0.06 0.06 0.06 0.06 0.06 0.07 0.07 0.07 0.07 0.07 0.07 0.08 0.08 0.08 0.09 0.09 0.09 0.10 0.11 0.11 0.12 0.13 0.14 0.16 0.17 0.19 0.22 0.26 0.30 0.36 0.43 0.52 0.63 0.76 0.89 1.04 1.18 1.32 1.45 1.56 1.69 1.79 1.92 2.15 2.35 2.71 3.43 5.39 5.58 0.00 0.00 0.00 
0.00 0.00 0.00 0.33 0.17 0.11 0.09 0.07 0.07 0.06 0.06 0.05 0.05 0.05 0.05 0.05 0.05 0.05 0.05 0.05 0.05 0.05 0.05 0.05 0.05 0.05 0.05 0.05 0.05 0.05 0.05 0.06 0.06 0.06 0.06 0.06 0.06 0.06 0.06 0.06 0.07 0.07 0.07 0.07 0.07 0.07 0.08 0.08 0.08 0.09 0.09 0.10 0.10 0.11 0.12 0.13 0.14 0.15 0.17 0.19 0.21 0.25 0.29 0.35 0.42 0.50 0.61 0.73 0.86 1.00 1.14 1.27 1.40 1.51 1.62 1.73 1.85 2.03 2.23 2.60 3.14 4.39 7.69 0.00 0.00 0.00 
0.00 0.00 0.00 0.37 0.16 0.11 0.09 0.07 0.06 0.06 0.05 0.05 0.05 0.05 0.05 0.05 0.05 0.05 0.05 0.05 0.05 0.05 0.05 0.05 0.05 0.05 0.05 0.05 0.05 0.05 0.05 0.05 0.06 0.06 0.06 0.06 0.06 0.06 0.06 0.06 0.06 0.07 0.07 0.07 0.07 0.07 0.08 0.08 0.08 0.09 0.09 0.10 0.10 0.11 0.12 0.12 0.14 0.15 0.16 0.19 0.21 0.24 0.29 0.34 0.41 0.49 0.59 0.71 0.84 0.97 1.11 1.24 1.36 1.47 1.58 1.70 1.85 1.92 2.21 2.53 3.00 4.01 8.74 0.00 0.00 0.00 
0.00 0.00 0.00 0.39 0.15 0.10 0.08 0.07 0.06 0.06 0.05 0.05 0.05 0.05 0.05 0.05 0.05 0.05 0.05 0.05 0.05 0.05 0.05 0.05 0.05 0.05 0.05 0.05 0.05 0.05 0.05 0.05 0.05 0.05 0.05 0.05 0.06 0.06 0.06 0.06 0.06 0.06 0.06 0.06 0.07 0.07 0.07 0.07 0.08 0.08 0.08 0.09 0.09 0.10 0.11 0.12 0.13 0.14 0.16 0.17 0.20 0.23 0.27 0.32 0.38 0.46 0.55 0.66 0.78 0.90 1.03 1.15 1.26 1.43 1.56 1.68 1.80 1.91 2.20 2.44 2.90 3.86 9.16 0.00 0.00 0.00 
0.00 0.00 0.00 0.39 0.15 0.10 0.08 0.07 0.06 0.06 0.05 0.05 0.05 0.05 0.05 0.05 0.05 0.05 0.05 0.05 0.05 0.05 0.05 0.05 0.05 0.05 0.05 0.05 0.05 0.05 0.05 0.05 0.05 0.05 0.05 0.05 0.06 0.06 0.06 0.06 0.06 0.06 0.06 0.07 0.07 0.07 0.07 0.07 0.08 0.08 0.08 0.09 0.09 0.10 0.11 0.12 0.13 0.14 0.16 0.17 0.20 0.23 0.27 0.32 0.38 0.46 0.55 0.66 0.78 0.90 1.03 1.15 1.26 1.43 1.56 1.68 1.80 1.91 2.20 2.44 2.90 3.86 9.15 0.00 0.00 0.00 
0.00 0.00 0.00 0.37 0.16 0.11 0.09 0.07 0.06 0.06 0.05 0.05 0.05 0.05 0.05 0.05 0.05 0.05 0.05 0.05 0.05 0.05 0.05 0.05 0.05 0.05 0.05 0.05 0.05 0.05 0.05 0.05 0.06 0.06 0.06 0.06 0.06 0.06 0.06 0.06 0.06 0.07 0.07 0.07 0.07 0.07 0.08 0.08 0.08 0.09 0.09 0.10 0.10 0.11 0.12 0.12 0.14 0.15 0.17 0.19 0.21 0.24 0.29 0.34 0.41 0.49 0.59 0.71 0.84 0.97 1.11 1.24 1.36 1.47 1.58 1.70 1.85 1.92 2.21 2.53 3.00 4.00 8.73 0.00 0.00 0.00 
0.00 0.00 0.00 0.32 0.17 0.11 0.09 0.07 0.07 0.06 0.06 0.05 0.05 0.05 0.05 0.05 0.05 0.05 0.05 0.05 0.05 0.05 0.05 0.05 0.05 0.05 0.05 0.05 0.05 0.05 0.06 0.06 0.06 0.06 0.06 0.06 0.06 0.06 0.06 0.06 0.07 0.07 0.07 0.07 0.07 0.07 0.08 0.08 0.08 0.09 0.09 0.10 0.10 0.11 0.12 0.13 0.14 0.15 0.17 0.19 0.22 0.25 0.29 0.35 0.42 0.50 0.61 0.73 0.86 1.00 1.14 1.27 1.40 1.51 1.62 1.73 1.85 2.03 2.23 2.60 3.14 4.39 7.67 0.00 0.00 0.00 
0.00 0.00 0.00 0.23 0.21 0.12 0.09 0.08 0.07 0.06 0.06 0.06 0.05 0.05 0.05 0.05 0.05 0.05 0.05 0.05 0.05 0.05 0.05 0.05 0.05 0.05 0.05 0.05 0.06 0.06 0.06 0.06 0.06 0.06 0.06 0.06 0.06 0.06 0.06 0.07 0.07 0.07 0.07 0.07 0.07 0.08 0.08 0.08 0.09 0.09 0.09 0.10 0.11 0.11 0.12 0.13 0.14 0.16 0.17 0.19 0.22 0.26 0.30 0.36 0.43 0.52 0.63 0.75 0.89 1.04 1.18 1.32 1.45 1.56 1.69 1.79 1.92 2.15 2.35 2.71 3.43 5.38 5.56 0.00 0.00 0.00 
0.00 0.00 0.00 0.03 0.31 0.14 0.10 0.08 0.07 0.07 0.06 0.06 0.05 0.05 0.05 0.05 0.05 0.05 0.05 0.05 0.05 0.05 0.05 0.05 0.06 0.06 0.06 0.06 0.06 0.06 0.06 0.06 0.06 0.06 0.06 0.06 0.06 0.07 0.07 0.07 0.07 0.07 0.07 0.08 0.08 0.08 0.08 0.09 0.09 0.09 0.10 0.10 0.11 0.12 0.13 0.14 0.15 0.16 0.18 0.20 0.23 0.27 0.31 0.37 0.44 0.54 0.65 0.77 0.91 1.06 1.21 1.35 1.48 1.59 1.70 1.89 2.08 2.22 2.55 3.04 4.03 8.09 0.79 0.00 0.00 0.00 
0.00 0.00 0.00 0.00 0.20 0.21 0.12 0.10 0.08 0.07 0.07 0.06 0.06 0.06 0.06 0.06 0.06 0.06 0.06 0.06 0.06 0.06 0.06 0.06 0.06 0.06 0.06 0.06 0.06 0.06 0.06 0.07 0.07 0.07 0.07 0.07 0.07 0.07 0.07 0.07 0.08 0.08 0.08 0.08 0.09 0.09 0.09 0.09 0.10 0.10 0.11 0.11 0.12 0.13 0.14 0.15 0.16 0.18 0.20 0.22 0.25 0.29 0.34 0.41 0.49 0.59 0.71 0.86 1.01 1.18 1.34 1.50 1.64 1.80 1.92 2.02 2.21 2.48 2.89 3.57 5.86 5.22 0.00 0.00 0.00 0.00 
0.00 0.00 0.00 0.00 0.00 0.26 0.17 0.11 0.09 0.08 0.07 0.07 0.07 0.06 0.06 0.06 0.06 0.06 0.06 0.06 0.06 0.06 0.06 0.06 0.06 0.07 0.07 0.07 0.07 0.07 0.07 0.07 0.07 0.07 0.07 0.07 0.08 0.08 0.08 0.08 0.08 0.08 0.09 0.09 0.09 0.09 0.10 0.10 0.11 0.11 0.12 0.12 0.13 0.14 0.15 0.16 0.17 0.19 0.21 0.24 0.27 0.31 0.36 0.43 0.52 0.63 0.75 0.90 1.07 1.24 1.41 1.58 1.73 1.90 2.10 2.28 2.47 2.87 3.47 5.04 7.21 0.00 0.00 0.00 0.00 0.00 
0.00 0.00 0.00 0.00 0.00 0.01 0.24 0.18 0.12 0.10 0.09 0.08 0.08 0.07 0.07 0.07 0.07 0.07 0.07 0.07 0.07 0.07 0.07 0.07 0.07 0.08 0.08 0.08 0.08 0.08 0.08 0.08 0.08 0.08 0.08 0.09 0.09 0.09 0.09 0.09 0.10 0.10 0.10 0.10 0.11 0.11 0.11 0.12 0.12 0.13 0.13 0.14 0.15 0.16 0.17 0.18 0.20 0.22 0.24 0.27 0.31 0.36 0.42 0.50 0.60 0.72 0.87 1.04 1.23 1.43 1.63 1.83 2.00 2.19 2.42 2.67 3.02 3.69 5.50 7.01 0.27 0.00 0.00 0.00 0.00 0.00 
0.00 0.00 0.00 0.00 0.00 0.00 0.00 0.16 0.23 0.15 0.12 0.10 0.10 0.09 0.09 0.09 0.09 0.09 0.09 0.09 0.09 0.09 0.09 0.10 0.10 0.10 0.10 0.10 0.10 0.10 0.10 0.10 0.11 0.11 0.11 0.11 0.11 0.11 0.12 0.12 0.12 0.13 0.13 0.13 0.14 0.14 0.15 0.15 0.16 0.16 0.17 0.18 0.19 0.20 0.22 0.24 0.26 0.28 0.31 0.35 0.40 0.46 0.54 0.64 0.77 0.93 1.12 1.34 1.59 1.85 2.10 2.35 2.58 2.82 3.11 3.59 4.57 7.11 4.73 0.00 0.00 0.00 0.00 0.00 0.00 0.00 
0.00 0.00 0.00 0.00 0.00 0.00 0.00 0.00 0.02 0.14 0.19 0.21 0.22 0.22 0.21 0.21 0.21 0.21 0.21 0.21 0.21 0.22 0.22 0.22 0.22 0.22 0.23 0.23 0.23 0.23 0.24 0.24 0.24 0.25 0.25 0.25 0.26 0.26 0.27 0.27 0.28 0.29 0.29 0.30 0.31 0.32 0.33 0.35 0.36 0.38 0.40 0.42 0.44 0.47 0.51 0.55 0.59 0.65 0.72 0.81 0.92 1.07 1.25 1.48 1.77 2.14 2.58 3.09 3.65 4.24 4.84 5.41 5.93 6.38 6.50 6.02 4.54 0.66 0.00 0.00 0.00 0.00 0.00 0.00 0.00 0.00 
0.00 0.00 0.00 0.00 0.00 0.00 0.00 0.00 0.00 0.00 0.00 0.00 0.00 0.00 0.00 0.00 0.00 0.00 0.00 0.00 0.00 0.00 0.00 0.00 0.00 0.00 0.00 0.00 0.00 0.00 0.00 0.00 0.00 0.00 0.00 0.00 0.00 0.00 0.00 0.00 0.00 0.00 0.00 0.00 0.00 0.00 0.00 0.00 0.00 0.00 0.00 0.00 0.00 0.00 0.00 0.00 0.00 0.00 0.00 0.00 0.00 0.00 0.00 0.00 0.00 0.00 0.00 0.00 0.00 0.00 0.00 0.00 0.01 0.00 0.00 0.00 0.00 0.00 0.00 0.00 0.00 0.00 0.00 0.00 0.00 0.00 
0.00 0.00 0.00 0.00 0.00 0.00 0.00 0.00 0.00 0.00 0.00 0.00 0.00 0.00 0.00 0.00 0.00 0.00 0.00 0.00 0.00 0.00 0.00 0.00 0.00 0.00 0.00 0.00 0.00 0.00 0.00 0.00 0.00 0.00 0.00 0.00 0.00 0.00 0.00 0.00 0.00 0.00 0.00 0.00 0.00 0.00 0.00 0.00 0.00 0.00 0.00 0.00 0.00 0.00 0.00 0.00 0.00 0.00 0.00 0.00 0.00 0.00 0.00 0.00 0.00 0.00 0.00 0.00 0.00 0.00 0.00 0.00 0.00 0.00 0.00 0.00 0.00 0.00 0.00 0.00 0.00 0.00 0.00 0.00 0.00 0.00 
0.00 0.00 0.00 0.00 0.00 0.00 0.00 0.00 0.00 0.00 0.00 0.00 0.00 0.00 0.00 0.00 0.00 0.00 0.00 0.00 0.00 0.00 0.00 0.00 0.00 0.00 0.00 0.00 0.00 0.00 0.00 0.00 0.00 0.00 0.00 0.00 0.00 0.00 0.00 0.00 0.00 0.00 0.00 0.00 0.00 0.00 0.00 0.00 0.00 0.00 0.00 0.00 0.00 0.00 0.00 0.00 0.00 0.00 0.00 0.00 0.00 0.00 0.00 0.00 0.00 0.00 0.00 0.00 0.00 0.00 0.00 0.00 0.00 0.00 0.00 0.00 0.00 0.00 0.00 0.00 0.00 0.00 0.00 0.00 0.00 0.00 
0.00 0.00 0.00 0.00 0.00 0.00 0.00 0.00 0.00 0.00 0.00 0.00 0.00 0.00 0.00 0.00 0.00 0.00 0.00 0.00 0.00 0.00 0.00 0.00 0.00 0.00 0.00 0.00 0.00 0.00 0.00 0.00 0.00 0.00 0.00 0.00 0.00 0.00 0.00 0.00 0.00 0.00 0.00 0.00 0.00 0.00 0.00 0.00 0.00 0.00 0.00 0.00 0.00 0.00 0.00 0.00 0.00 0.00 0.00 0.00 0.00 0.00 0.00 0.00 0.00 0.00 0.00 0.00 0.00 0.00 0.00 0.00 0.00 0.00 0.00 0.00 0.00 0.00 0.00 0.00 0.00 0.00 0.00 0.00 0.00 0.00 
