0.00 0.00 0.00 0.00 0.00 0.00 0.00 0.00 0.00 0.00 0.00 0.00 0.00 0.00 0.00 0.00 0.00 0.00 0.00 0.00 0.00 0.00 0.00 0.00 0.00 0.00 0.00 0.00 0.00 0.00 0.00 0.00 0.00 0.00 0.00 0.00 0.00 0.00 0.00 0.00 0.00 0.00 0.00 0.00 0.00 0.00 0.00 0.00 0.00 0.00 0.00 0.00 0.00 0.00 0.00 0.00 0.00 0.00 0.00 0.00 0.00 0.00 0.00 0.00 0.00 0.00 0.00 0.00 0.00 0.00 0.00 0.00 0.00 0.00 0.00 0.00 0.00 0.00 0.00 0.00 0.00 0.00 0.00 0.00 0.00 0.00 
0.00 0.00 0.00 0.00 0.00 0.00 0.00 0.00 0.00 0.00 0.00 0.00 0.00 0.00 0.00 0.00 0.00 0.00 0.00 0.00 0.00 0.00 0.00 0.00 0.00 0.00 0.00 0.00 0.00 0.00 0.00 0.00 0.00 0.00 0.00 0.00 0.00 0.00 0.00 0.00 0.00 0.00 0.00 0.00 0.00 0.00 0.00 0.00 0.00 0.00 0.00 0.00 0.00 0.00 0.00 0.00 0.00 0.00 0.00 0.00 0.00 0.00 0.00 0.00 0.00 0.00 0.00 0.00 0.00 0.00 0.00 0.00 0.00 0.00 0.00 0.00 0.00 0.00 0.00 0.00 0.00 0.00 0.00 0.00 0.00 0.00 
0.00 0.00 0.00 0.00 0.00 0.00 0.00 0.00 0.00 0.00 0.00 0.00 0.00 0.00 0.00 0.00 0.00 0.00 0.00 0.00 0.00 0.00 0.00 0.00 0.00 0.00 0.00 0.00 0.00 0.00 0.00 0.00 0.00 0.00 0.00 0.00 0.00 0.00 0.00 0.00 0.00 0.00 0.00 0.00 0.00 0.00 0.00 0.00 0.00 0.00 0.00 0.00 0.00 0.00 0.00 0.00 0.00 0.00 0.00 0.00 0.00 0.00 0.00 0.00 0.00 0.00 0.00 0.00 0.00 0.00 0.00 0.00 0.00 0.00 0.00 0.00 0.00 0.00 0.00 0.00 0.00 0.00 0.00 0.00 0.00 0.00 
0.00 0.00 0.00 0.00 0.00 0.00 0.00 0.00 0.70 4.75 6.13 6.37 5.98 5.25 4.49 3.76 3.09 2.52 2.05 1.68 1.39 1.17 1.01 0.88 0.78 0.70 0.63 0.58 0.54 0.50 0.47 0.45 0.42 0.40 0.39 0.37 0.36 0.35 0.34 0.33 0.32 0.32 0.31 0.30 0.30 0.29 0.29 0.29 0.28 0.28 0.28 0.27 0.27 0.27 0.27 0.26 0.26 0.26 0.26 0.25 0.25 0.25 0.25 0.25 0.25 0.24 0.24 0.24 0.24 0.24 0.24 0.25 0.25 0.25 0.24 0.22 0.16 0.02 0.00 0.00 0.00 0.00 0.00 0.00 0.00 0.00 
0.00 0.00 0.00 0.00 0.00 0.00 0.00 5.15 7.59 4.75 3.63 3.03 2.64 2.28 1.95 1.63 1.34 1.10 0.89 0.73 0.61 0.51 0.44 0.38 0.34 0.30 0.28 0.25 0.23 0.22 0.21 0.19 0.18 0.18 0.17 0.16 0.16 0.15 0.15 0.14 0.14 0.14 0.13 0.13 0.13 0.13 0.13 0.12 0.12 0.12 0.12 0.12 0.12 0.12 0.12 0.11 0.11 0.11 0.11 0.11 0.11 0.11 0.11 0.11 0.11 0.11 0.11 0.11 0.11 0.11 0.11 0.11 0.11 0.11 0.12 0.13 0.17 0.26 0.17 0.00 0.00 0.00 0.00 0.00 0.00 0.00 
0.00 0.00 0.00 0.00 0.00 0.30 7.77 5.98 3.93 3.13 2.69 2.35 2.03 1.75 1.50 1.26 1.04 0.85 0.69 0.57 0.47 0.40 0.34 0.30 0.26 0.24 0.22 0.20 0.18 0.17 0.16 0.15 0.14 0.14 0.13 0.13 0.12 0.12 0.11 0.11 0.11 0.11 0.10 0.10 0.10 0.10 0.10 0.10 0.10 0.09 0.09 0.09 0.09 0.09 0.09 0.09 0.09 0.09 0.09 0.09 0.09 0.09 0.08 0.08 0.08 0.08 0.08 0.08 0.08 0.08 0.08 0.08 0.08 0.09 0.09 0.10 0.11 0.13 0.20 0.27 0.01 0.00 0.00 0.00 0.00 0.00 
0.00 0.00 0.00 0.00 0.00 8.07 5.57 3.77 3.07 2.56 2.29 2.03 1.75 1.51 1.29 1.08 0.89 0.73 0.60 0.49 0.41 0.34 0.29 0.26 0.23 0.20 0.19 0.17 0.16 0.15 0.14 0.13 0.12 0.12 0.11 0.11 0.11 0.10 0.10 0.10 0.09 0.09 0.09 0.09 0.09 0.09 0.09 0.08 0.08 0.08 0.08 0.08 0.08 0.08 0.08 0.08 0.08 0.08 0.08 0.07 0.07 0.07 0.07 0.07 0.07 0.07 0.07 0.07 0.07 0.07 0.07 0.07 0.07 0.07 0.08 0.08 0.09 0.11 0.13 0.19 0.29 0.00 0.00 0.00 0.00 0.00 
0.00 0.00 0.00 0.00 5.96 6.57 3.95 3.14 2.65 2.29 2.03 1.86 1.66 1.43 1.23 1.03 0.85 0.69 0.56 0.46 0.38 0.32 0.28 0.24 0.21 0.19 0.17 0.16 0.15 0.14 0.13 0.12 0.12 0.11 0.11 0.10 0.10 0.10 0.09 0.09 0.09 0.09 0.08 0.08 0.08 0.08 0.08 0.08 0.08 0.08 0.08 0.08 0.07 0.07 0.07 0.07 0.07 0.07 0.07 0.07 0.07 0.07 0.07 0.07 0.07 0.07 0.07 0.07 0.07 0.07 0.07 0.07 0.07 0.07 0.07 0.07 0.08 0.09 0.11 0.14 0.23 0.22 0.00 0.00 0.00 0.00 
0.00 0.00 0.00 0.90 9.19 4.52 3.36 2.76 2.36 2.16 1.90 1.64 1.46 1.29 1.10 0.92 0.76 0.62 0.51 0.42 0.35 0.29 0.25 0.22 0.19 0.18 0.16 0.15 0.14 0.13 0.12 0.11 0.11 0.10 0.10 0.09 0.09 0.09 0.09 0.08 0.08 0.08 0.08 0.08 0.07 0.07 0.07 0.07 0.07 0.07 0.07 0.07 0.07 0.07 0.07 0.07 0.07 0.06 0.06 0.06 0.06 0.06 0.06 0.06 0.06 0.06 0.06 0.06 0.06 0.06 0.06 0.06 0.06 0.06 0.06 0.07 0.08 0.08 0.09 0.12 0.16 0.34 0.04 0.00 0.00 0.00 
0.00 0.00 0.00 6.39 6.10 3.84 3.00 2.55 2.29 1.99 1.80 1.64 1.44 1.26 1.08 0.90 0.74 0.61 0.49 0.40 0.33 0.28 0.24 0.21 0.19 0.17 0.15 0.14 0.13 0.12 0.11 0.11 0.10 0.10 0.09 0.09 0.09 0.08 0.08 0.08 0.08 0.08 0.07 0.07 0.07 0.07 0.07 0.07 0.07 0.07 0.07 0.07 0.07 0.06 0.06 0.06 0.06 0.06 0.06 0.06 0.06 0.06 0.06 0.06 0.06 0.06 0.06 0.06 0.06 0.06 0.06 0.06 0.06 0.06 0.06 0.07 0.07 0.08 0.09 0.10 0.14 0.23 0.25 0.00 0.00 0.00 
0.00 0.00 0.00 8.80 4.97 3.52 2.87 2.42 2.17 1.92 1.75 1.57 1.39 1.22 1.04 0.87 0.72 0.59 0.48 0.39 0.32 0.27 0.23 0.21 0.18 0.16 0.15 0.14 0.13 0.12 0.11 0.10 0.10 0.09 0.09 0.09 0.08 0.08 0.08 0.08 0.08 0.07 0.07 0.07 0.07 0.07 0.07 0.07 0.07 0.07 0.06 0.06 0.06 0.06 0.06 0.06 0.06 0.06 0.06 0.06 0.06 0.06 0.06 0.06 0.06 0.06 0.06 0.06 0.06 0.06 0.06 0.06 0.06 0.06 0.06 0.06 0.07 0.07 0.08 0.10 0.13 0.19 0.35 0.00 0.00 0.00 
0.00 0.00 0.00 10.00 4.54 3.36 2.80 2.41 2.05 1.92 1.72 1.54 1.35 1.18 1.01 0.84 0.70 0.57 0.46 0.38 0.32 0.27 0.23 0.20 0.18 0.16 0.15 0.13 0.12 0.12 0.11 0.10 0.10 0.09 0.09 0.09 0.08 0.08 0.08 0.08 0.07 0.07 0.07 0.07 0.07 0.07 0.07 0.07 0.06 0.06 0.06 0.06 0.06 0.06 0.06 0.06 0.06 0.06 0.06 0.06 0.06 0.06 0.06 0.06 0.06 0.06 0.06 0.06 0.06 0.06 0.06 0.06 0.06 0.06 0.06 0.06 0.07 0.07 0.08 0.10 0.12 0.17 0.40 0.00 0.00 0.00 
0.00 0.00 0.00 10.46 4.39 3.23 2.69 2.40 2.02 1.88 1.70 1.51 1.31 1.09 0.93 0.78 0.65 0.53 0.43 0.36 0.30 0.25 0.22 0.19 0.17 0.15 0.14 0.13 0.12 0.11 0.10 0.10 0.09 0.09 0.08 0.08 0.08 0.08 0.07 0.07 0.07 0.07 0.07 0.07 0.06 0.06 0.06 0.06 0.06 0.06 0.06 0.06 0.06 0.06 0.06 0.06 0.06 0.06 0.06 0.06 0.05 0.05 0.05 0.05 0.05 0.05 0.05 0.05 0.05 0.05 0.05 0.05 0.05 0.06 0.06 0.06 0.07 0.07 0.08 0.09 0.12 0.16 0.42 0.00 0.00 0.00 
0.00 0.00 0.00 10.46 4.39 3.23 2.69 2.40 2.02 1.88 1.70 1.51 1.31 1.09 0.93 0.78 0.65 0.53 0.43 0.36 0.30 0.25 0.22 0.19 0.17 0.15 0.14 0.13 0.12 0.11 0.10 0.10 0.09 0.09 0.08 0.08 0.08 0.08 0.07 0.07 0.07 0.07 0.07 0.07 0.06 0.06 0.06 0.06 0.06 0.06 0.06 0.06 0.06 0.06 0.06 0.06 0.06 0.06 0.06 0.06 0.05 0.05 0.05 0.05 0.05 0.05 0.05 0.05 0.05 0.05 0.05 0.05 0.05 0.06 0.06 0.06 0.07 0.07 0.08 0.09 0.12 0.16 0.42 0.00 0.00 0.00 
0.00 0.00 0.00 9.98 4.54 3.36 2.80 2.41 2.05 1.92 1.72 1.53 1.35 1.18 1.01 0.84 0.70 0.57 0.46 0.38 0.32 0.27 0.23 0.20 0.18 0.16 0.15 0.13 0.12 0.12 0.11 0.10 0.10 0.09 0.09 0.09 0.08 0.08 0.08 0.08 0.07 0.07 0.07 0.07 0.07 0.07 0.07 0.07 0.06 0.06 0.06 0.06 0.06 0.06 0.06 0.06 0.06 0.06 0.06 0.06 0.06 0.06 0.06 0.06 0.06 0.06 0.06 0.06 0.06 0.06 0.06 0.06 0.06 0.06 0.06 0.06 0.07 0.07 0.08 0.10 0.12 0.17 0.40 0.00 0.00 0.00 
0.00 0.00 0.00 8.78 4.97 3.52 2.87 2.42 2.16 1.92 1.75 1.57 1.39 1.22 1.04 0.87 0.72 0.58 0.48 0.39 0.32 0.27 0.24 0.21 0.18 0.16 0.15 0.14 0.13 0.12 0.11 0.10 0.10 0.09 0.09 0.09 0.08 0.08 0.08 0.08 0.08 0.07 0.07 0.07 0.07 0.07 0.07 0.07 0.07 0.07 0.06 0.06 0.06 0.06 0.06 0.06 0.06 0.06 0.06 0.06 0.06 0.06 0.06 0.06 0.06 0.06 0.06 0.06 0.06 0.06 0.06 0.06 0.06 0.06 0.06 0.06 0.07 0.07 0.08 0.10 0.12 0.18 0.35 0.00 0.00 0.00 
0.00 0.00 0.00 6.37 6.10 3.84 3.00 2.55 2.29 1.99 1.80 1.64 1.44 1.26 1.08 0.90 0.74 0.60 0.49 0.40 0.33 0.28 0.24 0.21 0.19 0.17 0.15 0.14 0.13 0.12 0.11 0.11 0.10 0.10 0.09 0.09 0.09 0.08 0.08 0.08 0.08 0.08 0.07 0.07 0.07 0.07 0.07 0.07 0.07 0.07 0.07 0.07 0.07 0.06 0.06 0.06 0.06 0.06 0.06 0.06 0.06 0.06 0.06 0.06 0.06 0.06 0.06 0.06 0.06 0.06 0.06 0.06 0.06 0.06 0.06 0.07 0.07 0.08 0.09 0.10 0.14 0.23 0.25 0.00 0.00 0.00 
0.00 0.00 0.00 0.90 9.17 4.52 3.36 2.76 2.36 2.15 1.90 1.63 1.46 1.28 1.10 0.92 0.76 0.62 0.51 0.42 0.35 0.29 0.25 0.22 0.20 0.18 0.16 0.15 0.14 0.13 0.12 0.11 0.11 0.10 0.10 0.09 0.09 0.09 0.09 0.08 0.08 0.08 0.08 0.08 0.08 0.07 0.07 0.07 0.07 0.07 0.07 0.07 0.07 0.07 0.07 0.07 0.07 0.07 0.06 0.06 0.06 0.06 0.06 0.06 0.06 0.06 0.06 0.06 0.06 0.06 0.06 0.06 0.06 0.06 0.06 0.07 0.08 0.08 0.09 0.12 0.16 0.34 0.04 0.00 0.00 0.00 
0.00 0.00 0.00 0.00 5.94 6.56 3.95 3.13 2.64 2.28 2.02 1.85 1.65 1.42 1.22 1.02 0.84 0.69 0.56 0.46 0.38 0.32 0.28 0.24 0.21 0.19 0.17 0.16 0.15 0.14 0.13 0.12 0.12 0.11 0.11 0.10 0.10 0.10 0.09 0.09 0.09 0.09 0.09 0.08 0.08 0.08 0.08 0.08 0.08 0.08 0.08 0.08 0.07 0.07 0.07 0.07 0.07 0.07 0.07 0.07 0.07 0.07 0.07 0.07 0.07 0.07 0.07 0.07 0.07 0.07 0.07 0.07 0.07 0.07 0.07 0.07 0.08 0.09 0.11 0.14 0.23 0.22 0.00 0.00 0.00 0.00 
0.00 0.00 0.00 0.00 0.00 8.05 5.56 3.76 3.06 2.55 2.28 2.02 1.73 1.49 1.28 1.07 0.89 0.72 0.59 0.49 0.41 0.34 0.30 0.26 0.23 0.21 0.19 0.17 0.16 0.15 0.14 0.13 0.12 0.12 0.11 0.11 0.11 0.10 0.10 0.10 0.09 0.09 0.09 0.09 0.09 0.09 0.09 0.08 0.08 0.08 0.08 0.08 0.08 0.08 0.08 0.08 0.08 0.08 0.08 0.08 0.07 0.07 0.07 0.07 0.07 0.07 0.07 0.07 0.07 0.07 0.07 0.07 0.07 0.08 0.08 0.08 0.09 0.10 0.13 0.19 0.29 0.00 0.00 0.00 0.00 0.00 
0.00 0.00 0.00 0.00 0.00 0.30 7.75 5.97 3.92 3.12 2.67 2.32 1.99 1.72 1.48 1.24 1.02 0.84 0.68 0.56 0.47 0.40 0.34 0.30 0.26 0.24 0.22 0.20 0.18 0.17 0.16 0.15 0.14 0.14 0.13 0.13 0.12 0.12 0.12 0.11 0.11 0.11 0.11 0.10 0.10 0.10 0.10 0.10 0.10 0.10 0.09 0.09 0.09 0.09 0.09 0.09 0.09 0.09 0.09 0.09 0.09 0.09 0.08 0.08 0.08 0.08 0.08 0.08 0.08 0.08 0.08 0.08 0.08 0.09 0.09 0.10 0.11 0.13 0.20 0.27 0.01 0.00 0.00 0.00 0.00 0.00 
0.00 0.00 0.00 0.00 0.00 0.00 0.00 5.17 7.57 4.73 3.60 2.99 2.57 2.22 1.90 1.60 1.32 1.08 0.88 0.72 0.60 0.51 0.44 0.38 0.34 0.31 0.28 0.26 0.24 0.22 0.21 0.20 0.19 0.18 0.17 0.16 0.16 0.15 0.15 0.14 0.14 0.14 0.14 0.13 0.13 0.13 0.13 0.13 0.12 0.12 0.12 0.12 0.12 0.12 0.12 0.12 0.11 0.11 0.11 0.11 0.11 0.11 0.11 0.11 0.11 0.11 0.11 0.11 0.11 0.11 0.11 0.11 0.11 0.11 0.12 0.13 0.17 0.26 0.17 0.00 0.00 0.00 0.00 0.00 0.00 0.00 
0.00 0.00 0.00 0.00 0.00 0.00 0.00 0.00 0.70 4.72 6.06 6.26 5.83 5.11 4.38 3.67 3.03 2.48 2.02 1.66 1.39 1.17 1.01 0.88 0.78 0.70 0.64 0.59 0.54 0.51 0.48 0.45 0.43 0.41 0.39 0.38 0.36 0.35 0.34 0.33 0.33 0.32 0.31 0.31 0.30 0.30 0.29 0.29 0.28 0.28 0.28 0.28 0.27 0.27 0.27 0.27 0.26 0.26 0.26 0.26 0.25 0.25 0.25 0.25 0.25 0.25 0.25 0.25 0.24 0.24 0.25 0.25 0.25 0.25 0.24 0.22 0.16 0.02 0.00 0.00 0.00 0.00 0.00 0.00 0.00 0.00 
0.00 0.00 0.00 0.00 0.00 0.00 0.00 0.00 0.00 0.00 0.00 0.00 0.00 0.00 0.00 0.00 0.00 0.00 0.00 0.00 0.00 0.00 0.00 0.00 0.00 0.00 0.00 0.00 0.00 0.00 0.00 0.00 0.00 0.00 0.00 0.00 0.00 0.00 0.00 0.00 0.00 0.00 0.00 0.00 0.00 0.00 0.00 0.00 0.00 0.00 0.00 0.00 0.00 0.00 0.00 0.00 0.00 0.00 0.00 0.00 0.00 0.00 0.00 0.00 0.00 0.00 0.00 0.00 0.00 0.00 0.00 0.00 0.00 0.00 0.00 0.00 0.00 0.00 0.00 0.00 0.00 0.00 0.00 0.00 0.00 0.00 
0.00 0.00 0.00 0.00 0.00 0.00 0.00 0.00 0.00 0.00 0.00 0.00 0.00 0.00 0.00 0.00 0.00 0.00 0.00 0.00 0.00 0.00 0.00 0.00 0.00 0.00 0.00 0.00 0.00 0.00 0.00 0.00 0.00 0.00 0.00 0.00 0.00 0.00 0.00 0.00 0.00 0.00 0.00 0.00 0.00 0.00 0.00 0.00 0.00 0.00 0.00 0.00 0.00 0.00 0.00 0.00 0.00 0.00 0.00 0.00 0.00 0.00 0.00 0.00 0.00 0.00 0.00 0.00 0.00 0.00 0.00 0.00 0.00 0.00 0.00 0.00 0.00 0.00 0.00 0.00 0.00 0.00 0.00 0.00 0.00 0.00 
0.00 0.00 0.00 0.00 0.00 0.00 0.00 0.00 0.00 0.00 0.00 0.00 0.00 0.00 0.00 0.00 0.00 0.00 0.00 0.00 0.00 0.00 0.00 0.00 0.00 0.00 0.00 0.00 0.00 0.00 0.00 0.00 0.00 0.00 0.00 0.00 0.00 0.00 0.00 0.00 0.00 0.00 0.00 0.00 0.00 0.00 0.00 0.00 0.00 0.00 0.00 0.00 0.00 0.00 0.00 0.00 0.00 0.00 0.00 0.00 0.00 0.00 0.00 0.00 0.00 0.00 0.00 0.00 0.00 0.00 0.00 0.00 0.00 0.00 0.00 0.00 0.00 0.00 0.00 0.00 0.00 0.00 0.00 0.00 0.00 0.00 
0.00 0.00 0.00 0.00 0.00 0.00 0.00 0.00 0.00 0.00 0.00 0.00 0.00 0.00 0.00 0.00 0.00 0.00 0.00 0.00 0.00 0.00 0.00 0.00 0.00 0.00 0.00 0.00 0.00 0.00 0.00 0.00 0.00 0.00 0.00 0.00 0.00 0.00 0.00 0.00 0.00 0.00 0.00 0.00 0.00 0.00 0.00 0.00 0.00 0.00 0.00 0.00 0.00 0.00 0.00 0.00 0.00 0.00 0.00 0.00 0.00 0.00 0.00 0.00 0.00 0.00 0.00 0.00 0.00 0.00 0.00 0.00 0.00 0.00 0.00 0.00 0.00 0.00 0.00 0.00 0.00 0.00 0.00 0.00 0.00 0.00 
