0.00 0.00 0.00 0.00 0.00 0.00 0.00 0.00 0.00 0.00 0.00 0.00 0.00 0.00 0.00 0.00 0.00 0.00 0.00 0.00 0.00 0.00 0.00 0.00 0.00 0.00 0.00 0.00 0.00 0.00 0.00 0.00 0.00 0.00 0.00 0.00 0.00 0.00 0.00 0.00 0.00 0.00 0.00 0.00 0.00 0.00 0.00 0.00 0.00 0.00 0.00 0.00 0.00 0.00 0.00 0.00 0.00 0.00 0.00 0.00 0.00 0.00 0.00 0.00 0.00 0.00 0.00 0.00 0.00 0.00 0.00 0.00 0.00 0.00 0.00 0.00 0.00 0.00 0.00 0.00 0.00 0.00 0.00 0.00 0.00 0.00 
0.00 0.00 0.00 0.00 0.00 0.00 0.00 0.00 0.00 0.00 0.00 0.00 0.00 0.00 0.00 0.00 0.00 0.00 0.00 0.00 0.00 0.00 0.00 0.00 0.00 0.00 0.00 0.00 0.00 0.00 0.00 0.00 0.00 0.00 0.00 0.00 0.00 0.00 0.00 0.00 0.00 0.00 0.00 0.00 0.00 0.00 0.00 0.00 0.00 0.00 0.00 0.00 0.00 0.00 0.00 0.00 0.00 0.00 0.00 0.00 0.00 0.00 0.00 0.00 0.00 0.00 0.00 0.00 0.00 0.00 0.00 0.00 0.00 0.00 0.00 0.00 0.00 0.00 0.00 0.00 0.00 0.00 0.00 0.00 0.00 0.00 
0.00 0.00 0.00 0.00 0.00 0.00 0.00 0.00 0.00 0.00 0.00 0.00 0.00 0.00 0.00 0.00 0.00 0.00 0.00 0.00 0.00 0.00 0.00 0.00 0.00 0.00 0.00 0.00 0.00 0.00 0.00 0.00 0.00 0.00 0.00 0.00 0.00 0.00 0.00 0.00 0.00 0.00 0.00 0.00 0.00 0.00 0.00 0.00 0.00 0.00 0.00 0.00 0.00 0.00 0.00 0.00 0.00 0.00 0.00 0.00 0.00 0.00 0.00 0.00 0.00 0.00 0.00 0.00 0.00 0.00 0.00 0.00 0.00 0.00 0.00 0.00 0.00 0.00 0.00 0.00 0.00 0.00 0.00 0.00 0.00 0.00 
0.00 0.00 0.00 0.00 0.00 0.00 0.00 0.00 0.69 4.68 6.14 6.53 6.31 5.72 5.07 4.40 3.74 3.12 2.57 2.11 1.74 1.44 1.21 1.03 0.90 0.79 0.71 0.64 0.58 0.54 0.50 0.47 0.44 0.42 0.40 0.38 0.36 0.35 0.34 0.33 0.32 0.31 0.30 0.30 0.29 0.28 0.28 0.27 0.27 0.27 0.26 0.26 0.26 0.25 0.25 0.25 0.24 0.24 0.24 0.24 0.23 0.23 0.23 0.23 0.23 0.23 0.22 0.22 0.22 0.22 0.22 0.23 0.23 0.23 0.23 0.20 0.15 0.02 0.00 0.00 0.00 0.00 0.00 0.00 0.00 0.00 
0.00 0.00 0.00 0.00 0.00 0.00 0.00 4.95 7.39 4.70 3.65 3.12 2.79 2.49 2.21 1.91 1.63 1.36 1.12 0.92 0.76 0.63 0.53 0.45 0.39 0.34 0.31 0.28 0.25 0.23 0.22 0.20 0.19 0.18 0.17 0.16 0.16 0.15 0.15 0.14 0.14 0.13 0.13 0.13 0.13 0.12 0.12 0.12 0.12 0.12 0.11 0.11 0.11 0.11 0.11 0.11 0.11 0.11 0.10 0.10 0.10 0.10 0.10 0.10 0.10 0.10 0.10 0.10 0.10 0.10 0.10 0.10 0.10 0.10 0.11 0.12 0.16 0.24 0.16 0.00 0.00 0.00 0.00 0.00 0.00 0.00 
0.00 0.00 0.00 0.00 0.00 0.28 7.39 5.75 3.83 3.10 2.71 2.42 2.16 1.92 1.70 1.48 1.25 1.05 0.87 0.71 0.59 0.49 0.41 0.35 0.30 0.27 0.24 0.22 0.20 0.18 0.17 0.16 0.15 0.14 0.13 0.13 0.12 0.12 0.11 0.11 0.11 0.10 0.10 0.10 0.10 0.10 0.09 0.09 0.09 0.09 0.09 0.09 0.09 0.09 0.08 0.08 0.08 0.08 0.08 0.08 0.08 0.08 0.08 0.08 0.08 0.08 0.08 0.08 0.08 0.08 0.08 0.08 0.08 0.08 0.08 0.09 0.10 0.13 0.19 0.25 0.01 0.00 0.00 0.00 0.00 0.00 
0.00 0.00 0.00 0.00 0.00 7.62 5.31 3.63 2.99 2.53 2.31 2.10 1.86 1.65 1.47 1.27 1.08 0.90 0.75 0.61 0.51 0.42 0.35 0.30 0.26 0.23 0.21 0.19 0.17 0.16 0.15 0.14 0.13 0.12 0.12 0.11 0.11 0.10 0.10 0.10 0.09 0.09 0.09 0.09 0.08 0.08 0.08 0.08 0.08 0.08 0.08 0.08 0.07 0.07 0.07 0.07 0.07 0.07 0.07 0.07 0.07 0.07 0.07 0.07 0.07 0.07 0.07 0.07 0.07 0.07 0.07 0.07 0.07 0.07 0.07 0.08 0.08 0.10 0.12 0.18 0.27 0.00 0.00 0.00 0.00 0.00 
0.00 0.00 0.00 0.00 5.58 6.20 3.76 3.02 2.58 2.26 2.04 1.91 1.76 1.57 1.39 1.21 1.02 0.86 0.71 0.58 0.48 0.39 0.33 0.28 0.25 0.22 0.19 0.18 0.16 0.15 0.14 0.13 0.12 0.11 0.11 0.10 0.10 0.10 0.09 0.09 0.09 0.08 0.08 0.08 0.08 0.08 0.08 0.08 0.07 0.07 0.07 0.07 0.07 0.07 0.07 0.07 0.07 0.07 0.07 0.07 0.06 0.06 0.06 0.06 0.06 0.06 0.06 0.06 0.06 0.06 0.06 0.06 0.06 0.06 0.07 0.07 0.07 0.08 0.10 0.13 0.22 0.21 0.00 0.00 0.00 0.00 
0.00 0.00 0.00 0.84 8.62 4.27 3.20 2.66 2.30 2.13 1.92 1.69 1.55 1.41 1.25 1.09 0.92 0.77 0.64 0.52 0.43 0.36 0.30 0.26 0.22 0.20 0.18 0.16 0.15 0.14 0.13 0.12 0.11 0.10 0.10 0.10 0.09 0.09 0.08 0.08 0.08 0.08 0.08 0.07 0.07 0.07 0.07 0.07 0.07 0.07 0.07 0.06 0.06 0.06 0.06 0.06 0.06 0.06 0.06 0.06 0.06 0.06 0.06 0.06 0.06 0.06 0.06 0.06 0.06 0.06 0.06 0.06 0.06 0.06 0.06 0.06 0.07 0.08 0.09 0.11 0.15 0.33 0.03 0.00 0.00 0.00 
0.00 0.00 0.00 5.95 5.73 3.63 2.85 2.46 2.23 1.97 1.81 1.69 1.52 1.38 1.22 1.06 0.90 0.75 0.62 0.51 0.42 0.35 0.29 0.25 0.22 0.19 0.17 0.15 0.14 0.13 0.12 0.11 0.11 0.10 0.10 0.09 0.09 0.08 0.08 0.08 0.08 0.07 0.07 0.07 0.07 0.07 0.07 0.07 0.06 0.06 0.06 0.06 0.06 0.06 0.06 0.06 0.06 0.06 0.06 0.06 0.06 0.06 0.06 0.06 0.05 0.05 0.05 0.05 0.05 0.05 0.05 0.05 0.06 0.06 0.06 0.06 0.07 0.07 0.08 0.10 0.13 0.22 0.24 0.00 0.00 0.00 
0.00 0.00 0.00 8.20 4.66 3.32 2.73 2.33 2.11 1.90 1.76 1.62 1.47 1.33 1.18 1.02 0.87 0.73 0.60 0.49 0.40 0.34 0.28 0.24 0.21 0.18 0.17 0.15 0.14 0.13 0.12 0.11 0.10 0.10 0.09 0.09 0.09 0.08 0.08 0.08 0.07 0.07 0.07 0.07 0.07 0.07 0.07 0.06 0.06 0.06 0.06 0.06 0.06 0.06 0.06 0.06 0.06 0.06 0.06 0.06 0.05 0.05 0.05 0.05 0.05 0.05 0.05 0.05 0.05 0.05 0.05 0.05 0.05 0.05 0.06 0.06 0.06 0.07 0.08 0.09 0.12 0.18 0.34 0.00 0.00 0.00 
0.00 0.00 0.00 9.32 4.26 3.17 2.67 2.32 2.00 1.90 1.73 1.58 1.43 1.29 1.14 0.99 0.84 0.70 0.58 0.48 0.39 0.33 0.28 0.24 0.21 0.18 0.16 0.15 0.13 0.12 0.11 0.11 0.10 0.10 0.09 0.09 0.08 0.08 0.08 0.08 0.07 0.07 0.07 0.07 0.07 0.07 0.06 0.06 0.06 0.06 0.06 0.06 0.06 0.06 0.06 0.06 0.06 0.06 0.05 0.05 0.05 0.05 0.05 0.05 0.05 0.05 0.05 0.05 0.05 0.05 0.05 0.05 0.05 0.05 0.06 0.06 0.06 0.07 0.08 0.09 0.11 0.16 0.39 0.00 0.00 0.00 
0.00 0.00 0.00 9.76 4.12 3.05 2.56 2.31 1.98 1.85 1.71 1.55 1.39 1.20 1.06 0.92 0.78 0.65 0.54 0.45 0.37 0.31 0.26 0.22 0.19 0.17 0.15 0.14 0.13 0.12 0.11 0.10 0.10 0.09 0.09 0.08 0.08 0.08 0.07 0.07 0.07 0.07 0.07 0.06 0.06 0.06 0.06 0.06 0.06 0.06 0.06 0.06 0.06 0.05 0.05 0.05 0.05 0.05 0.05 0.05 0.05 0.05 0.05 0.05 0.05 0.05 0.05 0.05 0.05 0.05 0.05 0.05 0.05 0.05 0.05 0.06 0.06 0.06 0.08 0.09 0.11 0.16 0.40 0.00 0.00 0.00 
0.00 0.00 0.00 9.76 4.12 3.05 2.56 2.31 1.98 1.85 1.71 1.55 1.39 1.20 1.06 0.92 0.78 0.65 0.54 0.45 0.37 0.31 0.26 0.22 0.19 0.17 0.15 0.14 0.13 0.12 0.11 0.10 0.10 0.09 0.09 0.08 0.08 0.08 0.07 0.07 0.07 0.07 0.07 0.06 0.06 0.06 0.06 0.06 0.06 0.06 0.06 0.06 0.06 0.05 0.05 0.05 0.05 0.05 0.05 0.05 0.05 0.05 0.05 0.05 0.05 0.05 0.05 0.05 0.05 0.05 0.05 0.05 0.05 0.05 0.05 0.06 0.06 0.06 0.08 0.09 0.11 0.16 0.40 0.00 0.00 0.00 
0.00 0.00 0.00 9.31 4.26 3.17 2.67 2.32 2.00 1.90 1.73 1.58 1.43 1.29 1.14 0.99 0.84 0.70 0.58 0.48 0.39 0.33 0.28 0.24 0.21 0.18 0.16 0.15 0.13 0.12 0.12 0.11 0.10 0.10 0.09 0.09 0.08 0.08 0.08 0.08 0.07 0.07 0.07 0.07 0.07 0.07 0.06 0.06 0.06 0.06 0.06 0.06 0.06 0.06 0.06 0.06 0.06 0.06 0.06 0.05 0.05 0.05 0.05 0.05 0.05 0.05 0.05 0.05 0.05 0.05 0.05 0.05 0.05 0.05 0.06 0.06 0.06 0.07 0.08 0.09 0.11 0.16 0.38 0.00 0.00 0.00 
0.00 0.00 0.00 8.19 4.66 3.32 2.73 2.33 2.11 1.90 1.76 1.62 1.47 1.33 1.18 1.02 0.87 0.72 0.60 0.49 0.40 0.34 0.28 0.24 0.21 0.19 0.17 0.15 0.14 0.13 0.12 0.11 0.10 0.10 0.09 0.09 0.09 0.08 0.08 0.08 0.07 0.07 0.07 0.07 0.07 0.07 0.07 0.06 0.06 0.06 0.06 0.06 0.06 0.06 0.06 0.06 0.06 0.06 0.06 0.06 0.06 0.05 0.05 0.05 0.05 0.05 0.05 0.05 0.05 0.05 0.05 0.05 0.05 0.05 0.06 0.06 0.06 0.07 0.08 0.09 0.12 0.18 0.33 0.00 0.00 0.00 
0.00 0.00 0.00 5.94 5.72 3.63 2.85 2.46 2.23 1.97 1.81 1.69 1.52 1.38 1.22 1.06 0.90 0.75 0.62 0.51 0.42 0.35 0.29 0.25 0.22 0.19 0.17 0.15 0.14 0.13 0.12 0.11 0.11 0.10 0.10 0.09 0.09 0.08 0.08 0.08 0.08 0.07 0.07 0.07 0.07 0.07 0.07 0.07 0.06 0.06 0.06 0.06 0.06 0.06 0.06 0.06 0.06 0.06 0.06 0.06 0.06 0.06 0.06 0.06 0.05 0.05 0.05 0.05 0.05 0.05 0.05 0.05 0.06 0.06 0.06 0.06 0.06 0.07 0.08 0.10 0.13 0.22 0.24 0.00 0.00 0.00 
0.00 0.00 0.00 0.84 8.60 4.27 3.20 2.66 2.30 2.13 1.92 1.69 1.55 1.41 1.25 1.08 0.92 0.77 0.64 0.52 0.43 0.36 0.30 0.26 0.23 0.20 0.18 0.16 0.15 0.14 0.13 0.12 0.11 0.10 0.10 0.10 0.09 0.09 0.09 0.08 0.08 0.08 0.08 0.07 0.07 0.07 0.07 0.07 0.07 0.07 0.07 0.07 0.06 0.06 0.06 0.06 0.06 0.06 0.06 0.06 0.06 0.06 0.06 0.06 0.06 0.06 0.06 0.06 0.06 0.06 0.06 0.06 0.06 0.06 0.06 0.06 0.07 0.08 0.09 0.11 0.15 0.32 0.03 0.00 0.00 0.00 
0.00 0.00 0.00 0.00 5.57 6.20 3.76 3.02 2.57 2.26 2.04 1.91 1.75 1.56 1.38 1.20 1.02 0.85 0.70 0.58 0.47 0.39 0.33 0.28 0.25 0.22 0.19 0.18 0.16 0.15 0.14 0.13 0.12 0.11 0.11 0.10 0.10 0.10 0.09 0.09 0.09 0.09 0.08 0.08 0.08 0.08 0.08 0.08 0.07 0.07 0.07 0.07 0.07 0.07 0.07 0.07 0.07 0.07 0.07 0.07 0.06 0.06 0.06 0.06 0.06 0.06 0.06 0.06 0.06 0.06 0.06 0.06 0.06 0.06 0.07 0.07 0.07 0.08 0.10 0.13 0.22 0.21 0.00 0.00 0.00 0.00 
0.00 0.00 0.00 0.00 0.00 7.61 5.31 3.63 2.98 2.53 2.31 2.09 1.85 1.64 1.46 1.26 1.07 0.90 0.74 0.61 0.50 0.42 0.35 0.30 0.26 0.23 0.21 0.19 0.17 0.16 0.15 0.14 0.13 0.12 0.12 0.11 0.11 0.10 0.10 0.10 0.09 0.09 0.09 0.09 0.09 0.08 0.08 0.08 0.08 0.08 0.08 0.08 0.08 0.07 0.07 0.07 0.07 0.07 0.07 0.07 0.07 0.07 0.07 0.07 0.07 0.07 0.07 0.07 0.07 0.07 0.07 0.07 0.07 0.07 0.07 0.08 0.08 0.10 0.12 0.18 0.27 0.00 0.00 0.00 0.00 0.00 
0.00 0.00 0.00 0.00 0.00 0.28 7.38 5.75 3.82 3.09 2.70 2.41 2.12 1.90 1.68 1.46 1.24 1.04 0.86 0.71 0.58 0.49 0.41 0.35 0.31 0.27 0.24 0.22 0.20 0.18 0.17 0.16 0.15 0.14 0.14 0.13 0.12 0.12 0.12 0.11 0.11 0.11 0.10 0.10 0.10 0.10 0.10 0.09 0.09 0.09 0.09 0.09 0.09 0.09 0.09 0.08 0.08 0.08 0.08 0.08 0.08 0.08 0.08 0.08 0.08 0.08 0.08 0.08 0.08 0.08 0.08 0.08 0.08 0.08 0.08 0.09 0.10 0.13 0.19 0.25 0.01 0.00 0.00 0.00 0.00 0.00 
0.00 0.00 0.00 0.00 0.00 0.00 0.00 4.97 7.38 4.69 3.64 3.10 2.74 2.44 2.17 1.88 1.60 1.34 1.10 0.91 0.75 0.62 0.53 0.45 0.39 0.35 0.31 0.28 0.26 0.24 0.22 0.21 0.19 0.18 0.17 0.17 0.16 0.15 0.15 0.14 0.14 0.14 0.13 0.13 0.13 0.12 0.12 0.12 0.12 0.12 0.11 0.11 0.11 0.11 0.11 0.11 0.11 0.11 0.10 0.10 0.10 0.10 0.10 0.10 0.10 0.10 0.10 0.10 0.10 0.10 0.10 0.10 0.10 0.10 0.11 0.12 0.15 0.24 0.16 0.00 0.00 0.00 0.00 0.00 0.00 0.00 
0.00 0.00 0.00 0.00 0.00 0.00 0.00 0.00 0.69 4.67 6.10 6.47 6.21 5.62 4.98 4.32 3.67 3.07 2.54 2.09 1.72 1.43 1.21 1.04 0.90 0.80 0.71 0.64 0.59 0.54 0.50 0.47 0.44 0.42 0.40 0.38 0.37 0.35 0.34 0.33 0.32 0.31 0.30 0.30 0.29 0.29 0.28 0.28 0.27 0.27 0.26 0.26 0.26 0.25 0.25 0.25 0.25 0.24 0.24 0.24 0.24 0.23 0.23 0.23 0.23 0.23 0.23 0.23 0.23 0.23 0.23 0.23 0.23 0.23 0.23 0.20 0.15 0.02 0.00 0.00 0.00 0.00 0.00 0.00 0.00 0.00 
0.00 0.00 0.00 0.00 0.00 0.00 0.00 0.00 0.00 0.00 0.00 0.00 0.00 0.00 0.00 0.00 0.00 0.00 0.00 0.00 0.00 0.00 0.00 0.00 0.00 0.00 0.00 0.00 0.00 0.00 0.00 0.00 0.00 0.00 0.00 0.00 0.00 0.00 0.00 0.00 0.00 0.00 0.00 0.00 0.00 0.00 0.00 0.00 0.00 0.00 0.00 0.00 0.00 0.00 0.00 0.00 0.00 0.00 0.00 0.00 0.00 0.00 0.00 0.00 0.00 0.00 0.00 0.00 0.00 0.00 0.00 0.00 0.00 0.00 0.00 0.00 0.00 0.00 0.00 0.00 0.00 0.00 0.00 0.00 0.00 0.00 
0.00 0.00 0.00 0.00 0.00 0.00 0.00 0.00 0.00 0.00 0.00 0.00 0.00 0.00 0.00 0.00 0.00 0.00 0.00 0.00 0.00 0.00 0.00 0.00 0.00 0.00 0.00 0.00 0.00 0.00 0.00 0.00 0.00 0.00 0.00 0.00 0.00 0.00 0.00 0.00 0.00 0.00 0.00 0.00 0.00 0.00 0.00 0.00 0.00 0.00 0.00 0.00 0.00 0.00 0.00 0.00 0.00 0.00 0.00 0.00 0.00 0.00 0.00 0.00 0.00 0.00 0.00 0.00 0.00 0.00 0.00 0.00 0.00 0.00 0.00 0.00 0.00 0.00 0.00 0.00 0.00 0.00 0.00 0.00 0.00 0.00 
0.00 0.00 0.00 0.00 0.00 0.00 0.00 0.00 0.00 0.00 0.00 0.00 0.00 0.00 0.00 0.00 0.00 0.00 0.00 0.00 0.00 0.00 0.00 0.00 0.00 0.00 0.00 0.00 0.00 0.00 0.00 0.00 0.00 0.00 0.00 0.00 0.00 0.00 0.00 0.00 0.00 0.00 0.00 0.00 0.00 0.00 0.00 0.00 0.00 0.00 0.00 0.00 0.00 0.00 0.00 0.00 0.00 0.00 0.00 0.00 0.00 0.00 0.00 0.00 0.00 0.00 0.00 0.00 0.00 0.00 0.00 0.00 0.00 0.00 0.00 0.00 0.00 0.00 0.00 0.00 0.00 0.00 0.00 0.00 0.00 0.00 
0.00 0.00 0.00 0.00 0.00 0.00 0.00 0.00 0.00 0.00 0.00 0.00 0.00 0.00 0.00 0.00 0.00 0.00 0.00 0.00 0.00 0.00 0.00 0.00 0.00 0.00 0.00 0.00 0.00 0.00 0.00 0.00 0.00 0.00 0.00 0.00 0.00 0.00 0.00 0.00 0.00 0.00 0.00 0.00 0.00 0.00 0.00 0.00 0.00 0.00 0.00 0.00 0.00 0.00 0.00 0.00 0.00 0.00 0.00 0.00 0.00 0.00 0.00 0.00 0.00 0.00 0.00 0.00 0.00 0.00 0.00 0.00 0.00 0.00 0.00 0.00 0.00 0.00 0.00 0.00 0.00 0.00 0.00 0.00 0.00 0.00 
