0.00 0.00 0.00 0.00 0.00 0.00 0.00 0.00 0.00 0.00 0.00 0.00 0.00 0.00 0.00 0.00 0.00 0.00 0.00 0.00 0.00 0.00 0.00 0.00 0.00 0.00 0.00 0.00 0.00 0.00 0.00 0.00 0.00 0.00 0.00 0.00 0.00 0.00 0.00 0.00 0.00 0.00 0.00 0.00 0.00 0.00 0.00 0.00 0.00 0.00 0.00 0.00 0.00 0.00 0.00 0.00 0.00 0.00 0.00 0.00 0.00 0.00 0.00 0.00 0.00 0.00 0.00 0.00 0.00 0.00 0.00 0.00 0.00 0.00 0.00 0.00 0.00 0.00 0.00 0.00 0.00 0.00 0.00 0.00 0.00 0.00 
0.00 0.00 0.00 0.00 0.00 0.00 0.00 0.00 0.00 0.00 0.00 0.00 0.00 0.00 0.00 0.00 0.00 0.00 0.00 0.00 0.00 0.00 0.00 0.00 0.00 0.00 0.00 0.00 0.00 0.00 0.00 0.00 0.00 0.00 0.00 0.00 0.00 0.00 0.00 0.00 0.00 0.00 0.00 0.00 0.00 0.00 0.00 0.00 0.00 0.00 0.00 0.00 0.00 0.00 0.00 0.00 0.00 0.00 0.00 0.00 0.00 0.00 0.00 0.00 0.00 0.00 0.00 0.00 0.00 0.00 0.00 0.00 0.00 0.00 0.00 0.00 0.00 0.00 0.00 0.00 0.00 0.00 0.00 0.00 0.00 0.00 
0.00 0.00 0.00 0.00 0.00 0.00 0.00 0.00 0.00 0.00 0.00 0.00 0.00 0.00 0.00 0.00 0.00 0.00 0.00 0.00 0.00 0.00 0.00 0.00 0.00 0.00 0.00 0.00 0.00 0.00 0.00 0.00 0.00 0.00 0.00 0.00 0.00 0.00 0.00 0.00 0.00 0.00 0.00 0.00 0.00 0.00 0.00 0.00 0.00 0.00 0.00 0.00 0.00 0.00 0.00 0.00 0.00 0.00 0.00 0.00 0.00 0.00 0.00 0.00 0.00 0.00 0.00 0.00 0.00 0.00 0.00 0.00 0.00 0.00 0.00 0.00 0.00 0.00 0.00 0.00 0.00 0.00 0.00 0.00 0.00 0.00 
0.00 0.00 0.00 0.00 0.00 0.00 0.00 0.00 0.17 1.15 1.58 1.78 1.86 1.87 1.87 1.87 1.88 1.88 1.89 1.90 1.90 1.90 1.90 1.90 1.90 1.90 1.89 1.88 1.87 1.86 1.84 1.82 1.80 1.78 1.76 1.73 1.70 1.67 1.64 1.61 1.57 1.54 1.50 1.46 1.42 1.38 1.34 1.30 1.26 1.22 1.17 1.13 1.10 1.06 1.02 0.98 0.95 0.91 0.88 0.85 0.82 0.80 0.78 0.76 0.74 0.72 0.72 0.71 0.71 0.72 0.73 0.75 0.78 0.83 0.84 0.80 0.63 0.10 0.00 0.00 0.00 0.00 0.00 0.00 0.00 0.00 
0.00 0.00 0.00 0.00 0.00 0.00 0.00 1.16 1.78 1.17 0.95 0.86 0.83 0.81 0.81 0.82 0.82 0.82 0.82 0.83 0.83 0.83 0.83 0.83 0.83 0.83 0.82 0.82 0.81 0.81 0.80 0.79 0.79 0.78 0.76 0.75 0.74 0.73 0.71 0.70 0.68 0.67 0.65 0.63 0.62 0.60 0.58 0.56 0.55 0.53 0.51 0.49 0.48 0.46 0.44 0.43 0.41 0.40 0.38 0.37 0.36 0.35 0.34 0.33 0.32 0.32 0.31 0.31 0.31 0.31 0.32 0.33 0.34 0.37 0.40 0.48 0.64 1.06 0.75 0.00 0.00 0.00 0.00 0.00 0.00 0.00 
0.00 0.00 0.00 0.00 0.00 0.07 1.70 1.36 0.92 0.77 0.70 0.67 0.64 0.63 0.63 0.64 0.64 0.64 0.64 0.64 0.64 0.65 0.65 0.65 0.64 0.64 0.64 0.64 0.63 0.63 0.62 0.62 0.61 0.60 0.60 0.59 0.58 0.57 0.56 0.54 0.53 0.52 0.51 0.49 0.48 0.47 0.45 0.44 0.43 0.41 0.40 0.38 0.37 0.36 0.35 0.33 0.32 0.31 0.30 0.29 0.28 0.27 0.26 0.26 0.25 0.25 0.24 0.24 0.24 0.24 0.25 0.25 0.27 0.28 0.31 0.36 0.42 0.55 0.90 1.31 0.06 0.00 0.00 0.00 0.00 0.00 
0.00 0.00 0.00 0.00 0.00 1.75 1.23 0.85 0.72 0.63 0.60 0.58 0.56 0.55 0.55 0.55 0.55 0.55 0.55 0.56 0.56 0.56 0.56 0.56 0.56 0.56 0.55 0.55 0.55 0.54 0.54 0.53 0.53 0.52 0.52 0.51 0.50 0.49 0.48 0.47 0.46 0.45 0.44 0.43 0.42 0.40 0.39 0.38 0.37 0.36 0.34 0.33 0.32 0.31 0.30 0.29 0.28 0.27 0.26 0.25 0.24 0.23 0.23 0.22 0.22 0.21 0.21 0.21 0.21 0.21 0.21 0.22 0.23 0.25 0.27 0.30 0.34 0.43 0.57 0.93 1.55 0.00 0.00 0.00 0.00 0.00 
0.00 0.00 0.00 0.00 1.28 1.43 0.87 0.71 0.62 0.56 0.53 0.53 0.52 0.51 0.51 0.51 0.52 0.52 0.52 0.52 0.52 0.52 0.52 0.52 0.52 0.52 0.52 0.52 0.51 0.51 0.51 0.50 0.49 0.49 0.48 0.47 0.47 0.46 0.45 0.44 0.43 0.42 0.41 0.40 0.39 0.38 0.37 0.36 0.34 0.33 0.32 0.31 0.30 0.29 0.28 0.27 0.26 0.25 0.24 0.23 0.23 0.22 0.21 0.21 0.20 0.20 0.20 0.19 0.19 0.20 0.20 0.21 0.21 0.23 0.25 0.27 0.31 0.37 0.47 0.66 1.28 1.36 0.00 0.00 0.00 0.00 
0.00 0.00 0.00 0.19 1.98 0.98 0.74 0.63 0.55 0.53 0.50 0.47 0.47 0.47 0.47 0.47 0.47 0.47 0.47 0.48 0.48 0.48 0.48 0.48 0.48 0.48 0.47 0.47 0.47 0.47 0.46 0.46 0.45 0.45 0.44 0.43 0.43 0.42 0.41 0.40 0.39 0.38 0.38 0.37 0.36 0.35 0.34 0.33 0.32 0.30 0.29 0.28 0.27 0.26 0.26 0.25 0.24 0.23 0.22 0.21 0.21 0.20 0.19 0.19 0.19 0.18 0.18 0.18 0.18 0.18 0.18 0.19 0.20 0.21 0.22 0.25 0.29 0.33 0.41 0.56 0.87 2.19 0.26 0.00 0.00 0.00 
0.00 0.00 0.00 1.37 1.31 0.83 0.66 0.58 0.54 0.49 0.47 0.46 0.45 0.45 0.45 0.45 0.45 0.45 0.45 0.46 0.46 0.46 0.46 0.46 0.46 0.46 0.45 0.45 0.45 0.45 0.44 0.44 0.43 0.43 0.42 0.42 0.41 0.40 0.39 0.39 0.38 0.37 0.36 0.35 0.34 0.33 0.32 0.31 0.30 0.29 0.28 0.27 0.26 0.25 0.25 0.24 0.23 0.22 0.21 0.21 0.20 0.19 0.19 0.18 0.18 0.17 0.17 0.17 0.17 0.17 0.18 0.18 0.19 0.20 0.22 0.24 0.27 0.32 0.38 0.50 0.74 1.46 1.94 0.00 0.00 0.00 
0.00 0.00 0.00 1.89 1.07 0.76 0.63 0.55 0.51 0.48 0.45 0.44 0.44 0.44 0.44 0.44 0.44 0.44 0.44 0.44 0.44 0.45 0.45 0.45 0.44 0.44 0.44 0.44 0.44 0.43 0.43 0.43 0.42 0.42 0.41 0.40 0.40 0.39 0.38 0.38 0.37 0.36 0.35 0.34 0.33 0.32 0.31 0.30 0.29 0.28 0.27 0.27 0.26 0.25 0.24 0.23 0.22 0.21 0.21 0.20 0.19 0.19 0.18 0.18 0.17 0.17 0.17 0.17 0.17 0.17 0.17 0.18 0.18 0.19 0.21 0.23 0.26 0.30 0.36 0.48 0.68 1.17 2.77 0.00 0.00 0.00 
0.00 0.00 0.00 2.16 0.98 0.73 0.62 0.54 0.48 0.47 0.44 0.43 0.43 0.43 0.43 0.43 0.43 0.43 0.43 0.44 0.44 0.44 0.44 0.44 0.44 0.44 0.43 0.43 0.43 0.43 0.42 0.42 0.41 0.41 0.40 0.40 0.39 0.38 0.38 0.37 0.36 0.35 0.34 0.33 0.33 0.32 0.31 0.30 0.29 0.28 0.27 0.26 0.25 0.24 0.23 0.23 0.22 0.21 0.20 0.20 0.19 0.18 0.18 0.17 0.17 0.17 0.16 0.16 0.16 0.16 0.17 0.17 0.18 0.19 0.20 0.23 0.25 0.29 0.35 0.47 0.64 1.08 3.21 0.00 0.00 0.00 
0.00 0.00 0.00 2.26 0.94 0.70 0.59 0.54 0.48 0.46 0.44 0.43 0.42 0.40 0.40 0.40 0.41 0.41 0.41 0.41 0.41 0.41 0.41 0.41 0.41 0.41 0.41 0.41 0.40 0.40 0.40 0.39 0.39 0.38 0.38 0.37 0.37 0.36 0.35 0.35 0.34 0.33 0.32 0.31 0.31 0.30 0.29 0.28 0.27 0.26 0.25 0.25 0.24 0.23 0.22 0.21 0.20 0.20 0.19 0.18 0.18 0.17 0.17 0.16 0.16 0.16 0.15 0.15 0.15 0.15 0.16 0.16 0.17 0.19 0.20 0.22 0.25 0.28 0.35 0.46 0.62 1.03 3.38 0.00 0.00 0.00 
0.00 0.00 0.00 2.26 0.94 0.70 0.59 0.54 0.48 0.46 0.44 0.43 0.42 0.40 0.40 0.40 0.41 0.41 0.41 0.41 0.41 0.41 0.41 0.41 0.41 0.41 0.41 0.41 0.40 0.40 0.40 0.39 0.39 0.38 0.38 0.37 0.37 0.36 0.35 0.35 0.34 0.33 0.32 0.31 0.31 0.30 0.29 0.28 0.27 0.26 0.25 0.25 0.24 0.23 0.22 0.21 0.20 0.20 0.19 0.18 0.18 0.17 0.17 0.16 0.16 0.16 0.16 0.15 0.15 0.16 0.16 0.16 0.17 0.19 0.20 0.22 0.25 0.28 0.35 0.46 0.62 1.03 3.36 0.00 0.00 0.00 
0.00 0.00 0.00 2.15 0.98 0.73 0.62 0.54 0.48 0.47 0.44 0.43 0.43 0.43 0.43 0.43 0.43 0.43 0.43 0.44 0.44 0.44 0.44 0.44 0.44 0.44 0.43 0.43 0.43 0.43 0.42 0.42 0.41 0.41 0.40 0.40 0.39 0.38 0.38 0.37 0.36 0.35 0.34 0.34 0.33 0.32 0.31 0.30 0.29 0.28 0.27 0.26 0.25 0.24 0.23 0.23 0.22 0.21 0.20 0.20 0.19 0.18 0.18 0.17 0.17 0.17 0.16 0.16 0.16 0.16 0.17 0.17 0.18 0.19 0.20 0.23 0.25 0.28 0.35 0.47 0.64 1.07 3.16 0.00 0.00 0.00 
0.00 0.00 0.00 1.89 1.07 0.76 0.63 0.55 0.51 0.48 0.45 0.44 0.44 0.44 0.44 0.44 0.44 0.44 0.44 0.44 0.45 0.45 0.45 0.45 0.45 0.44 0.44 0.44 0.44 0.43 0.43 0.43 0.42 0.42 0.41 0.41 0.40 0.39 0.38 0.38 0.37 0.36 0.35 0.34 0.33 0.32 0.31 0.30 0.29 0.28 0.28 0.27 0.26 0.25 0.24 0.23 0.22 0.21 0.21 0.20 0.19 0.19 0.18 0.18 0.17 0.17 0.17 0.17 0.17 0.17 0.17 0.18 0.18 0.19 0.21 0.23 0.26 0.30 0.36 0.47 0.67 1.15 2.71 0.00 0.00 0.00 
0.00 0.00 0.00 1.36 1.31 0.83 0.66 0.58 0.54 0.49 0.47 0.46 0.45 0.45 0.45 0.45 0.45 0.45 0.46 0.46 0.46 0.46 0.46 0.46 0.46 0.46 0.46 0.45 0.45 0.45 0.44 0.44 0.43 0.43 0.42 0.42 0.41 0.40 0.40 0.39 0.38 0.37 0.36 0.35 0.34 0.33 0.32 0.31 0.30 0.29 0.28 0.27 0.26 0.25 0.25 0.24 0.23 0.22 0.21 0.21 0.20 0.19 0.19 0.18 0.18 0.18 0.17 0.17 0.17 0.17 0.18 0.18 0.19 0.20 0.22 0.24 0.27 0.32 0.38 0.49 0.73 1.42 1.88 0.00 0.00 0.00 
0.00 0.00 0.00 0.19 1.97 0.98 0.74 0.63 0.56 0.53 0.50 0.47 0.47 0.47 0.47 0.47 0.47 0.47 0.48 0.48 0.48 0.48 0.48 0.48 0.48 0.48 0.48 0.47 0.47 0.47 0.46 0.46 0.45 0.45 0.44 0.43 0.43 0.42 0.41 0.40 0.39 0.39 0.38 0.37 0.36 0.35 0.34 0.33 0.32 0.31 0.30 0.29 0.28 0.27 0.26 0.25 0.24 0.23 0.22 0.21 0.21 0.20 0.20 0.19 0.19 0.18 0.18 0.18 0.18 0.18 0.18 0.19 0.20 0.21 0.22 0.25 0.29 0.33 0.41 0.55 0.86 2.13 0.25 0.00 0.00 0.00 
0.00 0.00 0.00 0.00 1.27 1.42 0.87 0.71 0.62 0.56 0.53 0.53 0.52 0.51 0.51 0.52 0.52 0.52 0.52 0.52 0.52 0.52 0.52 0.52 0.52 0.52 0.52 0.52 0.51 0.51 0.51 0.50 0.50 0.49 0.48 0.48 0.47 0.46 0.45 0.44 0.43 0.42 0.41 0.40 0.39 0.38 0.37 0.36 0.35 0.33 0.32 0.31 0.30 0.29 0.28 0.27 0.26 0.25 0.24 0.23 0.23 0.22 0.21 0.21 0.20 0.20 0.20 0.20 0.20 0.20 0.20 0.21 0.21 0.23 0.25 0.27 0.30 0.37 0.47 0.65 1.25 1.32 0.00 0.00 0.00 0.00 
0.00 0.00 0.00 0.00 0.00 1.74 1.23 0.85 0.72 0.63 0.60 0.58 0.56 0.55 0.55 0.55 0.55 0.56 0.56 0.56 0.56 0.56 0.56 0.56 0.56 0.56 0.56 0.55 0.55 0.55 0.54 0.54 0.53 0.52 0.52 0.51 0.50 0.49 0.48 0.47 0.46 0.45 0.44 0.43 0.42 0.41 0.39 0.38 0.37 0.36 0.35 0.33 0.32 0.31 0.30 0.29 0.28 0.27 0.26 0.25 0.24 0.24 0.23 0.22 0.22 0.21 0.21 0.21 0.21 0.21 0.22 0.22 0.23 0.25 0.27 0.30 0.34 0.43 0.56 0.91 1.51 0.00 0.00 0.00 0.00 0.00 
0.00 0.00 0.00 0.00 0.00 0.06 1.70 1.36 0.92 0.77 0.71 0.67 0.65 0.64 0.64 0.64 0.64 0.64 0.64 0.65 0.65 0.65 0.65 0.65 0.65 0.65 0.64 0.64 0.64 0.63 0.63 0.62 0.61 0.61 0.60 0.59 0.58 0.57 0.56 0.55 0.54 0.52 0.51 0.50 0.48 0.47 0.46 0.44 0.43 0.41 0.40 0.39 0.37 0.36 0.35 0.34 0.32 0.31 0.30 0.29 0.28 0.27 0.27 0.26 0.25 0.25 0.24 0.24 0.24 0.24 0.25 0.26 0.27 0.28 0.31 0.35 0.42 0.54 0.88 1.28 0.05 0.00 0.00 0.00 0.00 0.00 
0.00 0.00 0.00 0.00 0.00 0.00 0.00 1.17 1.78 1.17 0.95 0.86 0.83 0.82 0.82 0.82 0.82 0.83 0.83 0.83 0.83 0.83 0.83 0.83 0.83 0.83 0.83 0.82 0.82 0.81 0.81 0.80 0.79 0.78 0.77 0.76 0.75 0.73 0.72 0.70 0.69 0.67 0.66 0.64 0.62 0.60 0.59 0.57 0.55 0.53 0.51 0.50 0.48 0.46 0.45 0.43 0.42 0.40 0.39 0.37 0.36 0.35 0.34 0.33 0.33 0.32 0.31 0.31 0.31 0.32 0.32 0.33 0.34 0.36 0.40 0.47 0.63 1.05 0.74 0.00 0.00 0.00 0.00 0.00 0.00 0.00 
0.00 0.00 0.00 0.00 0.00 0.00 0.00 0.00 0.17 1.16 1.58 1.79 1.87 1.88 1.88 1.89 1.89 1.90 1.91 1.91 1.91 1.92 1.92 1.92 1.92 1.91 1.90 1.89 1.88 1.87 1.85 1.84 1.82 1.79 1.77 1.74 1.71 1.68 1.65 1.62 1.58 1.55 1.51 1.47 1.43 1.39 1.35 1.31 1.27 1.22 1.18 1.14 1.10 1.06 1.03 0.99 0.96 0.92 0.89 0.86 0.83 0.81 0.78 0.76 0.75 0.73 0.72 0.72 0.72 0.72 0.74 0.76 0.79 0.82 0.84 0.79 0.62 0.09 0.00 0.00 0.00 0.00 0.00 0.00 0.00 0.00 
0.00 0.00 0.00 0.00 0.00 0.00 0.00 0.00 0.00 0.00 0.00 0.00 0.00 0.00 0.00 0.00 0.00 0.00 0.00 0.00 0.00 0.00 0.00 0.00 0.00 0.00 0.00 0.00 0.00 0.00 0.00 0.00 0.00 0.00 0.00 0.00 0.00 0.00 0.00 0.00 0.00 0.00 0.00 0.00 0.00 0.00 0.00 0.00 0.00 0.00 0.00 0.00 0.00 0.00 0.00 0.00 0.00 0.00 0.00 0.00 0.00 0.00 0.00 0.00 0.00 0.00 0.00 0.00 0.00 0.00 0.00 0.00 0.00 0.00 0.00 0.00 0.00 0.00 0.00 0.00 0.00 0.00 0.00 0.00 0.00 0.00 
0.00 0.00 0.00 0.00 0.00 0.00 0.00 0.00 0.00 0.00 0.00 0.00 0.00 0.00 0.00 0.00 0.00 0.00 0.00 0.00 0.00 0.00 0.00 0.00 0.00 0.00 0.00 0.00 0.00 0.00 0.00 0.00 0.00 0.00 0.00 0.00 0.00 0.00 0.00 0.00 0.00 0.00 0.00 0.00 0.00 0.00 0.00 0.00 0.00 0.00 0.00 0.00 0.00 0.00 0.00 0.00 0.00 0.00 0.00 0.00 0.00 0.00 0.00 0.00 0.00 0.00 0.00 0.00 0.00 0.00 0.00 0.00 0.00 0.00 0.00 0.00 0.00 0.00 0.00 0.00 0.00 0.00 0.00 0.00 0.00 0.00 
0.00 0.00 0.00 0.00 0.00 0.00 0.00 0.00 0.00 0.00 0.00 0.00 0.00 0.00 0.00 0.00 0.00 0.00 0.00 0.00 0.00 0.00 0.00 0.00 0.00 0.00 0.00 0.00 0.00 0.00 0.00 0.00 0.00 0.00 0.00 0.00 0.00 0.00 0.00 0.00 0.00 0.00 0.00 0.00 0.00 0.00 0.00 0.00 0.00 0.00 0.00 0.00 0.00 0.00 0.00 0.00 0.00 0.00 0.00 0.00 0.00 0.00 0.00 0.00 0.00 0.00 0.00 0.00 0.00 0.00 0.00 0.00 0.00 0.00 0.00 0.00 0.00 0.00 0.00 0.00 0.00 0.00 0.00 0.00 0.00 0.00 
0.00 0.00 0.00 0.00 0.00 0.00 0.00 0.00 0.00 0.00 0.00 0.00 0.00 0.00 0.00 0.00 0.00 0.00 0.00 0.00 0.00 0.00 0.00 0.00 0.00 0.00 0.00 0.00 0.00 0.00 0.00 0.00 0.00 0.00 0.00 0.00 0.00 0.00 0.00 0.00 0.00 0.00 0.00 0.00 0.00 0.00 0.00 0.00 0.00 0.00 0.00 0.00 0.00 0.00 0.00 0.00 0.00 0.00 0.00 0.00 0.00 0.00 0.00 0.00 0.00 0.00 0.00 0.00 0.00 0.00 0.00 0.00 0.00 0.00 0.00 0.00 0.00 0.00 0.00 0.00 0.00 0.00 0.00 0.00 0.00 0.00 
