0.00 0.00 0.00 0.00 0.00 0.00 0.00 0.00 0.00 0.00 0.00 0.00 0.00 0.00 0.00 0.00 0.00 0.00 0.00 0.00 0.00 0.00 0.00 0.00 0.00 0.00 0.00 0.00 0.00 0.00 0.00 0.00 0.00 0.00 0.00 0.00 0.00 0.00 0.00 0.00 0.00 0.00 0.00 0.00 0.00 0.00 0.00 0.00 0.00 0.00 0.00 0.00 0.00 0.00 0.00 0.00 0.00 0.00 0.00 0.00 0.00 0.00 0.00 0.00 0.00 0.00 0.00 0.00 0.00 0.00 0.00 0.00 0.00 0.00 0.00 0.00 0.00 0.00 0.00 0.00 0.00 0.00 0.00 0.00 0.00 0.00 
0.00 0.00 0.00 0.00 0.00 0.00 0.00 0.00 0.00 0.00 0.00 0.00 0.00 0.00 0.00 0.00 0.00 0.00 0.00 0.00 0.00 0.00 0.00 0.00 0.00 0.00 0.00 0.00 0.00 0.00 0.00 0.00 0.00 0.00 0.00 0.00 0.00 0.00 0.00 0.00 0.00 0.00 0.00 0.00 0.00 0.00 0.00 0.00 0.00 0.00 0.00 0.00 0.00 0.00 0.00 0.00 0.00 0.00 0.00 0.00 0.00 0.00 0.00 0.00 0.00 0.00 0.00 0.00 0.00 0.00 0.00 0.00 0.00 0.00 0.00 0.00 0.00 0.00 0.00 0.00 0.00 0.00 0.00 0.00 0.00 0.00 
0.00 0.00 0.00 0.00 0.00 0.00 0.00 0.00 0.00 0.00 0.00 0.00 0.00 0.00 0.00 0.00 0.00 0.00 0.00 0.00 0.00 0.00 0.00 0.00 0.00 0.00 0.00 0.00 0.00 0.00 0.00 0.00 0.00 0.00 0.00 0.00 0.00 0.00 0.00 0.00 0.00 0.00 0.00 0.00 0.00 0.00 0.00 0.00 0.00 0.00 0.00 0.00 0.00 0.00 0.00 0.00 0.00 0.00 0.00 0.00 0.00 0.00 0.00 0.00 0.00 0.00 0.00 0.00 0.00 0.00 0.00 0.00 0.00 0.00 0.00 0.00 0.00 0.00 0.00 0.00 0.00 0.00 0.00 0.00 0.00 0.00 
0.00 0.00 0.00 0.00 0.00 0.00 0.00 0.00 0.02 0.16 0.21 0.23 0.24 0.23 0.23 0.23 0.23 0.23 0.23 0.23 0.23 0.23 0.23 0.24 0.24 0.24 0.24 0.24 0.25 0.25 0.25 0.25 0.26 0.26 0.26 0.27 0.27 0.27 0.28 0.28 0.29 0.29 0.30 0.30 0.31 0.32 0.33 0.34 0.35 0.36 0.38 0.39 0.41 0.43 0.46 0.49 0.53 0.57 0.62 0.68 0.76 0.86 0.98 1.14 1.35 1.63 1.98 2.42 2.94 3.56 4.23 4.92 5.61 6.24 6.50 6.15 4.71 0.69 0.00 0.00 0.00 0.00 0.00 0.00 0.00 0.00 
0.00 0.00 0.00 0.00 0.00 0.00 0.00 0.17 0.25 0.16 0.13 0.11 0.10 0.10 0.10 0.10 0.10 0.10 0.10 0.10 0.10 0.10 0.10 0.10 0.10 0.10 0.11 0.11 0.11 0.11 0.11 0.11 0.11 0.11 0.11 0.12 0.12 0.12 0.12 0.12 0.12 0.13 0.13 0.13 0.14 0.14 0.14 0.15 0.15 0.16 0.16 0.17 0.18 0.19 0.20 0.21 0.23 0.25 0.27 0.30 0.33 0.37 0.43 0.50 0.59 0.71 0.86 1.05 1.28 1.55 1.84 2.14 2.44 2.76 3.11 3.65 4.72 7.46 5.02 0.00 0.00 0.00 0.00 0.00 0.00 0.00 
0.00 0.00 0.00 0.00 0.00 0.01 0.26 0.19 0.13 0.10 0.09 0.09 0.08 0.08 0.08 0.08 0.08 0.08 0.08 0.08 0.08 0.08 0.08 0.08 0.08 0.08 0.08 0.08 0.08 0.08 0.09 0.09 0.09 0.09 0.09 0.09 0.09 0.09 0.09 0.10 0.10 0.10 0.10 0.10 0.11 0.11 0.11 0.11 0.12 0.12 0.13 0.13 0.14 0.15 0.16 0.17 0.18 0.19 0.21 0.23 0.26 0.29 0.33 0.39 0.46 0.55 0.67 0.81 0.99 1.19 1.42 1.65 1.88 2.13 2.41 2.71 3.12 3.86 5.83 7.51 0.29 0.00 0.00 0.00 0.00 0.00 
0.00 0.00 0.00 0.00 0.00 0.27 0.18 0.12 0.10 0.09 0.08 0.07 0.07 0.07 0.07 0.07 0.07 0.07 0.07 0.07 0.07 0.07 0.07 0.07 0.07 0.07 0.07 0.07 0.07 0.07 0.07 0.07 0.08 0.08 0.08 0.08 0.08 0.08 0.08 0.08 0.08 0.09 0.09 0.09 0.09 0.09 0.10 0.10 0.10 0.11 0.11 0.12 0.12 0.13 0.13 0.14 0.15 0.17 0.18 0.20 0.22 0.25 0.29 0.33 0.40 0.47 0.57 0.70 0.85 1.03 1.22 1.42 1.62 1.83 2.09 2.31 2.54 3.01 3.67 5.39 7.79 0.00 0.00 0.00 0.00 0.00 
0.00 0.00 0.00 0.00 0.21 0.22 0.13 0.10 0.09 0.08 0.07 0.07 0.07 0.06 0.06 0.06 0.06 0.06 0.06 0.06 0.06 0.06 0.06 0.06 0.07 0.07 0.07 0.07 0.07 0.07 0.07 0.07 0.07 0.07 0.07 0.07 0.07 0.07 0.08 0.08 0.08 0.08 0.08 0.08 0.09 0.09 0.09 0.09 0.10 0.10 0.10 0.11 0.11 0.12 0.13 0.13 0.14 0.16 0.17 0.19 0.21 0.24 0.27 0.31 0.37 0.45 0.54 0.66 0.81 0.97 1.16 1.35 1.53 1.73 1.90 2.04 2.27 2.60 3.06 3.82 6.32 5.68 0.00 0.00 0.00 0.00 
0.00 0.00 0.00 0.03 0.33 0.15 0.11 0.09 0.08 0.07 0.07 0.06 0.06 0.06 0.06 0.06 0.06 0.06 0.06 0.06 0.06 0.06 0.06 0.06 0.06 0.06 0.06 0.06 0.06 0.06 0.06 0.06 0.06 0.06 0.07 0.07 0.07 0.07 0.07 0.07 0.07 0.07 0.07 0.08 0.08 0.08 0.08 0.08 0.09 0.09 0.09 0.10 0.10 0.11 0.12 0.12 0.13 0.14 0.16 0.17 0.19 0.22 0.25 0.29 0.34 0.40 0.49 0.60 0.73 0.88 1.04 1.21 1.38 1.53 1.68 1.92 2.14 2.32 2.69 3.25 4.35 8.79 0.86 0.00 0.00 0.00 
0.00 0.00 0.00 0.25 0.22 0.13 0.10 0.08 0.07 0.07 0.06 0.06 0.06 0.06 0.06 0.06 0.05 0.05 0.06 0.06 0.06 0.06 0.06 0.06 0.06 0.06 0.06 0.06 0.06 0.06 0.06 0.06 0.06 0.06 0.06 0.06 0.06 0.07 0.07 0.07 0.07 0.07 0.07 0.07 0.07 0.08 0.08 0.08 0.08 0.09 0.09 0.09 0.10 0.10 0.11 0.12 0.13 0.14 0.15 0.16 0.18 0.21 0.24 0.28 0.33 0.39 0.48 0.58 0.71 0.86 1.02 1.19 1.35 1.50 1.68 1.81 1.98 2.25 2.49 2.90 3.70 5.84 6.08 0.00 0.00 0.00 
0.00 0.00 0.00 0.34 0.18 0.12 0.09 0.08 0.07 0.06 0.06 0.06 0.06 0.05 0.05 0.05 0.05 0.05 0.05 0.05 0.05 0.05 0.05 0.06 0.06 0.06 0.06 0.06 0.06 0.06 0.06 0.06 0.06 0.06 0.06 0.06 0.06 0.06 0.06 0.07 0.07 0.07 0.07 0.07 0.07 0.07 0.08 0.08 0.08 0.08 0.09 0.09 0.10 0.10 0.11 0.11 0.12 0.13 0.15 0.16 0.18 0.20 0.23 0.27 0.32 0.38 0.46 0.56 0.68 0.83 0.98 1.14 1.30 1.46 1.61 1.76 1.91 2.13 2.36 2.78 3.38 4.76 8.38 0.00 0.00 0.00 
0.00 0.00 0.00 0.39 0.16 0.11 0.09 0.08 0.07 0.06 0.06 0.06 0.05 0.05 0.05 0.05 0.05 0.05 0.05 0.05 0.05 0.05 0.05 0.05 0.05 0.05 0.06 0.06 0.06 0.06 0.06 0.06 0.06 0.06 0.06 0.06 0.06 0.06 0.06 0.06 0.07 0.07 0.07 0.07 0.07 0.07 0.08 0.08 0.08 0.08 0.09 0.09 0.09 0.10 0.11 0.11 0.12 0.13 0.14 0.16 0.17 0.20 0.23 0.26 0.31 0.37 0.45 0.55 0.66 0.80 0.95 1.11 1.26 1.41 1.57 1.73 1.91 2.01 2.34 2.71 3.24 4.35 9.53 0.00 0.00 0.00 
0.00 0.00 0.00 0.41 0.16 0.11 0.09 0.08 0.07 0.06 0.06 0.06 0.05 0.05 0.05 0.05 0.05 0.05 0.05 0.05 0.05 0.05 0.05 0.05 0.05 0.05 0.05 0.05 0.05 0.05 0.05 0.05 0.06 0.06 0.06 0.06 0.06 0.06 0.06 0.06 0.06 0.06 0.06 0.07 0.07 0.07 0.07 0.07 0.08 0.08 0.08 0.09 0.09 0.09 0.10 0.11 0.11 0.12 0.13 0.15 0.16 0.19 0.21 0.25 0.29 0.35 0.42 0.51 0.62 0.74 0.88 1.03 1.17 1.37 1.55 1.71 1.86 1.99 2.33 2.61 3.13 4.19 9.98 0.00 0.00 0.00 
0.00 0.00 0.00 0.41 0.16 0.11 0.09 0.08 0.07 0.06 0.06 0.06 0.05 0.05 0.05 0.05 0.05 0.05 0.05 0.05 0.05 0.05 0.05 0.05 0.05 0.05 0.05 0.05 0.05 0.05 0.05 0.05 0.06 0.06 0.06 0.06 0.06 0.06 0.06 0.06 0.06 0.06 0.06 0.07 0.07 0.07 0.07 0.07 0.08 0.08 0.08 0.09 0.09 0.09 0.10 0.11 0.11 0.12 0.13 0.15 0.16 0.19 0.21 0.25 0.29 0.35 0.42 0.51 0.62 0.74 0.88 1.03 1.17 1.37 1.55 1.71 1.86 1.99 2.33 2.61 3.13 4.19 9.97 0.00 0.00 0.00 
0.00 0.00 0.00 0.39 0.16 0.11 0.09 0.08 0.07 0.06 0.06 0.06 0.05 0.05 0.05 0.05 0.05 0.05 0.05 0.05 0.05 0.05 0.05 0.05 0.05 0.06 0.06 0.06 0.06 0.06 0.06 0.06 0.06 0.06 0.06 0.06 0.06 0.06 0.06 0.06 0.07 0.07 0.07 0.07 0.07 0.07 0.08 0.08 0.08 0.08 0.09 0.09 0.09 0.10 0.11 0.11 0.12 0.13 0.14 0.16 0.17 0.20 0.23 0.26 0.31 0.37 0.45 0.55 0.66 0.80 0.95 1.11 1.26 1.41 1.57 1.73 1.91 2.01 2.34 2.71 3.24 4.34 9.52 0.00 0.00 0.00 
0.00 0.00 0.00 0.34 0.18 0.12 0.09 0.08 0.07 0.06 0.06 0.06 0.06 0.05 0.05 0.05 0.05 0.05 0.05 0.05 0.05 0.05 0.05 0.06 0.06 0.06 0.06 0.06 0.06 0.06 0.06 0.06 0.06 0.06 0.06 0.06 0.06 0.06 0.06 0.07 0.07 0.07 0.07 0.07 0.07 0.07 0.08 0.08 0.08 0.08 0.09 0.09 0.10 0.10 0.11 0.11 0.12 0.13 0.15 0.16 0.18 0.20 0.23 0.27 0.32 0.38 0.46 0.56 0.68 0.83 0.98 1.14 1.30 1.46 1.61 1.76 1.91 2.12 2.36 2.77 3.38 4.75 8.36 0.00 0.00 0.00 
0.00 0.00 0.00 0.24 0.22 0.13 0.10 0.08 0.07 0.07 0.06 0.06 0.06 0.06 0.06 0.06 0.06 0.06 0.06 0.06 0.06 0.06 0.06 0.06 0.06 0.06 0.06 0.06 0.06 0.06 0.06 0.06 0.06 0.06 0.06 0.06 0.06 0.07 0.07 0.07 0.07 0.07 0.07 0.07 0.07 0.08 0.08 0.08 0.08 0.09 0.09 0.09 0.10 0.10 0.11 0.12 0.13 0.14 0.15 0.16 0.18 0.21 0.24 0.28 0.33 0.39 0.48 0.58 0.71 0.86 1.02 1.19 1.35 1.50 1.68 1.81 1.98 2.25 2.49 2.90 3.69 5.83 6.07 0.00 0.00 0.00 
0.00 0.00 0.00 0.03 0.33 0.15 0.11 0.09 0.08 0.07 0.07 0.06 0.06 0.06 0.06 0.06 0.06 0.06 0.06 0.06 0.06 0.06 0.06 0.06 0.06 0.06 0.06 0.06 0.06 0.06 0.06 0.06 0.06 0.07 0.07 0.07 0.07 0.07 0.07 0.07 0.07 0.07 0.07 0.08 0.08 0.08 0.08 0.08 0.09 0.09 0.09 0.10 0.10 0.11 0.12 0.12 0.13 0.14 0.16 0.17 0.19 0.22 0.25 0.29 0.34 0.40 0.49 0.60 0.73 0.87 1.04 1.21 1.38 1.53 1.68 1.91 2.14 2.32 2.69 3.25 4.34 8.77 0.86 0.00 0.00 0.00 
0.00 0.00 0.00 0.00 0.21 0.22 0.13 0.10 0.09 0.08 0.07 0.07 0.07 0.06 0.06 0.06 0.06 0.06 0.06 0.06 0.06 0.06 0.06 0.06 0.07 0.07 0.07 0.07 0.07 0.07 0.07 0.07 0.07 0.07 0.07 0.07 0.07 0.08 0.08 0.08 0.08 0.08 0.08 0.08 0.09 0.09 0.09 0.09 0.10 0.10 0.10 0.11 0.11 0.12 0.13 0.13 0.14 0.16 0.17 0.19 0.21 0.24 0.27 0.31 0.37 0.44 0.54 0.66 0.80 0.97 1.15 1.34 1.53 1.73 1.90 2.04 2.27 2.60 3.05 3.82 6.31 5.67 0.00 0.00 0.00 0.00 
0.00 0.00 0.00 0.00 0.00 0.27 0.18 0.12 0.10 0.09 0.08 0.07 0.07 0.07 0.07 0.07 0.07 0.07 0.07 0.07 0.07 0.07 0.07 0.07 0.07 0.07 0.07 0.07 0.07 0.07 0.07 0.07 0.08 0.08 0.08 0.08 0.08 0.08 0.08 0.08 0.08 0.09 0.09 0.09 0.09 0.09 0.10 0.10 0.10 0.11 0.11 0.12 0.12 0.13 0.14 0.14 0.16 0.17 0.18 0.20 0.22 0.25 0.29 0.33 0.39 0.47 0.57 0.70 0.85 1.02 1.21 1.41 1.60 1.82 2.07 2.30 2.54 3.01 3.67 5.38 7.77 0.00 0.00 0.00 0.00 0.00 
0.00 0.00 0.00 0.00 0.00 0.01 0.25 0.19 0.13 0.10 0.09 0.09 0.08 0.08 0.08 0.08 0.08 0.08 0.08 0.08 0.08 0.08 0.08 0.08 0.08 0.08 0.08 0.08 0.08 0.08 0.09 0.09 0.09 0.09 0.09 0.09 0.09 0.09 0.09 0.10 0.10 0.10 0.10 0.10 0.11 0.11 0.11 0.12 0.12 0.12 0.13 0.13 0.14 0.15 0.16 0.17 0.18 0.19 0.21 0.23 0.26 0.29 0.33 0.39 0.46 0.55 0.66 0.80 0.98 1.18 1.40 1.63 1.85 2.09 2.39 2.69 3.10 3.85 5.81 7.50 0.29 0.00 0.00 0.00 0.00 0.00 
0.00 0.00 0.00 0.00 0.00 0.00 0.00 0.17 0.25 0.16 0.13 0.11 0.11 0.10 0.10 0.10 0.10 0.10 0.10 0.10 0.10 0.10 0.10 0.10 0.10 0.10 0.11 0.11 0.11 0.11 0.11 0.11 0.11 0.11 0.11 0.12 0.12 0.12 0.12 0.12 0.13 0.13 0.13 0.13 0.14 0.14 0.14 0.15 0.15 0.16 0.17 0.17 0.18 0.19 0.20 0.22 0.23 0.25 0.27 0.30 0.33 0.38 0.43 0.50 0.59 0.70 0.85 1.04 1.26 1.52 1.80 2.10 2.39 2.70 3.07 3.63 4.70 7.43 5.00 0.00 0.00 0.00 0.00 0.00 0.00 0.00 
0.00 0.00 0.00 0.00 0.00 0.00 0.00 0.00 0.02 0.16 0.21 0.23 0.24 0.23 0.23 0.23 0.23 0.23 0.23 0.23 0.23 0.23 0.24 0.24 0.24 0.24 0.24 0.25 0.25 0.25 0.25 0.26 0.26 0.26 0.26 0.27 0.27 0.27 0.28 0.28 0.29 0.29 0.30 0.31 0.31 0.32 0.33 0.34 0.35 0.36 0.38 0.40 0.42 0.44 0.46 0.50 0.53 0.57 0.63 0.69 0.77 0.86 0.99 1.14 1.35 1.62 1.96 2.38 2.89 3.49 4.14 4.82 5.50 6.12 6.43 6.10 4.69 0.69 0.00 0.00 0.00 0.00 0.00 0.00 0.00 0.00 
0.00 0.00 0.00 0.00 0.00 0.00 0.00 0.00 0.00 0.00 0.00 0.00 0.00 0.00 0.00 0.00 0.00 0.00 0.00 0.00 0.00 0.00 0.00 0.00 0.00 0.00 0.00 0.00 0.00 0.00 0.00 0.00 0.00 0.00 0.00 0.00 0.00 0.00 0.00 0.00 0.00 0.00 0.00 0.00 0.00 0.00 0.00 0.00 0.00 0.00 0.00 0.00 0.00 0.00 0.00 0.00 0.00 0.00 0.00 0.00 0.00 0.00 0.00 0.00 0.00 0.00 0.00 0.00 0.00 0.00 0.00 0.00 0.00 0.00 0.00 0.00 0.00 0.00 0.00 0.00 0.00 0.00 0.00 0.00 0.00 0.00 
0.00 0.00 0.00 0.00 0.00 0.00 0.00 0.00 0.00 0.00 0.00 0.00 0.00 0.00 0.00 0.00 0.00 0.00 0.00 0.00 0.00 0.00 0.00 0.00 0.00 0.00 0.00 0.00 0.00 0.00 0.00 0.00 0.00 0.00 0.00 0.00 0.00 0.00 0.00 0.00 0.00 0.00 0.00 0.00 0.00 0.00 0.00 0.00 0.00 0.00 0.00 0.00 0.00 0.00 0.00 0.00 0.00 0.00 0.00 0.00 0.00 0.00 0.00 0.00 0.00 0.00 0.00 0.00 0.00 0.00 0.00 0.00 0.00 0.00 0.00 0.00 0.00 0.00 0.00 0.00 0.00 0.00 0.00 0.00 0.00 0.00 
0.00 0.00 0.00 0.00 0.00 0.00 0.00 0.00 0.00 0.00 0.00 0.00 0.00 0.00 0.00 0.00 0.00 0.00 0.00 0.00 0.00 0.00 0.00 0.00 0.00 0.00 0.00 0.00 0.00 0.00 0.00 0.00 0.00 0.00 0.00 0.00 0.00 0.00 0.00 0.00 0.00 0.00 0.00 0.00 0.00 0.00 0.00 0.00 0.00 0.00 0.00 0.00 0.00 0.00 0.00 0.00 0.00 0.00 0.00 0.00 0.00 0.00 0.00 0.00 0.00 0.00 0.00 0.00 0.00 0.00 0.00 0.00 0.00 0.00 0.00 0.00 0.00 0.00 0.00 0.00 0.00 0.00 0.00 0.00 0.00 0.00 
0.00 0.00 0.00 0.00 0.00 0.00 0.00 0.00 0.00 0.00 0.00 0.00 0.00 0.00 0.00 0.00 0.00 0.00 0.00 0.00 0.00 0.00 0.00 0.00 0.00 0.00 0.00 0.00 0.00 0.00 0.00 0.00 0.00 0.00 0.00 0.00 0.00 0.00 0.00 0.00 0.00 0.00 0.00 0.00 0.00 0.00 0.00 0.00 0.00 0.00 0.00 0.00 0.00 0.00 0.00 0.00 0.00 0.00 0.00 0.00 0.00 0.00 0.00 0.00 0.00 0.00 0.00 0.00 0.00 0.00 0.00 0.00 0.00 0.00 0.00 0.00 0.00 0.00 0.00 0.00 0.00 0.00 0.00 0.00 0.00 0.00 
