0.00 0.00 0.00 0.00 0.00 0.00 0.00 0.00 0.00 0.00 0.00 0.00 0.00 0.00 0.00 0.00 0.00 0.00 0.00 0.00 0.00 0.00 0.00 0.00 0.00 0.00 0.00 0.00 0.00 0.00 0.00 0.00 0.00 0.00 0.00 0.00 0.00 0.00 0.00 0.00 0.00 0.00 0.00 0.00 0.00 0.00 0.00 0.00 0.00 0.00 0.00 0.00 0.00 0.00 0.00 0.00 0.00 0.00 0.00 0.00 0.00 0.00 0.00 0.00 0.00 0.00 0.00 0.00 0.00 0.00 0.00 0.00 0.00 0.00 0.00 0.00 0.00 0.00 0.00 0.00 0.00 0.00 0.00 0.00 0.00 0.00 
0.00 0.00 0.00 0.00 0.00 0.00 0.00 0.00 0.00 0.00 0.00 0.00 0.00 0.00 0.00 0.00 0.00 0.00 0.00 0.00 0.00 0.00 0.00 0.00 0.00 0.00 0.00 0.00 0.00 0.00 0.00 0.00 0.00 0.00 0.00 0.00 0.00 0.00 0.00 0.00 0.00 0.00 0.00 0.00 0.00 0.00 0.00 0.00 0.00 0.00 0.00 0.00 0.00 0.00 0.00 0.00 0.00 0.00 0.00 0.00 0.00 0.00 0.00 0.00 0.00 0.00 0.00 0.00 0.00 0.00 0.00 0.00 0.00 0.00 0.00 0.00 0.00 0.00 0.00 0.00 0.00 0.00 0.00 0.00 0.00 0.00 
0.00 0.00 0.00 0.00 0.00 0.00 0.00 0.00 0.00 0.00 0.00 0.00 0.00 0.00 0.00 0.00 0.00 0.00 0.00 0.00 0.00 0.00 0.00 0.00 0.00 0.00 0.00 0.00 0.00 0.00 0.00 0.00 0.00 0.00 0.00 0.00 0.00 0.00 0.00 0.00 0.00 0.00 0.00 0.00 0.00 0.00 0.00 0.00 0.00 0.00 0.00 0.00 0.00 0.00 0.00 0.00 0.00 0.00 0.00 0.00 0.00 0.00 0.00 0.00 0.00 0.00 0.00 0.00 0.00 0.00 0.00 0.00 0.00 0.00 0.00 0.00 0.00 0.00 0.00 0.00 0.00 0.00 0.00 0.00 0.00 0.00 
0.00 0.00 0.00 0.00 0.00 0.00 0.00 0.00 0.02 0.13 0.17 0.19 0.19 0.19 0.19 0.18 0.18 0.18 0.18 0.18 0.19 0.19 0.19 0.19 0.20 0.20 0.20 0.21 0.21 0.21 0.22 0.22 0.23 0.23 0.24 0.25 0.25 0.26 0.27 0.28 0.29 0.30 0.31 0.32 0.34 0.35 0.37 0.39 0.42 0.45 0.48 0.52 0.57 0.63 0.70 0.79 0.90 1.03 1.20 1.42 1.68 1.99 2.35 2.75 3.18 3.63 4.07 4.49 4.88 5.22 5.52 5.77 5.98 6.14 6.00 5.38 3.98 0.57 0.00 0.00 0.00 0.00 0.00 0.00 0.00 0.00 
0.00 0.00 0.00 0.00 0.00 0.00 0.00 0.14 0.21 0.13 0.10 0.09 0.09 0.08 0.08 0.08 0.08 0.08 0.08 0.08 0.08 0.08 0.08 0.08 0.09 0.09 0.09 0.09 0.09 0.09 0.09 0.10 0.10 0.10 0.10 0.11 0.11 0.11 0.12 0.12 0.12 0.13 0.13 0.14 0.15 0.15 0.16 0.17 0.18 0.20 0.21 0.23 0.25 0.27 0.30 0.34 0.39 0.45 0.52 0.62 0.73 0.86 1.02 1.20 1.39 1.58 1.77 1.95 2.12 2.27 2.40 2.51 2.60 2.72 2.88 3.23 4.02 6.14 4.02 0.00 0.00 0.00 0.00 0.00 0.00 0.00 
0.00 0.00 0.00 0.00 0.00 0.01 0.22 0.17 0.11 0.09 0.08 0.07 0.07 0.06 0.06 0.06 0.06 0.06 0.06 0.06 0.06 0.06 0.06 0.07 0.07 0.07 0.07 0.07 0.07 0.07 0.07 0.08 0.08 0.08 0.08 0.08 0.09 0.09 0.09 0.09 0.10 0.10 0.10 0.11 0.11 0.12 0.13 0.13 0.14 0.15 0.16 0.18 0.19 0.21 0.24 0.27 0.30 0.35 0.41 0.48 0.57 0.67 0.79 0.93 1.07 1.22 1.37 1.51 1.65 1.76 1.87 1.95 2.02 2.12 2.25 2.40 2.66 3.18 4.69 5.89 0.22 0.00 0.00 0.00 0.00 0.00 
0.00 0.00 0.00 0.00 0.00 0.24 0.16 0.10 0.08 0.07 0.07 0.06 0.06 0.06 0.05 0.05 0.05 0.05 0.05 0.05 0.05 0.06 0.06 0.06 0.06 0.06 0.06 0.06 0.06 0.06 0.06 0.07 0.07 0.07 0.07 0.07 0.07 0.08 0.08 0.08 0.08 0.09 0.09 0.09 0.10 0.10 0.11 0.12 0.12 0.13 0.14 0.15 0.17 0.18 0.21 0.23 0.26 0.30 0.35 0.41 0.49 0.58 0.68 0.80 0.92 1.05 1.18 1.31 1.42 1.52 1.61 1.69 1.75 1.83 1.95 2.05 2.17 2.48 2.95 4.24 6.01 0.00 0.00 0.00 0.00 0.00 
0.00 0.00 0.00 0.00 0.19 0.20 0.11 0.09 0.07 0.06 0.06 0.06 0.05 0.05 0.05 0.05 0.05 0.05 0.05 0.05 0.05 0.05 0.05 0.05 0.05 0.05 0.06 0.06 0.06 0.06 0.06 0.06 0.06 0.06 0.07 0.07 0.07 0.07 0.07 0.08 0.08 0.08 0.08 0.09 0.09 0.10 0.10 0.11 0.12 0.12 0.13 0.14 0.16 0.17 0.19 0.22 0.25 0.28 0.33 0.39 0.46 0.54 0.64 0.75 0.87 1.00 1.12 1.23 1.34 1.44 1.52 1.59 1.64 1.72 1.77 1.81 1.94 2.14 2.46 3.01 4.89 4.33 0.00 0.00 0.00 0.00 
0.00 0.00 0.00 0.03 0.30 0.14 0.10 0.08 0.06 0.06 0.05 0.05 0.05 0.05 0.05 0.05 0.05 0.05 0.05 0.05 0.05 0.05 0.05 0.05 0.05 0.05 0.05 0.05 0.05 0.05 0.05 0.06 0.06 0.06 0.06 0.06 0.06 0.07 0.07 0.07 0.07 0.07 0.08 0.08 0.08 0.09 0.09 0.10 0.11 0.11 0.12 0.13 0.14 0.16 0.18 0.20 0.22 0.26 0.30 0.35 0.42 0.49 0.58 0.68 0.79 0.90 1.01 1.12 1.21 1.30 1.38 1.44 1.49 1.53 1.58 1.70 1.82 1.92 2.17 2.56 3.37 6.71 0.65 0.00 0.00 0.00 
0.00 0.00 0.00 0.23 0.20 0.12 0.09 0.07 0.06 0.06 0.05 0.05 0.05 0.05 0.04 0.04 0.04 0.04 0.04 0.04 0.04 0.05 0.05 0.05 0.05 0.05 0.05 0.05 0.05 0.05 0.05 0.05 0.05 0.06 0.06 0.06 0.06 0.06 0.06 0.07 0.07 0.07 0.07 0.08 0.08 0.09 0.09 0.09 0.10 0.11 0.12 0.13 0.14 0.15 0.17 0.19 0.22 0.25 0.29 0.34 0.40 0.48 0.57 0.66 0.77 0.88 0.98 1.09 1.18 1.26 1.33 1.39 1.44 1.49 1.56 1.61 1.69 1.85 2.00 2.28 2.86 4.46 4.58 0.00 0.00 0.00 
0.00 0.00 0.00 0.32 0.16 0.11 0.08 0.07 0.06 0.05 0.05 0.05 0.05 0.04 0.04 0.04 0.04 0.04 0.04 0.04 0.04 0.04 0.04 0.05 0.05 0.05 0.05 0.05 0.05 0.05 0.05 0.05 0.05 0.05 0.06 0.06 0.06 0.06 0.06 0.06 0.07 0.07 0.07 0.08 0.08 0.08 0.09 0.09 0.10 0.11 0.11 0.12 0.13 0.15 0.16 0.18 0.21 0.24 0.28 0.33 0.39 0.46 0.55 0.64 0.74 0.85 0.95 1.05 1.14 1.22 1.29 1.35 1.40 1.44 1.49 1.55 1.63 1.75 1.90 2.19 2.62 3.63 6.32 0.00 0.00 0.00 
0.00 0.00 0.00 0.36 0.15 0.10 0.08 0.07 0.06 0.05 0.05 0.05 0.04 0.04 0.04 0.04 0.04 0.04 0.04 0.04 0.04 0.04 0.04 0.04 0.05 0.05 0.05 0.05 0.05 0.05 0.05 0.05 0.05 0.05 0.05 0.06 0.06 0.06 0.06 0.06 0.07 0.07 0.07 0.07 0.08 0.08 0.09 0.09 0.10 0.10 0.11 0.12 0.13 0.14 0.16 0.18 0.21 0.24 0.27 0.32 0.38 0.45 0.53 0.62 0.72 0.82 0.92 1.02 1.11 1.19 1.26 1.32 1.37 1.41 1.46 1.52 1.62 1.66 1.88 2.13 2.51 3.31 7.19 0.00 0.00 0.00 
0.00 0.00 0.00 0.38 0.14 0.10 0.08 0.07 0.06 0.05 0.05 0.05 0.04 0.04 0.04 0.04 0.04 0.04 0.04 0.04 0.04 0.04 0.04 0.04 0.04 0.04 0.04 0.04 0.05 0.05 0.05 0.05 0.05 0.05 0.05 0.05 0.05 0.06 0.06 0.06 0.06 0.06 0.07 0.07 0.07 0.08 0.08 0.09 0.09 0.10 0.10 0.11 0.12 0.14 0.15 0.17 0.19 0.22 0.26 0.30 0.36 0.42 0.50 0.58 0.67 0.77 0.86 0.95 1.04 1.11 1.18 1.23 1.28 1.38 1.44 1.50 1.57 1.65 1.87 2.05 2.42 3.20 7.54 0.00 0.00 0.00 
0.00 0.00 0.00 0.38 0.14 0.10 0.08 0.07 0.06 0.05 0.05 0.05 0.04 0.04 0.04 0.04 0.04 0.04 0.04 0.04 0.04 0.04 0.04 0.04 0.04 0.04 0.04 0.04 0.05 0.05 0.05 0.05 0.05 0.05 0.05 0.05 0.05 0.06 0.06 0.06 0.06 0.06 0.07 0.07 0.07 0.08 0.08 0.09 0.09 0.10 0.10 0.11 0.12 0.14 0.15 0.17 0.19 0.22 0.26 0.30 0.36 0.42 0.50 0.58 0.67 0.77 0.86 0.95 1.04 1.11 1.18 1.23 1.28 1.38 1.44 1.50 1.57 1.65 1.87 2.05 2.42 3.20 7.53 0.00 0.00 0.00 
0.00 0.00 0.00 0.36 0.15 0.10 0.08 0.07 0.06 0.05 0.05 0.05 0.04 0.04 0.04 0.04 0.04 0.04 0.04 0.04 0.04 0.04 0.04 0.04 0.05 0.05 0.05 0.05 0.05 0.05 0.05 0.05 0.05 0.05 0.05 0.06 0.06 0.06 0.06 0.06 0.07 0.07 0.07 0.07 0.08 0.08 0.09 0.09 0.10 0.10 0.11 0.12 0.13 0.14 0.16 0.18 0.21 0.24 0.27 0.32 0.38 0.45 0.53 0.62 0.72 0.82 0.92 1.02 1.11 1.19 1.26 1.32 1.37 1.41 1.46 1.52 1.62 1.66 1.88 2.13 2.51 3.31 7.18 0.00 0.00 0.00 
0.00 0.00 0.00 0.31 0.16 0.11 0.08 0.07 0.06 0.05 0.05 0.05 0.05 0.04 0.04 0.04 0.04 0.04 0.04 0.04 0.04 0.04 0.04 0.05 0.05 0.05 0.05 0.05 0.05 0.05 0.05 0.05 0.05 0.05 0.06 0.06 0.06 0.06 0.06 0.06 0.07 0.07 0.07 0.08 0.08 0.08 0.09 0.09 0.10 0.11 0.11 0.12 0.13 0.15 0.16 0.18 0.21 0.24 0.28 0.33 0.39 0.46 0.55 0.64 0.74 0.85 0.95 1.05 1.14 1.22 1.29 1.35 1.40 1.44 1.49 1.55 1.63 1.75 1.90 2.19 2.62 3.63 6.31 0.00 0.00 0.00 
0.00 0.00 0.00 0.22 0.20 0.12 0.09 0.07 0.06 0.06 0.05 0.05 0.05 0.05 0.04 0.04 0.04 0.04 0.04 0.04 0.04 0.05 0.05 0.05 0.05 0.05 0.05 0.05 0.05 0.05 0.05 0.05 0.05 0.06 0.06 0.06 0.06 0.06 0.06 0.07 0.07 0.07 0.07 0.08 0.08 0.09 0.09 0.10 0.10 0.11 0.12 0.13 0.14 0.15 0.17 0.19 0.22 0.25 0.29 0.34 0.40 0.48 0.57 0.66 0.77 0.88 0.98 1.09 1.18 1.26 1.33 1.40 1.45 1.49 1.56 1.61 1.69 1.85 2.00 2.28 2.86 4.45 4.57 0.00 0.00 0.00 
0.00 0.00 0.00 0.03 0.30 0.14 0.10 0.08 0.06 0.06 0.05 0.05 0.05 0.05 0.05 0.05 0.05 0.05 0.05 0.05 0.05 0.05 0.05 0.05 0.05 0.05 0.05 0.05 0.05 0.05 0.05 0.06 0.06 0.06 0.06 0.06 0.06 0.07 0.07 0.07 0.07 0.07 0.08 0.08 0.08 0.09 0.09 0.10 0.11 0.11 0.12 0.13 0.14 0.16 0.18 0.20 0.22 0.26 0.30 0.35 0.42 0.49 0.58 0.68 0.79 0.90 1.01 1.12 1.21 1.30 1.38 1.44 1.50 1.54 1.58 1.70 1.83 1.92 2.17 2.56 3.36 6.70 0.65 0.00 0.00 0.00 
0.00 0.00 0.00 0.00 0.19 0.20 0.11 0.09 0.07 0.06 0.06 0.06 0.05 0.05 0.05 0.05 0.05 0.05 0.05 0.05 0.05 0.05 0.05 0.05 0.05 0.05 0.06 0.06 0.06 0.06 0.06 0.06 0.06 0.06 0.07 0.07 0.07 0.07 0.07 0.08 0.08 0.08 0.08 0.09 0.09 0.10 0.10 0.11 0.12 0.12 0.13 0.14 0.16 0.17 0.19 0.22 0.25 0.28 0.33 0.39 0.46 0.54 0.64 0.75 0.87 0.99 1.12 1.23 1.34 1.44 1.52 1.59 1.65 1.72 1.77 1.82 1.94 2.14 2.46 3.01 4.89 4.32 0.00 0.00 0.00 0.00 
0.00 0.00 0.00 0.00 0.00 0.24 0.16 0.10 0.08 0.07 0.07 0.06 0.06 0.06 0.05 0.05 0.05 0.05 0.05 0.05 0.05 0.06 0.06 0.06 0.06 0.06 0.06 0.06 0.06 0.06 0.06 0.07 0.07 0.07 0.07 0.07 0.07 0.08 0.08 0.08 0.08 0.09 0.09 0.09 0.10 0.10 0.11 0.12 0.12 0.13 0.14 0.15 0.17 0.19 0.21 0.23 0.26 0.30 0.35 0.41 0.49 0.58 0.68 0.80 0.92 1.05 1.18 1.31 1.42 1.52 1.61 1.69 1.75 1.84 1.96 2.05 2.18 2.48 2.96 4.25 6.01 0.00 0.00 0.00 0.00 0.00 
0.00 0.00 0.00 0.00 0.00 0.01 0.22 0.17 0.11 0.09 0.08 0.07 0.07 0.06 0.06 0.06 0.06 0.06 0.06 0.06 0.06 0.06 0.07 0.07 0.07 0.07 0.07 0.07 0.07 0.07 0.07 0.08 0.08 0.08 0.08 0.08 0.09 0.09 0.09 0.09 0.10 0.10 0.11 0.11 0.12 0.12 0.13 0.13 0.14 0.15 0.16 0.18 0.20 0.21 0.24 0.27 0.30 0.35 0.41 0.48 0.56 0.67 0.79 0.92 1.06 1.22 1.37 1.51 1.64 1.76 1.87 1.96 2.03 2.12 2.26 2.40 2.66 3.19 4.69 5.89 0.22 0.00 0.00 0.00 0.00 0.00 
0.00 0.00 0.00 0.00 0.00 0.00 0.00 0.14 0.21 0.13 0.10 0.09 0.09 0.08 0.08 0.08 0.08 0.08 0.08 0.08 0.08 0.08 0.08 0.08 0.09 0.09 0.09 0.09 0.09 0.09 0.10 0.10 0.10 0.10 0.10 0.11 0.11 0.11 0.12 0.12 0.13 0.13 0.14 0.14 0.15 0.16 0.16 0.17 0.18 0.20 0.21 0.23 0.25 0.28 0.31 0.34 0.39 0.45 0.52 0.61 0.73 0.86 1.01 1.18 1.37 1.56 1.76 1.94 2.12 2.27 2.40 2.52 2.61 2.73 2.89 3.24 4.03 6.15 4.03 0.00 0.00 0.00 0.00 0.00 0.00 0.00 
0.00 0.00 0.00 0.00 0.00 0.00 0.00 0.00 0.02 0.13 0.17 0.19 0.19 0.19 0.19 0.19 0.18 0.18 0.19 0.19 0.19 0.19 0.19 0.19 0.20 0.20 0.20 0.21 0.21 0.22 0.22 0.22 0.23 0.24 0.24 0.25 0.25 0.26 0.27 0.28 0.29 0.30 0.31 0.32 0.34 0.36 0.38 0.40 0.42 0.45 0.49 0.53 0.58 0.63 0.71 0.79 0.90 1.03 1.20 1.41 1.67 1.97 2.32 2.72 3.15 3.60 4.04 4.47 4.86 5.22 5.52 5.78 5.99 6.16 6.02 5.40 3.99 0.57 0.00 0.00 0.00 0.00 0.00 0.00 0.00 0.00 
0.00 0.00 0.00 0.00 0.00 0.00 0.00 0.00 0.00 0.00 0.00 0.00 0.00 0.00 0.00 0.00 0.00 0.00 0.00 0.00 0.00 0.00 0.00 0.00 0.00 0.00 0.00 0.00 0.00 0.00 0.00 0.00 0.00 0.00 0.00 0.00 0.00 0.00 0.00 0.00 0.00 0.00 0.00 0.00 0.00 0.00 0.00 0.00 0.00 0.00 0.00 0.00 0.00 0.00 0.00 0.00 0.00 0.00 0.00 0.00 0.00 0.00 0.00 0.00 0.00 0.00 0.00 0.00 0.00 0.00 0.01 0.01 0.01 0.00 0.00 0.00 0.00 0.00 0.00 0.00 0.00 0.00 0.00 0.00 0.00 0.00 
0.00 0.00 0.00 0.00 0.00 0.00 0.00 0.00 0.00 0.00 0.00 0.00 0.00 0.00 0.00 0.00 0.00 0.00 0.00 0.00 0.00 0.00 0.00 0.00 0.00 0.00 0.00 0.00 0.00 0.00 0.00 0.00 0.00 0.00 0.00 0.00 0.00 0.00 0.00 0.00 0.00 0.00 0.00 0.00 0.00 0.00 0.00 0.00 0.00 0.00 0.00 0.00 0.00 0.00 0.00 0.00 0.00 0.00 0.00 0.00 0.00 0.00 0.00 0.00 0.00 0.00 0.00 0.00 0.00 0.00 0.00 0.00 0.00 0.00 0.00 0.00 0.00 0.00 0.00 0.00 0.00 0.00 0.00 0.00 0.00 0.00 
0.00 0.00 0.00 0.00 0.00 0.00 0.00 0.00 0.00 0.00 0.00 0.00 0.00 0.00 0.00 0.00 0.00 0.00 0.00 0.00 0.00 0.00 0.00 0.00 0.00 0.00 0.00 0.00 0.00 0.00 0.00 0.00 0.00 0.00 0.00 0.00 0.00 0.00 0.00 0.00 0.00 0.00 0.00 0.00 0.00 0.00 0.00 0.00 0.00 0.00 0.00 0.00 0.00 0.00 0.00 0.00 0.00 0.00 0.00 0.00 0.00 0.00 0.00 0.00 0.00 0.00 0.00 0.00 0.00 0.00 0.00 0.00 0.00 0.00 0.00 0.00 0.00 0.00 0.00 0.00 0.00 0.00 0.00 0.00 0.00 0.00 
0.00 0.00 0.00 0.00 0.00 0.00 0.00 0.00 0.00 0.00 0.00 0.00 0.00 0.00 0.00 0.00 0.00 0.00 0.00 0.00 0.00 0.00 0.00 0.00 0.00 0.00 0.00 0.00 0.00 0.00 0.00 0.00 0.00 0.00 0.00 0.00 0.00 0.00 0.00 0.00 0.00 0.00 0.00 0.00 0.00 0.00 0.00 0.00 0.00 0.00 0.00 0.00 0.00 0.00 0.00 0.00 0.00 0.00 0.00 0.00 0.00 0.00 0.00 0.00 0.00 0.00 0.00 0.00 0.00 0.00 0.00 0.00 0.00 0.00 0.00 0.00 0.00 0.00 0.00 0.00 0.00 0.00 0.00 0.00 0.00 0.00 
