0.00 0.00 0.00 0.00 0.00 0.00 0.00 0.00 0.00 0.00 0.00 0.00 0.00 0.00 0.00 0.00 0.00 0.00 0.00 0.00 0.00 0.00 0.00 0.00 0.00 0.00 0.00 0.00 0.00 0.00 0.00 0.00 0.00 0.00 0.00 0.00 0.00 0.00 0.00 0.00 0.00 0.00 0.00 0.00 0.00 0.00 0.00 0.00 0.00 0.00 0.00 0.00 0.00 0.00 0.00 0.00 0.00 0.00 0.00 0.00 0.00 0.00 0.00 0.00 0.00 0.00 0.00 0.00 0.00 0.00 0.00 0.00 0.00 0.00 0.00 0.00 0.00 0.00 0.00 0.00 0.00 0.00 0.00 0.00 0.00 0.00 
0.00 0.00 0.00 0.00 0.00 0.00 0.00 0.00 0.00 0.00 0.00 0.00 0.00 0.00 0.00 0.00 0.00 0.00 0.00 0.00 0.00 0.00 0.00 0.00 0.00 0.00 0.00 0.00 0.00 0.00 0.00 0.00 0.00 0.00 0.00 0.00 0.00 0.00 0.00 0.00 0.00 0.00 0.00 0.00 0.00 0.00 0.00 0.00 0.00 0.00 0.00 0.00 0.00 0.00 0.00 0.00 0.00 0.00 0.00 0.00 0.00 0.00 0.00 0.00 0.00 0.00 0.00 0.00 0.00 0.00 0.00 0.00 0.00 0.00 0.00 0.00 0.00 0.00 0.00 0.00 0.00 0.00 0.00 0.00 0.00 0.00 
0.00 0.00 0.00 0.00 0.00 0.00 0.00 0.00 0.00 0.00 0.00 0.00 0.00 0.00 0.00 0.00 0.00 0.00 0.00 0.00 0.00 0.00 0.00 0.00 0.00 0.00 0.00 0.00 0.00 0.00 0.00 0.00 0.00 0.00 0.00 0.00 0.00 0.00 0.00 0.00 0.00 0.00 0.00 0.00 0.00 0.00 0.00 0.00 0.00 0.00 0.00 0.00 0.00 0.00 0.00 0.00 0.00 0.00 0.00 0.00 0.00 0.00 0.00 0.00 0.00 0.00 0.00 0.00 0.00 0.00 0.00 0.00 0.00 0.00 0.00 0.00 0.00 0.00 0.00 0.00 0.00 0.00 0.00 0.00 0.00 0.00 
0.00 0.00 0.00 0.00 0.00 0.00 0.00 0.00 0.47 3.25 4.44 5.02 5.23 5.20 5.16 5.10 5.02 4.92 4.80 4.64 4.45 4.23 3.97 3.69 3.39 3.07 2.75 2.43 2.12 1.85 1.59 1.38 1.19 1.03 0.90 0.79 0.71 0.63 0.57 0.52 0.48 0.44 0.41 0.39 0.36 0.34 0.32 0.31 0.29 0.28 0.27 0.26 0.25 0.24 0.23 0.22 0.22 0.21 0.20 0.20 0.19 0.19 0.19 0.18 0.18 0.18 0.17 0.17 0.17 0.17 0.17 0.17 0.18 0.18 0.18 0.16 0.13 0.02 0.00 0.00 0.00 0.00 0.00 0.00 0.00 0.00 
0.00 0.00 0.00 0.00 0.00 0.00 0.00 3.24 4.99 3.29 2.67 2.42 2.32 2.27 2.25 2.22 2.19 2.14 2.09 2.02 1.94 1.84 1.73 1.61 1.47 1.34 1.19 1.06 0.92 0.80 0.69 0.60 0.52 0.45 0.39 0.35 0.31 0.28 0.25 0.23 0.21 0.19 0.18 0.17 0.16 0.15 0.14 0.13 0.13 0.12 0.12 0.11 0.11 0.10 0.10 0.10 0.09 0.09 0.09 0.09 0.08 0.08 0.08 0.08 0.08 0.08 0.08 0.07 0.07 0.07 0.07 0.08 0.08 0.08 0.09 0.10 0.13 0.20 0.14 0.00 0.00 0.00 0.00 0.00 0.00 0.00 
0.00 0.00 0.00 0.00 0.00 0.18 4.72 3.78 2.58 2.18 1.98 1.89 1.81 1.77 1.75 1.73 1.70 1.67 1.62 1.57 1.50 1.43 1.34 1.25 1.14 1.03 0.93 0.82 0.72 0.62 0.54 0.46 0.40 0.35 0.31 0.27 0.24 0.21 0.19 0.18 0.16 0.15 0.14 0.13 0.12 0.12 0.11 0.10 0.10 0.10 0.09 0.09 0.08 0.08 0.08 0.08 0.07 0.07 0.07 0.07 0.07 0.06 0.06 0.06 0.06 0.06 0.06 0.06 0.06 0.06 0.06 0.06 0.06 0.06 0.07 0.07 0.08 0.10 0.16 0.22 0.01 0.00 0.00 0.00 0.00 0.00 
0.00 0.00 0.00 0.00 0.00 4.80 3.41 2.38 2.01 1.78 1.70 1.64 1.57 1.53 1.51 1.50 1.47 1.44 1.40 1.36 1.30 1.23 1.16 1.08 0.99 0.89 0.80 0.71 0.62 0.54 0.46 0.40 0.35 0.30 0.26 0.23 0.21 0.19 0.17 0.15 0.14 0.13 0.12 0.11 0.11 0.10 0.10 0.09 0.09 0.08 0.08 0.08 0.07 0.07 0.07 0.07 0.06 0.06 0.06 0.06 0.06 0.06 0.05 0.05 0.05 0.05 0.05 0.05 0.05 0.05 0.05 0.05 0.05 0.05 0.06 0.06 0.07 0.08 0.10 0.16 0.25 0.00 0.00 0.00 0.00 0.00 
0.00 0.00 0.00 0.00 3.45 3.91 2.41 1.98 1.74 1.59 1.50 1.48 1.47 1.43 1.42 1.40 1.38 1.35 1.32 1.27 1.22 1.16 1.09 1.01 0.93 0.84 0.75 0.67 0.58 0.51 0.44 0.38 0.33 0.28 0.25 0.22 0.19 0.17 0.16 0.14 0.13 0.12 0.11 0.11 0.10 0.09 0.09 0.08 0.08 0.08 0.07 0.07 0.07 0.07 0.06 0.06 0.06 0.06 0.06 0.05 0.05 0.05 0.05 0.05 0.05 0.05 0.05 0.05 0.05 0.05 0.05 0.05 0.05 0.05 0.05 0.06 0.06 0.07 0.09 0.11 0.20 0.20 0.00 0.00 0.00 0.00 
0.00 0.00 0.00 0.52 5.35 2.69 2.06 1.75 1.56 1.49 1.40 1.33 1.31 1.31 1.29 1.28 1.26 1.23 1.20 1.16 1.11 1.05 0.99 0.92 0.84 0.76 0.68 0.60 0.53 0.46 0.40 0.34 0.30 0.26 0.23 0.20 0.18 0.16 0.14 0.13 0.12 0.11 0.10 0.10 0.09 0.09 0.08 0.08 0.07 0.07 0.07 0.06 0.06 0.06 0.06 0.06 0.05 0.05 0.05 0.05 0.05 0.05 0.05 0.05 0.04 0.04 0.04 0.04 0.04 0.04 0.04 0.04 0.04 0.05 0.05 0.05 0.06 0.06 0.08 0.10 0.14 0.31 0.03 0.00 0.00 0.00 
0.00 0.00 0.00 3.65 3.56 2.29 1.83 1.61 1.51 1.38 1.33 1.31 1.26 1.25 1.24 1.23 1.21 1.19 1.16 1.12 1.07 1.02 0.96 0.89 0.82 0.74 0.66 0.59 0.51 0.44 0.38 0.33 0.29 0.25 0.22 0.19 0.17 0.15 0.14 0.13 0.12 0.11 0.10 0.09 0.09 0.08 0.08 0.07 0.07 0.07 0.06 0.06 0.06 0.06 0.06 0.05 0.05 0.05 0.05 0.05 0.05 0.05 0.04 0.04 0.04 0.04 0.04 0.04 0.04 0.04 0.04 0.04 0.04 0.04 0.05 0.05 0.05 0.06 0.07 0.09 0.12 0.20 0.23 0.00 0.00 0.00 
0.00 0.00 0.00 5.03 2.90 2.09 1.76 1.53 1.42 1.34 1.28 1.25 1.23 1.22 1.21 1.19 1.18 1.15 1.12 1.08 1.04 0.99 0.93 0.86 0.79 0.72 0.64 0.57 0.50 0.43 0.37 0.32 0.28 0.24 0.21 0.19 0.17 0.15 0.13 0.12 0.11 0.10 0.10 0.09 0.08 0.08 0.08 0.07 0.07 0.07 0.06 0.06 0.06 0.06 0.05 0.05 0.05 0.05 0.05 0.05 0.05 0.04 0.04 0.04 0.04 0.04 0.04 0.04 0.04 0.04 0.04 0.04 0.04 0.04 0.04 0.05 0.05 0.06 0.07 0.08 0.11 0.16 0.33 0.00 0.00 0.00 
0.00 0.00 0.00 5.73 2.64 2.00 1.71 1.52 1.35 1.32 1.25 1.22 1.20 1.19 1.18 1.17 1.15 1.13 1.10 1.06 1.02 0.96 0.91 0.84 0.77 0.70 0.62 0.55 0.48 0.42 0.36 0.31 0.27 0.24 0.21 0.18 0.16 0.15 0.13 0.12 0.11 0.10 0.10 0.09 0.08 0.08 0.07 0.07 0.07 0.06 0.06 0.06 0.06 0.06 0.05 0.05 0.05 0.05 0.05 0.05 0.04 0.04 0.04 0.04 0.04 0.04 0.04 0.04 0.04 0.04 0.04 0.04 0.04 0.04 0.04 0.05 0.05 0.05 0.06 0.08 0.10 0.15 0.37 0.00 0.00 0.00 
0.00 0.00 0.00 6.01 2.55 1.92 1.64 1.51 1.34 1.29 1.24 1.21 1.18 1.12 1.11 1.10 1.08 1.06 1.03 0.99 0.95 0.90 0.85 0.78 0.72 0.65 0.58 0.52 0.45 0.39 0.34 0.29 0.25 0.22 0.19 0.17 0.15 0.14 0.12 0.11 0.10 0.10 0.09 0.08 0.08 0.07 0.07 0.07 0.06 0.06 0.06 0.06 0.05 0.05 0.05 0.05 0.05 0.05 0.04 0.04 0.04 0.04 0.04 0.04 0.04 0.04 0.04 0.04 0.04 0.04 0.04 0.04 0.04 0.04 0.04 0.05 0.05 0.05 0.06 0.08 0.10 0.14 0.39 0.00 0.00 0.00 
0.00 0.00 0.00 6.01 2.55 1.92 1.64 1.51 1.34 1.29 1.24 1.21 1.18 1.12 1.11 1.10 1.08 1.06 1.03 0.99 0.95 0.90 0.85 0.79 0.72 0.65 0.58 0.52 0.45 0.39 0.34 0.29 0.25 0.22 0.19 0.17 0.15 0.14 0.12 0.11 0.10 0.10 0.09 0.08 0.08 0.07 0.07 0.07 0.06 0.06 0.06 0.06 0.05 0.05 0.05 0.05 0.05 0.05 0.04 0.04 0.04 0.04 0.04 0.04 0.04 0.04 0.04 0.04 0.04 0.04 0.04 0.04 0.04 0.04 0.04 0.05 0.05 0.05 0.06 0.08 0.10 0.14 0.39 0.00 0.00 0.00 
0.00 0.00 0.00 5.73 2.64 2.00 1.71 1.52 1.35 1.32 1.25 1.22 1.20 1.19 1.18 1.17 1.15 1.13 1.10 1.06 1.02 0.96 0.91 0.84 0.77 0.70 0.62 0.55 0.48 0.42 0.36 0.31 0.27 0.24 0.21 0.18 0.16 0.15 0.13 0.12 0.11 0.10 0.10 0.09 0.08 0.08 0.07 0.07 0.07 0.06 0.06 0.06 0.06 0.06 0.05 0.05 0.05 0.05 0.05 0.05 0.04 0.04 0.04 0.04 0.04 0.04 0.04 0.04 0.04 0.04 0.04 0.04 0.04 0.04 0.04 0.05 0.05 0.05 0.06 0.08 0.10 0.15 0.37 0.00 0.00 0.00 
0.00 0.00 0.00 5.03 2.90 2.09 1.76 1.54 1.42 1.34 1.28 1.25 1.23 1.22 1.21 1.20 1.18 1.15 1.12 1.09 1.04 0.99 0.93 0.86 0.79 0.72 0.64 0.57 0.50 0.43 0.37 0.32 0.28 0.24 0.21 0.19 0.17 0.15 0.13 0.12 0.11 0.10 0.10 0.09 0.09 0.08 0.08 0.07 0.07 0.07 0.06 0.06 0.06 0.06 0.05 0.05 0.05 0.05 0.05 0.05 0.05 0.04 0.04 0.04 0.04 0.04 0.04 0.04 0.04 0.04 0.04 0.04 0.04 0.04 0.04 0.05 0.05 0.06 0.07 0.08 0.11 0.16 0.32 0.00 0.00 0.00 
0.00 0.00 0.00 3.64 3.55 2.29 1.83 1.62 1.51 1.38 1.33 1.31 1.27 1.26 1.25 1.23 1.21 1.19 1.16 1.12 1.07 1.02 0.96 0.89 0.82 0.74 0.66 0.58 0.51 0.44 0.38 0.33 0.29 0.25 0.22 0.19 0.17 0.15 0.14 0.13 0.12 0.11 0.10 0.09 0.09 0.08 0.08 0.07 0.07 0.07 0.06 0.06 0.06 0.06 0.06 0.05 0.05 0.05 0.05 0.05 0.05 0.05 0.04 0.04 0.04 0.04 0.04 0.04 0.04 0.04 0.04 0.04 0.04 0.04 0.05 0.05 0.05 0.06 0.07 0.08 0.12 0.20 0.23 0.00 0.00 0.00 
0.00 0.00 0.00 0.52 5.35 2.69 2.06 1.76 1.56 1.50 1.41 1.33 1.31 1.31 1.30 1.28 1.26 1.24 1.20 1.16 1.11 1.06 0.99 0.92 0.84 0.76 0.68 0.60 0.53 0.46 0.40 0.34 0.30 0.26 0.23 0.20 0.18 0.16 0.14 0.13 0.12 0.11 0.10 0.10 0.09 0.09 0.08 0.08 0.07 0.07 0.07 0.06 0.06 0.06 0.06 0.06 0.05 0.05 0.05 0.05 0.05 0.05 0.05 0.05 0.04 0.04 0.04 0.04 0.04 0.04 0.04 0.04 0.04 0.05 0.05 0.05 0.06 0.06 0.07 0.09 0.14 0.30 0.03 0.00 0.00 0.00 
0.00 0.00 0.00 0.00 3.45 3.91 2.42 1.99 1.74 1.59 1.51 1.49 1.47 1.44 1.42 1.41 1.39 1.36 1.32 1.28 1.22 1.16 1.09 1.01 0.93 0.84 0.75 0.67 0.58 0.51 0.44 0.38 0.33 0.28 0.25 0.22 0.19 0.17 0.16 0.14 0.13 0.12 0.11 0.11 0.10 0.09 0.09 0.08 0.08 0.08 0.07 0.07 0.07 0.07 0.06 0.06 0.06 0.06 0.06 0.05 0.05 0.05 0.05 0.05 0.05 0.05 0.05 0.05 0.05 0.05 0.05 0.05 0.05 0.05 0.05 0.06 0.06 0.07 0.08 0.11 0.20 0.19 0.00 0.00 0.00 0.00 
0.00 0.00 0.00 0.00 0.00 4.80 3.41 2.39 2.02 1.79 1.70 1.64 1.57 1.53 1.52 1.50 1.48 1.45 1.41 1.36 1.30 1.24 1.16 1.08 0.99 0.89 0.80 0.70 0.62 0.54 0.46 0.40 0.35 0.30 0.26 0.23 0.21 0.19 0.17 0.15 0.14 0.13 0.12 0.11 0.11 0.10 0.10 0.09 0.09 0.08 0.08 0.08 0.07 0.07 0.07 0.07 0.06 0.06 0.06 0.06 0.06 0.06 0.05 0.05 0.05 0.05 0.05 0.05 0.05 0.05 0.05 0.05 0.05 0.05 0.06 0.06 0.07 0.08 0.10 0.16 0.24 0.00 0.00 0.00 0.00 0.00 
0.00 0.00 0.00 0.00 0.00 0.18 4.73 3.80 2.59 2.18 1.99 1.90 1.82 1.78 1.76 1.74 1.71 1.68 1.63 1.57 1.51 1.43 1.34 1.24 1.14 1.03 0.92 0.82 0.71 0.62 0.54 0.46 0.40 0.35 0.31 0.27 0.24 0.22 0.20 0.18 0.16 0.15 0.14 0.13 0.12 0.12 0.11 0.11 0.10 0.10 0.09 0.09 0.08 0.08 0.08 0.08 0.07 0.07 0.07 0.07 0.07 0.06 0.06 0.06 0.06 0.06 0.06 0.06 0.06 0.06 0.06 0.06 0.06 0.06 0.07 0.07 0.08 0.10 0.16 0.22 0.01 0.00 0.00 0.00 0.00 0.00 
0.00 0.00 0.00 0.00 0.00 0.00 0.00 3.26 5.01 3.31 2.68 2.43 2.33 2.28 2.26 2.24 2.20 2.16 2.10 2.03 1.94 1.84 1.73 1.60 1.47 1.33 1.19 1.05 0.92 0.80 0.69 0.60 0.52 0.45 0.39 0.35 0.31 0.28 0.25 0.23 0.21 0.20 0.18 0.17 0.16 0.15 0.14 0.14 0.13 0.12 0.12 0.11 0.11 0.11 0.10 0.10 0.10 0.09 0.09 0.09 0.09 0.08 0.08 0.08 0.08 0.08 0.08 0.08 0.08 0.08 0.08 0.08 0.08 0.08 0.09 0.10 0.13 0.20 0.14 0.00 0.00 0.00 0.00 0.00 0.00 0.00 
0.00 0.00 0.00 0.00 0.00 0.00 0.00 0.00 0.47 3.26 4.46 5.05 5.27 5.25 5.20 5.14 5.06 4.95 4.82 4.66 4.46 4.23 3.97 3.68 3.37 3.05 2.73 2.41 2.11 1.83 1.59 1.37 1.19 1.03 0.90 0.80 0.71 0.64 0.58 0.53 0.48 0.45 0.42 0.39 0.37 0.35 0.33 0.31 0.30 0.28 0.27 0.26 0.25 0.24 0.23 0.23 0.22 0.21 0.21 0.20 0.20 0.19 0.19 0.18 0.18 0.18 0.18 0.17 0.17 0.17 0.17 0.17 0.18 0.18 0.18 0.16 0.12 0.02 0.00 0.00 0.00 0.00 0.00 0.00 0.00 0.00 
0.00 0.00 0.00 0.00 0.00 0.00 0.00 0.00 0.00 0.00 0.00 0.00 0.00 0.00 0.00 0.00 0.00 0.00 0.00 0.00 0.00 0.00 0.00 0.00 0.00 0.00 0.00 0.00 0.00 0.00 0.00 0.00 0.00 0.00 0.00 0.00 0.00 0.00 0.00 0.00 0.00 0.00 0.00 0.00 0.00 0.00 0.00 0.00 0.00 0.00 0.00 0.00 0.00 0.00 0.00 0.00 0.00 0.00 0.00 0.00 0.00 0.00 0.00 0.00 0.00 0.00 0.00 0.00 0.00 0.00 0.00 0.00 0.00 0.00 0.00 0.00 0.00 0.00 0.00 0.00 0.00 0.00 0.00 0.00 0.00 0.00 
0.00 0.00 0.00 0.00 0.00 0.00 0.00 0.00 0.00 0.00 0.00 0.00 0.00 0.00 0.00 0.00 0.00 0.00 0.00 0.00 0.00 0.00 0.00 0.00 0.00 0.00 0.00 0.00 0.00 0.00 0.00 0.00 0.00 0.00 0.00 0.00 0.00 0.00 0.00 0.00 0.00 0.00 0.00 0.00 0.00 0.00 0.00 0.00 0.00 0.00 0.00 0.00 0.00 0.00 0.00 0.00 0.00 0.00 0.00 0.00 0.00 0.00 0.00 0.00 0.00 0.00 0.00 0.00 0.00 0.00 0.00 0.00 0.00 0.00 0.00 0.00 0.00 0.00 0.00 0.00 0.00 0.00 0.00 0.00 0.00 0.00 
0.00 0.00 0.00 0.00 0.00 0.00 0.00 0.00 0.00 0.00 0.00 0.00 0.00 0.00 0.00 0.00 0.00 0.00 0.00 0.00 0.00 0.00 0.00 0.00 0.00 0.00 0.00 0.00 0.00 0.00 0.00 0.00 0.00 0.00 0.00 0.00 0.00 0.00 0.00 0.00 0.00 0.00 0.00 0.00 0.00 0.00 0.00 0.00 0.00 0.00 0.00 0.00 0.00 0.00 0.00 0.00 0.00 0.00 0.00 0.00 0.00 0.00 0.00 0.00 0.00 0.00 0.00 0.00 0.00 0.00 0.00 0.00 0.00 0.00 0.00 0.00 0.00 0.00 0.00 0.00 0.00 0.00 0.00 0.00 0.00 0.00 
0.00 0.00 0.00 0.00 0.00 0.00 0.00 0.00 0.00 0.00 0.00 0.00 0.00 0.00 0.00 0.00 0.00 0.00 0.00 0.00 0.00 0.00 0.00 0.00 0.00 0.00 0.00 0.00 0.00 0.00 0.00 0.00 0.00 0.00 0.00 0.00 0.00 0.00 0.00 0.00 0.00 0.00 0.00 0.00 0.00 0.00 0.00 0.00 0.00 0.00 0.00 0.00 0.00 0.00 0.00 0.00 0.00 0.00 0.00 0.00 0.00 0.00 0.00 0.00 0.00 0.00 0.00 0.00 0.00 0.00 0.00 0.00 0.00 0.00 0.00 0.00 0.00 0.00 0.00 0.00 0.00 0.00 0.00 0.00 0.00 0.00 
