0 0 0 0 0 0 0 0 0 0 0 723.121 1259.23 1514.97 1259.23 723.121 0 0 0 0 0 0 0 0 0 0 0 0 0 0 723.121 1259.23 1514.97 1259.23 723.121 723.121 1259.23 1514.97 1259.23 723.121 0 0 0 0 0 0 0 0 0 0 0 0 0 0 0 0 0 0 0 0 0 0 0 0 0 0 0 0 0 0 0 0 0 0 0 0 0 0 0 0 0 0 0 0 0 0 
0 0 0 0 0 0 0 830.511 0 415.256 723.121 1822.65 3173.93 3818.53 3173.93 1822.65 723.121 0 0 0 0 0 0 0 0 0 0 0 0 723.121 2237.9 3173.93 3818.53 3173.93 2545.77 2545.77 3173.93 3818.53 3173.93 1822.65 723.121 0 0 0 0 0 0 0 415.256 0 0 0 0 0 0 0 0 0 0 0 0 0 0 0 0 0 0 0 0 0 0 0 0 0 415.256 0 0 415.256 0 0 0 0 0 0 0 0 
0 0 0 0 0 1446.24 2518.47 3753.06 3777.7 2961.21 2518.47 3897.06 5527.05 6649.54 5527.05 3173.93 1259.23 0 415.256 0 0 0 0 0 0 415.256 0 0 723.121 2518.47 4688.91 6786.28 7372.66 5527.05 4433.17 4433.17 5527.05 6649.54 5527.05 3173.93 1259.23 0 0 0 0 0 723.121 1259.23 1514.97 1259.23 723.121 0 0 0 0 0 415.256 0 0 0 0 0 0 0 0 0 0 0 0 0 0 0 723.121 1259.23 1514.97 1982.35 1982.35 1514.97 1674.49 723.121 0 0 0 0 0 0 
0 0 0 0 1446.24 3645.3 7070.99 9459.71 9521.8 7879.08 6135.15 5641.18 7372.66 8000 6649.54 4233.79 2238.09 1259.23 1514.97 1259.23 723.121 0 0 723.121 1259.23 1514.97 1259.23 1446.24 2237.9 4688.91 7637.06 9823.47 9822.65 7787.92 5333.5 5333.5 6649.54 8000 6649.54 3818.53 1514.97 0 0 0 0 1138.38 1822.65 3173.93 3818.53 3173.93 1822.65 723.121 0 0 723.121 1674.49 1514.97 1259.23 1138.38 0 415.256 0 0 0 0 0 0 0 0 0 0 723.121 1822.65 3173.93 4541.65 4996.58 5719.7 5800.89 4688.91 3081.88 1861.5 0 0 0 0 0 
0 0 0 0 2518.47 6347.87 12313.3 16473 16581.1 12997.4 9304.75 6347.87 6786.28 7372.66 6786.28 5412.03 4341.11 3897.06 3818.53 3173.93 1822.65 723.121 723.121 1822.65 3173.93 3818.53 3173.93 3081.88 3897.06 6786.28 9823.47 11054.1 9823.47 6786.28 4433.17 4433.17 5527.05 6649.54 5527.05 3173.93 1259.23 0 0 723.121 1259.23 2774.2 4433.17 6250.17 6649.54 5527.05 3173.93 1674.49 0 1446.24 3081.88 4688.91 5800.89 5571.54 4060.74 3241.59 2238.09 1259.23 723.121 415.256 0 0 0 0 0 0 0 1259.23 3173.93 5527.05 7908.77 9424.1 10523.6 11498 10068.7 7607.1 4596.85 1982.35 723.121 0 0 0 
0 0 0 830.511 3029.94 8052.32 14814.1 19818.5 19948.6 15637.1 10402.6 5641.18 5412.03 5641.18 6347.87 6900.41 7070.99 7349.7 7372.66 5527.05 3173.93 1259.23 1259.23 3173.93 5527.05 6649.54 5942.3 4688.91 5077.76 7372.66 9822.65 9823.47 7637.06 4688.91 2545.77 2545.77 3173.93 3818.53 3173.93 1822.65 723.121 0 723.121 1822.65 3589.19 5333.5 6992.47 8472.19 8723.12 7372.66 5077.76 3029.94 1982.35 3805 6347.87 10791.8 13320.6 12761.7 10797.5 8330.22 6056.44 4620.18 3081.88 2238.09 1259.23 723.121 0 0 0 0 415.256 1514.97 3818.53 7064.8 9514.97 12865.7 14901.2 17280.1 16381 13242.6 8507.44 4433.17 1822.65 723.121 0 0 
0 0 0 0 2518.47 6347.87 12313.3 16473 16581.1 12997.4 8045.51 3897.06 3777.7 4688.91 7201.54 8887.63 9760.83 9823.47 9259.23 6649.54 3818.53 1930.23 1514.97 3818.53 6649.54 8000 6649.54 5077.76 4688.91 5527.05 7372.66 6786.28 4688.91 2518.47 723.121 723.121 1259.23 1514.97 1259.23 723.121 0 0 1259.23 3173.93 5527.05 7908.77 8700.98 8700.98 8631.89 7349.7 6347.87 5077.76 4848.42 6511.55 11514.9 17640.2 21389.9 21687.5 19521.4 15650.9 12784.7 9868.16 7070.99 5077.76 3173.93 1822.65 723.121 0 0 415.256 0 1259.23 3173.93 6250.17 10306.4 13553.6 16952.7 20359.2 19874.9 17173.2 12450.4 7042.02 3173.93 1259.23 0 0 
0 0 0 0 1446.24 3645.3 7070.99 9459.71 9521.8 7463.83 4620.18 2237.9 2238.09 3818.53 7372.66 10518.5 11338.4 10604.8 8887.63 5527.05 3173.93 1259.23 1259.23 3173.93 5527.05 6649.54 5527.05 3897.06 3081.88 3173.93 3818.53 3173.93 1822.65 723.121 0 0 0 0 0 0 0 415.256 1514.97 3818.53 6649.54 8723.12 8472.19 6992.47 6592.74 6347.87 7349.7 7787.92 7042.02 8974.82 14579.8 21805.1 26878.4 28056.7 25679.8 21629.3 18155.5 14512.4 11168.2 8887.63 5527.05 3173.93 1259.23 723.121 1259.23 1514.97 1259.23 1446.24 2545.77 4996.58 8974.82 13248.3 17702 20055.9 19892.2 17173.2 13156.3 7908.77 3818.53 1514.97 0 0 
0 0 0 0 0 1446.24 2518.47 3753.06 3777.7 3376.47 1259.23 723.121 1259.23 3897.06 7349.7 10546.6 11168.2 9521.8 6900.41 3897.06 1822.65 723.121 723.121 1822.65 3173.93 3818.53 3173.93 1822.65 1446.24 1259.23 1514.97 1259.23 723.121 0 0 0 0 0 0 0 0 0 1259.23 3173.93 5527.05 6649.54 6250.17 4848.42 4289.18 5077.76 7372.66 8000 7908.77 10113.2 14812.8 21943.3 27077.8 28643.6 25902.8 22797.3 19503 16131.9 12997.4 10518.5 6649.54 3818.53 2238.09 1822.65 3173.93 3818.53 3173.93 1822.65 2705.47 4848.42 9280.11 14848 17496.6 18381.3 16883.6 13242.6 9987.16 6250.17 3173.93 1259.23 0 0 
0 0 0 0 0 0 0 723.121 1259.23 1514.97 1259.23 1138.38 723.121 3081.88 6347.87 9345.58 10546.6 8608.93 5412.03 2518.47 723.121 0 0 723.121 1259.23 1514.97 1259.23 723.121 0 0 0 0 0 0 0 0 0 0 0 0 0 415.256 723.121 1822.65 3173.93 3818.53 3173.93 1822.65 1982.35 3173.93 5527.05 6649.54 7388.54 8334.2 13408 19442.9 23627.8 23615.6 20974.7 17686.3 16159.6 13720.5 11168.2 8887.63 5527.05 3173.93 2518.47 3173.93 5527.05 6649.54 5527.05 3589.19 2774.2 5264.77 10990.7 15862.8 17977.5 16347.5 12202.3 8330.22 5800.89 3173.93 1822.65 723.121 0 0 
0 0 0 0 0 0 723.121 1822.65 3173.93 4541.65 4433.17 3337.62 2397.61 2961.21 5077.76 8164.51 9674.49 7372.66 3818.53 1514.97 0 0 0 415.256 0 0 0 0 0 0 0 0 0 0 0 0 0 0 0 723.121 1259.23 1514.97 1674.49 1446.24 1259.23 1514.97 1259.23 723.121 723.121 1822.65 3173.93 3818.53 4433.17 6978.94 11406.5 15514.2 17332.9 15761.1 13019.1 11127.4 10333.9 8608.93 7070.99 5077.76 3173.93 2237.9 2238.09 4233.79 6649.54 8000 6649.54 3818.53 3497.32 6255.82 12598 17817.8 18524.5 14342.2 9053.34 4341.11 2238.09 1259.23 723.121 0 0 0 
0 0 0 0 0 0 1259.23 3173.93 6250.17 8472.19 8700.98 6992.47 4433.17 3081.88 4620.18 6786.28 8164.51 6786.28 3897.06 1259.23 0 723.121 1259.23 1514.97 1259.23 723.121 0 0 0 0 0 0 0 0 415.256 0 0 0 723.121 1822.65 3897.06 5077.76 4688.91 3081.88 1446.24 0 0 0 415.256 723.121 1259.23 1930.23 2774.2 5264.77 8472.19 11897.1 11727.3 9230.56 6419.5 4620.18 3818.53 3897.06 3497.14 2238.09 1259.23 1446.24 2518.47 4688.91 6786.28 7372.66 5527.05 3173.93 3656.84 6511.55 12519.5 18256 17960.2 13161.1 7060.12 2238.09 0 0 0 0 0 0 
0 0 0 0 0 415.256 1514.97 3818.53 8324.03 11173.9 12176.6 10468.1 7042.02 4620.18 4904.53 6347.87 7637.06 6347.87 3645.3 1446.24 723.121 1822.65 3173.93 3818.53 3173.93 1822.65 723.121 0 0 0 0 0 723.121 1259.23 1514.97 1259.23 723.121 0 1259.23 3897.06 7349.7 9823.47 9345.58 6347.87 3081.88 723.121 1138.38 1259.23 1514.97 1259.23 723.121 0 1259.23 3173.93 6250.17 7908.77 7042.02 4433.17 2705.47 1259.23 2238.09 2518.47 2238.09 1259.23 1861.5 1822.65 3897.06 5641.18 6347.87 5641.18 3897.06 2237.9 2238.09 6524.01 12341.9 16557 15817.5 10791.8 4688.91 1259.23 0 0 0 0 0 0 
0 0 0 0 415.256 0 1982.35 4848.42 8556.99 11727.3 12899.7 11173.9 7908.77 5077.76 5412.03 6786.28 8164.51 6786.28 3897.06 1259.23 1259.23 3173.93 5527.05 6649.54 5527.05 3173.93 1259.23 0 0 0 0 723.121 1822.65 3173.93 3818.53 3173.93 1822.65 1138.38 1514.97 5077.76 9823.47 13527 13299.1 9345.58 5412.03 3241.59 3337.62 4433.17 4541.65 3173.93 1822.65 1138.38 723.121 1822.65 3173.93 4233.79 3173.93 1822.65 723.121 723.121 1822.65 4004.45 4541.65 4433.17 4596.85 5156.29 6250.17 7372.66 6786.28 5104.16 2518.47 723.121 1982.35 5719.7 10523.6 13642 12519.5 8170.52 3805 723.121 0 0 0 0 0 0 
0 0 723.121 1259.23 1514.97 1982.35 3268.89 4996.58 8251.7 10166.4 10523.6 9195.31 6665.42 4688.91 5077.76 6649.54 8000 6649.54 3818.53 1930.23 1514.97 3818.53 6649.54 8000 6649.54 3818.53 1514.97 0 0 0 0 1259.23 3173.93 5527.05 6649.54 5527.05 3173.93 1259.23 1674.49 4688.91 9345.58 13299.1 13527 10546.6 6900.41 5948.14 6992.47 9116.24 8887.44 6973.29 4433.17 2774.2 1259.23 2169.36 2518.47 3029.94 2518.47 1446.24 0 2705.47 5692.4 9280.11 10990.7 10562.5 8507.44 8251.7 8472.19 9446.24 7908.77 5333.5 2774.2 723.121 1982.35 4996.58 9424.1 11727.3 10216 6255.82 2705.47 0 0 0 0 0 0 0 
0 723.121 1822.65 3173.93 3818.53 4433.17 4996.58 6973.29 8631.89 8864.67 7607.1 5800.89 3173.93 3081.88 3897.06 5527.05 6649.54 5527.05 3173.93 1259.23 1674.49 3173.93 5527.05 6649.54 5527.05 3173.93 1259.23 0 0 0 415.256 1514.97 3818.53 6649.54 8000 6649.54 3818.53 1514.97 723.121 3081.88 6347.87 9345.58 9823.47 8608.93 7486.25 9024.37 12450.4 14950.8 14671.3 11713.8 7715.59 5333.5 3897.06 3645.3 3897.06 3818.53 3173.93 1822.65 2584.62 5160.27 10166.4 15545.8 17521.8 15821.9 13173.5 10216 9424.1 9731.42 8700.98 6992.47 4433.17 2237.9 2238.09 4541.65 7908.77 9514.97 7908.77 4541.65 1514.97 415.256 0 0 0 0 0 0 
0 1259.23 3173.93 5527.05 7064.8 7042.02 6992.47 7908.77 8000 7372.66 5077.76 3029.94 1259.23 1446.24 1822.65 3173.93 3818.53 3173.93 2545.77 1982.35 2238.09 3081.88 3897.06 3818.53 3173.93 1822.65 723.121 0 0 0 0 1259.23 3173.93 5527.05 6649.54 5527.05 3173.93 1259.23 0 1446.24 3081.88 4688.91 5493.02 5412.03 6364.3 11177.7 16170.5 19169.1 18719.8 15212.5 11246.8 8631.89 6786.28 6347.87 6786.28 6649.54 5527.05 3173.93 3777.7 7607.1 14643.3 20341.1 21522.2 18524.5 14415.5 9731.42 8251.7 8507.44 8700.98 8887.44 6250.17 3173.93 2518.47 3589.19 5527.05 6649.54 5942.3 3897.06 2518.47 1514.97 1259.23 723.121 0 0 0 0 
415.256 1514.97 3818.53 6649.54 8000 7908.77 6992.47 7042.02 6649.54 5527.05 3173.93 1259.23 0 0 723.121 1259.23 1514.97 1982.35 2545.77 3173.93 3818.53 3897.06 3081.88 2238.09 1259.23 723.121 0 0 0 0 0 723.121 1822.65 3173.93 3818.53 3173.93 1822.65 723.121 0 0 723.121 1259.23 1514.97 2518.47 5156.29 10683.3 17173.2 21292.8 20684 16952.7 12905.4 10397.6 8164.51 7637.06 8164.51 8000 6649.54 4649.04 4544.91 8360.18 15121.7 20433.2 20291.5 16338 11502.1 7803.8 5948.14 7315.86 9168.01 10238.1 7908.77 5264.77 3497.32 3337.62 5571.54 5800.89 5412.03 4904.53 4620.18 3818.53 3173.93 1822.65 723.121 0 0 0 
0 1259.23 3173.93 5527.05 6649.54 6250.17 4996.58 4433.17 3818.53 3173.93 1822.65 723.121 0 0 0 0 0 1259.23 3173.93 5527.05 6649.54 5527.05 3173.93 1259.23 0 0 0 0 0 0 0 0 723.121 1259.23 1514.97 1259.23 1138.38 0 0 0 0 0 0 1138.38 4168.13 8507.44 15009.7 19082.7 19246.4 15624.4 11583.7 8164.51 6786.28 6347.87 6786.28 6649.54 5942.3 3173.93 3777.7 6347.87 11777.2 15281.4 14391.7 11504.2 8319.35 4688.91 5064.23 6442.82 8700.98 10468.1 9424.1 7234.49 5879.41 6524.01 7770.79 7770.79 7783.24 7070.99 7349.7 7372.66 5527.05 3173.93 1259.23 0 0 0 
0 723.121 1822.65 3173.93 3818.53 3173.93 2545.77 1982.35 1514.97 1259.23 723.121 0 0 0 0 0 415.256 1514.97 3818.53 6649.54 8000 6649.54 3818.53 1514.97 0 0 0 0 0 0 0 0 0 0 723.121 1259.23 1514.97 1259.23 723.121 0 0 0 723.121 1259.23 3497.32 6951.63 10939.1 13435.8 13622.8 10523.6 7607.1 5077.76 3897.06 3645.3 4620.18 5077.76 4688.91 3081.88 2892.48 3645.3 6347.87 7637.06 7794.11 6727.18 6135.15 5077.76 5879.41 6819.23 9424.1 11191.2 11219.4 10408.6 10591.3 11805.8 12519.5 12290.2 11246.4 10068.7 9823.47 9259.23 6649.54 3818.53 1514.97 0 0 0 
0 0 723.121 1259.23 1514.97 1259.23 723.121 0 0 0 0 0 0 0 0 0 0 1259.23 3173.93 5527.05 6649.54 5527.05 3173.93 1259.23 0 0 0 0 0 0 0 0 0 723.121 1822.65 3173.93 3818.53 3173.93 1822.65 723.121 0 723.121 1822.65 3173.93 4541.65 5719.7 6819.23 7715.59 6992.47 5719.7 3805 2238.09 1259.23 2169.36 3081.88 4688.91 5077.76 3897.06 1822.65 2169.36 2518.47 3029.94 3777.7 4620.18 5527.05 7064.8 7042.02 7715.59 9891.13 11752.9 12597.7 13437.9 14927.6 16864.7 17840.7 15995.1 13948.1 11082.7 9345.58 8164.51 5527.05 3173.93 1259.23 0 0 0 
0 0 0 0 0 0 0 0 0 0 0 0 0 0 0 0 0 723.121 1822.65 3173.93 3818.53 3173.93 1822.65 723.121 0 0 0 0 0 0 0 0 0 1259.23 3173.93 5527.05 6649.54 5527.05 3173.93 1259.23 0 1259.23 3173.93 5527.05 6649.54 6250.17 5156.29 4033.44 2774.2 1982.35 723.121 0 0 1259.23 3173.93 5527.05 6649.54 5527.05 3173.93 1259.23 0 415.256 1514.97 3818.53 6649.54 8000 7908.77 6992.47 8301.25 9823.47 12728.6 14512.4 16131.9 17732.2 17960.2 15350.5 12450.4 8864.67 6347.87 5077.76 3173.93 1822.65 723.121 0 0 0 
0 0 0 0 0 0 0 0 0 0 0 0 0 0 0 0 0 0 723.121 1259.23 1514.97 1259.23 723.121 0 0 0 0 0 0 0 0 0 415.256 1514.97 3818.53 6649.54 8000 6649.54 3818.53 1514.97 415.256 1514.97 3818.53 6649.54 8000 6649.54 3818.53 1514.97 0 0 0 0 415.256 1514.97 3818.53 6649.54 8000 6649.54 3818.53 1514.97 0 0 1259.23 3173.93 5527.05 6649.54 6250.17 5411.84 5948.14 7637.06 10546.6 12904.5 13720.5 13887.2 13161.1 10523.6 7715.59 5156.29 3081.88 2238.09 1259.23 723.121 0 0 0 0 
0 0 0 0 0 0 0 0 0 0 0 0 0 0 0 0 0 0 0 0 0 0 0 0 0 0 0 0 0 0 0 0 0 1259.23 3173.93 5527.05 6649.54 5527.05 3173.93 1259.23 0 1259.23 3173.93 5527.05 6649.54 5527.05 3173.93 1259.23 0 0 0 0 0 1259.23 3173.93 5527.05 6649.54 5527.05 3173.93 1259.23 0 0 723.121 1822.65 3173.93 3818.53 3173.93 2545.77 3241.59 4688.91 6786.28 8818.9 8608.93 7862.84 7060.12 5156.29 3337.62 1982.35 723.121 0 0 0 0 0 0 0 
0 0 0 0 0 0 0 0 0 0 0 0 0 0 0 0 0 0 0 0 0 0 0 0 0 0 0 0 0 0 0 0 0 723.121 1822.65 3173.93 3818.53 3173.93 1822.65 723.121 0 723.121 1822.65 3173.93 3818.53 3173.93 1822.65 723.121 0 0 0 0 0 723.121 1822.65 3173.93 3818.53 3173.93 1822.65 723.121 0 0 0 723.121 1259.23 1514.97 1259.23 723.121 723.121 1822.65 3173.93 3818.53 3897.06 3081.88 2238.09 1259.23 723.121 0 0 0 0 0 0 0 0 0 
0 0 0 0 0 0 0 0 0 0 0 0 0 0 0 0 0 0 0 0 0 0 0 0 0 0 0 0 0 0 0 0 0 0 723.121 1259.23 1514.97 1259.23 723.121 0 0 0 723.121 1259.23 1514.97 1259.23 723.121 0 0 0 0 0 0 0 723.121 1259.23 1514.97 1259.23 723.121 0 0 0 0 0 0 0 0 0 0 723.121 1259.23 1514.97 1259.23 723.121 0 0 0 0 0 0 0 0 0 0 0 0 
0 0 0 0 0 0 0 0 0 0 0 0 0 0 0 0 0 0 0 0 0 0 0 0 0 0 0 0 0 0 0 0 0 0 0 0 0 0 0 0 0 0 0 0 0 0 0 0 0 0 0 0 0 0 0 0 0 0 0 0 0 0 0 0 0 0 0 0 0 0 0 0 0 0 0 0 0 0 0 0 0 0 0 0 0 0 
