0 0 0 0 0 0 0 0 0 0 0 0 0 0 0 0 0 0 0 0 0 0 0 0 0 0 0 0 415.256 0 0 0 0 0 0 0 0 0 0 0 0 0 0 0 415.256 0 0 0 0 0 0 0 0 0 0 0 0 0 0 0 0 0 0 0 0 0 0 0 0 0 0 0 0 0 0 0 0 0 0 0 0 0 0 0 0 0 
0 0 0 0 0 0 0 415.256 0 0 0 0 0 0 0 0 0 0 0 0 0 0 415.256 415.256 415.256 0 1138.38 1259.23 1514.97 1259.23 723.121 415.256 0 0 0 0 0 0 0 0 0 0 723.121 1259.23 1514.97 1259.23 723.121 0 0 0 0 0 0 0 0 0 0 0 0 0 0 0 0 0 0 0 0 415.256 0 0 0 0 0 0 0 415.256 0 0 0 0 0 0 0 0 0 0 
0 0 0 0 0 723.121 1259.23 1514.97 1259.23 723.121 0 0 0 0 0 0 415.256 0 0 0 723.121 1982.35 3912.58 4033.44 4220.45 3964.71 4060.74 4433.17 4541.65 3897.06 3081.88 2238.09 1259.23 723.121 0 0 415.256 0 415.256 0 415.256 723.121 1822.65 3173.93 3818.53 3173.93 1822.65 723.121 0 0 415.256 0 0 0 0 0 0 0 0 415.256 0 0 0 0 0 723.121 1259.23 1514.97 1259.23 723.121 0 0 0 723.121 1259.23 1514.97 1259.23 723.121 0 0 0 0 0 0 0 0 
0 0 0 0 723.121 1822.65 3173.93 3818.53 3173.93 1822.65 723.121 0 0 415.256 723.121 1259.23 1514.97 1259.23 723.121 723.121 3268.89 6978.94 10330.1 12148.8 11360.9 10152.9 9538.24 9424.1 9195.31 8072.82 6347.87 5077.76 3173.93 1822.65 1446.24 1259.23 2653.35 2518.47 2961.21 2518.47 2238.09 2518.47 3897.06 5527.05 7064.8 5527.05 3173.93 1259.23 723.121 1259.23 1514.97 1259.23 723.121 0 0 0 0 723.121 1259.23 1514.97 1259.23 723.121 0 0 723.121 1822.65 3173.93 3818.53 3173.93 1822.65 723.121 0 723.121 1822.65 3173.93 3818.53 3173.93 1822.65 723.121 0 0 0 0 0 0 0 
0 0 0 0 1259.23 3173.93 5527.05 6649.54 5527.05 3173.93 1259.23 723.121 1259.23 2238.09 3081.88 3897.06 3818.53 3173.93 1822.65 2705.47 6255.82 13134.1 19169.1 22552.1 20762.4 17725.4 14901.2 13435.8 12433.2 11082.7 9760.83 8164.51 5527.05 3897.06 3805 5156.29 7156.15 8330.22 8186.95 7070.99 6056.44 5412.03 6364.3 8631.89 9514.97 7908.77 4541.65 2238.09 2237.9 3173.93 3818.53 3173.93 1822.65 723.121 0 0 723.121 1822.65 3173.93 3818.53 3173.93 1822.65 723.121 0 1259.23 3173.93 5527.05 6649.54 5527.05 3173.93 1259.23 0 1259.23 3173.93 5527.05 6649.54 5527.05 3173.93 1259.23 0 0 0 0 0 0 0 
0 0 0 415.256 1514.97 3818.53 6649.54 8000 6649.54 3818.53 2238.09 1822.65 3173.93 5077.76 6347.87 7349.7 7372.66 5527.05 4004.45 4448.69 8922.69 18233.2 26792.1 29856.1 26719.8 21874.2 16507.4 14106.8 12706.2 12119.8 11753.7 10518.5 7372.66 5800.89 6511.55 9960.22 13642 15487.3 14820.1 13036.4 9823.47 8768.63 8585.77 9960.22 10468.1 8700.98 5719.7 5331.33 4688.91 6786.28 7372.66 5527.05 3589.19 1259.23 0 0 1259.23 3173.93 5527.05 6649.54 5942.3 3173.93 1259.23 415.256 1514.97 3818.53 6649.54 8000 6649.54 3818.53 1514.97 415.256 1514.97 3818.53 6649.54 8000 6649.54 3818.53 1514.97 0 0 0 0 0 0 0 
0 0 0 0 1674.49 3173.93 5942.3 6649.54 5527.05 3173.93 2933.72 3173.93 5942.3 8579.77 9345.58 9823.47 9982.35 7908.77 5748.76 5548.41 9697.94 18432.4 26524.5 29846.2 25516.9 19548 13628.5 10683.3 10797.5 12455.5 12683.2 11805.8 8488.07 6671.26 8666.96 13691.6 19298.6 20341.1 18811 16488.5 12541.7 11406.1 10330.1 11475.2 11191.2 10870.3 9752.95 9701.2 10155.5 11269.7 10545.8 8631.89 5333.5 2774.2 723.121 415.256 1514.97 3818.53 7372.66 9259.23 8164.51 5077.76 2238.09 0 1259.23 3173.93 5527.05 6649.54 5527.05 3173.93 1259.23 0 1259.23 3173.93 5527.05 7064.8 5527.05 3173.93 1259.23 0 0 0 0 0 0 0 
0 0 723.121 1259.23 2961.21 4341.11 5412.03 5493.02 4620.18 3497.14 4168.32 6216.14 8631.89 10774.2 11082.7 10791.8 9987.16 8700.98 6992.47 6415.52 8801.58 15866.9 22250.9 24581.1 20598 14465.2 8346.65 7861.76 10316.6 14021 15624.4 13242.6 8585.77 6579.21 8438.71 14695.1 19338.4 21360.5 18798.3 16066.4 13320.6 12198.3 11534.1 12341.9 12783.9 13951.7 14063.5 15938.3 16171.3 15422.5 13092.4 9960.22 6992.47 4433.17 1822.65 723.121 1259.23 3897.06 7349.7 9823.47 9345.58 6347.87 3081.88 723.121 723.121 1822.65 3173.93 3818.53 3173.93 1822.65 723.121 0 723.121 2545.77 4433.17 5333.5 4433.17 2545.77 723.121 0 0 0 0 0 0 0 
0 723.121 1822.65 3897.06 5641.18 8209.37 8159.65 7650.12 6886.88 7740.91 8575.09 10944.7 12506 13052.7 10523.6 9429.75 8974.82 8700.98 8472.19 7388.54 7957.8 12056.7 17139.3 20164.3 17125.8 11120.9 6873.79 6579.21 10889.5 16718.2 19082.7 15514.2 8974.82 6202.8 6819.23 13321.2 18091.6 19109.6 16893.6 14854.2 11989 12506 12369.2 12500.3 14016.4 16164.1 19305.8 22654.1 20876.7 17430.6 13329.5 10216 8472.19 6250.17 3173.93 1259.23 723.121 3081.88 6347.87 9345.58 9823.47 7349.7 3897.06 1259.23 0 723.121 1259.23 1514.97 1259.23 723.121 0 0 723.121 2545.77 4433.17 5333.5 4433.17 2545.77 723.121 0 0 0 0 0 0 0 
0 1259.23 3173.93 7509.4 11805.8 14391.7 14256.6 14448.7 13326.8 15120.5 17606.7 18962.3 18130.7 15788 11821.7 8493.91 7315.86 7908.77 8723.12 7064.8 7060.12 9845.19 14551.4 17895.9 16210.4 10889.5 7366.89 7770.79 13657.9 18826.1 20176.6 15765.8 8251.7 4756.56 6442.82 11782.9 17139.3 18211.9 17074 14488 12306.8 11805.8 12528.1 12476.6 13840.9 17403.7 21469.6 24072.8 21810.1 15938.3 11537.4 9168.01 8723.12 6649.54 3818.53 1514.97 415.256 2238.09 5077.76 8164.51 9259.23 7787.92 3818.53 1930.23 0 0 0 0 0 0 0 0 1259.23 3173.93 5527.05 6649.54 5942.3 3173.93 1259.23 0 0 0 0 0 0 0 
415.256 1514.97 4956.91 9987.16 16251.7 21014.7 22917.1 22748.5 22753.6 24996.3 26847.8 27013.1 24740.6 19281.6 12341.9 7623.53 5827.28 6250.17 7908.77 7457.27 7394.38 9446.18 14256.6 18811 18524.5 14528.6 11556.9 10234.1 14420.3 18683.3 19100 14034.5 8186.04 4220.45 5800.89 11498 16557 18376.8 16718.2 13948.1 11082.7 9345.58 10146.9 9960.22 12734.4 16239 19126.9 19646.9 16131.9 11196.3 7515.05 6250.17 6649.54 5527.05 3173.93 1259.23 0 1259.23 3173.93 6250.17 7908.77 7765.14 5692.4 3497.32 1259.23 723.121 0 0 415.256 0 0 415.256 1514.97 3818.53 7787.92 9259.23 8164.51 5077.76 2238.09 0 0 0 0 0 0 0 
0 1259.23 4433.17 10375.5 17588.6 23344.8 26848.5 28142.1 28291.1 30375.6 32305.8 30957.6 27470.3 21151 14015.3 8330.22 6579.21 6255.82 7715.59 6992.47 7515.05 10032 14551.4 18632.6 20409.1 18312.6 15279.8 13408 15575.7 16079.3 15857.1 12148.8 6978.94 4220.26 5412.03 9345.58 14558.3 16701 15350.5 12450.4 8864.67 6763.13 6592.74 6992.47 9918.43 12368.4 13720.5 13437.9 10637 7142.62 5251.24 3897.06 3818.53 3173.93 1822.65 723.121 0 723.121 2545.77 4996.58 7715.59 8815.11 8170.52 6364.3 3897.06 1822.65 1446.24 1259.23 1514.97 1259.23 723.121 0 1982.35 5156.29 8864.67 11082.7 10068.7 6763.13 3081.88 723.121 0 0 0 0 0 0 
0 1138.38 3337.62 7715.59 14809.2 21111 24859.8 28261.8 29815.5 31114.2 31742.3 29430.4 25680.6 20871.9 14728 9538.24 8038.98 8022.36 8864.67 9047.15 8488.26 8815.11 12757.2 16438.7 18995.8 19897.8 19299.3 16871.5 16710.4 15225 13389.9 11405.9 6973.29 3897.06 4341.11 6347.87 10068.7 11646.1 10523.6 7715.59 5156.29 3081.88 3497.32 4433.17 6250.17 8095.78 8768.63 8441.78 6951.63 5264.77 3897.06 3081.88 2238.09 1259.23 723.121 0 0 0 1982.35 4433.17 8301.25 11082.7 11777.2 10238.7 6786.28 3897.06 3081.88 3173.93 3818.53 3173.93 1822.65 1446.24 2545.77 6255.82 10166.4 13242.6 12905.4 9587.79 5156.29 1982.35 0 0 0 0 0 0 
0 0 1982.35 4848.42 10003.2 14809.2 20294.1 23794.1 26949.6 27442.8 27053.6 24495 21861 17911.8 13857.3 11821.7 10683 10860.6 11498 9982.35 9047.15 8974.82 10539.3 13764.9 17446.5 20284.7 21550.8 20664.7 17845.2 15224.6 13401.8 11753.1 7908.77 4541.65 2961.21 3081.88 4688.91 5800.89 5156.29 3337.62 1982.35 723.121 723.121 1822.65 3173.93 4541.65 5692.4 6511.55 7509.4 7372.66 5527.05 3173.93 1259.23 0 0 0 0 415.256 1514.97 4233.79 8164.51 12541.7 14558.3 13748.8 9423.74 5800.89 4688.91 5527.05 6649.54 5527.05 3173.93 2518.47 3589.19 7765.14 12450.4 15514.2 15607.1 12450.4 6992.47 3337.62 723.121 0 0 0 0 0 
0 0 723.121 1822.65 4433.17 7715.59 13201.8 18157.7 22875.8 24512 22803.1 20140 18072.4 14636.4 12793.4 12532.9 14294.7 15316.5 14757.6 13228.7 11034 9429.75 9805.33 11160.8 13892.9 18619.1 21156.3 19549.2 16992.1 14812.8 13389.9 12986.5 9424.1 4996.58 1982.35 723.121 1259.23 1514.97 1259.23 723.121 0 0 0 723.121 1982.35 3752.88 5948.14 8360.18 9823.47 9822.65 7372.66 4233.79 1514.97 0 0 0 0 0 1259.23 3173.93 7509.4 12369.2 15487.3 15157 11634.7 7234.67 5800.89 6649.54 8000 6649.54 4233.79 3029.94 3818.53 7908.77 12433.2 15765.8 15995.1 13691.6 8700.98 4433.17 1259.23 0 0 0 0 0 
0 0 0 723.121 1982.35 4583.39 7463.11 12901.8 17732.2 20596.9 19178.5 17156.1 15371.9 13634.8 14022.6 16349.8 18219.7 20670.5 19498.5 16581.9 13248.3 12693 11713.8 11798.6 12040.3 14482.7 15121.7 14951.2 13971.4 13862.9 14342.2 14365.1 10523.6 5719.7 1982.35 415.256 415.256 0 0 0 415.256 0 0 0 1259.23 3173.93 6786.28 9823.47 11054.1 10546.6 8045.51 4688.91 2518.47 723.121 0 0 0 0 723.121 1822.65 5879.41 10637.8 15048.9 16109.3 12598 8078.46 5879.41 5527.05 6649.54 5527.05 3173.93 2933.72 3173.93 7388.54 11246.4 14034.5 14901.2 13156.3 8472.19 4541.65 1514.97 0 0 0 0 0 
0 0 0 723.121 1259.23 2238.09 5036.93 8585.96 12313.3 14745.3 14859.1 14518.4 15038 16226.6 17666.3 20483 23876.1 26398.9 25382 21171.5 17862.5 15981.6 14347.9 13173.5 10637.8 9685.49 9083.3 9281.59 9849.17 12774.2 15281.4 15042 11082.7 6524.01 3497.32 2774.2 3189.46 1982.35 1446.24 1259.23 1514.97 1259.23 723.121 415.256 1514.97 4233.79 7372.66 9822.65 10546.6 9459.71 7862.84 5641.18 3897.06 1822.65 723.121 0 0 0 0 1138.38 4033.44 9230.56 14695.1 16887.6 13435.8 8438.71 4596.85 3173.93 3818.53 3897.06 3081.88 2961.21 3805 5719.7 8974.82 11425.6 12038.6 10454.5 6973.29 3173.93 1259.23 0 0 0 0 0 
0 0 723.121 1822.65 3173.93 3818.53 4620.18 5467.94 7070.99 8052.32 10260.5 11897 15860.9 18990.7 22904.4 25460.1 30123.7 31331.8 29007.8 23424.6 19493.3 16865.5 15995.1 14106.8 10977.7 6951.63 4704.43 4033.44 6524.01 9823.47 13527 13299.1 10068.7 7234.67 6978.94 8251.7 8507.44 6978.94 5091.54 3897.06 3818.53 3173.93 2237.9 1446.24 2518.47 4688.91 6786.28 8095.78 8045.51 7862.84 8045.51 7372.66 5527.05 3173.93 1259.23 0 0 0 0 415.256 2774.2 6992.47 12176.6 14649.5 12176.6 6992.47 3497.32 1259.23 2653.35 3081.88 3897.06 3818.53 5156.29 6255.82 8488.26 9731.42 9424.1 6992.47 4433.17 1822.65 723.121 0 0 0 0 0 
0 0 1259.23 3173.93 5527.05 6649.54 5527.05 4620.18 4500.82 4704.43 6807.64 9697.94 14574.2 19753.7 23760.3 27915.1 31121.3 31602.2 28543.2 22522.6 17221.8 15225 16347.5 16466.6 12761.4 7783.24 2961.21 1259.23 3897.06 7349.7 9823.47 9345.58 7607.1 8238.17 11246.8 15350.5 15995.1 13134.1 9429.75 7509.4 7372.66 6786.28 5412.03 4341.11 4620.18 5641.18 6347.87 6056.44 5412.03 5641.18 7372.66 8000 6649.54 3818.53 1514.97 0 0 0 0 0 1982.35 4996.58 8700.98 10468.1 8700.98 4996.58 2705.47 1259.23 2774.2 4433.17 6250.17 7064.8 7042.02 6992.47 7908.77 8723.12 7908.77 5333.5 2774.2 723.121 0 0 0 0 0 0 
0 415.256 1514.97 3818.53 6649.54 8000 6649.54 4541.65 3337.62 3173.93 5800.89 8585.77 12038.6 16269 19783.7 24403 27064.3 26934.2 23765.9 17031.2 12779.8 12858.3 15683.9 18798.3 17061.2 11344.5 5627.65 2169.36 1822.65 3897.06 5077.76 5104.16 5012.11 8038.98 13642 20176.6 21714.3 17510.1 12326 10146.9 9822.65 10238.7 8896.3 7862.84 7349.7 8095.78 6786.28 4688.91 3777.7 3897.06 5527.05 6649.54 5527.05 3173.93 1259.23 0 0 0 0 0 723.121 2545.77 4433.17 5333.5 4433.17 3268.89 2545.77 3589.19 5333.5 6992.47 8472.19 8723.12 7908.77 6992.47 7042.02 6649.54 5527.05 3173.93 1259.23 0 0 0 0 0 0 0 
0 0 1259.23 3173.93 5527.05 6649.54 5527.05 4433.17 4433.17 5527.05 7372.66 8072.82 8866.34 10489.8 12921.2 15706.9 17784.3 18075.2 16493.9 11713.8 8762.1 10289.3 15772 21522.2 22000.1 16050.7 8330.22 2518.47 723.121 1259.23 1514.97 1259.23 2397.61 5948.14 12519.5 18826.1 20176.6 16609.8 11425.6 10283.6 11082.7 12984.3 12597.7 11327.9 9823.47 9259.23 6649.54 3818.53 2238.09 1822.65 3173.93 3818.53 3173.93 1822.65 723.121 0 0 0 0 0 0 723.121 1259.23 1514.97 1259.23 1982.35 3173.93 5527.05 7908.77 8700.98 8700.98 7908.77 6250.17 4996.58 4433.17 3818.53 3173.93 1822.65 723.121 0 0 0 0 0 0 0 
0 0 723.121 1822.65 3173.93 3818.53 3589.19 3337.62 4541.65 6649.54 8000 7372.66 5800.89 4852.59 5156.29 7783.24 9122.07 10123.9 9355.01 6665.42 5519.42 8830.83 15545.8 22814.1 23908.8 17840.7 9152.03 3029.94 0 0 0 0 723.121 3805 8170.52 12519.5 13642 11246.8 8680.73 8493.91 10811 13642 14255.8 12369.2 10068.7 8164.51 5527.05 3173.93 1259.23 723.121 1259.23 1514.97 1259.23 723.121 0 0 0 0 0 0 0 0 0 0 415.256 1514.97 3818.53 6649.54 8723.12 8472.19 6992.47 5333.5 3173.93 2545.77 1982.35 1514.97 1259.23 723.121 0 0 0 0 0 0 0 0 
0 0 0 723.121 1259.23 1514.97 1259.23 1982.35 3173.93 5527.05 6649.54 5527.05 3173.93 1982.35 1259.23 2238.09 3081.88 3897.06 3818.53 3173.93 3081.88 6415.52 11874.9 17703.6 18826.1 14228 7607.1 2518.47 0 0 0 0 0 1446.24 3805 5948.14 6592.74 5156.29 4528.12 6415.52 10216 13435.8 13622.8 10523.6 7607.1 5077.76 3173.93 1822.65 723.121 0 0 0 0 0 0 0 0 0 0 0 0 0 0 0 0 1259.23 3173.93 5527.05 6649.54 6250.17 4433.17 2774.2 1259.23 723.121 0 0 0 0 0 0 0 0 0 0 0 0 
0 0 0 0 0 0 0 723.121 1822.65 3173.93 3818.53 3173.93 1822.65 723.121 0 0 723.121 1259.23 1514.97 1259.23 1446.24 3268.89 6819.23 10166.4 10811 8170.52 4368.42 1446.24 0 0 0 0 0 0 723.121 1259.23 1514.97 1674.49 2238.09 4541.65 8472.19 11173.9 10468.1 7715.59 4596.85 2238.09 1259.23 723.121 0 0 0 0 0 0 0 0 0 0 0 0 0 0 0 0 0 723.121 1822.65 3173.93 3818.53 3173.93 1822.65 723.121 0 0 0 0 0 0 0 0 0 0 0 0 0 0 
0 0 0 0 0 0 0 0 723.121 1259.23 1514.97 1259.23 723.121 0 0 0 0 0 0 0 0 723.121 2705.47 4033.44 4289.18 3241.59 1446.24 0 0 0 0 0 0 0 0 0 0 0 1259.23 3173.93 6250.17 7908.77 7042.02 4433.17 1982.35 0 0 0 0 0 0 0 0 0 0 0 0 0 0 0 0 0 0 0 0 0 723.121 1259.23 1514.97 1259.23 723.121 0 0 0 0 0 0 0 0 0 0 0 0 0 0 0 
0 0 0 0 0 0 0 0 0 0 0 0 0 0 0 0 0 0 0 0 0 0 0 0 0 0 0 0 0 0 0 0 0 0 0 0 0 0 723.121 1822.65 3173.93 3818.53 3173.93 1822.65 723.121 0 0 0 0 0 0 0 0 0 0 0 0 0 0 0 0 0 0 0 0 0 0 0 0 0 0 0 0 0 0 0 0 0 0 0 0 0 0 0 0 0 
0 0 0 0 0 0 0 0 0 0 0 0 0 0 0 0 0 0 0 0 0 0 0 0 0 0 0 0 0 0 0 0 0 0 0 0 0 0 0 0 0 0 0 0 0 0 0 0 0 0 0 0 0 0 0 0 0 0 0 0 0 0 0 0 0 0 0 0 0 0 0 0 0 0 0 0 0 0 0 0 0 0 0 0 0 0 
