0 0 0 0 0 0 0 0 0 0 0 0 0 0 0 0 0 0 0 0 0 0 0 0 0 0 0 0 0 0 0 0 0 0 0 0 0 0 0 0 0 0 0 0 0 0 0 0 0 0 0 0 0 0 0 0 0 0 415.256 0 0 723.121 1259.23 1514.97 1259.23 723.121 0 0 0 0 0 0 0 0 0 0 0 0 0 0 0 0 0 0 0 0 
0 0 0 0 0 0 0 0 0 0 0 0 0 0 0 0 0 0 0 0 0 0 0 0 0 0 0 0 0 0 0 0 0 0 0 0 0 0 0 0 415.256 0 0 0 415.256 0 0 0 0 0 0 0 0 0 0 0 723.121 1259.23 1514.97 1259.23 1446.24 1822.65 3173.93 3818.53 3173.93 1822.65 723.121 0 0 0 0 0 0 0 0 0 0 0 0 0 0 0 0 0 0 0 
0 0 0 0 0 0 0 0 0 0 0 0 0 0 0 0 0 0 0 0 0 0 0 0 0 0 0 0 0 0 0 0 0 0 0 0 0 0 723.121 1259.23 1930.23 1259.23 1446.24 1259.23 1514.97 1259.23 723.121 0 0 0 415.256 0 0 0 0 723.121 1822.65 3173.93 3818.53 3173.93 3081.88 3897.06 5527.05 6649.54 5527.05 3173.93 1259.23 0 0 0 0 0 0 0 0 0 0 0 0 0 0 0 0 0 0 0 
0 0 0 0 0 0 0 0 0 0 0 0 0 0 0 0 0 0 0 0 0 415.256 0 0 0 0 0 0 0 0 0 0 0 415.256 0 0 415.256 723.121 2545.77 4433.17 5333.5 5156.29 4368.42 3897.06 3818.53 3173.93 1822.65 1138.38 723.121 1259.23 1514.97 1259.23 723.121 0 0 1259.23 3173.93 5527.05 6649.54 5942.3 4688.91 5077.76 6649.54 8000 6649.54 3818.53 1514.97 0 0 0 0 0 0 0 0 0 0 0 0 0 0 0 0 0 0 0 
0 0 0 0 0 0 0 0 0 0 0 0 0 0 0 415.256 0 0 0 723.121 1259.23 1514.97 1259.23 723.121 0 415.256 0 0 0 0 0 723.121 1259.23 1514.97 1982.35 1982.35 1514.97 3241.59 5719.7 8700.98 10468.1 9960.22 8170.52 7509.4 6649.54 6250.17 4433.17 3497.32 3081.88 3897.06 3818.53 3173.93 1822.65 723.121 415.256 1514.97 3818.53 6649.54 8000 6649.54 5077.76 4688.91 5527.05 6649.54 5527.05 3173.93 1259.23 0 0 0 0 0 0 0 0 0 0 0 0 0 0 0 0 0 0 0 
0 0 0 0 0 0 0 0 0 0 0 0 0 723.121 1259.23 1514.97 1259.23 723.121 723.121 2237.9 3173.93 3818.53 3173.93 2545.77 1982.35 1514.97 1259.23 723.121 0 0 723.121 2237.9 3589.19 4541.65 4996.58 4996.58 4956.91 5948.14 8815.11 12899.7 15064.8 13691.6 10811 9423.74 8723.12 8472.19 6992.47 6592.74 6347.87 7349.7 7372.66 5527.05 3173.93 1259.23 0 1259.23 3173.93 5942.3 6649.54 5527.05 3897.06 3081.88 3589.19 3818.53 3173.93 1822.65 723.121 0 0 0 0 0 0 0 0 0 0 0 0 0 0 0 0 0 0 0 
0 0 0 0 415.256 0 415.256 0 0 0 0 0 723.121 1822.65 3173.93 3818.53 3589.19 2545.77 3241.59 4688.91 6786.28 7372.66 6250.17 4996.58 4433.17 3818.53 3173.93 1822.65 723.121 723.121 3241.59 5948.14 8301.25 9891.13 9424.1 8700.98 8324.03 8301.25 10166.4 13435.8 14649.5 13435.8 10166.4 8301.25 7908.77 8700.98 9116.24 9423.74 9345.58 9823.47 9259.23 6649.54 3818.53 1514.97 0 1446.24 3081.88 4688.91 5077.76 3897.06 2545.77 2705.47 2774.2 2774.2 1982.35 723.121 0 0 0 0 0 0 0 0 0 0 0 0 0 0 0 0 0 0 0 0 
0 0 723.121 1259.23 2238.09 2518.47 2238.09 1259.23 723.121 0 0 0 1259.23 3173.93 6665.42 8324.03 7765.14 6671.07 6671.26 7637.06 9823.47 9822.65 8631.89 6992.47 7042.02 6649.54 5527.05 3173.93 1982.35 2961.02 6511.55 10811 14057.3 14511.6 13013.8 11191.2 9514.97 9047.15 8815.11 10216 10468.1 9424.1 7234.49 5571.54 5333.5 6992.47 8472.19 9982.35 9823.47 9345.58 8164.51 5527.05 3173.93 1259.23 723.121 1822.65 3897.06 5077.76 4688.91 3805 3268.89 3173.93 3818.53 3173.93 1822.65 723.121 0 0 0 0 0 0 0 0 0 0 0 0 0 0 0 0 0 0 0 0 
0 723.121 1822.65 3897.06 6056.44 6347.87 5641.18 3897.06 1822.65 723.121 0 415.256 2238.09 6524.01 11246.4 13948.1 13709.7 10889.5 10123.9 10546.6 11054.1 10238.7 8301.25 6992.47 7908.77 8000 6649.54 3818.53 2774.2 4433.17 9960.22 15350.5 17703.6 17025 13134.1 10683.3 9168.01 7765.14 6978.94 6415.52 6471.88 5692.4 4783.86 3241.59 3497.32 4433.17 6250.17 7372.66 7349.7 6347.87 5077.76 3173.93 1822.65 723.121 1259.23 3173.93 5527.05 6649.54 5527.05 4433.17 4433.17 5527.05 6649.54 5527.05 3589.19 1259.23 0 0 0 0 0 0 0 0 0 0 0 0 0 0 0 0 0 0 0 0 
0 1259.23 3897.06 8045.51 11338.4 12313.3 10546.6 6786.28 3173.93 1259.23 0 723.121 3805 9429.75 15693.4 19584.3 18688.1 15480.5 12528.9 11081.9 9823.47 7637.06 5948.14 4996.58 6250.17 6649.54 5527.05 3589.19 3189.46 5333.5 11191.2 17195.3 19082.7 16524.7 12312.4 9057.32 7715.59 6992.47 6442.82 5787.36 5990.97 5692.4 5264.77 3173.93 2545.77 2961.02 3173.93 4233.79 3897.06 3081.88 2238.09 1259.23 723.121 415.256 1514.97 3818.53 7064.8 8000 7064.8 5333.5 5333.5 6649.54 8723.12 7908.77 5333.5 2774.2 723.121 0 0 0 0 0 0 0 0 0 0 0 0 0 0 0 0 0 0 0 
415.256 2238.09 6056.44 11338.4 15637.1 16473 13641.2 8887.63 3818.53 1514.97 0 1259.23 5571.54 12038.6 19584.3 23367.8 22393.4 17594.3 12587.2 9610.75 6786.28 4688.91 3241.59 2545.77 3173.93 4233.79 3173.93 1822.65 1982.35 4433.17 9424.1 14722.4 16609.8 14034.5 10848.7 8238.17 7765.14 8631.89 9211.19 8866.34 9766.67 9960.22 9195.31 6973.29 4433.17 4220.45 3777.7 4168.32 2518.47 1446.24 0 0 0 0 1982.35 4433.17 7042.02 7908.77 6250.17 4433.17 4433.17 6250.17 8472.19 8700.98 6992.47 4433.17 1822.65 723.121 0 0 0 415.256 0 0 0 0 0 0 0 0 0 0 0 0 0 0 
0 2518.47 6347.87 12313.3 16473 16581.1 12997.4 8045.51 3173.93 1259.23 830.511 1930.23 6056.62 13709.7 21320.8 24773.4 22997 17224.9 11452 6900.41 3897.06 1822.65 723.121 1446.24 2518.47 3029.94 2518.47 1446.24 723.121 2545.77 6255.82 10166.4 12519.5 12061.4 9587.79 7715.59 8631.89 11241.6 13576.3 15293.7 16524.7 15350.5 14135 10454.5 7715.59 7879.27 7607.1 7156.15 5156.29 2545.77 723.121 0 0 723.121 2545.77 4996.58 6992.47 6992.47 4996.58 3268.89 2545.77 4433.17 6992.47 8700.98 8472.19 6250.17 3173.93 1259.23 0 723.121 1259.23 1514.97 1259.23 723.121 0 0 0 0 0 0 415.256 0 0 0 0 0 
415.256 2238.09 5641.18 10546.6 13641.2 12997.4 9459.71 5412.03 2545.77 1982.35 1514.97 3241.59 6978.94 12598 19077 21698.4 20592.3 16962.1 11383.1 7086.52 3656.84 723.121 723.121 2237.9 3173.93 3818.53 3173.93 1822.65 723.121 1138.38 3497.32 6592.74 9423.74 9982.35 8631.89 7715.59 9279.92 12597.7 16338 19783.7 21628.5 19686 16416.2 12734.4 11406.5 12905.4 14228 13642 9960.22 4996.58 1982.35 0 0 1259.23 3173.93 6250.17 7908.77 7042.02 4433.17 1982.35 1138.38 2774.2 5333.5 7908.77 8723.12 6649.54 3818.53 1514.97 723.121 1822.65 3173.93 3818.53 3173.93 1822.65 723.121 0 0 0 723.121 1259.23 1514.97 1259.23 723.121 0 0 0 
0 1259.23 3897.06 6786.28 9302.89 8045.51 5412.03 3241.59 2545.77 3173.93 3818.53 5156.29 7542.35 11662 16295.4 18320.4 18157.7 16961.3 13896.7 10181.9 6111.82 3428.6 3241.59 4688.91 6786.28 7372.66 5527.05 3173.93 1259.23 0 1259.23 3173.93 5527.05 6649.54 6250.17 6671.07 8022.36 12119.8 16815.9 20972.5 22191.9 20198.9 16144.5 13355.9 13069 16438.7 18826.1 18468.1 13691.6 6992.47 2774.2 0 415.256 1514.97 3818.53 6649.54 8000 6649.54 3818.53 1514.97 0 1259.23 3173.93 5527.05 6649.54 5527.05 3173.93 1259.23 1259.23 3173.93 5527.05 7064.8 5527.05 3173.93 1259.23 0 0 723.121 1822.65 3173.93 3818.53 3173.93 1822.65 723.121 0 0 
0 723.121 2545.77 4433.17 5333.5 4433.17 2961.02 1982.35 3173.93 5942.3 7064.8 7042.02 8438.71 11150.4 13548.4 15116.1 16363.4 17683.6 18432.4 17208.4 13408 9216.84 7234.67 8360.18 9823.47 9822.65 7372.66 3818.53 1514.97 0 723.121 1822.65 3173.93 4541.65 4848.42 5575.71 7060.12 10870 14255.8 17332.9 18183.7 17002.2 14420.3 12357.8 12198.3 14901.2 17703.6 17823.5 13435.8 6992.47 2774.2 0 0 1259.23 3173.93 5527.05 6649.54 5527.05 3173.93 1259.23 0 723.121 1822.65 3173.93 3818.53 3173.93 1822.65 1138.38 1514.97 4541.65 7908.77 9514.97 7908.77 4541.65 1514.97 0 0 1259.23 3173.93 5527.05 6649.54 5527.05 3173.93 1259.23 0 0 
0 723.121 2545.77 4433.17 6056.62 5692.4 4476 4220.45 5800.89 8164.51 9259.23 9355.01 8815.11 10216 12329.6 13297.8 15486.4 19965.5 23772 24467.3 21151.4 15212.5 11942.6 11082.7 11054.1 9823.47 6786.28 3173.93 1259.23 0 0 1138.38 1982.35 3337.62 4433.17 5800.89 6347.87 8072.82 10333.7 11475.2 12326 12341.9 11268.9 9195.31 8974.82 10330.1 11874.9 12290.7 9424.1 4996.58 1982.35 0 0 723.121 2237.9 3173.93 3818.53 3173.93 1822.65 723.121 0 0 723.121 1259.23 1514.97 1674.49 723.121 0 1982.35 4996.58 8700.98 10468.1 8700.98 4996.58 1982.35 0 415.256 1514.97 3818.53 6649.54 8000 6649.54 3818.53 1514.97 0 0 
0 1259.23 3173.93 6250.17 8472.19 8700.98 7715.59 7515.05 8170.52 10068.7 9823.47 9332.05 8893.64 11098.6 12706 14272.5 16437.7 20705.7 25726.5 28687.6 25280.7 18719.8 13965.4 11337.6 9823.47 7637.06 4688.91 1822.65 723.121 723.121 1259.23 1514.97 2518.47 3897.06 5527.05 7372.66 7349.7 6347.87 5800.89 5692.4 6511.55 7509.4 7372.66 6250.17 5156.29 5319.97 5692.4 6056.62 4433.17 2545.77 723.121 0 723.121 1259.23 2238.09 2518.47 2238.09 1259.23 723.121 0 0 0 0 723.121 1259.23 1514.97 1259.23 723.121 1982.35 4996.58 8700.98 10468.1 8700.98 4996.58 1982.35 0 0 1259.23 3173.93 5527.05 6649.54 5527.05 3173.93 1259.23 0 0 
415.256 1514.97 3818.53 7908.77 11173.9 12176.6 11727.3 10939.1 10523.6 11082.7 9760.83 8585.96 9605.89 12665.3 15463.1 16556.6 16511.2 18467.7 23066.1 25869 23423 17675.8 12198.3 8631.89 6786.28 4688.91 2518.47 723.121 723.121 1822.65 3173.93 4233.79 4688.91 5641.18 7372.66 8000 7372.66 5077.76 3029.94 1982.35 2545.77 3173.93 3818.53 3173.93 1822.65 1446.24 1259.23 1514.97 1259.23 723.121 0 723.121 1822.65 3173.93 3818.53 3173.93 1822.65 723.121 0 0 0 0 723.121 1822.65 3173.93 3818.53 3173.93 2237.9 2238.09 4541.65 7908.77 9514.97 7908.77 4541.65 1514.97 0 0 723.121 1822.65 3173.93 3818.53 3173.93 1822.65 723.121 0 0 
0 1259.23 3589.19 7042.02 10468.1 12591.8 12688.9 11727.3 11191.2 10774.2 8887.63 8882.77 10823.9 14034.5 17460.5 17173.2 16425.2 16334 17679.8 19590.1 17784.3 13167.1 8801.58 5264.77 3173.93 1822.65 1138.38 0 1674.49 3173.93 5527.05 6649.54 6786.28 6347.87 6786.28 6649.54 5527.05 3589.19 1259.23 0 723.121 1259.23 1514.97 1259.23 723.121 0 0 0 0 0 0 1259.23 3173.93 5527.05 6649.54 5527.05 3173.93 1259.23 0 0 0 0 1259.23 3173.93 5527.05 6649.54 5527.05 3173.93 2518.47 3173.93 5527.05 6649.54 5527.05 3173.93 1259.23 0 0 0 723.121 1259.23 1514.97 1259.23 723.121 0 0 0 
0 723.121 1822.65 4433.17 6992.47 8700.98 9731.42 9424.1 8700.98 7908.77 6786.28 8330.22 11782.9 16609.8 19169.1 17402 13628.5 11314.4 11504.2 13379 12597.7 10055.2 5879.41 2774.2 1982.35 1982.35 2238.09 2933.72 3753.06 5077.76 7372.66 8000 7372.66 5641.18 4688.91 4541.65 4433.17 3337.62 1982.35 723.121 0 0 0 0 0 0 0 0 0 0 415.256 1514.97 3818.53 6649.54 8000 6649.54 3818.53 1514.97 0 0 0 415.256 1514.97 3818.53 6649.54 8000 6649.54 3818.53 2238.09 1822.65 3173.93 3818.53 3173.93 1822.65 723.121 0 0 0 0 0 0 0 0 0 0 0 
0 0 723.121 1982.35 3337.62 4433.17 5264.77 4996.58 4996.58 4956.91 5104.16 7156.15 11914.3 16631.9 17987.2 14901.2 10290.4 6927 6900.41 8887.63 9259.23 7372.66 3818.53 2238.09 1822.65 3897.06 5641.18 6347.87 6900.41 7070.99 7349.7 7372.66 5527.05 3897.06 3241.59 3337.62 4433.17 4541.65 3173.93 1822.65 723.121 0 0 0 0 0 0 0 0 0 0 1259.23 3173.93 5527.05 6649.54 5527.05 3173.93 1259.23 0 0 0 0 1259.23 3173.93 5527.05 6649.54 5527.05 3173.93 1259.23 723.121 1259.23 1514.97 1259.23 723.121 0 0 0 0 0 0 0 0 0 0 0 0 
0 0 0 0 723.121 1259.23 1514.97 1982.35 1982.35 1514.97 2518.47 5156.29 8700.98 12176.6 12899.7 9960.22 5948.14 3777.7 3897.06 5527.05 6649.54 5527.05 3173.93 2518.47 3173.93 6786.28 9823.47 11054.1 10546.6 8608.93 6347.87 5077.76 3173.93 1822.65 1982.35 3173.93 5527.05 6649.54 5527.05 3173.93 1259.23 0 0 0 0 0 0 0 0 0 0 723.121 1822.65 3173.93 3818.53 3173.93 1822.65 723.121 0 0 0 0 723.121 1822.65 3173.93 3818.53 3173.93 1822.65 723.121 0 0 0 0 0 0 0 0 0 0 0 0 0 0 0 0 0 
0 0 0 0 0 0 0 0 0 0 723.121 2545.77 4996.58 6992.47 6992.47 4996.58 2545.77 1446.24 1822.65 3173.93 3818.53 3173.93 2237.9 2238.09 4233.79 8164.51 11818.5 13299.1 11818.5 8887.63 5077.76 3029.94 1259.23 1138.38 1514.97 3818.53 6649.54 8000 6649.54 3818.53 1514.97 0 0 0 0 0 0 0 0 0 0 0 723.121 1259.23 1514.97 1259.23 723.121 0 0 0 0 0 0 723.121 1259.23 1514.97 1259.23 723.121 0 0 0 0 0 0 0 0 0 0 0 0 0 0 0 0 0 0 
0 0 0 0 0 0 0 0 0 0 0 723.121 1982.35 2774.2 2774.2 1982.35 723.121 0 723.121 1259.23 1514.97 1259.23 723.121 1259.23 3173.93 6786.28 9823.47 11054.1 9823.47 6786.28 3173.93 1259.23 0 0 1259.23 3173.93 5527.05 6649.54 5527.05 3173.93 1259.23 0 0 0 0 0 0 0 0 0 0 0 0 0 0 0 0 0 0 0 0 0 0 0 0 0 0 0 0 0 0 0 0 0 0 0 0 0 0 0 0 0 0 0 0 0 
0 0 0 0 0 0 0 0 0 0 0 0 0 0 0 0 0 0 0 0 0 0 0 723.121 1822.65 3897.06 5641.18 6347.87 5641.18 3897.06 1822.65 723.121 0 0 723.121 1822.65 3173.93 3818.53 3173.93 1822.65 723.121 0 0 0 0 0 0 0 0 0 0 0 0 0 0 0 0 0 0 0 0 0 0 0 0 0 0 0 0 0 0 0 0 0 0 0 0 0 0 0 0 0 0 0 0 0 
0 0 0 0 0 0 0 0 0 0 0 0 0 0 0 0 0 0 0 0 0 0 0 0 723.121 1259.23 2238.09 2518.47 2238.09 1259.23 723.121 0 0 0 0 723.121 1259.23 1514.97 1259.23 723.121 0 0 0 0 0 0 0 0 0 0 0 0 0 0 0 0 0 0 0 0 0 0 0 0 0 0 0 0 0 0 0 0 0 0 0 0 0 0 0 0 0 0 0 0 0 0 
0 0 0 0 0 0 0 0 0 0 0 0 0 0 0 0 0 0 0 0 0 0 0 0 0 0 0 0 0 0 0 0 0 0 0 0 0 0 0 0 0 0 0 0 0 0 0 0 0 0 0 0 0 0 0 0 0 0 0 0 0 0 0 0 0 0 0 0 0 0 0 0 0 0 0 0 0 0 0 0 0 0 0 0 0 0 
