0 0 0 0 0 0 0 0 0 0 0 0 0 0 0 0 0 0 0 0 0 0 0 0 0 0 0 0 415.256 0 0 0 0 0 0 0 0 0 0 0 0 0 0 0 0 0 0 0 0 0 0 0 0 0 0 0 0 0 0 0 0 0 0 0 0 0 415.256 0 0 0 0 0 0 0 415.256 0 0 0 0 0 0 0 0 0 0 0 
0 0 0 0 0 0 0 0 0 0 0 0 0 0 0 0 0 0 0 0 0 0 0 0 0 0 723.121 1259.23 1514.97 1259.23 723.121 0 0 0 0 0 0 0 0 0 0 0 0 0 0 0 0 415.256 0 0 0 0 0 0 0 0 0 0 0 0 0 0 0 0 723.121 1259.23 1514.97 1259.23 723.121 0 0 0 723.121 1259.23 1514.97 1259.23 723.121 415.256 0 0 0 0 0 0 0 0 
0 0 0 0 0 0 0 0 0 0 0 0 0 415.256 0 0 0 0 0 0 0 0 0 0 0 1138.38 1822.65 3173.93 3818.53 3173.93 1822.65 723.121 0 0 0 0 0 0 0 0 0 0 0 0 0 723.121 1259.23 1514.97 1259.23 723.121 0 0 0 0 0 0 0 0 0 0 0 0 0 723.121 1822.65 3173.93 3818.53 3173.93 1822.65 723.121 0 723.121 2237.9 3173.93 3818.53 4312.31 3081.88 2238.09 1259.23 723.121 0 415.256 0 0 0 0 
0 0 0 0 0 0 0 0 0 0 415.256 723.121 1259.23 1514.97 1259.23 723.121 0 0 0 0 0 0 0 723.121 1259.23 2774.2 4433.17 6250.17 6649.54 5527.05 3173.93 1259.23 0 0 0 0 0 415.256 0 0 0 0 415.256 0 723.121 1822.65 3173.93 3818.53 3173.93 1822.65 723.121 0 415.256 0 0 0 0 0 0 0 0 0 0 1259.23 3173.93 5527.05 6649.54 5527.05 3173.93 1259.23 723.121 2933.72 4688.91 7509.4 9355.01 8864.67 7607.1 5800.89 3173.93 2545.77 1982.35 1514.97 1259.23 723.121 0 0 
0 0 0 0 0 0 0 0 723.121 1259.23 2238.09 3081.88 3897.06 3818.53 3173.93 1822.65 723.121 0 0 0 0 0 723.121 1822.65 3589.19 5333.5 6992.47 8472.19 8723.12 6649.54 3818.53 1514.97 0 0 0 723.121 1259.23 1514.97 1259.23 723.121 723.121 1259.23 1514.97 1259.23 1982.35 3173.93 5527.05 6649.54 5527.05 3173.93 1982.35 1259.23 1514.97 1259.23 723.121 0 0 0 0 0 0 0 415.256 1514.97 4233.79 6649.54 8000 6649.54 3818.53 2961.21 3912.39 6203.88 9619.42 12369.2 14255.8 14365.1 12519.5 10402.4 6973.29 4996.58 4433.17 3818.53 3173.93 1822.65 723.121 0 
0 0 0 0 0 0 0 723.121 1822.65 3173.93 5077.76 6347.87 7349.7 7372.66 5527.05 3173.93 1259.23 0 0 0 0 0 1259.23 3173.93 5527.05 7908.77 8700.98 8700.98 7908.77 5527.05 3173.93 1259.23 0 0 723.121 1822.65 3173.93 3818.53 3173.93 2545.77 2545.77 3173.93 3818.53 3589.19 3337.62 4541.65 6649.54 8000 6649.54 4541.65 3337.62 3173.93 3818.53 3173.93 1822.65 723.121 0 0 0 0 0 0 723.121 2518.47 5104.16 7201.54 7372.66 5527.05 4620.18 5600.35 7862.84 11864 14979.8 16465.9 17588.6 17977.5 16609.8 13948.1 10427.2 7715.59 7042.02 6649.54 5527.05 3173.93 1259.23 0 
0 0 0 0 0 0 0 1259.23 3173.93 5942.3 8164.51 9345.58 9823.47 9259.23 6649.54 3818.53 1514.97 0 0 0 0 415.256 1514.97 3818.53 6649.54 8723.12 8472.19 6992.47 5333.5 3173.93 1822.65 723.121 0 0 1259.23 3173.93 5527.05 6649.54 5527.05 4433.17 4433.17 5527.05 6649.54 5527.05 4433.17 4433.17 5527.05 6649.54 5527.05 4848.42 4433.17 5527.05 6649.54 5527.05 3173.93 1259.23 0 0 0 0 0 723.121 2545.77 5879.41 8415.38 9122.07 7623.53 5343.3 5319.78 9001.22 13164.1 17611.4 18687.3 17539.1 17528.2 17685.5 17173.2 15425 11730.9 9230.37 8631.89 8000 6649.54 3818.53 1514.97 0 
0 0 0 0 0 0 415.256 1514.97 3818.53 6649.54 9259.23 9823.47 9345.58 8164.51 5527.05 3173.93 1259.23 0 0 0 0 0 1259.23 3173.93 5527.05 6649.54 6250.17 4433.17 2774.2 1259.23 723.121 0 0 415.256 1514.97 3818.53 6649.54 8000 7480.05 5333.5 5333.5 6649.54 8000 6649.54 4541.65 3337.62 3173.93 4541.65 4848.42 4852.59 5800.89 7372.66 8000 6649.54 3818.53 1514.97 0 0 0 0 0 1982.35 5719.7 10938.9 14365.1 14194 9685.49 7461.84 7394.38 12119.8 17732.2 19777.2 18455.4 15038 13713.3 14579.8 14951.2 14365.1 12478.7 9685.49 8768.63 7372.66 5527.05 3173.93 1259.23 0 
0 0 0 0 0 0 0 1259.23 3173.93 5527.05 7372.66 7349.7 6347.87 5077.76 3173.93 1822.65 723.121 0 0 0 0 0 723.121 1822.65 3173.93 3818.53 3173.93 1822.65 723.121 0 0 0 0 0 1259.23 3173.93 6250.17 7908.77 7042.02 5692.4 5156.29 5527.05 6649.54 5527.05 3173.93 1982.35 1982.35 3337.62 4433.17 5800.89 6347.87 7349.7 7372.66 5527.05 3173.93 1674.49 0 0 0 0 415.256 3497.32 9510.93 17588.6 22695.1 21479.5 14917.1 10008.9 9510.93 14365.1 18523.6 18295.7 14610.4 10823.9 9030.02 10598.3 13065.1 13883.4 12528.9 10182.8 7862.84 5641.18 3897.06 1822.65 723.121 0 
0 0 0 0 0 0 0 723.121 1822.65 3589.19 3818.53 3897.06 3081.88 2238.09 1259.23 723.121 0 0 0 0 0 0 0 723.121 1259.23 1514.97 1259.23 723.121 0 0 0 0 0 0 723.121 2545.77 4996.58 6992.47 6992.47 5719.7 4368.42 3897.06 3818.53 3173.93 1822.65 723.121 1259.23 3173.93 5527.05 7372.66 7764.95 6347.87 5077.76 3897.06 3081.88 2238.09 1259.23 723.121 415.256 0 1138.38 5012.11 12404.5 22359.4 28906.2 27332.7 20057.5 13571.7 12077.5 13999.2 16488.9 13778.7 9845.19 6886.88 7138.64 9337.95 11219.4 12369.2 11777.2 10546.6 8045.51 4688.91 2518.47 723.121 0 0 
0 0 0 0 0 0 0 723.121 1982.35 2774.2 2774.2 1982.35 723.121 0 0 0 0 0 0 0 0 0 0 0 0 0 0 0 0 0 0 0 0 0 0 1982.35 4433.17 7457.27 8324.03 6250.17 3897.06 2518.47 1514.97 1259.23 723.121 415.256 1514.97 3818.53 7372.66 9259.23 9302.89 6337 4476.18 3081.88 3897.06 3818.53 3897.06 3081.88 2653.35 1259.23 1982.35 5156.29 13765.2 23521 30223.1 29407.8 22721.9 15953.8 14367.1 14415.5 13965.4 9766.67 6579.21 6066.42 8768.63 11917.4 13149.7 12257.2 11082.7 9822.65 7372.66 3818.53 1930.23 0 0 0 
0 0 0 0 0 0 723.121 1822.65 3173.93 3818.53 3173.93 1822.65 723.121 0 0 0 0 0 0 0 0 0 0 0 0 0 0 0 0 0 0 0 0 0 415.256 2238.09 5800.89 9423.74 10774.2 8631.89 4541.65 1514.97 0 0 0 0 1259.23 3897.06 8072.82 11082.7 10860.6 7607.1 5064.23 3897.06 5527.05 7372.66 8072.82 7607.1 6592.74 5263.68 4060.74 5680.03 12692.6 21248.3 27333.6 27442.9 23216.3 17868.5 16903.6 15515.9 13406.3 8745.48 6766.21 8186.95 13720.5 18034.7 17030.8 13412 11301.1 7372.66 6250.17 4433.17 2774.2 1259.23 723.121 0 
0 0 0 0 0 0 1259.23 3173.93 5527.05 6649.54 5527.05 3173.93 1259.23 0 0 0 0 0 0 0 0 0 0 0 0 0 0 0 0 0 0 0 0 0 723.121 3805 8170.52 12934.8 13642 10523.6 5719.7 1982.35 0 0 415.256 0 723.121 3805 8170.52 12519.5 13642 10938.9 7234.67 5800.89 6649.54 9982.35 11646.1 13657.9 13242.3 10216 7515.05 6294.66 9024.37 15624.4 20477.8 22580 21553.1 19498.5 19590.1 18046.6 14820.1 9332.05 7674.75 12227.3 19663 24637.5 23828.3 17760 11804.2 8198.49 6442.82 4996.58 4541.65 3173.93 1822.65 0 
0 0 0 0 0 415.256 1514.97 3818.53 6649.54 8000 6649.54 3818.53 1514.97 0 0 0 0 0 0 0 415.256 0 0 0 0 0 0 0 0 0 0 0 0 0 1259.23 5879.41 12198.1 16865.5 17254.4 12598 6255.82 1982.35 723.121 1259.23 1930.23 1259.23 1138.38 3912.58 8251.7 13691.6 16324 12899.7 8251.7 5948.14 5942.3 10146.9 14501.9 18688.1 20341.9 16718.2 10889.5 6419.5 5879.41 8815.11 13013.3 16324.2 18346.8 21085.8 22848 20341.1 16667 11392.6 8294.72 14056.6 22820.9 30610.4 29941.8 24603.5 17805.6 11896.3 9337.7 8834.79 6649.54 5527.05 3173.93 0 
0 0 0 0 0 0 1259.23 3173.93 5527.05 6649.54 5527.05 3173.93 1259.23 415.256 0 0 415.256 0 723.121 1259.23 1514.97 1259.23 723.121 0 0 0 0 0 0 0 0 0 0 415.256 3791.72 8415.38 15880.1 20986.5 20476.8 13550 6779.74 2238.09 2545.77 4433.17 5333.5 5156.29 4220.26 5012.3 8974.82 14158.9 16164.5 13435.8 8438.71 4596.85 4312.31 8415.38 14599.6 20991.7 24073.6 20648.8 13242.6 6671.26 3241.59 4783.86 7930.3 12727.9 17226.5 21929.7 23866.6 22391.5 17139.3 11075.5 9349.24 13742.3 21658.9 30631.6 32911.4 29771.2 24899.8 18625.7 14599.6 12505.6 9982.35 7372.66 3818.53 0 
0 0 0 0 0 0 723.121 1822.65 3173.93 3818.53 3173.93 2545.77 1982.35 1514.97 1982.35 1982.35 1514.97 1982.35 2545.77 3173.93 3818.53 3173.93 1822.65 723.121 0 0 0 0 415.256 0 0 0 723.121 1982.35 5856.08 12040.3 19492.8 23259.3 21041.3 13857.3 6415.52 3241.59 4996.58 8700.98 11191.2 10523.6 8170.52 8506.36 9993.17 13697.6 15009.7 11874.9 6819.23 3428.6 2518.47 7086.52 13297.8 19892.2 22644.7 19874.9 12905.4 6216.14 1514.97 2397.61 5571.54 11570.1 18317.2 23805.1 25002.9 23542.6 18353.3 13287.1 9780.44 11992 17725 24609.3 29266.4 30723.1 29900.3 25549 20235.1 15549.5 11082.7 7349.7 3897.06 0 
0 0 0 0 0 0 0 723.121 1259.23 1514.97 1982.35 2545.77 3173.93 4541.65 4996.58 4996.58 4541.65 4433.17 4996.58 6250.17 6649.54 5527.05 3173.93 1259.23 0 0 723.121 1259.23 1514.97 1259.23 723.121 723.121 1822.65 4848.42 9230.56 15788.4 21941 24416.6 20634.5 13248.3 6298.64 4220.45 6992.47 12176.6 15908.8 15350.5 12519.5 11406.1 11246.8 13134.1 13242.3 9960.22 5719.7 2812.86 1514.97 4541.65 10454.5 15607.1 17510.1 15624.4 10847 6135.15 4916.07 5012.3 8575.09 15770.5 23159.3 28015.9 29726.5 26847.4 21929.7 16141.3 10683.3 10499.6 12386.6 18025.2 22808.8 26563.8 28108.3 26848.2 22169.8 16883.6 10860.6 6347.87 3081.88 0 
0 0 0 0 0 0 0 0 0 0 1259.23 3173.93 5527.05 7908.77 8700.98 8700.98 8324.03 7042.02 6992.47 7908.77 8000 6649.54 3818.53 1514.97 0 723.121 1822.65 3173.93 3818.53 3173.93 1822.65 1982.35 3589.19 7042.02 11727.3 17332.9 21857.3 22859.6 18769.3 12198.3 5571.54 4033.44 6992.47 12591.8 16164.5 15995.1 14057.3 12289.2 11191.2 11727.3 11029.9 8631.89 5800.89 3445.2 2518.47 3897.06 7388.54 9731.42 10939.1 10074.3 9053.34 8186.95 8893.64 11212.7 16088.6 22112.9 30032.3 34163.5 33980.8 29818.9 24603.2 17987.2 12637.4 8978.8 8585.96 11601.8 15941.3 20368.6 23498 22343 19718.9 15138.6 9423.74 5077.76 2238.09 0 
0 0 0 0 0 0 0 0 0 415.256 1514.97 3818.53 7064.8 9514.97 10883.3 10468.1 9514.97 7908.77 6992.47 7042.02 6649.54 5527.05 3173.93 1259.23 0 1259.23 3173.93 5527.05 6649.54 5527.05 3589.19 2774.2 3818.53 7908.77 12312.3 15514.2 17460.5 17510.1 14347.9 9731.42 4541.65 3497.32 4996.58 8700.98 11727.3 11874.9 10523.6 9891.13 9116.24 8700.98 8631.89 8072.82 7607.1 7007.99 5879.41 5627.65 5412.03 5800.89 6415.52 6511.55 8768.63 11805.8 14228 18056 22773.5 28183 34930.2 37652.7 35998.1 31605.4 24119.2 16609.8 11219.4 8330.22 8460.77 9679.48 12774.2 14887.7 16722.3 16160.5 13965.8 9987.16 6250.17 3173.93 1259.23 0 
0 0 0 0 0 0 0 0 0 0 1259.23 3173.93 6250.17 9168.01 10216 9960.22 8631.89 6250.17 4996.58 4433.17 3818.53 3173.93 1822.65 723.121 415.256 1514.97 3818.53 6649.54 8000 6649.54 3818.53 2774.2 3173.93 6250.17 8472.19 10683.3 11425.6 11475.2 9731.42 6973.29 3173.93 1982.35 2545.77 4433.17 6056.62 6255.82 6442.82 6939.26 6511.55 6255.82 7247.13 8893.64 11782.9 13429.3 11782.9 9616.76 7060.12 5104.16 4596.85 5680.03 8579.77 13333.5 17532.9 21657.5 26118.2 31406.6 36481.8 38382 35630.7 29274.8 20784.6 13395.6 8026.53 6364.3 7372.66 9259.23 9823.47 10068.7 10146.9 8864.67 7607.1 5800.89 3173.93 1822.65 723.121 0 
0 0 0 0 0 0 0 0 0 0 723.121 2545.77 4996.58 7715.59 8815.11 8170.52 6364.3 3897.06 2545.77 1982.35 1514.97 1259.23 723.121 0 0 1259.23 3173.93 5527.05 6649.54 5527.05 3173.93 1982.35 1822.65 3173.93 4541.65 5156.29 5160.27 5156.29 4541.65 3173.93 1822.65 723.121 723.121 1259.23 1514.97 3428.6 5064.23 6203.88 7060.12 6294.66 6834.94 10797.5 16073.6 19727.3 18524.5 14342.2 10146.9 5527.05 4433.17 4433.17 6786.28 11082.7 14643.3 18124.7 21687.5 26033.9 31748.4 33383.2 31367.4 25908 16631.5 9030.02 5223.94 3897.06 5527.05 7372.66 7349.7 6347.87 5077.76 3897.06 3081.88 2238.09 1259.23 723.121 0 0 
0 0 0 0 0 0 0 0 0 0 0 1982.35 4433.17 7042.02 8631.89 7509.4 4688.91 2518.47 723.121 0 0 0 0 0 0 723.121 1822.65 3173.93 3818.53 3173.93 1822.65 723.121 723.121 1259.23 1514.97 1259.23 1446.24 1259.23 1514.97 1259.23 723.121 0 0 0 723.121 3081.88 6347.87 9345.58 9823.47 7764.95 7930.49 11425.6 18118.9 22814.1 21522.2 16815.9 12033.4 6649.54 4541.65 3337.62 3897.06 6364.3 8170.52 10797.5 13850.5 17035.2 21988.7 24888.8 24871.5 20922.6 13242.6 6511.55 2705.47 1822.65 3173.93 3818.53 3897.06 3081.88 2238.09 1259.23 723.121 0 0 0 0 0 
0 0 0 0 0 0 0 0 0 0 415.256 1514.97 3818.53 6649.54 8000 6649.54 3818.53 1514.97 0 0 0 0 0 0 0 0 723.121 1259.23 1514.97 1259.23 723.121 0 0 0 0 0 0 0 0 0 0 0 0 0 1674.49 4688.91 9345.58 13299.1 13527 10238.7 8575.09 10330.1 15350.5 19727.3 18524.5 14342.2 10146.9 5527.05 3173.93 1982.35 1259.23 2238.09 3241.59 4220.45 5319.97 8813.13 12004.8 16016.8 18363.3 16488.3 11082.7 5800.89 1514.97 723.121 1259.23 1514.97 1259.23 723.121 0 0 0 0 0 0 0 0 
0 0 0 0 0 0 0 0 0 0 0 1259.23 3173.93 5527.05 6649.54 5527.05 3173.93 1259.23 0 0 0 0 0 0 0 0 0 0 0 0 0 0 0 0 0 0 0 0 0 0 0 0 0 415.256 1514.97 5077.76 9823.47 13527 13299.1 9345.58 6671.26 6978.94 9960.22 12706.2 11782.9 8893.64 5800.89 3173.93 1822.65 723.121 0 0 0 0 723.121 1982.35 4596.85 7607.1 10068.7 9823.47 7349.7 3897.06 1259.23 0 0 0 0 0 0 0 0 0 0 0 0 0 
0 0 0 0 0 0 0 0 0 0 0 723.121 1822.65 3173.93 3818.53 3173.93 1822.65 723.121 0 0 0 0 0 0 0 0 0 0 0 0 0 0 0 0 0 0 0 0 0 0 0 0 0 0 1259.23 3897.06 7349.7 9823.47 9345.58 6347.87 3805 3268.89 4433.17 5333.5 5156.29 3805 2238.09 1259.23 723.121 0 0 0 0 0 0 0 1446.24 3081.88 4688.91 5077.76 3897.06 1822.65 723.121 0 0 0 0 0 0 0 0 0 0 0 0 0 
0 0 0 0 0 0 0 0 0 0 0 0 723.121 1259.23 1514.97 1259.23 723.121 0 0 0 0 0 0 0 0 0 0 0 0 0 0 0 0 0 0 0 0 0 0 0 0 0 0 0 723.121 1822.65 3897.06 5077.76 4688.91 3081.88 1446.24 723.121 1259.23 1514.97 1259.23 723.121 0 0 0 0 0 0 0 0 0 0 0 723.121 1259.23 1514.97 1259.23 723.121 0 0 0 0 0 0 0 0 0 0 0 0 0 0 
0 0 0 0 0 0 0 0 0 0 0 0 0 0 0 0 0 0 0 0 0 0 0 0 0 0 0 0 0 0 0 0 0 0 0 0 0 0 0 0 0 0 0 0 0 0 0 0 0 0 0 0 0 0 0 0 0 0 0 0 0 0 0 0 0 0 0 0 0 0 0 0 0 0 0 0 0 0 0 0 0 0 0 0 0 0 
