0 0 0 0 0 0 0 0 0 0 0 0 0 0 0 0 0 0 0 415.256 0 0 0 0 0 0 0 0 0 0 0 0 0 0 0 0 0 0 0 0 0 0 0 0 0 0 0 0 0 0 0 0 0 0 0 0 0 0 0 0 0 0 0 0 0 0 0 0 0 1446.24 2518.47 3029.94 2518.47 1446.24 0 0 0 0 0 0 0 0 0 0 0 0 
0 0 0 0 0 0 0 0 0 0 0 0 0 0 0 0 0 723.121 1259.23 1514.97 1259.23 723.121 0 0 0 0 0 0 0 0 0 0 0 0 0 0 0 0 0 0 0 0 0 0 0 0 0 0 0 0 0 0 0 0 0 0 0 0 0 0 0 0 0 0 0 0 0 0 1446.24 3645.3 6347.87 7637.06 6347.87 3645.3 1446.24 0 0 0 0 0 0 0 0 0 0 0 
0 0 0 0 0 0 0 0 0 0 0 0 0 0 0 0 723.121 1822.65 3173.93 3818.53 3173.93 2237.9 723.121 0 0 0 0 415.256 0 0 0 0 0 0 0 0 0 0 0 0 0 0 0 0 0 0 0 0 0 0 0 0 0 0 0 0 0 0 0 0 0 0 0 0 0 0 0 0 2518.47 6347.87 11054.1 13299.1 11054.1 6347.87 2518.47 0 0 0 0 0 0 0 0 0 0 0 
0 0 0 0 0 0 0 0 0 0 0 0 0 0 415.256 0 1259.23 3173.93 5527.05 7372.66 6786.28 4688.91 2518.47 723.121 0 723.121 1259.23 1514.97 1259.23 723.121 0 0 0 415.256 0 0 0 0 0 0 0 0 0 0 0 415.256 0 0 0 0 0 0 0 0 0 0 0 0 0 0 0 0 0 0 0 0 0 830.511 3029.94 7637.06 13299.1 16000 13299.1 7637.06 3029.94 0 0 0 0 0 0 0 0 0 0 0 
0 0 0 415.256 0 0 0 0 0 0 0 0 723.121 1259.23 1514.97 1674.49 2238.09 3818.53 7372.66 9822.65 9823.47 7637.06 4688.91 1822.65 1446.24 1822.65 3173.93 3818.53 3173.93 1822.65 723.121 723.121 1259.23 1514.97 1259.23 723.121 0 0 0 415.256 0 0 0 723.121 1259.23 1514.97 1259.23 1138.38 0 0 0 0 415.256 0 0 0 0 0 0 0 0 0 0 0 0 0 0 0 2518.47 6347.87 11054.1 13299.1 11054.1 6347.87 2518.47 0 0 0 0 0 0 415.256 0 0 0 0 
0 723.121 1259.23 1514.97 1259.23 723.121 0 415.256 0 0 0 723.121 1822.65 3173.93 3818.53 3173.93 3081.88 3897.06 6786.28 9823.47 11054.1 9823.47 6786.28 3173.93 2518.47 3173.93 5527.05 6649.54 5527.05 3173.93 1982.35 1822.65 3173.93 3818.53 3173.93 1822.65 723.121 723.121 1259.23 1514.97 1259.23 723.121 723.121 1822.65 3173.93 4541.65 4433.17 3337.62 1982.35 723.121 723.121 1259.23 1514.97 1259.23 723.121 0 0 0 0 0 0 0 0 0 0 0 0 0 1446.24 3645.3 6347.87 7637.06 6347.87 3645.3 1446.24 0 0 0 0 723.121 1259.23 1514.97 1259.23 723.121 0 0 
723.121 1822.65 3173.93 3818.53 3173.93 2545.77 1982.35 1514.97 1259.23 1138.38 0 1259.23 3173.93 5527.05 6649.54 5527.05 3897.06 3497.14 4688.91 7637.06 9823.47 9822.65 7372.66 4233.79 3029.94 3818.53 6649.54 8415.26 6649.54 3818.53 2774.2 3589.19 5527.05 6649.54 5527.05 3173.93 1982.35 1822.65 3173.93 3818.53 3173.93 1822.65 1982.35 3173.93 6250.17 8472.19 8700.98 6992.47 4433.17 2545.77 2545.77 3173.93 3818.53 3173.93 1822.65 723.121 830.511 415.256 415.256 0 0 0 0 0 0 0 0 0 0 1446.24 2518.47 3029.94 2518.47 1446.24 0 0 0 0 723.121 1822.65 3173.93 3818.53 3173.93 1822.65 723.121 0 
1259.23 3173.93 5527.05 6649.54 6250.17 4996.58 4433.17 4541.65 4433.17 3337.62 2397.61 2238.09 3818.53 6649.54 8000 6649.54 3818.53 2238.09 2518.47 4688.91 6786.28 7372.66 5527.05 3173.93 2518.47 3897.06 6786.28 8164.51 6786.28 5035.43 4033.44 5333.5 7908.77 8723.12 6649.54 3818.53 2774.2 3173.93 5527.05 7064.8 5527.05 3589.19 2774.2 3818.53 7908.77 11173.9 12176.6 10468.1 7042.02 4433.17 4433.17 5942.3 6649.54 5527.05 4620.18 4500.82 5012.3 5292.67 4220.45 1982.35 723.121 0 0 0 0 0 0 0 0 0 0 0 0 0 0 0 0 0 1259.23 3173.93 5527.05 6649.54 5527.05 3173.93 1259.23 0 
1514.97 3818.53 6649.54 8000 7908.77 6992.47 7765.14 8472.19 8700.98 6992.47 4433.17 3081.88 3897.06 5527.05 6649.54 5527.05 3173.93 1259.23 723.121 1822.65 3173.93 3818.53 3589.19 1822.65 2169.36 3645.3 6347.87 7637.06 7070.99 5467.94 5879.41 6992.47 8700.98 8472.19 6250.17 3589.19 2774.2 4541.65 7908.77 9514.97 7908.77 4541.65 2774.2 3589.19 7042.02 10468.1 12176.6 11173.9 8324.03 6056.62 6592.74 8164.51 9259.23 8818.9 8186.95 10408.6 12633.6 13340.3 10637.8 6442.82 2545.77 723.121 0 0 0 0 0 0 0 0 0 415.256 0 0 0 0 0 415.256 1514.97 3818.53 6649.54 8000 6649.54 3818.53 1514.97 0 
1259.23 3173.93 5527.05 7064.8 7042.02 6992.47 9168.01 11173.9 12176.6 10468.1 7042.02 3897.06 3081.88 3173.93 3818.53 3173.93 1822.65 723.121 0 723.121 1982.35 2774.2 2774.2 2397.61 1982.35 3897.06 6786.28 8164.51 8045.51 7070.99 7509.4 8887.44 8700.98 6992.47 4433.17 1822.65 2705.47 4996.58 8700.98 10468.1 8700.98 4996.58 2705.47 1822.65 4433.17 6992.47 8700.98 8472.19 6973.29 6255.82 7607.1 9345.58 9823.47 9868.16 11504.2 16746.5 22000.1 23230.7 18524.5 11219.4 4433.17 1259.23 0 0 0 0 0 0 0 723.121 1259.23 1514.97 1259.23 723.121 0 0 0 0 1259.23 3173.93 5527.05 6649.54 5527.05 3173.93 1259.23 0 
723.121 1822.65 3173.93 3818.53 4433.17 5411.84 7765.14 10468.1 12176.6 11173.9 7908.77 3818.53 2238.09 1259.23 1514.97 1259.23 723.121 0 0 723.121 1822.65 3897.06 5077.76 5519.42 4596.85 5264.77 6649.54 8415.26 8164.51 8360.18 9423.74 10238.1 9168.01 6056.62 2774.2 723.121 1982.35 4996.58 8700.98 10883.3 8700.98 5411.84 1982.35 723.121 1982.35 3337.62 4433.17 4541.65 4433.17 5719.7 8072.82 9823.47 10176.1 9793.07 13064.4 19355.7 26468.1 27948.6 22286.6 13498 5333.5 1514.97 0 0 0 0 0 0 723.121 1822.65 3173.93 3818.53 3589.19 2237.9 723.121 0 0 415.256 723.121 1822.65 3173.93 3818.53 3173.93 1822.65 723.121 0 
0 723.121 1259.23 1514.97 1982.35 2545.77 4433.17 6992.47 8700.98 8472.19 6250.17 3173.93 1259.23 0 0 415.256 0 0 0 1674.49 3897.06 8072.82 11082.7 10860.6 8866.34 6978.94 6250.17 6649.54 7509.4 8170.52 9960.22 10468.1 8700.98 4996.58 1982.35 415.256 1514.97 5264.77 9168.01 11753.1 10427.2 6779.74 2774.2 723.121 0 723.121 1259.23 1930.23 2774.2 4541.65 7372.66 9259.23 8887.63 8855.46 11360.2 16746.5 22723.2 23230.7 18524.5 11219.4 4433.17 1259.23 0 0 0 0 0 0 1259.23 3173.93 6250.17 8631.89 8301.25 5948.14 3241.59 1446.24 1259.23 1514.97 1259.23 1446.24 1259.23 1514.97 1259.23 723.121 0 0 
0 0 0 0 0 723.121 1982.35 3337.62 4433.17 4541.65 3173.93 1822.65 723.121 723.121 1259.23 1930.23 1259.23 1446.24 1674.49 3029.94 7060.12 12369.2 16701 17117.6 13657.9 8334.2 5156.29 3818.53 5156.29 6819.23 9424.1 10468.1 8700.98 4996.58 2397.61 0 1982.35 5411.84 9424.1 12290.7 11874.9 8815.11 5156.29 1822.65 723.121 0 0 415.256 1259.23 3173.93 5527.05 7372.66 7349.7 7794.11 9446.18 12067.6 14456.3 14063.5 10637.8 6442.82 2545.77 723.121 415.256 0 0 0 0 415.256 1514.97 4541.65 9195.31 12996.6 13642 10811 7234.67 4368.42 3897.06 3818.53 3173.93 1822.65 723.121 0 0 0 0 0 
0 0 0 0 0 0 0 723.121 1259.23 1514.97 1259.23 723.121 723.121 2545.77 4433.17 5333.5 5156.29 4368.42 3897.06 5493.02 9122.07 14342.2 20272.4 21435.8 16865.5 10234.1 4756.56 1930.23 2774.2 5264.77 7908.77 9514.97 8631.89 5800.89 3029.94 1982.35 3964.71 6511.55 11219.4 14365.1 14228 11646.1 7509.4 3173.93 1259.23 723.121 1259.23 1930.23 1982.35 2545.77 3173.93 5077.76 6347.87 7764.95 8818.9 8768.63 8186.23 6551.9 4220.45 1982.35 1446.24 1259.23 1514.97 1259.23 723.121 0 0 0 1259.23 4433.17 9960.22 15350.5 17703.6 15350.5 11219.4 7607.1 6786.28 6649.54 5527.05 3173.93 1259.23 0 0 0 0 0 
0 0 0 0 0 0 0 0 0 0 0 0 1982.35 4996.58 8700.98 10468.1 9960.22 8170.52 7509.4 7787.92 10123.9 14063.5 19077 20997.4 17817.8 10889.5 4596.85 723.121 1259.23 3173.93 5527.05 7372.66 7349.7 6347.87 5800.89 5411.84 6511.55 9498.56 12597.7 15156.2 15281.4 12541.7 8164.51 3818.53 2238.09 2545.77 4433.17 5333.5 4433.17 3268.89 2397.61 3753.06 6337 8887.63 9674.49 7372.66 3818.53 1514.97 0 723.121 1822.65 3173.93 3818.53 3173.93 1822.65 723.121 0 0 1138.38 3752.88 8507.44 14286.6 18238.7 16887.4 12706.2 9152.03 8164.51 8000 6649.54 3818.53 1514.97 0 0 0 0 0 
0 0 0 0 0 0 0 0 0 0 0 415.256 2774.2 6992.47 12176.6 15064.8 13691.6 10811 9423.74 8000 9355.01 11333.6 14904.9 17254.4 16073.6 10523.6 5156.29 1259.23 723.121 1822.65 3173.93 5077.76 6347.87 7349.7 8631.89 8700.98 9960.22 11082.7 12313.3 12997.4 12313.3 9823.47 6786.28 3173.93 3241.59 4996.58 8700.98 10468.1 8700.98 4996.58 2705.47 3081.88 7070.99 10604.8 11338.4 8608.93 4620.18 1259.23 0 1259.23 3173.93 5527.05 6649.54 5527.05 3173.93 1259.23 0 0 0 1982.35 6415.52 11890.4 14950.8 14158.9 10683.3 7607.1 6786.28 6649.54 5527.05 3173.93 1259.23 0 0 0 0 0 
0 0 0 0 0 0 0 0 0 0 0 415.256 2774.2 6992.47 12176.6 14649.5 13435.8 10166.4 8301.25 6649.54 6665.42 7234.67 9510.93 11983 12433.2 9195.31 4541.65 1514.97 0 723.121 1674.49 3029.94 5077.76 7787.92 9514.97 10468.1 11191.2 11337.6 10546.6 9459.71 7862.84 5641.18 3897.06 2237.9 3497.32 6992.47 12176.6 14649.5 12176.6 6992.47 4033.44 4620.18 9172.34 12997.4 13164.1 9521.8 4904.53 1446.24 415.256 1514.97 3818.53 6649.54 8000 6649.54 3818.53 1514.97 0 0 0 2169.36 5627.65 9685.49 12070.2 10889.5 7542.35 5091.54 3897.06 3818.53 3173.93 1822.65 723.121 0 0 0 0 0 
0 0 0 0 0 0 0 0 0 0 0 0 1982.35 4996.58 8700.98 10468.1 9424.1 6819.23 5156.29 3818.53 3173.93 3805 5156.29 7042.02 7908.77 6250.17 3173.93 1259.23 0 0 0 1259.23 3173.93 5527.05 7908.77 8700.98 8700.98 8631.89 6786.28 5412.03 3777.7 2238.09 1259.23 1138.38 2774.2 6992.47 12176.6 14649.5 12176.6 7407.72 4289.18 5077.76 10546.6 14786.3 14814.1 10604.8 5412.03 1259.23 0 1259.23 3173.93 5527.05 6649.54 5527.05 3173.93 1259.23 0 0 1138.38 3081.88 7070.99 11327.9 12597.7 10123.9 5879.41 2705.47 1259.23 1514.97 1259.23 723.121 0 0 0 0 0 0 
0 0 0 0 0 0 0 0 0 0 0 0 723.121 2545.77 4433.17 5333.5 4433.17 3268.89 1982.35 1930.23 1259.23 1446.24 1822.65 3173.93 3818.53 3173.93 1822.65 723.121 0 0 0 723.121 1822.65 3173.93 4541.65 5411.84 4996.58 4541.65 3589.19 1822.65 723.121 0 415.256 0 1982.35 4996.58 8700.98 10468.1 8700.98 4996.58 3656.84 4688.91 9345.58 13299.1 13527 9823.47 5077.76 1514.97 0 723.121 1822.65 3173.93 3818.53 3173.93 1822.65 723.121 723.121 1259.23 3189.46 5948.14 10068.7 13299.1 13527 9823.47 5077.76 1514.97 0 0 0 0 0 0 0 0 0 0 
0 0 0 0 0 0 0 0 0 0 0 0 0 723.121 1259.23 1514.97 1259.23 1446.24 1259.23 1514.97 1259.23 723.121 723.121 1259.23 1514.97 1259.23 723.121 0 0 0 0 0 723.121 1982.35 2774.2 3497.32 3964.71 3497.32 2774.2 2397.61 1446.24 1259.23 1514.97 1259.23 1446.24 2545.77 4433.17 5333.5 4433.17 2545.77 1446.24 3081.88 6347.87 9345.58 9823.47 7349.7 3897.06 1259.23 0 0 723.121 1674.49 1514.97 1259.23 723.121 723.121 1822.65 3589.19 5333.5 8251.7 11646.1 14250.2 13299.1 9345.58 4688.91 1259.23 0 0 0 0 0 0 0 0 0 0 
0 0 0 0 0 0 0 0 0 0 0 0 0 0 0 0 723.121 1822.65 3173.93 3818.53 3173.93 1822.65 723.121 0 0 0 0 0 0 0 0 0 723.121 1822.65 3173.93 4541.65 4996.58 5719.7 5800.89 5412.03 4904.53 4620.18 3818.53 3173.93 1822.65 1446.24 1259.23 1514.97 1259.23 723.121 0 1446.24 3081.88 4688.91 5077.76 3897.06 1822.65 723.121 0 723.121 1259.23 1514.97 1259.23 723.121 0 1259.23 3173.93 5527.05 7908.77 9424.1 10523.6 11082.7 9345.58 6347.87 3081.88 723.121 0 0 0 0 0 0 0 0 0 0 
0 0 0 0 0 0 0 0 0 0 0 0 0 0 0 0 1259.23 3173.93 5527.05 6649.54 5527.05 3173.93 1259.23 0 0 0 0 0 0 0 0 0 1259.23 3173.93 5527.05 7908.77 9424.1 10523.6 11082.7 10604.8 9521.8 8608.93 7372.66 5527.05 3173.93 1259.23 0 0 0 0 0 0 723.121 1259.23 1514.97 1259.23 723.121 0 723.121 1822.65 3173.93 3818.53 3173.93 1822.65 1138.38 1514.97 3818.53 6649.54 8723.12 8472.19 7715.59 6592.74 4688.91 3081.88 1446.24 0 0 0 0 0 0 0 0 0 0 0 
0 0 0 0 0 0 0 0 0 0 0 0 0 0 0 415.256 1514.97 3818.53 6649.54 8000 6649.54 3818.53 1514.97 0 0 0 0 0 0 0 0 415.256 1514.97 3818.53 7064.8 9514.97 11727.3 13642 15457.3 14814.1 13164.1 11338.4 9259.23 6649.54 3818.53 1514.97 0 0 0 0 0 0 0 0 0 0 0 0 1259.23 3173.93 5527.05 6649.54 5527.05 3173.93 1259.23 1259.23 3173.93 5527.05 6649.54 6250.17 4433.17 2774.2 1259.23 723.121 0 0 0 0 0 0 0 0 0 0 0 0 
0 0 0 0 0 0 0 0 0 0 0 0 0 0 0 0 1259.23 3173.93 5527.05 6649.54 5527.05 3173.93 1259.23 0 0 0 0 0 0 0 0 0 1259.23 3173.93 5527.05 8324.03 10216 12519.5 14558.3 14786.3 12997.4 10604.8 8164.51 5527.05 3173.93 1259.23 0 0 0 0 0 0 0 0 0 0 0 415.256 1514.97 3818.53 6649.54 8000 6649.54 3818.53 1514.97 723.121 1822.65 3173.93 3818.53 3173.93 1822.65 723.121 0 0 0 0 0 0 0 0 0 0 0 0 0 0 
0 0 0 0 0 0 0 0 0 0 0 0 0 0 0 0 723.121 1822.65 3173.93 3818.53 3173.93 1822.65 723.121 0 0 0 0 0 0 0 0 0 723.121 1822.65 3173.93 4541.65 6255.82 8170.52 10068.7 10546.6 9172.34 7070.99 5077.76 3173.93 1822.65 723.121 0 0 0 0 0 0 0 0 0 0 0 0 1259.23 3173.93 5527.05 6649.54 5527.05 3173.93 1259.23 0 723.121 1259.23 1514.97 1259.23 723.121 0 0 0 0 0 0 0 0 0 0 0 0 0 0 0 
0 0 0 0 0 0 0 0 0 0 0 0 0 0 0 0 0 723.121 1259.23 1514.97 1259.23 723.121 0 0 0 0 0 0 0 0 0 0 0 723.121 1259.23 1514.97 2705.47 3805 4688.91 5077.76 4620.18 3081.88 2238.09 1259.23 723.121 0 0 0 0 0 0 0 0 0 0 0 0 0 723.121 1822.65 3173.93 3818.53 3173.93 1822.65 723.121 0 0 0 0 0 0 0 0 0 0 0 0 0 0 0 0 0 0 0 0 0 
0 0 0 0 0 0 0 0 0 0 0 0 0 0 0 0 0 0 0 0 0 0 0 0 0 0 0 0 0 0 0 0 0 0 0 0 0 0 0 0 0 0 0 0 0 0 0 0 0 0 0 0 0 0 0 0 0 0 0 0 0 0 0 0 0 0 0 0 0 0 0 0 0 0 0 0 0 0 0 0 0 0 0 0 0 0 
