0 0 0 0 0 0 0 0 0 415.256 0 0 0 0 0 0 0 0 0 0 0 0 0 0 0 723.121 1259.23 1514.97 1259.23 723.121 0 0 0 0 0 0 0 723.121 1259.23 1514.97 1259.23 723.121 0 0 0 0 723.121 1259.23 1514.97 1259.23 723.121 0 0 0 0 415.256 0 0 0 0 0 0 0 0 0 0 0 0 0 0 0 0 0 0 0 0 0 0 0 0 0 0 0 0 0 0 
0 0 0 0 0 0 0 723.121 1259.23 1514.97 1259.23 723.121 0 0 0 0 0 0 0 0 0 0 0 0 723.121 1822.65 3173.93 3818.53 3173.93 1822.65 723.121 0 0 0 0 0 723.121 1822.65 3173.93 3818.53 3173.93 2237.9 723.121 0 0 723.121 1822.65 3173.93 3818.53 3173.93 1822.65 723.121 0 723.121 1259.23 1514.97 1259.23 723.121 0 415.256 0 0 415.256 0 0 0 0 0 0 0 0 0 0 0 0 0 0 0 0 0 0 0 0 0 0 0 
0 0 0 0 0 0 723.121 1822.65 3173.93 3818.53 3173.93 1822.65 723.121 0 0 0 0 0 0 0 0 0 0 0 1259.23 3173.93 5527.05 6649.54 5527.05 3173.93 1259.23 0 0 0 0 0 1259.23 3173.93 5527.05 7372.66 6786.28 4688.91 2518.47 723.121 0 1259.23 3173.93 5527.05 6649.54 5527.05 3173.93 1674.49 723.121 1822.65 3173.93 3818.53 3173.93 2545.77 1982.35 1514.97 1982.35 1982.35 1514.97 1259.23 723.121 0 0 415.256 0 0 0 0 0 0 0 0 0 0 0 0 0 0 0 0 0 0 
0 0 0 0 0 0 1259.23 3173.93 5942.3 6649.54 5527.05 3173.93 1259.23 0 0 0 0 0 0 0 0 415.256 0 415.256 1514.97 3818.53 6649.54 8000 6649.54 3818.53 1514.97 0 0 0 0 415.256 1514.97 3818.53 7372.66 9822.65 9823.47 7637.06 4688.91 1822.65 1138.38 1514.97 3818.53 6649.54 8000 7372.66 5077.76 3445.2 2518.47 3897.06 5527.05 6649.54 6250.17 4996.58 4433.17 4541.65 5411.84 4996.58 4541.65 3173.93 1822.65 1446.24 1259.23 1514.97 1259.23 723.121 0 0 0 0 0 415.256 0 0 0 0 0 0 0 0 0 0 
0 0 0 0 0 415.256 2238.09 5077.76 8164.51 9259.23 7372.66 3818.53 1514.97 0 0 0 0 0 0 723.121 1259.23 1514.97 1259.23 723.121 1259.23 3173.93 5527.05 6649.54 5527.05 3173.93 1259.23 0 0 0 0 0 1259.23 3173.93 6786.28 9823.47 11054.1 9823.47 6786.28 3173.93 1259.23 1259.23 3173.93 5527.05 7372.66 8072.82 7607.1 7007.99 5948.14 6364.3 7372.66 8000 7908.77 6992.47 7765.14 9168.01 10216 9960.22 8631.89 5942.3 3897.06 3081.88 3173.93 4233.79 3173.93 1822.65 723.121 0 0 723.121 1259.23 1514.97 1259.23 1138.38 0 415.256 0 0 415.256 0 0 0 
0 0 0 0 0 723.121 3081.88 6347.87 9345.58 9823.47 7349.7 3897.06 1259.23 0 0 0 0 0 723.121 1822.65 3173.93 3818.53 3173.93 1822.65 1446.24 1822.65 3173.93 3818.53 3173.93 1822.65 723.121 0 0 0 0 0 723.121 2237.9 4688.91 7637.06 9823.47 9822.65 7372.66 3818.53 1514.97 723.121 1822.65 3173.93 5800.89 8170.52 10523.6 11191.2 9960.22 8170.52 7509.4 7064.8 7042.02 7715.59 10146.7 12688.9 14286.6 14365.1 12596.9 8887.63 6337 6135.15 7201.54 8164.51 6786.28 4312.31 1259.23 0 723.121 2237.9 3173.93 4541.65 4433.17 4060.74 3241.59 2238.09 1982.35 1982.35 1514.97 1259.23 723.121 0 
0 0 0 0 0 1259.23 3897.06 7349.7 9823.47 9345.58 6347.87 3081.88 723.121 0 0 0 0 0 1259.23 3173.93 5527.05 6649.54 5527.05 3173.93 2089.74 723.121 1259.23 1514.97 1259.23 723.121 0 0 0 0 0 0 0 723.121 2518.47 4688.91 6786.28 7372.66 5527.05 3173.93 1259.23 0 723.121 1674.49 4289.18 8251.7 12899.7 14649.5 12899.7 8815.11 5948.14 3818.53 4433.17 6255.82 9424.1 13435.8 16073.6 16050.7 14256.6 11020.1 9309.08 9982.29 12061.6 13800.9 11805.8 7156.15 3497.32 1446.24 2518.47 4688.91 7509.4 9195.31 9424.1 8815.11 8022.36 6364.3 5719.7 4996.58 4541.65 3173.93 1822.65 0 
0 0 0 0 415.256 1514.97 3818.53 7372.66 9259.23 8164.51 5077.76 2238.09 0 0 0 0 0 415.256 1514.97 3818.53 6649.54 8000 8095.78 6337 4544.91 2518.47 1446.24 0 0 0 0 0 415.256 0 0 0 0 0 723.121 1822.65 3173.93 3818.53 3173.93 1822.65 723.121 0 415.256 415.256 2774.2 6992.47 12176.6 14649.5 12591.8 7715.59 4033.44 1514.97 2397.61 4060.74 6992.47 11191.2 14255.8 14820.1 13887.2 12061.6 11690.8 13418.9 16855 18295.7 16050.7 10889.5 6415.52 4060.55 5412.03 7637.06 11082.7 12996.6 14882.1 14901.2 14084 12341.9 11098.6 8700.98 7908.77 5527.05 3173.93 0 
0 0 0 0 0 1259.23 3173.93 5527.05 6649.54 5527.05 3173.93 1259.23 0 0 0 0 0 0 1259.23 3173.93 5527.05 8095.78 9172.34 9521.8 8896.3 6347.87 3645.3 1446.24 0 0 723.121 1259.23 1514.97 1259.23 1138.38 0 0 0 0 723.121 1259.23 1514.97 1259.23 723.121 1138.38 1259.23 1514.97 1259.23 2705.47 4996.58 9424.1 11727.3 10216 6255.82 2705.47 0 0 1982.35 4433.17 7872.53 10146.9 11327.9 11338.4 12193 12784.7 14986.8 19247.2 20519.5 18524.5 13550 9024.37 6347.87 8045.51 10238.7 12569.1 14780.4 16773.4 18166.4 19515.2 17766.7 15320.7 12450.4 10238.1 6649.54 3818.53 0 
0 0 0 0 0 723.121 1822.65 3173.93 3818.53 3173.93 1822.65 723.121 0 0 0 0 0 0 723.121 1822.65 3173.93 6337 9521.8 12876.7 14022.2 11054.1 6347.87 2518.47 0 723.121 1822.65 3173.93 4541.65 4433.17 3337.62 1982.35 723.121 0 0 0 0 0 723.121 1982.35 3337.62 4433.17 4541.65 3173.93 2545.77 3992.01 6671.07 8507.44 8251.7 5719.7 2545.77 723.121 0 1446.24 3081.88 4688.91 6337 7070.99 7764.95 8887.63 10604.8 14135.8 17975.7 18632.6 17254.4 13827.3 9423.74 7637.06 8887.63 9822.65 11082.7 12485.5 14649.1 17896.3 20249.4 19783.7 17367.9 13134.1 9731.42 6250.17 3173.93 0 
0 0 0 0 0 0 723.121 1259.23 1514.97 1259.23 723.121 0 0 0 0 0 0 0 0 723.121 2089.74 4544.91 8896.3 14022.2 16000 13299.1 7637.06 3029.94 415.256 1259.23 3173.93 6250.17 8472.19 8700.98 6992.47 4433.17 1822.65 723.121 0 0 0 723.121 1822.65 4433.17 6992.47 8700.98 8472.19 6250.17 3897.06 4500.82 6363.39 8301.25 8631.89 6250.17 3173.93 1259.23 723.121 1822.65 3897.06 5077.76 5412.03 4904.53 4620.18 5077.76 7794.11 10431.6 13320.8 13778.7 12598 9731.42 7509.4 6347.87 6786.28 8095.78 9183.89 9541.5 11493.3 14996.2 18244.9 19800.1 17702.7 13297.8 8438.71 4433.17 1822.65 0 
0 0 0 0 0 0 0 0 0 0 0 0 0 0 0 0 0 0 0 0 0 2518.47 6347.87 11054.1 13299.1 11054.1 7070.99 3777.7 1930.23 2774.2 4541.65 7908.77 11173.9 12176.6 10468.1 7042.02 3173.93 1259.23 415.256 0 0 1259.23 3589.19 7042.02 10468.1 12176.6 11173.9 8631.89 6779.56 7463.11 9152.03 11082.7 10545.8 7372.66 3818.53 1514.97 1259.23 3173.93 5527.05 6649.54 5527.05 3897.06 2518.47 2961.21 4904.53 7794.11 10034.7 9685.49 8078.46 5987.89 3897.06 3645.3 4620.18 5641.18 6347.87 7623.53 8745.48 11825.9 15532.3 17588.6 16974.8 13065.1 7156.15 3497.32 723.121 0 
0 0 0 0 0 0 0 0 0 0 0 0 0 0 0 0 0 0 0 0 0 1446.24 3645.3 6347.87 7637.06 7070.99 5883.2 4620.18 3818.53 4433.17 5411.84 8180.4 10468.1 12176.6 11173.9 7908.77 4541.65 2774.2 1930.23 1259.23 1138.38 1514.97 3818.53 7908.77 11173.9 12176.6 10468.1 9024.37 8170.52 11219.4 13642 14228 11646.1 7509.4 3173.93 1674.49 1514.97 3818.53 6649.54 8000 6649.54 3818.53 1514.97 1259.23 4620.18 8045.51 9679.48 8768.63 5879.41 2774.2 1259.23 1446.24 2518.47 4688.91 6786.28 8095.78 7349.7 8866.34 11840.9 14228 15121.7 11777.2 6347.87 2518.47 0 0 
0 0 0 0 0 0 0 0 0 0 0 0 0 0 0 0 0 0 0 0 0 0 1446.24 2518.47 3753.06 5036.93 6135.15 6786.28 7372.66 6973.29 6255.82 7207.37 8251.7 9424.1 8472.19 6973.29 5719.7 5692.4 5333.5 4433.17 2545.77 1982.35 3173.93 6250.17 8472.19 8700.98 7822.98 7207.37 8815.11 13622.8 16472.2 15765.8 10811 5948.14 1822.65 723.121 1259.23 3173.93 5527.05 6649.54 5527.05 3173.93 1674.49 2238.09 5641.18 9823.47 12233.8 9823.47 5641.18 2238.09 0 415.256 1514.97 3818.53 6649.54 8000 8511.04 8575.09 10186.1 12341.9 13264.8 9823.47 5641.18 2238.09 0 0 
0 0 0 0 0 0 0 0 0 0 0 0 0 0 0 0 0 0 0 0 0 0 0 723.121 2653.16 4688.91 7637.06 9823.47 10545.8 9195.31 7715.59 7315.86 6511.55 6255.82 5264.77 5156.29 6819.23 9424.1 10468.1 8700.98 4996.58 2705.47 1822.65 3173.93 5264.77 5692.4 5267.85 6015.79 8438.71 12899.7 17047.1 14950.8 9766.67 4756.56 723.121 0 723.121 1822.65 3173.93 3818.53 3173.93 1822.65 723.121 2518.47 7070.99 12313.3 14814.1 12313.3 7070.99 2518.47 0 0 1259.23 3173.93 5527.05 7372.66 7349.7 7607.1 8974.82 9960.22 9987.16 7509.4 3897.06 1259.23 0 0 
0 0 0 0 0 0 0 0 0 0 0 0 0 415.256 0 0 0 0 0 0 0 0 723.121 2518.47 4688.91 8045.51 10546.6 11054.1 11082.7 9960.22 8700.98 7908.77 6250.17 4433.17 3189.46 4033.44 8130.84 12176.6 14649.5 12176.6 6992.47 2774.2 723.121 1982.35 3337.62 4433.17 4541.65 5156.29 8265.47 12506 15157 13778.7 8893.64 4220.26 723.121 0 0 723.121 1259.23 1514.97 1259.23 723.121 415.256 2961.21 7463.83 12997.4 15637.1 12997.4 7463.83 2961.21 0 0 723.121 1822.65 3173.93 5077.76 6347.87 8072.82 9195.31 8700.98 6992.47 4433.17 1822.65 723.121 0 0 
0 0 0 0 0 0 0 0 0 0 0 723.121 1259.23 1514.97 1259.23 723.121 0 0 0 0 0 723.121 2237.9 4688.91 7637.06 10546.6 11645.3 10961.9 9152.03 8507.44 8472.19 8723.12 6649.54 3818.53 2653.35 4033.44 8507.44 13435.8 15372.7 12176.6 6992.47 2774.2 0 1259.23 3173.93 5527.05 7064.8 6973.29 8801.58 12040.3 14679.1 15395 11154.7 6135.15 2518.47 723.121 0 0 0 0 0 0 0 2518.47 7070.99 12313.3 14814.1 12313.3 7070.99 2518.47 0 0 0 723.121 1674.49 3029.94 5077.76 7787.92 8723.12 7908.77 5333.5 2774.2 723.121 0 0 0 
0 0 0 0 0 0 0 0 0 0 723.121 1822.65 3173.93 3818.53 3173.93 1822.65 723.121 0 0 0 0 1259.23 3173.93 6786.28 9823.47 11054.1 10546.6 8045.51 5948.14 5692.4 6250.17 6649.54 5527.05 3897.06 3081.88 5156.29 8815.11 11874.9 12290.7 9424.1 4996.58 1982.35 415.256 1514.97 4541.65 7908.77 9514.97 9583.26 9953.68 12842.9 16796.4 18123.9 14979.8 9619.42 4688.91 1822.65 723.121 0 0 0 0 0 415.256 2653.35 5641.18 9823.47 11818.5 9823.47 5641.18 2238.09 0 0 0 0 0 1982.35 4433.17 7042.02 7908.77 6250.17 3173.93 1259.23 0 0 0 0 
0 0 0 0 0 0 0 0 0 0 1259.23 3173.93 5527.05 6649.54 5527.05 3173.93 1259.23 0 0 0 415.256 1514.97 3818.53 7372.66 9822.65 9823.47 7637.06 4688.91 2545.77 2545.77 3589.19 3818.53 3173.93 3081.88 3897.06 6250.17 9195.31 9960.22 8507.44 5692.4 2545.77 723.121 0 1982.35 4996.58 8700.98 10883.3 10216 10797.5 13628.5 17960.2 20291.5 18046.6 13161.1 7509.4 3173.93 1259.23 0 0 0 0 723.121 1259.23 2774.2 5156.29 7509.4 8164.51 6786.28 3897.06 1259.23 0 0 0 0 1138.38 2545.77 4996.58 6992.47 6992.47 4996.58 2545.77 723.121 0 0 0 0 
0 0 0 0 0 0 0 0 0 415.256 1514.97 3818.53 6649.54 8000 6649.54 3818.53 1514.97 0 0 0 0 1259.23 3173.93 5527.05 7372.66 6786.28 4688.91 2518.47 1446.24 1982.35 2774.2 2774.2 2397.61 2238.09 3818.53 6649.54 8723.12 7908.77 5333.5 2774.2 723.121 0 0 1982.35 4996.58 8700.98 10468.1 9960.22 10152.9 12921.2 16865.5 19813.7 18524.5 14255.8 8631.89 3818.53 1514.97 0 0 0 723.121 1822.65 3173.93 4541.65 4996.58 4996.58 4541.65 3173.93 1822.65 723.121 0 0 1138.38 1259.23 2774.2 4433.17 6973.29 7908.77 7042.02 4433.17 1982.35 0 0 0 0 0 
0 0 0 0 0 0 0 0 0 0 1259.23 3173.93 5527.05 6649.54 5527.05 3173.93 1259.23 0 0 0 0 723.121 1822.65 3173.93 3818.53 3173.93 1822.65 1446.24 1822.65 3173.93 3818.53 3173.93 1822.65 1982.35 3173.93 5527.05 6649.54 5527.05 3173.93 1259.23 0 0 415.256 1514.97 4541.65 7908.77 9514.97 9047.15 7879.27 9230.56 12986.5 15862.8 15258.5 11914.3 7042.02 3173.93 1259.23 0 0 0 1259.23 3173.93 5527.05 6649.54 6250.17 4433.17 2774.2 1259.23 723.121 0 723.121 1982.35 3337.62 4848.42 6056.62 6992.47 8472.19 8723.12 6649.54 3818.53 1514.97 0 0 0 0 0 
0 0 0 0 0 0 0 0 0 0 723.121 1822.65 3173.93 3818.53 3173.93 1822.65 723.121 0 0 0 0 0 723.121 1259.23 1514.97 1259.23 723.121 1259.23 3173.93 5527.05 6649.54 5527.05 3173.93 1982.35 1822.65 3173.93 3818.53 3173.93 1822.65 723.121 0 0 0 1259.23 3173.93 5527.05 6649.54 5527.05 5156.29 5692.4 7765.14 9731.42 9424.1 6992.47 4433.17 1822.65 723.121 0 0 415.256 1514.97 3818.53 6649.54 8000 6649.54 3818.53 1514.97 0 0 723.121 1822.65 4433.17 6992.47 8700.98 9731.42 9424.1 8700.98 7908.77 5527.05 3173.93 1259.23 0 0 0 0 0 
0 0 0 0 0 0 0 0 0 0 0 723.121 1259.23 1514.97 1259.23 723.121 0 0 0 0 0 0 0 0 0 0 415.256 1514.97 3818.53 6649.54 8000 6649.54 3818.53 1514.97 723.121 1259.23 1514.97 1259.23 723.121 0 0 0 0 723.121 1822.65 3173.93 3818.53 3173.93 2545.77 2545.77 3173.93 4541.65 4433.17 3337.62 1982.35 723.121 0 0 0 0 1259.23 3173.93 5527.05 6649.54 5527.05 3173.93 1259.23 0 0 1259.23 3589.19 7042.02 10468.1 12176.6 11897.1 9731.42 6992.47 5333.5 3173.93 1822.65 723.121 0 0 0 0 0 
0 0 0 0 0 0 0 0 0 0 0 0 0 0 0 0 0 0 0 0 0 0 0 0 0 0 0 1259.23 3173.93 5527.05 6649.54 5527.05 3173.93 1259.23 0 0 0 0 0 0 0 0 0 0 723.121 1259.23 1514.97 1259.23 723.121 723.121 1259.23 1514.97 1259.23 723.121 0 0 0 0 0 0 723.121 1822.65 3173.93 3818.53 3173.93 1822.65 723.121 0 415.256 1514.97 3818.53 7908.77 11173.9 12176.6 10468.1 7765.14 4433.17 2774.2 1259.23 723.121 0 0 0 0 0 0 
0 0 0 0 0 0 0 0 0 0 0 0 0 0 0 0 0 0 0 0 0 0 0 0 0 0 0 723.121 1822.65 3173.93 3818.53 3173.93 1822.65 723.121 0 0 0 0 0 0 0 0 0 0 0 0 0 0 0 0 0 0 0 0 0 0 0 0 0 0 0 723.121 1259.23 1514.97 1259.23 723.121 0 0 0 1259.23 3173.93 6250.17 8472.19 8700.98 6992.47 4433.17 1822.65 723.121 0 0 0 0 0 0 0 0 
0 0 0 0 0 0 0 0 0 0 0 0 0 0 0 0 0 0 0 0 0 0 0 0 0 0 0 0 723.121 1259.23 1514.97 1259.23 723.121 0 0 0 0 0 0 0 0 0 0 0 0 0 0 0 0 0 0 0 0 0 0 0 0 0 0 0 0 0 0 0 0 0 0 0 0 723.121 1822.65 3173.93 4541.65 4433.17 3337.62 1982.35 723.121 0 0 0 0 0 0 0 0 0 
0 0 0 0 0 0 0 0 0 0 0 0 0 0 0 0 0 0 0 0 0 0 0 0 0 0 0 0 0 0 0 0 0 0 0 0 0 0 0 0 0 0 0 0 0 0 0 0 0 0 0 0 0 0 0 0 0 0 0 0 0 0 0 0 0 0 0 0 0 0 0 0 0 0 0 0 0 0 0 0 0 0 0 0 0 0 
