0 0 0 0 0 0 0 0 0 0 0 0 0 0 169.41 298.633 419.621 469.999 419.621 298.633 169.41 212.529 605.038 963.544 1164.16 1303.93 1164.16 828.505 469.999 212.529 0 0 0 0 0 0 0 0 0 0 0 0 0 0 0 0 169.41 469.999 1208.79 2302.2 3613.88 4715.78 5149 4715.78 3613.88 2302.2 1343.83 682.528 808.818 1298.5 2203.55 3136.13 3738.66 3712.09 3044.5 2044.73 1039.38 469.999 169.41 0 0 0 0 0 0 0 0 0 0 0 0 0 0 0 0 0 
0 0 0 0 0 0 0 0 0 0 0 0 0 212.529 469.999 828.505 1164.16 1303.93 1164.16 997.915 1107.45 1400.78 1929 2721.82 3292.75 3351.63 2743.91 1832.2 1039.38 469.999 169.41 0 0 0 0 0 0 0 0 0 135.039 0 0 0 0 0 298.633 828.505 2130.84 4058.28 6370.48 8312.9 9076.56 8482.31 6669.12 4477.9 2770.24 1718.12 1935.28 2830.12 4406.7 6113.36 7112.78 6915.33 5577.66 3699.77 2001.61 828.505 298.633 0 0 0 0 0 0 0 0 0 0 0 0 0 0 0 0 0 
0 0 0 0 0 0 0 0 0 0 0 0 169.41 469.999 1039.38 1832.2 2574.5 2883.58 2787.03 2514.73 2636.52 3291.17 4469.71 5697.87 6530.95 6381.63 5220.81 3442.3 1832.2 963.544 298.633 0 0 0 0 0 0 169.41 298.633 419.621 469.999 419.621 298.633 169.41 0 0 419.621 1164.16 2994.12 5702.44 8951.41 11680.8 13101.4 12150.8 9779.92 6866.61 4596.68 3156.83 3499.95 4863.94 7325.31 9621.41 10915.2 10372.3 8209.12 5366.79 2873.13 1164.16 419.621 0 0 0 0 0 0 0 0 0 0 0 0 0 0 0 0 0 
0 0 0 0 0 0 0 0 0 0 0 0 298.633 828.505 1832.2 3229.77 4538.28 5252.54 5312.73 4739.15 5123.41 6399.37 8331.21 9996.36 10783.6 10014.1 8055.7 5476.32 3163.53 1634.16 839.241 298.633 169.41 0 0 0 212.529 469.999 828.505 1164.16 1303.93 1164.16 828.505 469.999 212.529 135.039 469.999 1438.97 3353.58 6556.47 10324.7 13807.2 15225 14542.1 12156.9 9130.97 6656.78 5177.63 5346.7 6881.59 9730.49 12395 13519.4 12538.3 9717 6247.29 3303.2 1438.97 605.038 0 0 0 0 0 0 0 0 0 0 0 0 0 0 0 0 0 
0 0 0 0 0 0 0 0 0 0 0 135.039 419.621 1299.2 2574.5 4707.69 6675.55 7860.75 7974.05 7753.65 8405.11 10405.6 12924.6 14704.5 15045.6 13274.5 10273.2 7038.77 4346.38 2607.86 1769.2 828.505 469.999 212.529 0 169.41 469.999 1039.38 1832.2 2574.5 2883.58 2574.5 1832.2 1039.38 469.999 169.41 419.621 1164.16 3376.06 6471.08 10199.5 13613.6 15305.9 14975.8 13179.1 10845.8 8759.77 7006.37 6952.6 8214.53 10545.5 12836.9 13519.4 12225.6 9429.91 6310.25 3762.75 2053.78 1309.24 718.253 468.043 169.41 0 0 0 0 0 0 0 0 0 0 0 0 0 0 
0 0 0 0 135.039 0 0 0 169.41 298.633 589.031 903.671 1309.24 2207.6 3685.14 5851.76 8140.42 9583.79 10030.2 9985.96 11244.5 14022.7 17075.1 18477.3 17931.5 15144.9 11453.6 8293.09 6002.29 4467.37 3464.12 2251.82 1338.01 639.409 169.41 298.633 963.544 1832.2 3364.81 4538.28 5083.13 4538.28 3229.77 1832.2 828.505 298.633 298.633 1210.44 3070.83 5926.16 9366.85 12611 14288.5 14290.4 13211 11687.1 10332.4 8837.63 8129.66 8411.28 9792.9 11090.5 11084.6 9833.94 7795.31 5692.44 4244.49 3296.6 2901.77 1992.67 1298.5 682.528 212.529 0 135.039 0 0 0 0 0 0 0 0 0 0 0 
0 169.41 298.633 419.621 469.999 419.621 433.672 381.939 469.999 1041.03 1803.57 2431.07 3167.57 3936.01 5098.28 6917.33 8983.56 10534.6 11034.4 11300.3 12884.6 15727.7 18692.8 19705.8 18366.5 15211.9 11897.7 9593.09 8351.51 7495.42 6574.51 4563.35 2660.71 1467.91 944.834 1008.65 1932.8 3413.74 5306.91 6965.94 7576.17 6546.32 4538.28 2574.5 1164.16 419.621 338.82 1238.63 3076.68 5966.61 9553.19 12607.6 14110.6 13969.8 12966.2 11959.4 10975.3 9568.14 8418.31 7887.28 8045.76 8213.83 7752.19 6965.29 5916.08 5701.7 6043.35 6347.7 6097.49 4826.32 3170.22 1983.24 938.041 589.031 469.999 419.621 298.633 169.41 0 0 0 0 0 0 0 0 
212.529 469.999 828.505 1468.61 1602.56 1583.79 1467.91 1359.62 1854.99 2684.14 4083.88 5544.29 6611.79 7146.85 7438.75 8192.68 9446.84 10858.6 11374.6 11676.1 12814.2 15220.3 17518.1 18224.7 17005.4 14374.4 12018.4 11366.6 11875.7 11940.2 10863.4 8171.81 5429.02 3262.57 2535.69 2693.19 3735 5550.73 7514.2 9196.28 9511.03 8032.12 5594.29 3052.99 1303.93 469.999 298.633 1460.65 3466.37 6845.31 10710.7 14012.1 15173.3 14313.6 12712.3 11290.9 10284.1 9311.26 8287.2 7502.81 6783.16 6098.95 5076.68 4733.27 5246.19 6830.48 9235.97 10998.1 11094.7 9230.85 6522.63 4070.7 2587.79 1761.43 1473.34 1164.16 828.505 469.999 212.529 0 0 0 0 0 0 0 
639.409 1338.01 2464.35 3514.5 4131.71 4206.71 4037.85 3451.67 4068.75 5587.31 7921.03 10314.5 11820.5 12086.1 11317.9 10595.8 10702.6 11327.6 11901.2 11900.8 12057.2 13327.3 15074.4 16010.9 15124.8 13715.5 13110.1 14336.7 16450.1 17627.3 16342.9 13053.4 9009 6317.91 5117.16 5496.3 6920.98 8663.49 10295.1 11155 10748.6 8749.87 5836.78 3213.91 1376.69 419.621 554.66 1634.16 4047.84 7720.5 12049.1 15352.3 16044.7 14281.6 11775.1 9882.58 9106.92 8870.2 8877.46 8462.09 7418.61 5770.38 4255.23 4178.84 5566.32 8663.32 12916.8 16306.4 16873 14487.6 10579.1 7121.35 5050.15 3992.03 3353.58 2787.03 1832.2 1039.38 469.999 169.41 0 0 0 0 0 0 
1298.5 2830.12 4863.94 7051 8590.66 8830.9 8301.48 7367.18 7556.02 9202.54 12082.1 15550 17639.7 17659 15868.7 13472.8 12407.2 12423.6 12575.6 12027 11642.7 11892.4 12803.3 13730.8 13899.5 13986.4 14946.7 17837.1 21465.9 23549.6 22235.2 18294.1 13475.2 10252 9208.17 10002.1 11443.6 12987.5 13844.9 13652.7 12025 9243.61 5890.48 3170.22 1298.5 603.082 469.999 1723.55 4047.75 7657.63 11680.8 14546.3 14755 12499.4 9886.21 8087.09 7920.75 8909.09 10152.5 10473.2 9259.2 7086.66 4975.85 4363.86 6075.05 10011.4 15624.8 20150.8 21265 18894.7 14599.5 10735.5 8406.71 7139.11 6122.51 5008.28 3399.18 1832.2 828.505 298.633 0 0 0 0 0 0 
2203.55 4705.33 8153.81 11732.1 14245.3 15086 14266.9 12760.4 12048.6 12847.5 15473.8 19128.8 21600 21704.3 19245.9 16397.9 14398.5 13666.5 13577.4 12796.4 12088.2 11767.9 11929.3 12664 13099.9 14426.5 16740.2 21032.5 26013.4 29058.4 27704 23350.8 18005.4 14705.1 13686.6 14895.8 16344.1 17457.6 17571.3 16362.8 13669.2 10106.9 6361.18 3291.2 1433.54 468.043 419.621 1462.8 3403 6370.48 9606.69 11680.8 11672.6 9851.01 7572.77 6503.84 7437.25 9590.42 11894 12876.7 11761.7 9006.09 6347.7 5308.95 6412.21 10157.3 15921.5 20724.8 22494.1 20941.5 17353.5 13970.8 11824.5 10445.9 8974.7 7205.42 4836.91 2574.5 1164.16 554.66 135.039 0 0 0 0 0 
3136.13 6702.39 11255.6 16138.1 19737.3 21155.9 20590.8 18501 16520.3 15628.5 16911.5 19655.1 22021.4 22569.3 20647.6 17951.7 16231.9 15518.8 15469.1 14769.1 14226.6 13338.8 12856.8 12630.8 12753.2 14467.1 17935.1 23367.3 29297.5 32695.7 31554.7 26884.6 21455.4 18119.7 17154.4 18380.1 19468.1 20323.6 19912.7 18325.6 15132.1 11483.7 7439.35 4353.74 2145.33 1008.65 597.266 1167.33 2302.2 4269.15 6370.48 7657.63 7556.9 6272.31 5211.16 5283.87 7341.53 10494.1 13590.9 15080 14145 11453.6 8374.96 6289.71 6216.46 8774.06 13569.4 17928.1 20330.9 19918.8 17825.9 15570.4 13891.1 12449.4 10574.5 8306.66 5672.16 3351.63 2022.18 1359.62 889.619 718.253 468.043 169.41 0 0 
3873.7 7881.41 13047.6 18654.8 22996.5 25305.5 25032.8 22624.9 19589.6 16904.2 16085.7 17446.2 19339.5 20611.6 20138.3 18881.2 18162.6 18184 18501.5 18243.3 17314.6 15924.5 13962.7 12570.7 12053.8 13768.7 17656.7 23668.4 29733.9 33096.6 31770.3 27473.4 22109.3 18948.7 17962.6 18916.3 19371.8 19854.6 19407.5 17923.5 15426 12190.4 8813.4 5800.94 3436.36 2104.16 1210.44 939.997 1464.44 2471.61 3701.64 4467.37 4348.43 3835.61 3629.32 4647.45 7172.04 10770.9 14255.3 15998.3 15453.5 12946.8 9542.69 6845.44 5546.68 6745.29 9834.6 13138.9 15484.2 16286.4 15716.5 14658.4 13484.4 12049.1 10026.1 7893.37 5690.81 3873 3156.83 2887.72 2468.09 1992.67 1298.5 682.528 212.529 0 
3712.09 7754.57 13005.1 18455.9 23025.7 25728.8 26070.5 23801.1 20051.9 16019.5 13855.5 14105.6 15730.4 17943.3 19325.5 19806.2 20030.2 20439.3 21082.2 21243.2 20614.8 18705.2 15980.6 13254.8 12237.5 13305.5 16886.1 21818.5 27054.8 29901 28681.2 24620.9 20011.9 17111.9 16140.5 16800.5 16898.9 16969.5 16317.5 15584.6 14271.6 12710.7 10552.6 8441.75 6178.58 4202.91 2302.2 1421.32 1152.53 1637.32 2291.3 2887.72 3242.54 3180.92 3490.1 4810.56 7224.66 10577.3 13627.5 15109.2 14800.1 12850.8 9485.81 6534.29 4564.03 4434.64 6112.06 8170.54 10125.7 11367.9 11733.7 11489.4 10647.7 9375.19 7827.04 6341.85 5158.77 4703.79 5235.21 5756.71 5458.08 4406.7 2871.58 1509.38 639.409 0 
3179.54 6558.82 10811.5 15680.9 19901.7 22672 23192.3 21302.3 17454.4 13405.3 10807.1 10710.8 12857.1 16341.5 18933.9 20344.9 20863.3 21124.7 21561.9 21974.1 21740.6 19940.8 16879.1 14267.5 12823.1 13400.6 15824.9 19044.3 22436.6 23814.9 22661.3 19509.9 15923.2 13873.5 13290.3 13919.9 13857.2 13650.3 13044.9 12883.8 13100.6 13580.4 13316.6 12242.3 9969.91 7139.11 4270.81 2300.25 1467.91 1636.65 2386.86 3257.03 3773.2 4121.26 4329.94 5130.34 7197.1 9367.5 11520.6 12730.3 12499 11015.5 8430.7 5638.47 3383.32 2671.59 3268.71 4292.62 5605.4 6691.94 7308.52 7331.3 6840.48 5973.68 5014.42 4530.14 4791.54 6101.36 8238.05 9790.82 9621.41 7768.05 5061.98 2660.71 1127.14 0 
2214.14 4758.8 8040.33 11992 15615.7 18061.1 18491.1 16620.4 13308.6 9603.32 7815.93 8066.12 10788.2 14880.5 18381.9 19806.1 19930.5 19248.5 19200.3 19774.5 19963.6 18926 16830.9 14658.8 13753.6 14326.6 15793.1 17224.3 18406 18652.4 17297.1 14816.6 12354.4 10790.8 10800.8 11693 11746.5 11373 10607.1 10986.1 12623.4 14990 16609.1 16367.7 14118 10160.2 6172.44 3631.57 2291.3 2671.44 3869.18 5427.9 6421.14 7007.94 6931.41 6967.61 7570.82 8428.4 9142.96 9705.97 9521.25 8517.89 6700.36 4356.91 2514.73 1511.03 1296.55 1634.16 2343.31 2996.37 3615.53 3958.62 3615.53 2996.37 2762.93 3217.95 4736.58 7582.78 11127.7 13519.4 13519.4 10915.2 7112.78 3738.66 1583.79 0 
1338.01 3128.75 5746.37 9004.59 12111.1 14076.8 14095.6 12146.1 8943.47 6259.86 4975.44 5515.07 8480.89 12569.4 16042.6 17471.3 16896.3 15544.9 15083.5 15689.2 16234.7 15887.3 14900.8 13824.9 13878.8 14986.9 16260.7 16662.4 16572.3 15660.4 14334.9 12269.1 10312.6 9125.72 9200.42 9893.61 10243.3 9690.37 9160.27 9822.56 12523.3 16537.3 19293.4 19712.9 16995.4 12277.9 7726.72 4711.24 3296.6 4208.66 6140.84 8369.58 10015.7 10716.1 10587.6 9861.17 9177.4 8328.05 7623.05 7537.41 7492.36 6941.58 5619 3833.81 2078.76 1109.41 637.453 632.15 1109.41 1546.76 1882.42 2112.75 1882.42 1681.8 1714.44 2406.08 4486.14 8136.12 12225.6 15142.5 15142.5 12225.6 7966.71 4187.51 1773.93 0 
889.619 2162.08 4208.66 7051 9884.44 11435.1 11029 8909.09 6009.26 3835.75 2966.25 3635.78 6016.8 9289.09 12099.4 12979.3 12229.9 10883.3 10186.2 10541.7 11424.8 11655.3 11744 12007.3 13267.5 15036.9 16885.9 17521.6 17010 15563.2 13805.7 11988.9 10069 8341.22 7795.31 7960.7 7860.75 7554.97 7165.24 8562.74 12087.4 16637.6 19950.4 20464.3 17523 12859.5 8300.15 5393.12 4512.83 5877.7 8386.33 11050.6 12876.7 13759.5 13974.8 13240 11691.6 9787.98 8182.24 7724.62 7840.19 7496.46 6334.59 4356.91 2471.61 1041.03 298.633 212.529 639.409 1127.14 1583.79 1773.93 1583.79 1127.14 1059.03 1796.31 3738.66 7112.78 10915.2 13519.4 13519.4 10915.2 7112.78 3738.66 1583.79 0 
639.409 1602.56 3515.73 6023.13 8390.63 9632.21 8914.47 6666.91 4182.09 2362.96 1749.79 2037.3 3664.4 5804.27 7591.27 8168.79 7558.73 6396.16 5887.6 6128.88 6888.74 7557.71 8200.1 9401.78 11416.1 14435.3 17142 18489.5 18180 16584.8 14323.1 12023.8 9568.14 7383.37 6113.36 5842.21 5688.17 5306.91 5362.21 7016.03 10439.9 14851 18145.1 18793.6 16279.6 12127.2 8022.92 5892.04 5692.44 7715.86 10091.4 12517.8 14084.4 15124.4 15739.1 15580.8 14108 11837.3 9797.26 9221.17 9557.84 9384.47 7960.7 5665.42 3213.91 1376.69 589.031 469.999 1039.38 1832.2 2574.5 2883.58 2574.5 1832.2 1338.01 1597.14 2830.12 5061.98 7768.05 9621.41 9621.41 7768.05 5061.98 2660.71 1127.14 0 
419.621 1164.16 2574.5 4707.69 6675.55 7562.12 6846.91 4957.9 2873.13 1333.57 801.56 939.997 1867.89 2996.37 3878.43 4047.75 3741.82 3070.83 2710.91 2772.2 3502.35 4122.21 5242.29 7080.39 9927.04 13349.9 16653.2 18348 18172.7 16393.5 13828.5 11050.6 8430.7 5997.28 4406.7 3738.66 3303.2 3163.53 3466.37 5121.3 8138.98 11992.4 15088.1 16064.2 14337.2 11146.3 7860.3 6333.74 6665.29 8677.16 10791.9 12499 13360.1 14225.6 15309.1 15906.3 14987.3 12987.8 11035.7 10654 11300.8 11303.2 9717 6915.33 3922.96 1773.93 938.041 828.505 1832.2 3229.77 4538.28 5083.13 4538.28 3229.77 2001.61 1467.91 1808.01 2871.58 4406.7 5458.08 5458.08 4406.7 2871.58 1509.38 639.409 0 
298.633 828.505 1832.2 3229.77 4538.28 5083.13 4538.28 3229.77 1832.2 828.505 298.633 381.939 768.631 1248.13 1634.16 1723.55 1462.8 1210.44 939.997 1041.03 1462.8 2344.96 3900.04 6185.29 9308.58 12712.9 15622.5 17112.4 16672.7 14643.1 11752.2 8795.22 6353.37 4169.77 2660.71 1992.67 1602.56 1462.8 1869.54 3191.82 5647.5 8746.94 11753.8 13243.5 12639.7 10313.3 7711.75 6396.12 6929.82 8601.5 10265.9 11015.5 11102.8 11571.4 12757.5 13735 13726.5 12534.4 11322 11480.1 12517.8 12695.6 10915.2 7768.05 4406.7 1992.67 1137.87 1164.16 2574.5 4538.28 6376.91 7142.5 6376.91 4538.28 2574.5 1376.69 1102.15 1298.5 1992.67 2468.09 2468.09 1992.67 1298.5 682.528 212.529 0 
169.41 469.999 1039.38 1832.2 2574.5 2883.58 2574.5 1832.2 1039.38 469.999 169.41 0 169.41 298.633 419.621 469.999 419.621 298.633 338.82 298.633 839.241 1634.16 3332.94 6025.17 9169.49 12019.2 14078.7 14567.4 13500.3 11205.5 8571.78 5928.08 3908.07 2421.23 1338.01 889.619 639.409 589.031 903.671 1848.2 3434.76 6047.11 8735.34 10556.2 10600.8 9190.53 7015.92 5796.9 6054.74 7316.91 8140.42 8430.7 8045.76 8145.36 9105.45 10150.1 10647.8 10201.8 9984.36 10812.6 12248.8 12645.2 10915.2 7768.05 4406.7 2127.71 1188.25 1303.93 2883.58 5083.13 7142.5 8000 7142.5 5083.13 2883.58 1303.93 639.409 468.043 718.253 889.619 889.619 718.253 468.043 169.41 0 0 
0 212.529 469.999 828.505 1164.16 1303.93 1164.16 828.505 469.999 212.529 0 0 0 0 0 0 0 0 0 135.039 469.999 1303.93 2883.58 5594.29 8441 10660.7 11536.4 11137.9 9600.87 7499.22 5333.94 3348.66 1992.67 1127.14 469.999 212.529 0 0 212.529 889.619 1992.67 3738.66 5842.21 7541.08 7971.01 7145.54 5579.31 4406.7 4393.94 5127.31 5381.76 5469.06 4998.28 4912.53 5521.08 6445.29 6886.7 7140.71 7622.74 8960.06 10545.5 11182.2 9717 6915.33 3922.96 1773.93 1059.03 1164.16 2574.5 4538.28 6376.91 7142.5 6376.91 4538.28 2574.5 1164.16 419.621 0 0 0 0 0 0 0 0 0 
0 0 169.41 298.633 419.621 469.999 419.621 298.633 169.41 0 0 0 0 0 0 0 0 0 0 0 419.621 1164.16 2574.5 4707.69 7016.32 8480.51 8628.74 7582.78 6047.11 4335.93 2840.85 1509.38 889.619 468.043 169.41 0 0 0 0 468.043 1127.14 2251.82 3699.77 4957.9 5381.76 4877.1 3699.77 2871.58 2660.71 2873.13 2883.58 2743.91 2471.61 2377.39 2721.82 3213.91 3722.82 4249.83 5046.11 6406.17 8011.08 8615.84 7541.08 5366.79 3044.5 1376.69 718.253 828.505 1832.2 3229.77 4538.28 5083.13 4538.28 3229.77 1832.2 828.505 298.633 0 0 0 0 0 0 0 0 0 
0 0 0 0 0 0 0 0 0 0 0 0 0 0 0 0 0 0 0 0 298.633 828.505 1832.2 3229.77 4750.81 5553.13 5366.79 4393.94 3136.13 1992.67 1127.14 469.999 212.529 0 0 0 0 0 0 169.41 469.999 1039.38 1832.2 2574.5 2883.58 2574.5 2044.73 1509.38 1298.5 1333.57 1303.93 1164.16 1041.03 939.997 1041.03 1164.16 1602.56 1992.67 2830.12 3998.41 5170.43 5553.13 4957.9 3528.41 2001.61 828.505 468.043 469.999 1039.38 1832.2 2574.5 2883.58 2574.5 1832.2 1039.38 469.999 169.41 0 0 0 0 0 0 0 0 0 
0 0 0 0 0 0 0 0 0 0 0 0 0 0 0 0 0 0 0 0 169.41 469.999 1039.38 1832.2 2574.5 3052.99 2873.13 2251.82 1509.38 889.619 468.043 169.41 0 0 0 0 0 0 0 0 212.529 469.999 828.505 1164.16 1303.93 1164.16 828.505 639.409 511.162 419.621 469.999 419.621 298.633 338.82 298.633 419.621 639.409 889.619 1338.01 2001.61 2574.5 2883.58 2574.5 1832.2 1039.38 469.999 169.41 212.529 469.999 828.505 1164.16 1303.93 1164.16 828.505 469.999 212.529 0 0 0 0 0 0 0 0 0 0 
0 0 0 0 0 0 0 0 0 0 0 0 0 0 0 0 0 0 0 0 0 0 0 0 0 0 0 0 0 0 0 0 0 0 0 0 0 0 0 0 0 0 0 0 0 0 0 0 0 0 0 0 0 0 0 0 0 0 0 0 0 0 0 0 0 0 0 0 0 0 0 0 0 0 0 0 0 0 0 0 0 0 0 0 0 0 
