0 0 0 0 0 0 0 0 0 0 0 0 0 0 0 0 0 0 0 0 0 0 0 0 0 723.121 1259.23 1514.97 1259.23 723.121 0 0 0 0 0 0 0 0 0 0 0 0 0 0 0 0 0 0 723.121 1259.23 1514.97 1259.23 723.121 0 0 0 0 723.121 1259.23 1514.97 1259.23 723.121 0 0 0 0 0 0 0 0 0 0 0 723.121 1259.23 1514.97 1259.23 723.121 0 0 0 0 0 0 0 0 
0 0 0 0 0 0 0 0 0 0 0 0 0 0 0 0 0 0 0 0 0 0 0 0 723.121 1822.65 3173.93 3818.53 3173.93 1822.65 723.121 0 0 0 0 0 0 0 0 0 0 0 415.256 0 0 0 0 1138.38 1822.65 3173.93 3818.53 3173.93 1822.65 723.121 0 0 1138.38 1822.65 3173.93 3818.53 3173.93 1822.65 723.121 415.256 0 0 0 0 0 0 0 0 723.121 1822.65 3173.93 4233.79 3173.93 1822.65 723.121 0 0 0 0 0 0 0 
0 0 0 0 0 0 0 0 0 0 0 0 0 0 0 0 0 0 0 0 0 0 415.256 0 1259.23 3173.93 5527.05 6649.54 5527.05 3173.93 1259.23 0 0 0 0 0 0 0 0 0 723.121 1259.23 1514.97 1259.23 723.121 723.121 1259.23 2774.2 4848.42 6250.17 6649.54 5527.05 3173.93 1674.49 723.121 1259.23 2774.2 4433.17 6250.17 6649.54 5527.05 3897.06 2518.47 1514.97 1259.23 723.121 0 0 0 0 0 0 1259.23 3897.06 6786.28 8164.51 7201.54 3897.06 1259.23 0 0 0 0 0 0 0 
0 0 0 0 0 0 0 0 0 0 415.256 0 0 0 0 0 0 0 0 0 723.121 1259.23 1514.97 1674.49 2238.09 3818.53 6649.54 8000 6649.54 3818.53 1514.97 0 0 0 0 0 0 0 0 723.121 1822.65 3173.93 3818.53 3173.93 2545.77 2545.77 4312.31 6592.74 8507.44 9731.42 9446.24 7372.66 5077.76 3753.06 3081.88 4312.31 5333.5 6992.47 8472.19 8723.12 7372.66 5641.18 4688.91 3818.53 3173.93 1822.65 723.121 0 0 0 0 415.256 2238.09 5641.18 10546.6 13077.8 11338.4 6900.41 2961.21 0 0 0 0 0 0 0 
0 0 0 0 0 0 0 0 723.121 1259.23 1514.97 1259.23 723.121 0 0 0 0 0 0 723.121 1822.65 3173.93 3818.53 3173.93 3081.88 3897.06 5527.05 6649.54 5527.05 3173.93 1259.23 0 0 0 0 0 0 0 0 1259.23 3173.93 5527.05 6649.54 5527.05 4433.17 5156.29 7349.7 11082.7 12519.5 11874.9 10454.5 8072.82 6347.87 6752.25 6347.87 7349.7 8631.89 8700.98 8700.98 7908.77 6786.28 6763.13 6786.28 6649.54 5527.05 3589.19 1259.23 0 0 0 0 415.256 2518.47 7070.99 12876.7 16473 15287.9 9521.8 4341.11 723.121 415.256 0 0 0 0 0 
0 0 0 0 0 0 0 723.121 1822.65 3173.93 3818.53 3173.93 1822.65 723.121 0 0 0 0 0 1259.23 3173.93 5527.05 6649.54 5527.05 3897.06 3081.88 3173.93 3818.53 3173.93 1822.65 723.121 0 0 830.511 0 0 0 0 415.256 1514.97 3818.53 6649.54 8000 7064.8 5333.5 6592.74 9823.47 14250.2 15537 12519.5 9766.67 8330.22 9024.18 10402.6 11020.1 10546.6 9982.35 8472.19 6992.47 6471.88 5948.14 7156.15 8631.89 9446.24 8324.03 5333.5 2774.2 723.121 0 723.121 1674.49 1930.23 3497.32 7623.53 13720.5 18604.8 17988 12427.5 6858.27 2933.72 1514.97 1259.23 723.121 0 0 0 
0 0 0 0 0 0 0 1259.23 3173.93 5527.05 6649.54 5527.05 3173.93 1259.23 0 0 0 0 415.256 1514.97 3818.53 6649.54 8000 6649.54 3818.53 2238.09 1259.23 1930.23 1259.23 723.121 0 1446.24 2518.47 3029.94 2518.47 1446.24 0 0 0 1259.23 3173.93 5527.05 6649.54 5527.05 4848.42 6363.39 10068.7 14558.3 15765.1 12757.2 9553.95 8415.38 11685 14337 14512.4 12427.5 9610.75 6250.17 5156.29 4596.85 5692.4 8130.84 10147.2 11969.3 10939.1 8251.7 5156.29 1822.65 2169.36 3081.88 4688.91 5077.76 5571.54 7957.8 13150.6 17988 18604.8 15166.8 9982.29 6927 5077.76 3897.06 1822.65 723.121 0 0 
0 0 0 0 0 0 415.256 1514.97 3818.53 6649.54 8000 6649.54 3818.53 1514.97 0 0 0 0 0 1259.23 3173.93 5527.05 6649.54 5527.05 3589.19 1982.35 1259.23 1514.97 1259.23 723.121 1446.24 3645.3 6347.87 7637.06 6347.87 3645.3 1446.24 415.256 0 723.121 1822.65 3173.93 4233.79 3897.06 4220.26 6043.09 9429.75 13242.6 13642 10523.6 8961.29 10312.6 14391.7 18455.4 17833.7 12695.7 8159.65 3897.06 3081.88 4620.18 7509.4 11433.4 14301.3 15578.4 15038 12369.2 8072.82 5035.43 4341.11 6763.13 9345.58 9823.47 8072.82 8653.42 10781 14872.6 17196.1 15958.6 13418.9 11864 9823.47 7349.7 3897.06 1259.23 0 0 
0 0 0 0 0 0 0 1259.23 3589.19 5527.05 6649.54 5527.05 3173.93 1259.23 0 0 0 0 0 723.121 1822.65 3173.93 4541.65 4433.17 4060.74 3805 3897.06 3818.53 3173.93 1822.65 3656.84 6347.87 11054.1 13299.1 11054.1 7070.99 3777.7 1514.97 1259.23 723.121 1446.24 2518.47 4476.18 5600.35 6135.15 7783.24 10152.9 12038.6 12450.4 10562.5 9057.32 12472 17539.1 21778.7 20533.8 14409.8 8065.37 2933.72 2961.21 5641.18 10546.6 16038.8 18945.5 20320.3 19970.3 16795.9 11805.8 8990.35 8722.34 11583.7 14558.3 14973.3 11498 9969.2 9674.62 12061.6 15167.5 15235.5 14986.8 15537.2 13527 9823.47 5077.76 1514.97 0 0 
0 0 0 0 0 0 723.121 1982.35 3337.62 4433.17 4541.65 3173.93 1822.65 723.121 0 0 0 0 0 0 723.121 1982.35 3337.62 4433.17 5800.89 6347.87 7349.7 7372.66 6250.17 5263.68 5804.15 9311.55 14022.2 16000 14022.2 9459.71 6203.88 3818.53 3173.93 2545.77 2545.77 3897.06 7315.67 9521.8 11583.5 12061.6 11891.3 12221.1 10774.2 9891.13 10649.3 14692.1 20336.2 24238.2 23332.4 16239 8415.38 3912.58 3241.59 6347.87 12728.6 17988 21658.9 22820.9 22295.7 18295.7 14917.1 11845.1 12684.9 15464.7 18147.2 17667.5 14917.1 11281.6 10312.6 11006.5 12332.8 13123.3 14443.7 14786.3 13299.1 9345.58 4688.91 1259.23 0 0 
0 0 0 0 0 723.121 1822.65 3173.93 4541.65 4433.17 3337.62 1982.35 723.121 0 0 0 0 0 0 415.256 0 1259.23 3173.93 5942.3 8164.51 9345.58 9823.47 9982.35 8472.19 8130.84 9111.2 11036.8 14136 14745.3 12313.3 9521.8 8045.51 6649.54 5527.05 4433.17 5156.29 8460.77 12853.4 16131.9 17196.1 16768.6 14256.6 12119.8 10562.1 9587.79 10889.5 16483.7 22142 26586.4 25867.3 20807.2 13595 7622.63 5319.97 7502.68 11338.4 17311.6 20370.1 20990.9 19970.3 17583.8 14649.1 14164.6 15674.3 17173.2 19315.2 18775.3 17823.1 16255.4 14515.6 12603.7 12393.6 11504.2 11718.1 11269.7 9345.58 6347.87 3081.88 723.121 0 0 
0 0 0 0 0 1259.23 3173.93 5527.05 6649.54 5527.05 3173.93 1259.23 0 0 0 0 0 723.121 1259.23 1514.97 1674.49 2238.09 4233.79 6649.54 9259.23 9823.47 9345.58 10146.9 10683.3 12038.6 13788.2 13714 12695.7 11134.2 8585.96 7463.83 8095.78 8000 7064.8 6056.62 7571.41 11338.4 16896.3 19646.9 19891.3 18082.9 14342.2 11681.4 9510.93 10152.9 12921.2 18822.1 23981.5 28369.7 29460.3 25503.4 19110 13029.9 7607.1 7702.06 10027.9 13576.5 15395.2 17751.4 17156.7 16641.5 16283.3 16157.3 15121.7 16854 18254.4 18673.8 20592 21252.1 19718.9 17675.8 15480.4 11782.9 9616.76 7060.12 4688.91 3081.88 1446.24 0 0 0 
0 0 0 0 415.256 1514.97 4233.79 6649.54 8000 6649.54 3818.53 1514.97 0 0 0 0 723.121 1822.65 3173.93 3818.53 3897.06 4341.11 5412.03 6786.28 8095.78 7349.7 7486.25 8415.38 11425.6 15464.7 17424.1 16568 12587.2 7718.85 5036.93 4620.18 5527.05 6649.54 5527.05 5692.4 7607.1 12313.3 17196.1 18403.8 17430.6 15038 12598 11405.9 10003.2 10797.5 13628.5 19185.4 25025.3 29429.7 32117.1 29646.2 24495.1 17076.8 10791.8 8334.2 8330.22 9459.71 12414.3 14191 16916.2 18541.9 17754.3 15291.4 14669.7 14431.7 15764.4 18211.9 21946.9 22950.8 22343 20428.3 18254.3 12899.7 9082.21 4289.18 1259.23 723.121 0 0 0 0 
0 0 0 0 723.121 2518.47 4688.91 6786.28 7787.92 5527.05 3173.93 1674.49 0 0 0 0 1259.23 3173.93 5527.05 7372.66 7349.7 7070.99 6900.41 6347.87 5641.18 4620.18 4341.11 7086.52 11475.2 16718.2 18826.1 16701 11082.7 5077.76 2238.09 1822.65 3173.93 3818.53 3589.19 4060.74 6779.56 10546.6 13641.2 14135.8 12233.9 10745.5 9731.42 9446.24 9168.01 10889.5 15381.9 20549.5 25110.7 29651.7 31567.6 28992.5 24581.4 18003.2 11082.7 8974.82 8301.25 8887.63 11823.2 16380.1 22341.2 25524.3 22996.7 18055.5 13622.7 11845.1 14775.7 17365.8 19662 20614.9 21373.5 21206.6 21523.3 17213.5 11468.7 5292.67 1446.24 0 0 0 0 0 
0 0 0 723.121 1822.65 3897.06 6364.3 7607.1 7156.15 5879.41 3805 2238.09 1259.23 723.121 0 830.511 1514.97 3818.53 6649.54 9259.23 9823.47 9345.58 8887.63 6786.28 4688.91 2933.72 2238.09 4541.65 9731.42 14347.9 15995.1 13642 8864.67 3897.06 1259.23 723.121 1259.23 1514.97 1982.35 3241.59 5412.03 8460.77 9610.75 8045.51 6671.26 5692.4 6250.17 7064.8 8488.26 10637.8 14256.6 19414.8 23242.3 26027.3 27506.7 24188.2 19590.5 14016.4 8864.67 7715.59 7908.77 9245.77 12640.7 18919.4 27811.5 32360.2 28278.8 20420.9 14857.5 12842.9 14979.8 16976.1 16118.1 16807.6 18487.1 22818.6 24711.6 22656 17002.1 9776.46 3645.3 1446.24 0 0 0 0 
0 0 0 1259.23 3173.93 6250.17 9195.31 9960.22 9230.56 7515.05 5719.7 4541.65 3173.93 2545.77 1982.35 1514.97 2518.47 3897.06 5942.3 8164.51 9345.58 9823.47 9259.23 6649.54 3818.53 1514.97 1259.23 3589.19 6973.29 9731.42 10216 8251.7 5156.29 1822.65 723.121 0 0 723.121 1822.65 4620.18 6900.41 7862.84 6900.41 4620.18 2545.77 2545.77 3173.93 3818.53 5692.4 8893.64 13451.7 17775.3 19777.2 20068.4 19601.8 16079.3 12152.7 8038.98 5156.29 4996.58 6250.17 6649.54 11823.2 19043.6 28894.5 33663 29725 20558.6 15641.7 15468.4 18591.3 18732.8 16011.6 16048 18339.8 25799.8 30621.6 30438.4 24015.4 15018.8 6347.87 2518.47 0 0 0 0 
0 0 415.256 1514.97 3818.53 7908.77 11173.9 12176.6 11727.3 10216 8700.98 7908.77 6250.17 4996.58 4433.17 3818.53 3897.06 3645.3 3897.06 5077.76 6347.87 7349.7 7372.66 5527.05 3173.93 1982.35 1982.35 3752.88 4433.17 5264.77 4433.17 3337.62 1982.35 723.121 0 0 415.256 1259.23 3897.06 7349.7 10546.6 10604.8 7862.84 4341.11 1446.24 723.121 1259.23 1930.23 3497.32 6364.3 9823.47 13077.8 14443.7 13686.7 12332.8 8768.63 5879.41 2774.2 1982.35 2545.77 3173.93 4649.04 8373.24 15650.8 25526.4 30645.1 27110.1 20165.1 17192.1 17895.5 22192.7 22675 20374.7 19153.9 23006.2 29365.5 34975.5 34643.7 27534.1 17588.3 7637.06 3029.94 0 0 0 0 
0 0 0 1259.23 3589.19 7042.02 10468.1 12591.8 12688.9 11727.3 10468.1 9514.97 7908.77 6992.47 7042.02 6649.54 5527.05 3897.06 2518.47 2238.09 3081.88 3897.06 3818.53 3173.93 2545.77 3268.89 4433.17 6056.62 5692.4 4060.74 1982.35 723.121 0 0 723.121 1259.23 1930.23 2774.2 5800.89 9823.47 13527 13299.1 9345.58 4688.91 1259.23 0 0 0 1259.23 3897.06 6786.28 8887.63 9332.05 8330.22 6592.74 4433.17 2545.77 723.121 0 723.121 1674.49 1930.23 4500.82 11786.1 19828.4 24836.5 23083.5 17410.9 14932.4 18153.7 24404.1 26689 25019.3 23281 23858.8 28130.9 31465.5 30272.7 23465.5 15087.5 6347.87 2518.47 0 0 0 0 
0 0 0 723.121 1822.65 4433.17 6992.47 8700.98 9731.42 9424.1 8700.98 8324.03 7042.02 6992.47 7908.77 8000 6649.54 3818.53 1514.97 0 723.121 1259.23 1514.97 1259.23 2705.47 4996.58 8700.98 10468.1 8700.98 4996.58 1982.35 0 0 723.121 1822.65 3173.93 3818.53 4848.42 6511.55 10068.7 13299.1 13527 9823.47 5077.76 1514.97 0 0 0 723.121 1822.65 3173.93 4541.65 5719.7 6255.82 6056.62 4433.17 2545.77 723.121 723.121 1982.35 2774.2 2774.2 4687.83 8801.58 15048.9 19813.7 19247.6 14999.4 13944.8 16748.3 23321.5 28249.9 26642.4 22519.1 20317.2 20363.2 21105.8 19482 14456.3 9053.34 3645.3 1446.24 0 0 0 0 
0 0 0 0 723.121 1982.35 3337.62 4433.17 5264.77 4996.58 4996.58 4541.65 4433.17 4996.58 6250.17 6649.54 5527.05 3173.93 1259.23 0 0 0 0 415.256 2774.2 6992.47 12176.6 14649.5 12176.6 6992.47 2774.2 0 0 1259.23 3173.93 5527.05 6649.54 6250.17 6255.82 7607.1 9345.58 9823.47 7349.7 3897.06 1259.23 0 0 0 0 723.121 1259.23 2774.2 4433.17 6665.42 6649.54 5527.05 3173.93 1982.35 2545.77 4996.58 6992.47 7407.72 6926.81 9325.51 13709.7 17679.5 17168 13360.6 10933.8 13811 19305.8 23446.3 21348.9 16495.1 12779.8 10125.6 10117.4 8933.99 6298.83 3241.59 1446.24 0 0 0 0 0 
0 0 0 0 0 0 723.121 1259.23 1514.97 1982.35 1982.35 1514.97 1982.35 2545.77 3173.93 3818.53 3173.93 1822.65 723.121 0 0 0 0 415.256 2774.2 6992.47 12176.6 14649.5 12176.6 6992.47 2774.2 0 415.256 1514.97 3818.53 6649.54 8000 6649.54 5264.77 4596.85 4688.91 5077.76 3897.06 1822.65 723.121 0 0 0 0 0 415.256 2238.09 5077.76 8164.51 9259.23 7372.66 3818.53 2774.2 4433.17 8700.98 12176.6 12176.6 9960.22 8866.34 9960.22 12176.6 12176.6 9960.22 9053.34 11154.7 14820.1 16338 14063.5 9337.7 5506.98 3241.59 2238.09 1259.23 723.121 0 0 0 0 0 0 0 
0 0 0 0 0 0 0 0 0 0 0 0 0 723.121 1259.23 1514.97 1259.23 723.121 0 0 0 0 0 0 1982.35 4996.58 8700.98 10468.1 8700.98 4996.58 1982.35 0 0 1259.23 3173.93 5527.05 6649.54 5527.05 3173.93 1982.35 1259.23 1514.97 1259.23 723.121 0 0 0 0 0 0 723.121 3081.88 6347.87 9345.58 9823.47 7349.7 4312.31 3189.46 5333.5 10468.1 14649.5 14649.5 11191.2 7879.27 6511.55 6992.47 7407.72 6511.55 6364.3 8818.9 11241.6 10938.7 7851.97 4220.45 723.121 0 0 0 0 0 0 0 0 0 0 0 
0 0 0 0 0 0 0 0 0 0 0 0 0 0 0 0 0 0 0 0 0 0 0 0 723.121 2545.77 4433.17 5333.5 4433.17 2545.77 723.121 0 0 723.121 1822.65 3173.93 3818.53 3173.93 1822.65 723.121 0 0 0 0 0 0 0 0 0 0 1259.23 3897.06 7349.7 9823.47 9345.58 6347.87 3081.88 1982.35 4433.17 8700.98 12176.6 12176.6 8700.98 5156.29 3241.59 2774.2 2774.2 3241.59 3897.06 5527.05 6649.54 5527.05 3173.93 1259.23 0 0 0 0 0 0 0 0 0 0 0 0 
0 0 0 0 0 0 0 0 0 0 0 0 0 0 0 0 0 0 0 0 0 0 0 0 0 723.121 1259.23 1514.97 1259.23 723.121 0 0 0 0 723.121 1259.23 1514.97 1259.23 723.121 0 0 0 0 0 0 0 0 0 0 415.256 1514.97 3818.53 7372.66 9259.23 8164.51 5077.76 2238.09 723.121 2545.77 4996.58 6992.47 6992.47 4996.58 2545.77 723.121 0 0 723.121 1822.65 3173.93 3818.53 3173.93 1822.65 723.121 0 0 0 0 0 0 0 0 0 0 0 0 
0 0 0 0 0 0 0 0 0 0 0 0 0 0 0 0 0 0 0 0 0 0 0 0 0 0 0 0 0 0 0 0 0 0 0 0 0 0 0 0 0 0 0 0 0 0 0 0 0 0 1259.23 3173.93 5527.05 6649.54 5527.05 3173.93 1259.23 0 723.121 1982.35 2774.2 2774.2 1982.35 723.121 0 0 0 0 723.121 1259.23 1514.97 1259.23 723.121 0 0 0 0 0 0 0 0 0 0 0 0 0 
0 0 0 0 0 0 0 0 0 0 0 0 0 0 0 0 0 0 0 0 0 0 0 0 0 0 0 0 0 0 0 0 0 0 0 0 0 0 0 0 0 0 0 0 0 0 0 0 0 0 723.121 1822.65 3173.93 3818.53 3173.93 1822.65 723.121 0 0 0 0 0 0 0 0 0 0 0 0 0 0 0 0 0 0 0 0 0 0 0 0 0 0 0 0 0 
0 0 0 0 0 0 0 0 0 0 0 0 0 0 0 0 0 0 0 0 0 0 0 0 0 0 0 0 0 0 0 0 0 0 0 0 0 0 0 0 0 0 0 0 0 0 0 0 0 0 0 0 0 0 0 0 0 0 0 0 0 0 0 0 0 0 0 0 0 0 0 0 0 0 0 0 0 0 0 0 0 0 0 0 0 0 
