0 0 0 0 0 0 0 0 0 0 0 0 0 0 0 0 0 0 0 0 0 0 0 0 0 0 0 0 0 0 0 0 415.256 0 0 0 0 0 0 0 0 0 0 0 0 0 723.121 1259.23 1514.97 1259.23 723.121 0 0 0 0 0 0 0 0 0 0 0 0 0 0 0 0 0 0 415.256 0 0 0 0 0 0 0 0 415.256 0 0 0 0 0 0 0 
0 0 0 0 0 0 0 0 0 0 0 0 0 0 0 0 0 0 0 0 0 415.256 0 0 0 0 0 0 0 0 723.121 1259.23 1514.97 1259.23 723.121 0 0 0 0 0 0 0 0 0 0 723.121 1822.65 3173.93 3818.53 3173.93 1822.65 723.121 0 0 0 0 0 0 0 0 0 0 0 0 0 0 0 723.121 1259.23 1930.23 1259.23 723.121 0 0 0 0 723.121 1259.23 1514.97 1259.23 723.121 0 0 0 0 0 
0 0 0 0 0 0 0 0 0 0 0 0 0 0 0 0 0 0 0 723.121 1259.23 1514.97 1259.23 723.121 0 0 0 0 0 723.121 1822.65 3173.93 3818.53 3173.93 1822.65 723.121 0 0 0 0 0 0 0 0 415.256 1259.23 3173.93 5527.05 6649.54 5527.05 3173.93 1259.23 0 0 0 0 0 0 0 0 0 0 0 0 0 0 723.121 2545.77 4433.17 5333.5 4433.17 2545.77 723.121 0 0 1138.38 1822.65 3173.93 3818.53 3173.93 1822.65 723.121 0 0 0 0 
0 0 0 0 0 0 0 0 0 0 0 0 0 0 0 0 0 0 723.121 1822.65 3173.93 3818.53 3173.93 1822.65 723.121 0 0 0 0 1259.23 3173.93 5527.05 6649.54 5527.05 3173.93 1259.23 0 0 0 0 0 0 723.121 1259.23 1930.23 2774.2 4541.65 6649.54 8000 6649.54 3818.53 1514.97 0 415.256 0 0 0 0 0 0 0 0 0 0 0 0 1982.35 4996.58 8700.98 10468.1 8700.98 4996.58 1982.35 723.121 1259.23 2774.2 4433.17 6250.17 6649.54 5527.05 3173.93 1259.23 0 0 0 0 
0 0 0 0 0 0 0 0 0 0 0 0 0 0 0 0 0 0 1259.23 3173.93 5942.3 6649.54 5942.3 3173.93 1259.23 0 0 0 415.256 1514.97 3818.53 6649.54 8000 7064.8 3818.53 1514.97 0 0 0 0 0 723.121 1822.65 3173.93 3818.53 4433.17 4996.58 6250.17 6649.54 5527.05 3173.93 1982.35 1259.23 1514.97 1259.23 723.121 0 415.256 0 0 0 0 0 0 0 415.256 2774.2 6992.47 12176.6 14649.5 12176.6 6992.47 3497.32 1822.65 3589.19 5333.5 6992.47 8472.19 8723.12 6649.54 3818.53 1514.97 0 0 0 0 
0 0 0 0 0 0 0 0 0 0 415.256 0 0 0 0 0 0 415.256 2238.09 5077.76 8887.63 10518.5 8887.63 5077.76 2653.35 0 0 0 0 1259.23 3173.93 6250.17 7908.77 7042.02 4848.42 1982.35 0 0 0 0 0 1259.23 3173.93 5527.05 6649.54 6250.17 4996.58 4433.17 3818.53 3173.93 2545.77 2545.77 3173.93 3818.53 3173.93 2545.77 1982.35 1514.97 1259.23 723.121 0 0 0 0 0 415.256 2774.2 7407.72 12176.6 14649.5 12176.6 7407.72 4033.44 3173.93 5527.05 7908.77 8700.98 8700.98 7908.77 5527.05 3173.93 1259.23 0 0 0 0 
0 0 0 0 0 0 0 0 723.121 1259.23 1514.97 1259.23 723.121 0 0 0 0 723.121 3081.88 7070.99 11168.2 12997.4 11891.3 8330.22 4596.85 1982.35 723.121 415.256 0 723.121 2545.77 4996.58 7715.59 8251.7 6511.55 3805 1446.24 0 0 0 415.256 1514.97 3818.53 6649.54 8000 6649.54 4541.65 2774.2 1514.97 1259.23 2397.61 3173.93 5527.05 6649.54 6250.17 5411.84 4433.17 3818.53 3173.93 1822.65 723.121 0 0 0 0 723.121 3241.59 6511.55 9960.22 11914.3 9960.22 7342.07 4756.56 4541.65 6649.54 8723.12 8472.19 6992.47 5748.76 3173.93 1822.65 723.121 0 0 0 0 
0 0 0 0 0 0 0 723.121 1822.65 3173.93 3818.53 3173.93 1822.65 723.121 0 0 0 1259.23 4312.31 8608.93 13412.7 15595.7 14820.1 11782.9 7715.59 5156.29 3081.88 2238.09 1259.23 723.121 2397.61 5156.29 8864.67 11082.7 10068.7 6347.87 3081.88 723.121 0 0 0 1259.23 3173.93 5527.05 6649.54 5527.05 3173.93 1259.23 723.121 1674.49 3029.94 5077.76 7372.66 8723.12 9168.01 8507.44 8301.25 7372.66 5527.05 3589.19 1259.23 0 0 415.256 723.121 1822.65 3897.06 6364.3 8330.22 9701.92 9589.46 8294.53 6415.52 5719.7 6665.42 6649.54 6973.29 5692.4 4289.18 2518.47 1446.24 0 0 0 0 0 
0 0 0 0 0 0 0 1259.23 3173.93 5527.05 6649.54 5527.05 3173.93 1259.23 0 0 1138.38 2774.2 6471.88 11406.1 15315.9 17332.5 16974.8 14414.7 11191.2 8864.67 6347.87 5077.76 3897.06 3497.14 3753.06 6337 10546.6 13527 13299.1 9345.58 4688.91 1259.23 0 0 0 723.121 2237.9 3173.93 3818.53 3173.93 1822.65 1446.24 1822.65 3173.93 5077.76 6347.87 8072.82 9610.56 10216 10811 11082.7 10545.8 8631.89 5333.5 2774.2 1446.24 1259.23 1514.97 2518.47 3897.06 5527.05 7372.66 8768.63 10408.6 12478.7 12706.2 11406.5 8801.58 6671.26 5800.89 5719.7 4996.58 4541.65 3173.93 1822.65 723.121 0 0 0 0 
0 0 0 0 0 0 415.256 1514.97 4233.79 6649.54 8000 6649.54 3818.53 1514.97 0 723.121 1822.65 5156.29 8815.11 13134.1 15879.9 16466.1 15464.7 14158.9 12433.2 11082.7 9345.58 8887.63 7349.7 6347.87 6752.25 7862.84 11168.2 14437.5 13527 9823.47 5077.76 1514.97 0 0 723.121 1259.23 2238.09 2518.47 2238.09 1259.23 1138.38 1259.23 3173.93 5527.05 7372.66 7349.7 7607.1 8251.7 9960.22 11646.1 12500.3 11646.1 9960.22 6992.47 5156.29 3645.3 3897.06 4233.79 4688.91 5641.18 7372.66 8415.26 10146.9 12633.6 16865.5 19191.2 17173.2 12712.2 8575.09 5948.14 6255.82 6973.29 6649.54 5527.05 3173.93 1259.23 0 0 0 0 
0 0 0 0 0 0 723.121 2518.47 4688.91 6786.28 7372.66 5527.05 3173.93 1259.23 0 1259.23 3173.93 7509.4 11646.1 14951.2 15464.7 14393.4 11989 11098.6 9987.16 10068.7 10238.7 10518.5 9823.47 9345.58 8887.63 9332.05 10781 12119.8 11913.2 8072.82 3897.06 1259.23 0 723.121 1822.65 3173.93 3818.53 3173.93 2545.77 1982.35 1930.23 2774.2 4541.65 7064.8 8000 7787.92 6592.74 6848.47 8631.89 10545.8 11082.7 10811 10216 8472.19 7509.4 6347.87 6786.28 6649.54 6786.28 6347.87 6786.28 7064.8 9560.48 13340.3 18962.9 22558.3 20877.6 15693.4 11098.2 7042.02 6992.47 7908.77 8000 6649.54 3818.53 1514.97 0 0 0 0 
0 0 0 0 0 723.121 1822.65 3897.06 5641.18 6347.87 5641.18 3897.06 1822.65 723.121 415.256 1514.97 4233.79 8164.51 12541.7 14558.3 14056.6 11406.1 7879.27 5948.14 6524.01 7607.1 9279.92 10146.9 10068.7 10238.7 9982.35 9918.43 11520.6 12540.9 11281.6 8238.17 3992.01 723.121 0 1259.23 3173.93 5527.05 6649.54 6250.17 4996.58 4433.17 3818.53 5156.29 6255.82 7765.14 7908.77 6250.17 4433.17 4433.17 5527.05 7787.92 8301.25 8507.44 9168.01 9138.38 8164.51 7637.06 8164.51 8000 7372.66 5641.18 4688.91 4233.79 6671.26 10637.8 16488.9 19983 19169.1 15464.7 11497.3 7908.77 6992.47 7457.27 6649.54 5527.05 3173.93 1259.23 415.256 0 0 0 
0 0 0 0 0 1259.23 3173.93 5527.05 7372.66 6786.28 4688.91 2518.47 723.121 0 0 1259.23 3173.93 6786.28 9823.47 11054.1 10238.7 7201.54 3897.06 3241.59 4060.74 6255.82 7715.59 8974.82 9429.75 9587.79 9891.13 10870.3 13069.4 15515.9 14679.1 10781 5627.65 1446.24 830.511 1514.97 3818.53 6649.54 8000 7908.77 6992.47 7042.02 7372.66 8072.82 8170.52 8251.7 6992.47 4996.58 3268.89 2545.77 3173.93 4233.79 4433.17 4996.58 6250.17 6649.54 6786.28 6347.87 6786.28 6649.54 5527.05 3897.06 2518.47 1514.97 3241.59 6442.82 9960.22 13242.3 13134.1 11246.8 8631.89 6973.29 6255.82 5948.14 5077.76 3897.06 2545.77 1982.35 1514.97 1259.23 723.121 0 
0 0 0 0 415.256 1514.97 4233.79 6649.54 8000 6649.54 3818.53 1514.97 0 0 0 723.121 1822.65 3897.06 6779.56 8330.22 8415.38 6671.26 3805 2705.47 3173.93 6250.17 8631.89 9587.79 9429.75 9805.33 8507.44 11333.6 15543.2 19777.2 19948.6 14872.6 8585.96 3777.7 1514.97 2933.72 3897.06 5527.05 7064.8 7042.02 7407.72 7908.77 9259.23 9823.47 10068.7 9423.74 7042.02 4433.17 2812.86 1446.24 2518.47 3029.94 3241.59 3268.89 3173.93 3818.53 3897.06 3645.3 3897.06 3818.53 3173.93 1822.65 723.121 0 723.121 2545.77 4433.17 6056.62 6255.82 5719.7 5264.77 4996.58 5719.7 5800.89 4688.91 3805 3268.89 3173.93 3818.53 3173.93 1822.65 0 
0 0 0 0 723.121 2518.47 4688.91 6786.28 7372.66 5527.05 3173.93 1259.23 0 0 0 0 1446.24 3241.59 6298.83 8774.28 9953.68 8251.7 6134.96 4060.74 4541.65 6649.54 9259.23 10546.6 11327.9 11354 10391 11360.2 15146.5 19948.6 21527 17196.1 10718.9 6927 5077.76 5412.03 4904.53 4620.18 4541.65 5692.4 6511.55 7924.66 8887.63 9345.58 9823.47 9259.23 8095.78 6337 5268.03 4341.11 4620.18 3818.53 3173.93 2545.77 1982.35 1514.97 1259.23 1446.24 1259.23 1514.97 1259.23 723.121 0 0 0 723.121 1259.23 1514.97 1982.35 1982.35 2774.2 4433.17 6250.17 6649.54 5527.05 4433.17 4433.17 5527.05 6649.54 5527.05 3173.93 0 
0 0 0 723.121 1822.65 4312.31 5641.18 6347.87 5641.18 3897.06 1822.65 723.121 0 0 0 723.121 1822.65 4848.42 8251.7 11874.9 13999.2 12899.7 8700.98 5692.4 4433.17 5942.3 8887.63 11891.3 14256.6 14592.7 11805.8 10705.4 11759.9 14872.6 16473 14136 10968 9868.16 9823.47 9345.58 7070.99 5064.23 4060.74 5156.29 6364.3 6347.87 6900.41 7070.99 7349.7 8818.9 9172.34 9521.8 10155.5 9937.06 9172.34 8095.78 5527.05 3173.93 1259.23 0 0 0 0 0 0 0 0 0 0 0 0 0 0 415.256 1514.97 3818.53 7064.8 8000 7064.8 5333.5 5333.5 6649.54 8000 6649.54 3818.53 0 
0 0 0 1982.35 4433.17 7042.02 8631.89 7509.4 4688.91 2518.47 723.121 0 0 0 0 1982.35 4848.42 8972.25 13242.3 16718.2 17823.5 15908.8 10468.1 6056.62 3337.62 3173.93 7060.12 11344.5 16050.7 17840.7 14228 10339.9 8146.12 7862.84 9311.55 8585.96 8723.06 11269.7 13527 13299.1 9345.58 5948.14 4433.17 5527.05 7372.66 6786.28 5412.03 4341.11 3897.06 6337 9521.8 14015.1 16796.4 16387.6 14256.6 11241.6 6649.54 3818.53 1514.97 0 0 0 0 0 0 0 0 415.256 0 0 0 415.256 0 0 1982.35 4433.17 7042.02 7908.77 6250.17 4433.17 4433.17 5527.05 6649.54 5527.05 3173.93 0 
0 0 1138.38 3337.62 6992.47 10468.1 11173.9 8472.19 4541.65 1514.97 0 0 0 0 1138.38 3752.88 6992.47 11727.3 15607.1 17173.2 16718.2 13691.6 8700.98 4433.17 1982.35 1674.49 5012.3 10074.3 16073.6 18468.1 15350.5 8815.11 4943.57 2518.47 3029.94 4192.95 6135.15 9345.58 13299.1 13527 10238.7 6592.74 5333.5 6649.54 8000 6649.54 3818.53 2238.09 2089.74 4544.91 9619.42 15844.8 20433.2 20291.5 16338 11502.1 6250.17 3173.93 1259.23 0 415.256 0 0 0 0 723.121 1259.23 1514.97 1259.23 1446.24 1259.23 1514.97 1259.23 1446.24 2545.77 4996.58 6992.47 6992.47 4996.58 3268.89 2545.77 3173.93 3818.53 3173.93 1822.65 0 
0 0 1259.23 4433.17 8700.98 12176.6 12176.6 8700.98 4433.17 1259.23 0 0 0 723.121 2518.47 5948.14 9960.22 13622.8 14722.4 13697.6 11425.6 8251.7 4996.58 2545.77 723.121 415.256 2774.2 7715.59 13435.8 16164.5 13851.1 7715.59 2774.2 0 0 723.121 3081.88 6347.87 9760.83 9823.47 7349.7 5156.29 4433.17 5527.05 6649.54 5527.05 3173.93 1259.23 0 2518.47 7607.1 14228 19549.2 19526.3 15048.9 9926.19 4433.17 1822.65 1446.24 1259.23 1514.97 1259.23 723.121 0 1138.38 2237.9 3173.93 3818.53 3897.06 3645.3 3897.06 3818.53 3173.93 3081.88 3897.06 6250.17 8324.03 7042.02 4433.17 1982.35 723.121 1259.23 1514.97 1259.23 723.121 0 
0 415.256 1514.97 4541.65 8472.19 11173.9 10468.1 6992.47 3337.62 723.121 0 0 723.121 2237.9 4688.91 8360.18 11646.1 12996.6 11914.3 8974.82 6527.08 3497.32 1982.35 723.121 0 0 1982.35 4996.58 9424.1 11727.3 10216 6255.82 2705.47 0 0 0 2169.36 4341.11 6203.88 6337 4620.18 2545.77 2545.77 3173.93 3818.53 3173.93 1822.65 723.121 0 1861.5 5160.27 10166.4 14286.6 15794.1 12813.3 8294.72 4033.44 2169.36 1822.65 3173.93 3818.53 3173.93 2545.77 2705.47 4033.44 5948.14 7509.4 7372.66 6786.28 6347.87 6786.28 6649.54 5942.3 4688.91 5800.89 7908.77 9514.97 7908.77 4541.65 1514.97 0 0 0 0 0 0 
0 0 1259.23 3173.93 6250.17 7908.77 7042.02 4433.17 1982.35 0 0 0 1259.23 3173.93 6786.28 9823.47 11777.2 11082.7 9024.37 5692.4 3497.32 1259.23 723.121 0 0 0 723.121 3268.89 6255.82 8507.44 8251.7 5719.7 2545.77 723.121 0 723.121 1822.65 3897.06 5077.76 4688.91 3081.88 1446.24 723.121 1259.23 1514.97 1259.23 723.121 0 0 0 2705.47 5692.4 9280.11 10990.7 10147.2 6992.47 4433.17 3081.88 3897.06 5527.05 6649.54 6250.17 5719.7 6671.07 8507.44 10811 11646.1 10961 8887.63 7637.06 8164.51 8000 6649.54 5800.89 6511.55 8700.98 10468.1 8700.98 4996.58 1982.35 0 0 0 0 0 0 
0 0 723.121 1822.65 3173.93 3818.53 3173.93 1822.65 723.121 0 0 415.256 1514.97 3818.53 7372.66 9822.65 9823.47 8360.18 6511.55 4996.58 4541.65 3173.93 1822.65 723.121 0 0 0 1982.35 4433.17 7042.02 7908.77 6250.17 3173.93 1259.23 0 1259.23 3173.93 5527.05 6649.54 5527.05 3173.93 1259.23 0 0 0 0 0 0 0 0 723.121 1822.65 4433.17 6992.47 8700.98 8472.19 6665.42 4688.91 5077.76 6649.54 8000 7908.77 8251.7 10216 13435.8 15350.5 14228 11082.7 8045.51 6347.87 6786.28 6649.54 5527.05 5156.29 6255.82 8700.98 10468.1 8700.98 4996.58 1982.35 0 0 0 0 0 0 
0 0 0 723.121 1259.23 1514.97 1259.23 723.121 0 0 0 0 1259.23 3173.93 5527.05 7372.66 6786.28 5948.14 5692.4 6250.17 6649.54 5527.05 3173.93 1259.23 0 0 415.256 1514.97 3818.53 6649.54 8000 6649.54 3818.53 1514.97 415.256 1514.97 3818.53 6649.54 8000 6649.54 3818.53 1514.97 0 0 0 0 0 0 0 0 0 1138.38 2774.2 5333.5 7908.77 8723.12 6649.54 5077.76 4688.91 5527.05 7064.8 7457.27 8507.44 11727.3 15372.7 16472.2 13642 9152.03 5412.03 3645.3 3897.06 3818.53 3589.19 3337.62 5264.77 7908.77 9514.97 7908.77 4541.65 1514.97 0 0 0 0 0 0 
0 0 0 0 0 0 0 0 0 0 0 0 723.121 1822.65 3173.93 3818.53 3589.19 3337.62 4541.65 6649.54 8000 6649.54 3818.53 1514.97 0 0 0 1259.23 3173.93 5527.05 6649.54 5527.05 3173.93 1259.23 0 1259.23 3173.93 5527.05 6649.54 5527.05 3173.93 1259.23 0 0 0 0 0 0 0 0 0 0 1259.23 3173.93 5527.05 6649.54 5527.05 3897.06 3081.88 3173.93 3818.53 4433.17 6255.82 9424.1 12176.6 12899.7 9960.22 5948.14 2518.47 1446.24 1259.23 1514.97 1259.23 1982.35 3173.93 5527.05 6649.54 5527.05 3173.93 1259.23 0 0 0 0 0 0 
0 0 0 0 0 0 0 0 0 0 0 0 0 723.121 1259.23 1514.97 1259.23 1982.35 3173.93 5527.05 6649.54 5527.05 3173.93 1259.23 0 0 0 723.121 1822.65 3173.93 3818.53 3173.93 1822.65 723.121 0 723.121 1822.65 3173.93 3818.53 3173.93 1822.65 723.121 0 0 0 0 0 0 0 0 0 0 723.121 1822.65 3173.93 3818.53 3173.93 1822.65 1446.24 1259.23 1514.97 1982.35 3268.89 4996.58 6992.47 6992.47 4996.58 2545.77 723.121 0 0 0 0 723.121 1822.65 3173.93 3818.53 3173.93 1822.65 723.121 0 0 0 0 0 0 
0 0 0 0 0 0 0 0 0 0 0 0 0 0 0 0 0 723.121 1822.65 3173.93 3818.53 3173.93 1822.65 723.121 0 0 0 0 723.121 1259.23 1514.97 1259.23 723.121 0 0 0 723.121 1259.23 1514.97 1259.23 723.121 0 0 0 0 0 0 0 0 0 0 0 0 723.121 1259.23 1514.97 1259.23 723.121 0 0 0 0 723.121 1982.35 2774.2 2774.2 1982.35 723.121 0 0 0 0 0 0 723.121 1259.23 1514.97 1259.23 723.121 0 0 0 0 0 0 0 
0 0 0 0 0 0 0 0 0 0 0 0 0 0 0 0 0 0 0 0 0 0 0 0 0 0 0 0 0 0 0 0 0 0 0 0 0 0 0 0 0 0 0 0 0 0 0 0 0 0 0 0 0 0 0 0 0 0 0 0 0 0 0 0 0 0 0 0 0 0 0 0 0 0 0 0 0 0 0 0 0 0 0 0 0 0 
