0 0 0 0 0 0 0 0 0 0 0 0 0 0 0 0 0 0 0 0 0 0 0 0 0 0 0 0 0 0 415.256 0 0 0 0 415.256 0 0 0 0 0 0 0 0 0 0 0 0 0 0 0 0 0 0 0 723.121 1259.23 1514.97 1259.23 723.121 415.256 0 0 0 0 0 0 0 0 0 0 0 0 415.256 0 415.256 0 0 0 0 0 0 0 0 0 0 
0 0 0 0 0 0 0 0 0 0 415.256 0 0 0 0 0 0 0 0 0 0 0 0 0 0 0 0 0 723.121 1259.23 1930.23 1259.23 723.121 723.121 1259.23 1514.97 1259.23 723.121 0 0 0 0 0 415.256 0 0 0 0 0 0 0 0 0 0 723.121 1822.65 3173.93 3818.53 3897.06 3081.88 2238.09 1674.49 723.121 0 415.256 0 0 0 0 0 0 1138.38 1259.23 2238.09 2518.47 2238.09 1259.23 723.121 0 0 0 0 0 0 0 0 
0 0 0 0 0 0 0 0 723.121 1259.23 1514.97 1259.23 723.121 0 0 0 0 0 0 0 0 0 0 0 415.256 0 0 723.121 2545.77 4433.17 5333.5 4433.17 3268.89 2545.77 3173.93 3818.53 3173.93 1822.65 723.121 0 0 723.121 1259.23 1514.97 1259.23 723.121 0 0 0 0 0 0 0 0 1259.23 3173.93 5527.05 7372.66 7764.95 7070.99 6337 5104.16 3805 2705.47 1514.97 1259.23 723.121 0 0 723.121 1982.35 3337.62 5156.29 6364.3 6347.87 5641.18 3897.06 1822.65 723.121 0 415.256 0 0 0 0 0 
0 0 0 0 0 0 0 723.121 1822.65 3173.93 3818.53 3173.93 1822.65 723.121 0 0 0 0 0 0 0 0 723.121 1259.23 1514.97 1259.23 723.121 1982.35 4996.58 9116.24 10468.1 8700.98 6255.82 5156.29 5527.05 6649.54 5527.05 3173.93 1259.23 0 723.121 1822.65 3173.93 3818.53 3173.93 1822.65 723.121 0 0 0 0 0 0 415.256 1514.97 3818.53 7787.92 10518.5 12061.6 13150.6 13320.8 11583.7 9429.75 6978.94 4541.65 3173.93 1822.65 1138.38 723.121 1822.65 4433.17 6992.47 10375.5 11646.1 11777.2 9823.47 7201.54 3173.93 1982.35 1259.23 1514.97 1259.23 723.121 0 0 0 
0 0 0 0 0 0 0 1259.23 3173.93 5527.05 6649.54 5527.05 3173.93 1259.23 0 0 0 0 0 0 0 723.121 1822.65 3173.93 3818.53 3589.19 2237.9 4220.45 8251.7 13691.6 15908.8 13315 8507.44 6592.74 6649.54 8000 6649.54 3818.53 1514.97 0 1259.23 3589.19 5527.05 6649.54 5527.05 3173.93 1259.23 0 0 0 415.256 0 0 0 2397.61 5156.29 9279.92 12597.7 15869.6 17994 19782.9 19100 15693.4 12038.6 8631.89 6250.17 4433.17 2774.2 2518.47 4727.57 7765.14 12142.6 15206.5 16251.7 16004.6 13077.8 9679.48 5800.89 4060.74 3173.93 3818.53 3173.93 1822.65 723.121 0 0 
0 0 0 0 0 0 415.256 1514.97 3818.53 6649.54 8000 6649.54 4233.79 1514.97 0 0 0 0 0 0 0 1259.23 3173.93 6250.17 7908.77 7042.02 5571.54 6579.21 10166.4 15995.1 17823.5 13999.2 8974.82 5948.14 5527.05 6649.54 5527.05 3173.93 1259.23 1138.38 2774.2 5333.5 7908.77 8723.12 6649.54 3818.53 1514.97 0 723.121 1259.23 1514.97 1259.23 1446.24 1982.35 4891.25 7515.05 10889.5 14194 17594.3 20592.3 23553.7 22950.8 19169.1 14901.2 11497.3 8472.19 6992.47 6471.88 5948.14 7879.27 11713.8 15071 17254.4 17539.1 16629.6 13720.5 10604.8 7607.1 6255.82 6250.17 6649.54 5527.05 3173.93 1259.23 0 0 
0 0 0 0 0 0 0 1259.23 3173.93 5527.05 7372.66 6786.28 4688.91 2518.47 723.121 415.256 0 0 0 0 415.256 1514.97 4541.65 8472.19 11173.9 10468.1 8251.7 8493.91 11246.8 15350.5 15995.1 11874.9 6978.94 3805 3173.93 3818.53 3173.93 1822.65 1446.24 1822.65 4433.17 6992.47 8700.98 8472.19 6250.17 3589.19 1259.23 723.121 1822.65 3173.93 3818.53 3897.06 5091.54 7674.75 10437.7 13872.8 14996.2 15553.1 18998.9 20472.8 21328.6 22272.2 17896.3 13242.6 10683 8700.98 9424.1 9731.42 9960.22 11425.6 13857.3 15821.9 17519.9 17275.9 15469.9 13686.7 11685 8864.67 7715.59 7908.77 8000 6649.54 3818.53 1514.97 0 0 
0 0 0 0 0 0 0 723.121 1822.65 3897.06 5641.18 6347.87 5641.18 4620.18 3081.88 2238.09 1259.23 723.121 0 0 0 1259.23 4433.17 8700.98 12176.6 12591.8 10216 8974.82 10454.5 12433.2 11983 8251.7 4060.74 1446.24 1259.23 1514.97 1259.23 723.121 1674.49 3173.93 6250.17 8472.19 8700.98 7715.59 5692.4 3337.62 1982.35 1982.35 3589.19 5527.05 6649.54 8232.52 10408.4 15787.5 19364.4 21298.7 21421.8 20829.1 20800.3 22487.6 21896.2 19536.9 14328.6 10032 7315.86 6992.47 9731.42 11897.1 13315 13805.7 14034.5 15811.4 17189.5 16914.2 15956.4 14299.7 11081.9 9355.01 6992.47 7042.02 6649.54 5942.3 3173.93 1259.23 0 0 
0 0 0 0 0 0 0 0 723.121 2518.47 4688.91 6786.28 8095.78 7349.7 6347.87 5077.76 3173.93 1822.65 723.121 0 415.256 1138.38 3337.62 6992.47 10468.1 11589.2 9731.42 7715.59 7765.14 7908.77 7042.02 4433.17 1982.35 0 0 0 723.121 1674.49 3029.94 5077.76 7372.66 8723.12 8631.89 7156.15 5948.14 4541.65 4312.31 4596.85 6056.62 8324.03 9138.38 11406.1 15967.3 23815.5 28906.2 30664.8 28003.6 27160.8 26965.3 28392.1 25980.4 21324.4 13486.5 8025.26 4220.45 4848.42 7765.14 10468.1 12176.6 13571.5 13065.1 13942.4 15771.6 16855 16171.3 14136 10546.6 7509.4 4996.58 5156.29 5077.76 4688.91 3081.88 1446.24 0 0 
0 0 0 0 0 0 0 0 415.256 1514.97 3818.53 6649.54 9259.23 9823.47 9345.58 8164.51 5527.05 3173.93 1982.35 1259.23 1514.97 1259.23 2705.47 5156.29 8301.25 9423.74 8232.52 5719.7 4433.17 3818.53 3173.93 1822.65 723.121 0 0 723.121 1822.65 3173.93 5077.76 6347.87 7349.7 7372.66 6786.28 6347.87 6786.28 7372.66 7349.7 8330.22 9510.93 10216 11285.1 13500.4 18418.1 28216.2 33173.2 34249.9 33214.4 33166.3 35873.4 38720.7 34991.4 28237.6 17556.4 9888.02 3964.71 2545.77 4433.17 7715.59 9960.22 10710.3 11006.5 11759.9 14423.3 17196.1 17172.3 14135.8 8896.3 4688.91 3268.89 3805 4688.91 5077.76 3897.06 1822.65 723.121 0 
0 0 0 0 0 415.256 0 0 0 1259.23 3173.93 5942.3 8164.51 9345.58 9823.47 9259.23 6649.54 4541.65 3337.62 3173.93 3818.53 3173.93 3268.89 4368.42 6347.87 7637.06 6347.87 4368.42 2705.47 1514.97 1259.23 723.121 0 0 0 1259.23 3173.93 5527.05 7372.66 7349.7 6347.87 5493.02 4688.91 5641.18 7372.66 9259.23 10546.6 11891.3 13161.1 13242.6 12684.9 15324.7 20276.8 27657.3 33245.4 33603.7 32079.8 36158.6 41541.2 44528.9 43346.8 37142.4 25731.8 16131 7930.49 3684.15 3428.6 5575.52 7607.1 9190.7 8585.96 9982.29 12784.7 15509.4 16004.6 12119.8 7463.11 3241.59 1982.35 3173.93 5527.05 6649.54 5527.05 3173.93 1259.23 0 
0 0 0 723.121 1259.23 1514.97 1259.23 1138.38 0 723.121 1822.65 3173.93 5077.76 6347.87 7349.7 7372.66 5527.05 4848.42 4433.17 5527.05 6649.54 5527.05 4848.42 5156.29 6786.28 8164.51 6786.28 3897.06 1259.23 0 0 0 0 0 415.256 1514.97 3818.53 6649.54 8000 7372.66 5077.76 3029.94 2518.47 3897.06 6357.56 8164.51 10604.8 12997.4 16232.5 16796.2 16272.6 16854.1 20607.4 25145.3 27048.3 27572.6 28715.5 32440.4 39569.9 43658.4 44901.2 42062.4 33383.6 23903.4 14716.8 7234.67 5760.05 6858.27 9304.75 10402.6 9304.75 8517.23 9332.05 11646.1 12519.5 10166.4 6255.82 2961.02 2238.09 3818.53 6649.54 8000 6649.54 3818.53 1514.97 0 
0 0 723.121 1822.65 3173.93 4541.65 4433.17 3337.62 1982.35 723.121 723.121 1259.23 2238.09 3081.88 3897.06 4541.65 4848.42 4852.59 5800.89 7372.66 8723.12 8324.03 6848.47 6592.74 7372.66 8000 6649.54 3818.53 1514.97 0 0 0 0 0 0 1259.23 3173.93 5527.05 6649.54 5527.05 3173.93 1259.23 1446.24 3081.88 4688.91 6752.25 8585.96 11168.2 15281.4 16701 17869 18075.2 20265.5 22073.4 22414.3 22927 25671.6 27616.8 33966.5 37458.4 40058.8 40535.3 36482.8 28461.2 20830.2 13048.9 11360.2 11282.4 13720.5 13641.2 11269.7 7463.83 7394.38 8251.7 10216 9731.42 6973.29 3173.93 2518.47 3173.93 5527.05 6649.54 5527.05 3173.93 1259.23 0 
0 0 1259.23 3173.93 6250.17 8472.19 8700.98 6992.47 4433.17 1822.65 723.121 0 0 723.121 1982.35 3337.62 4433.17 5800.89 6347.87 8072.82 9195.31 8700.98 8251.7 7607.1 7349.7 7372.66 5527.05 3173.93 1259.23 0 0 0 0 0 0 723.121 1822.65 3173.93 3818.53 3173.93 2237.9 1861.5 1822.65 3897.06 5077.76 5412.03 6163.76 8209.37 10860.6 14057.3 16237.3 17538.2 18147.5 17875.2 18398.6 19217.5 23882.6 26575.3 28470.5 29757.7 31444.4 31517.2 31560.5 27361.7 22460.2 16815.9 16346.8 16171.3 17840.4 16888.3 12313.3 7486.25 5292.67 5333.5 8324.03 8723.12 6649.54 4233.79 2238.09 1822.65 3173.93 3818.53 3173.93 1822.65 723.121 0 
0 415.256 1514.97 3818.53 7908.77 11173.9 12176.6 10468.1 7042.02 3173.93 1259.23 0 0 0 1259.23 3173.93 5527.05 7372.66 7349.7 7607.1 8251.7 8700.98 9195.31 8072.82 6347.87 5077.76 3173.93 1822.65 723.121 0 0 0 0 0 0 0 1138.38 1259.23 2238.09 3241.59 3497.32 4033.44 5156.29 6665.42 6649.54 5527.05 4620.18 4341.11 5948.14 8666.96 10683.3 12784.5 13036.4 13428.2 13993.7 16416.6 21344.6 23350.5 22859.9 20620.9 20243.8 20568.8 21850.7 20421.6 18847.8 17230.4 17519.5 18182.8 19247.2 17152 12597.7 6364.3 4220.45 4433.17 7042.02 9047.15 7509.4 4688.91 2518.47 1446.24 1259.23 1514.97 1259.23 723.121 0 0 
0 0 1259.23 3589.19 7042.02 10468.1 12176.6 11173.9 7908.77 3818.53 1514.97 0 0 415.256 1514.97 3818.53 6649.54 8000 7787.92 6592.74 6848.47 7908.77 8723.12 7372.66 5077.76 3029.94 1259.23 723.121 0 0 0 0 0 0 723.121 1259.23 1514.97 1982.35 3268.89 4996.58 7407.72 9230.56 10074.3 10710.3 10397.6 7372.66 3818.53 2961.21 3241.59 5575.71 7674.75 9325.51 8866.34 9017.65 10168.4 12712.2 17441.4 19646.1 18311.5 14079.9 11827.5 10961.2 12363.7 12312.4 12665.7 12369.2 13759.6 15543.2 16746.5 15157 11219.4 6442.82 4528.12 5719.7 8974.82 10330.1 9429.75 7502.68 3897.06 1822.65 723.121 415.256 0 0 0 0 
0 0 723.121 1822.65 4433.17 6992.47 8700.98 8472.19 6250.17 3173.93 1259.23 0 0 0 1259.23 3173.93 5527.05 6649.54 5527.05 4433.17 4433.17 5527.05 6649.54 5527.05 3173.93 1259.23 0 0 0 0 0 0 0 723.121 1822.65 3173.93 3818.53 4433.17 6255.82 9424.1 12899.7 15258.5 15772 15038 12597.7 8608.93 5343.3 3081.88 3897.06 6364.3 8330.22 9701.92 10312.6 9138.5 9376.73 10060.8 12385.3 13709.7 12198.3 9217.03 7046.59 6135.15 7060.12 7234.67 6978.94 7087.42 8330.22 10637.8 12598 12290.7 9424.1 6671.07 5879.41 8072.82 12341.9 14757.6 14393.4 11969.5 7509.4 4620.18 2933.72 1514.97 1259.23 723.121 0 0 
0 0 0 723.121 1982.35 3337.62 4433.17 4541.65 3173.93 1822.65 723.121 0 0 415.256 723.121 1822.65 3173.93 3818.53 3173.93 2545.77 2545.77 3173.93 3818.53 3173.93 1822.65 723.121 0 0 0 0 0 0 0 1259.23 3173.93 5527.05 7064.8 7457.27 8507.44 11727.3 15908.8 19269.7 19640.4 18330.9 14679.1 9521.8 6163.76 4620.18 6786.28 9823.47 12313.3 13720.5 14136 12997.4 11327.9 9616.76 9337.7 9230.56 8251.7 6978.94 5719.7 6250.17 6649.54 6250.17 4848.42 3912.58 4448.69 6779.74 9168.01 10961.2 9583.26 7571.6 7851.97 10961.9 15765.1 18940.3 19169.1 16507.4 12528.9 8723.06 6927 5077.76 3897.06 1822.65 723.121 0 
0 0 0 0 0 723.121 1259.23 1514.97 1259.23 723.121 0 723.121 1259.23 1514.97 1259.23 1446.24 1259.23 1514.97 1259.23 723.121 723.121 1259.23 1930.23 1259.23 723.121 0 0 0 0 0 0 0 415.256 1514.97 3818.53 6649.54 8000 7908.77 8251.7 10631.2 13691.6 17254.4 19247.6 19219.4 16073.3 11020.1 6927 5493.02 8164.51 12649 14814.1 16896.3 17988 17345.6 14814.1 11327.9 9122.07 8301.25 8739.28 7765.14 6992.47 8324.03 8723.12 7908.77 6056.62 4033.44 3497.32 4433.17 6973.29 8472.19 8700.98 8666.96 9122.07 11168.2 16540.7 19874.9 21292.8 19100 15650.9 12695.7 11864 9823.47 7349.7 3897.06 1259.23 0 
0 0 0 0 0 0 0 0 0 0 723.121 1822.65 3173.93 3818.53 3173.93 1822.65 723.121 0 0 0 723.121 1259.23 1514.97 1259.23 723.121 0 0 0 0 0 0 0 0 1259.23 3173.93 5527.05 6649.54 6250.17 5719.7 6255.82 8666.96 11681.4 14342.2 15844.8 14250.2 9823.47 6337 5412.03 8045.51 11338.4 13987.8 15235.5 16131.9 16473 15201.5 11338.4 9619.42 9423.74 9514.97 9891.13 8974.82 9280.11 9731.42 10147.2 8815.11 7607.1 6364.3 5719.7 6255.82 7715.59 8700.98 9195.31 9332.05 9937.06 13566 16723.9 18688.1 18649.3 16494.7 14986.8 15537.2 13527 9823.47 5077.76 1514.97 0 
0 0 0 0 0 0 0 0 0 0 1259.23 3173.93 5527.05 6649.54 5527.05 3173.93 1259.23 0 0 723.121 1822.65 3173.93 3818.53 3173.93 1822.65 723.121 0 0 0 0 0 0 0 723.121 1822.65 3173.93 3818.53 3173.93 2545.77 2705.47 3497.32 5856.08 8330.22 10068.7 9823.47 7349.7 5343.3 4904.53 7070.99 9459.71 10244.9 10545.7 10968 11168.2 10546.6 9332.05 8893.64 9960.22 11191.2 11246.8 9993.17 10234.1 10166.4 11782.9 12369.2 11777.2 9823.47 7924.66 5948.14 6592.74 7908.77 8723.12 8095.78 7623.53 9285.76 12148.8 14917.1 14676.1 14409.8 14443.7 14786.3 13299.1 9345.58 4688.91 1259.23 0 
0 0 0 0 0 0 0 0 0 415.256 1514.97 3818.53 6649.54 8000 6649.54 3818.53 1514.97 0 0 1259.23 3173.93 5527.05 6649.54 5527.05 3173.93 1259.23 0 0 0 0 0 0 0 0 723.121 1259.23 1514.97 1259.23 723.121 0 0 1446.24 3081.88 4688.91 5077.76 3897.06 3081.88 4620.18 6786.28 8887.63 8045.51 6858.27 5600.35 5412.03 5077.76 5879.41 6819.23 9424.1 11727.3 11874.9 11662 11406.1 11275.8 12597.7 13800.9 13299.1 11818.5 8164.51 5077.76 4688.91 5527.05 6649.54 5527.05 5156.29 6415.52 8864.67 11082.7 11327.9 10244.9 10431.6 10546.6 9345.58 6347.87 3081.88 723.121 0 
0 0 0 0 0 0 0 0 0 0 1259.23 3173.93 5527.05 6649.54 5527.05 3173.93 1259.23 0 415.256 1514.97 3818.53 6649.54 8000 6649.54 3818.53 1514.97 0 0 0 0 0 0 0 0 0 0 0 0 0 0 0 0 723.121 1259.23 1514.97 1674.49 2238.09 3818.53 6649.54 8000 6649.54 3818.53 2238.09 1259.23 1930.23 2774.2 5264.77 8324.03 11029.9 11727.3 11191.2 10774.2 9823.47 10604.8 11338.4 11054.1 9823.47 6786.28 3897.06 3081.88 3173.93 3818.53 3589.19 3337.62 4541.65 7372.66 9259.23 8887.63 6900.41 6135.15 5077.76 4688.91 3081.88 1446.24 0 0 
0 0 0 0 0 0 0 0 0 0 723.121 1822.65 3173.93 3818.53 3173.93 1822.65 723.121 0 0 1259.23 3173.93 5527.05 6649.54 5527.05 3173.93 1259.23 0 0 0 0 0 0 0 0 0 0 0 0 0 0 0 0 0 0 0 0 1259.23 3173.93 5527.05 6649.54 5527.05 3173.93 1259.23 0 0 1259.23 3173.93 5527.05 7908.77 8700.98 8700.98 8631.89 7349.7 7070.99 6900.41 6347.87 5641.18 3897.06 1822.65 1446.24 1259.23 1514.97 1259.23 1982.35 3173.93 5527.05 6649.54 5527.05 3897.06 2518.47 1514.97 1259.23 723.121 0 0 0 
0 0 0 0 0 0 0 0 0 0 0 723.121 1259.23 1514.97 1259.23 723.121 0 0 0 723.121 1822.65 3173.93 3818.53 3173.93 1822.65 723.121 0 0 0 0 0 0 0 0 0 0 0 0 0 0 0 0 0 0 0 0 723.121 1822.65 3173.93 3818.53 3173.93 1822.65 723.121 0 0 723.121 1822.65 3173.93 4541.65 4996.58 4996.58 4541.65 3897.06 3081.88 2961.21 2518.47 2238.09 1259.23 723.121 0 0 0 0 723.121 1822.65 3173.93 3818.53 3173.93 1822.65 723.121 0 0 0 0 0 0 
0 0 0 0 0 0 0 0 0 0 0 0 0 0 0 0 0 0 0 0 723.121 1259.23 1514.97 1259.23 723.121 0 0 0 0 0 0 0 0 0 0 0 0 0 0 0 0 0 0 0 0 0 0 723.121 1259.23 1514.97 1259.23 723.121 0 0 0 0 723.121 1259.23 1514.97 1982.35 1982.35 1514.97 1259.23 723.121 0 0 0 0 0 0 0 0 0 0 723.121 1259.23 1514.97 1259.23 723.121 0 0 0 0 0 0 0 
0 0 0 0 0 0 0 0 0 0 0 0 0 0 0 0 0 0 0 0 0 0 0 0 0 0 0 0 0 0 0 0 0 0 0 0 0 0 0 0 0 0 0 0 0 0 0 0 0 0 0 0 0 0 0 0 0 0 0 0 0 0 0 0 0 0 0 0 0 0 0 0 0 0 0 0 0 0 0 0 0 0 0 0 0 0 
