0 0 0 0 0 0 0 0 0 0 0 0 0 0 0 0 0 0 0 0 0 0 0 0 0 0 0 0 0 0 0 0 0 0 723.121 1259.23 1514.97 1259.23 1138.38 0 0 0 0 0 0 0 0 0 0 0 0 0 0 0 0 0 0 0 0 0 0 0 0 0 0 0 415.256 0 0 0 0 0 0 0 0 0 0 0 0 0 0 0 0 0 0 0 
0 0 0 0 0 0 0 0 0 0 0 0 0 0 0 0 0 0 0 0 0 0 0 0 0 0 0 0 0 415.256 0 0 0 723.121 1822.65 3173.93 4541.65 4433.17 3337.62 1982.35 1138.38 0 0 0 0 0 0 0 0 0 0 0 415.256 0 0 0 0 0 0 415.256 0 0 0 0 723.121 1259.23 1514.97 1259.23 723.121 0 0 0 0 0 0 0 0 0 0 0 0 0 0 0 0 0 
0 0 0 0 0 0 0 0 0 0 0 0 0 0 0 0 0 0 0 0 0 0 0 0 0 0 0 723.121 1259.23 1514.97 1259.23 1138.38 0 1259.23 3173.93 6250.17 8472.19 8700.98 7715.59 5692.4 3337.62 1982.35 723.121 0 0 0 0 0 0 0 723.121 1259.23 1514.97 1674.49 723.121 0 0 723.121 1674.49 1514.97 1259.23 723.121 0 723.121 1822.65 3173.93 3818.53 3173.93 1822.65 723.121 0 0 0 0 0 0 0 0 0 0 0 0 0 0 0 0 
0 0 0 0 0 0 0 0 0 415.256 0 0 0 0 0 0 0 0 0 0 0 0 0 0 0 0 723.121 1822.65 3173.93 4541.65 4433.17 3337.62 2397.61 2238.09 3818.53 7908.77 11173.9 12899.7 12290.7 10216 6992.47 4433.17 1822.65 723.121 415.256 0 0 0 0 723.121 1822.65 3897.06 5077.76 4688.91 3081.88 1446.24 1446.24 3081.88 4688.91 5077.76 3897.06 1822.65 723.121 1259.23 3173.93 5527.05 6649.54 5527.05 3173.93 1259.23 0 0 0 0 0 0 0 0 0 0 0 0 0 0 0 0 
0 0 0 0 0 0 0 723.121 1259.23 1514.97 1259.23 723.121 0 0 0 0 0 0 0 415.256 0 0 0 0 0 0 1259.23 3173.93 6250.17 8472.19 8700.98 6992.47 4433.17 3081.88 4312.31 7042.02 10468.1 13435.8 14347.9 13435.8 10468.1 7042.02 3897.06 2518.47 1514.97 1259.23 723.121 0 0 1259.23 3897.06 7349.7 9823.47 9345.58 6347.87 3805 3805 6347.87 9345.58 9823.47 7349.7 3897.06 1674.49 1514.97 3818.53 6649.54 8000 6649.54 3818.53 1930.23 0 0 0 0 0 0 0 0 0 0 0 0 0 0 0 0 
0 0 0 0 0 0 723.121 1822.65 3173.93 3818.53 3173.93 1822.65 723.121 0 0 0 0 723.121 1259.23 1514.97 1259.23 723.121 0 0 0 415.256 1514.97 3818.53 7908.77 11173.9 12176.6 10468.1 7042.02 3897.06 3081.88 4433.17 7407.72 10216 12290.7 12899.7 11173.9 8631.89 5641.18 4688.91 3818.53 3173.93 1822.65 723.121 415.256 1514.97 5077.76 9823.47 13527 13299.1 9345.58 6363.39 5948.14 9345.58 13299.1 13527 9823.47 5077.76 1514.97 1259.23 3173.93 5527.05 6649.54 6250.17 4433.17 2774.2 1259.23 723.121 0 0 0 0 0 0 0 0 0 0 0 0 0 0 
0 0 0 0 0 0 1259.23 3173.93 5527.05 6649.54 5527.05 3173.93 1259.23 415.256 0 0 723.121 1822.65 3173.93 3818.53 3173.93 1822.65 723.121 0 0 0 1259.23 3589.19 7042.02 10468.1 12176.6 11173.9 7908.77 3818.53 2238.09 1982.35 3337.62 5692.4 7715.59 8700.98 8472.19 7509.4 6347.87 6786.28 6649.54 5527.05 3173.93 1259.23 0 1674.49 4688.91 9345.58 13299.1 13527 10238.7 6592.74 6592.74 9823.47 13527 13299.1 9345.58 4688.91 1259.23 723.121 1822.65 3589.19 4956.91 4996.58 4996.58 4541.65 3173.93 1822.65 723.121 0 0 0 415.256 0 415.256 0 0 0 0 0 0 0 
0 0 0 0 0 415.256 1514.97 3818.53 6649.54 8000 6649.54 4541.65 2774.2 1514.97 1259.23 723.121 1259.23 3173.93 5527.05 6649.54 5527.05 3173.93 1259.23 0 0 0 723.121 1822.65 4433.17 6992.47 8700.98 8472.19 6250.17 3173.93 1259.23 0 723.121 1982.35 3337.62 4433.17 4956.91 4688.91 5641.18 7372.66 8000 6649.54 3818.53 1514.97 0 723.121 3081.88 6763.13 9345.58 9823.47 7349.7 5156.29 5156.29 7349.7 9823.47 9345.58 6347.87 3081.88 723.121 723.121 2705.47 4033.44 5548.41 6415.52 6973.29 6649.54 5527.05 3173.93 1259.23 0 1138.38 1259.23 2238.09 2933.72 2238.09 1259.23 723.121 0 0 0 0 0 
0 0 0 0 0 0 1259.23 3173.93 5527.05 6649.54 6250.17 4996.58 4433.17 3818.53 3173.93 2237.9 2238.09 3818.53 6649.54 8000 6649.54 3818.53 1514.97 0 0 0 0 723.121 1982.35 3337.62 4433.17 4541.65 3173.93 1822.65 723.121 0 0 0 723.121 1259.23 1514.97 2518.47 3897.06 5527.05 6649.54 5527.05 3173.93 1259.23 0 723.121 2705.47 4596.85 5948.14 5800.89 3897.06 2545.77 2545.77 3897.06 5077.76 4688.91 3081.88 1446.24 723.121 2545.77 4996.58 7407.72 8507.44 8815.11 9195.31 8723.12 6649.54 3818.53 2238.09 1982.35 3337.62 5879.41 7623.53 7862.84 6900.41 4620.18 1822.65 723.121 0 0 0 0 
0 0 0 0 0 0 723.121 1822.65 3173.93 3818.53 4433.17 4996.58 6250.17 6649.54 5527.05 3173.93 2518.47 3173.93 5527.05 6649.54 5942.3 3173.93 1259.23 0 0 415.256 0 0 0 723.121 1259.23 1514.97 1259.23 723.121 0 0 0 0 0 0 0 723.121 1822.65 3173.93 3818.53 3173.93 1822.65 723.121 723.121 1822.65 3173.93 4541.65 4848.42 3337.62 1982.35 723.121 1138.38 1674.49 1514.97 1259.23 723.121 0 1259.23 4433.17 8700.98 12176.6 13435.8 11874.9 9960.22 7908.77 5527.05 3897.06 3081.88 4433.17 7715.59 11782.9 14820.1 16011 12997.4 8608.93 3897.06 1259.23 0 0 0 0 
0 0 0 0 0 0 0 723.121 1259.23 1930.23 2774.2 4541.65 6649.54 8000 6649.54 3818.53 2238.09 1822.65 3897.06 5077.76 4688.91 3081.88 1446.24 723.121 1259.23 1514.97 1259.23 723.121 0 0 0 0 0 0 0 0 0 0 0 0 0 0 723.121 1259.23 1514.97 1259.23 723.121 0 1259.23 3173.93 7080.68 7908.77 7457.27 4433.17 2705.47 1982.35 2774.2 2774.2 1982.35 723.121 0 415.256 1930.23 5333.5 10468.1 14649.5 15787.9 12290.7 8507.44 5333.5 3173.93 3081.88 4312.31 7042.02 12142.6 17588.6 21778.7 22722.8 18604.8 12476.8 5077.76 1514.97 0 0 0 0 
0 0 0 0 0 0 0 0 0 0 1259.23 3173.93 5527.05 6649.54 5527.05 3173.93 1259.23 1446.24 3081.88 4688.91 5077.76 3897.06 2961.02 2545.77 3173.93 3818.53 3173.93 1822.65 723.121 0 0 0 0 0 0 0 0 415.256 0 0 0 415.256 0 0 0 0 0 415.256 3376.47 7060.12 12225.3 14951.6 13429.3 8974.82 6606.51 5719.7 6992.47 6992.47 4996.58 2545.77 723.121 0 1259.23 4433.17 9424.1 13435.8 13691.6 11098.6 6415.52 2774.2 1674.49 2238.09 3818.53 8739.28 13412 19077 23465.5 25110.7 20906.2 13942.4 6671.26 1982.35 0 0 0 0 
0 0 0 0 0 415.256 0 0 0 0 723.121 1822.65 3173.93 3818.53 3173.93 1822.65 723.121 1259.23 3173.93 5527.05 7372.66 6786.28 5948.14 5692.4 6250.17 6649.54 5527.05 3589.19 1259.23 415.256 0 0 0 415.256 0 723.121 1259.23 1514.97 1259.23 1446.24 1259.23 1514.97 1259.23 723.121 830.511 0 723.121 2705.47 6419.5 12763.4 18883.8 21698.4 19640.4 14580.4 10689 10683.3 12176.6 12176.6 8700.98 4433.17 1259.23 0 723.121 3268.89 6819.23 10889.5 12070.2 9685.49 5627.65 2169.36 415.256 2397.61 4433.17 7765.14 12249.9 16495.1 20592.3 22728.8 19869.2 14063.5 7515.05 2545.77 723.121 0 0 0 
0 0 0 723.121 1259.23 1514.97 1259.23 723.121 0 0 0 723.121 1259.23 1514.97 1259.23 723.121 415.256 1514.97 3818.53 7372.66 9822.65 10238.7 9152.03 8507.44 8472.19 9446.24 7908.77 6056.62 4033.44 2238.09 1259.23 1446.24 1259.23 1514.97 1982.35 2545.77 3173.93 3818.53 3897.06 3645.3 3897.06 3818.53 4620.18 4341.11 3753.06 3241.59 3268.89 5692.4 11304.8 18824.9 25288.1 27772.3 24586.6 18447.9 13049.1 13242.3 14649.5 14649.5 10468.1 5333.5 1514.97 0 0 1982.35 5879.41 10123.9 12597.7 11327.9 7794.11 5064.23 4220.45 5735.23 6978.94 8130.84 9953.68 11897 15866.6 18234.1 17588.6 13550 8488.26 3589.19 1259.23 0 0 0 
0 0 723.121 1822.65 3173.93 3818.53 3173.93 1822.65 723.121 0 0 0 0 0 0 0 415.256 1674.49 3173.93 6786.28 9823.47 11054.1 11082.7 9960.22 9424.1 9731.42 9424.1 8815.11 7607.1 5641.18 4620.18 4060.55 3897.06 3818.53 4433.17 4996.58 6250.17 6649.54 6786.28 6347.87 6786.28 8095.78 9172.34 9521.8 8896.3 7607.1 7649.74 10003.2 14701.9 22323.5 27425.6 28249.9 23545.8 17188.9 11425.6 11890.4 12176.6 12176.6 8700.98 4433.17 1259.23 0 830.511 1514.97 5077.76 9823.47 13527 14022.2 11891.3 10408.6 10770.2 11681.4 12506 11177.7 9024.37 8745.48 10283.6 11983 13435.8 13035.4 9168.01 5333.5 2774.2 723.121 0 0 
0 0 1259.23 3173.93 5527.05 6649.54 5527.05 3173.93 1259.23 0 0 0 0 0 723.121 1982.35 2774.2 3497.32 4220.26 5412.03 7637.06 9823.47 10545.8 9195.31 8251.7 8507.44 9960.22 11646.1 11777.2 10546.6 9304.75 7862.84 8045.51 7787.92 7042.02 6992.47 7908.77 8415.26 8164.51 7637.06 8164.51 10518.5 12997.4 14872.6 15229.3 12569.1 10166.4 11686.5 14347.9 19686 22114.2 21270 16815.9 12665.7 8801.58 8493.91 8251.7 7715.59 4996.58 2961.02 1446.24 1259.23 1514.97 2933.72 5827.28 9345.58 13299.1 14786.3 14979.8 16016.7 18380.5 19813.7 18524.5 14255.8 9355.01 5641.18 5948.14 7715.59 10683.3 11809.8 10683.3 7715.59 4433.17 1822.65 723.121 0 
0 415.256 1514.97 3818.53 6649.54 8000 6649.54 3818.53 1514.97 0 0 0 415.256 723.121 2545.77 4996.58 6992.47 6992.47 5719.7 5064.23 5412.03 6786.28 7372.66 6665.42 5948.14 7007.99 9423.74 12541.7 14022.2 14056.4 12853.4 11455.6 11338.4 9822.65 8631.89 7407.72 7042.02 6649.54 6786.28 6347.87 7616.79 9679.48 13164.1 16473 17259.2 14558.3 10811 10003.2 10294.8 12598 13356.8 12040.3 9701.92 7702.06 6442.82 6524.01 5948.14 5319.97 3964.71 2961.21 3081.88 3897.06 4541.65 5156.29 6419.5 8330.22 10484 11753.7 13942.4 17539.1 22695.1 24473 21522.2 15157 8301.25 3897.06 3964.71 5160.27 8866.34 11534.1 11874.9 10294.8 6973.29 3173.93 1259.23 0 
0 0 1259.23 3173.93 5527.05 6649.54 5527.05 3173.93 1259.23 0 723.121 1259.23 1514.97 2518.47 5156.29 8700.98 12176.6 12176.6 8700.98 5156.29 3081.88 3173.93 3818.53 3173.93 3081.88 3897.06 6786.28 9823.47 12313.3 12997.4 13572.6 12997.4 12313.3 10546.6 8768.63 6511.55 5692.4 4541.65 3897.06 3645.3 3897.06 6337 9521.8 12876.7 14022.2 11777.2 8170.52 5692.4 5264.77 5692.4 5575.71 4500.82 4220.45 4433.17 6250.17 6649.54 6665.42 4996.58 4433.17 5077.76 6347.87 8072.82 9195.31 8700.98 8438.71 7515.05 6511.55 7475.37 9845.19 14342.2 20272.4 21999.2 18524.5 12070.2 5948.14 1822.65 1982.35 4312.31 8301.25 11983 13435.8 11897.1 7908.77 3818.53 1514.97 0 
0 0 723.121 1822.65 3173.93 3818.53 3173.93 1822.65 723.121 723.121 1822.65 3173.93 4233.79 5104.16 7156.15 11191.2 14649.5 14649.5 10468.1 5333.5 2238.09 1259.23 1514.97 1259.23 1446.24 1822.65 3897.06 6056.44 7862.84 9459.71 11269.7 11645.3 11269.7 9459.71 7862.84 6364.3 5156.29 3337.62 1982.35 1446.24 1259.23 2961.21 4904.53 7070.99 7637.06 6347.87 4368.42 2705.47 1514.97 1259.23 723.121 415.256 1514.97 3818.53 7372.66 9259.23 9423.74 8251.7 8180.4 8164.51 9345.58 11082.7 12433.2 12176.6 10468.1 7765.14 4433.17 3497.32 5064.23 8893.64 12519.5 14365.1 11782.9 7234.67 3241.59 1138.38 1514.97 3818.53 7908.77 11173.9 12176.6 10468.1 7042.02 3173.93 1259.23 0 
0 0 0 723.121 1259.23 1514.97 1259.23 723.121 0 1259.23 3173.93 5527.05 6649.54 6786.28 7607.1 9960.22 12176.6 12176.6 8700.98 4433.17 1259.23 0 0 0 0 723.121 1259.23 2238.09 3777.7 5412.03 6786.28 8095.78 8045.51 7862.84 8045.51 7372.66 5527.05 3173.93 1674.49 0 0 0 1446.24 2518.47 3029.94 2518.47 1446.24 0 0 0 0 0 1259.23 3897.06 7349.7 10238.7 10860.6 10166.4 9731.42 9982.35 10238.7 10860.6 11983 12176.6 11173.9 7908.77 3818.53 1514.97 1446.24 3805 5948.14 6592.74 5156.29 2545.77 723.121 0 1259.23 3173.93 6250.17 8472.19 8700.98 6992.47 4433.17 1822.65 723.121 0 
0 0 0 0 0 0 0 0 415.256 1514.97 3818.53 6649.54 8000 7372.66 6364.3 6511.55 6992.47 6992.47 4996.58 2545.77 723.121 0 0 0 0 0 0 0 723.121 1822.65 3173.93 4233.79 4688.91 5641.18 7372.66 8000 7372.66 5077.76 3029.94 1259.23 723.121 0 0 0 0 0 0 0 0 0 0 0 723.121 3081.88 6347.87 9345.58 11082.7 10523.6 9424.1 8631.89 7349.7 7607.1 8251.7 8700.98 8472.19 6250.17 3173.93 1259.23 0 723.121 1259.23 1514.97 1259.23 723.121 0 0 723.121 1822.65 3173.93 4541.65 4433.17 3337.62 1982.35 723.121 0 0 
0 0 0 0 0 0 0 0 0 1259.23 3173.93 5527.05 6649.54 5527.05 3897.06 3241.59 2774.2 2774.2 1982.35 723.121 0 0 0 0 0 0 0 0 0 723.121 1259.23 1514.97 2518.47 3897.06 5527.05 7372.66 7349.7 6347.87 5077.76 3173.93 1822.65 723.121 0 0 0 0 0 0 0 0 0 0 415.256 2238.09 5077.76 8164.51 9982.35 9195.31 6992.47 5333.5 3897.06 3805 4060.74 4433.17 4541.65 3173.93 1822.65 723.121 0 0 0 0 0 0 0 0 0 723.121 1259.23 1514.97 1259.23 723.121 0 0 0 0 
0 0 0 0 0 0 0 0 0 723.121 1822.65 3173.93 3818.53 3173.93 1822.65 723.121 0 0 0 0 0 0 0 0 0 0 0 0 0 0 0 0 723.121 1822.65 3173.93 5077.76 6347.87 7349.7 7372.66 5527.05 3173.93 1259.23 0 0 0 0 0 0 0 0 0 0 0 1259.23 3173.93 5527.05 6649.54 6250.17 4433.17 2774.2 1259.23 723.121 723.121 1259.23 1514.97 1259.23 723.121 0 0 0 0 0 0 0 0 0 0 0 0 0 0 0 0 0 0 0 
0 0 0 0 0 0 0 0 0 0 723.121 1259.23 1514.97 1259.23 723.121 0 0 0 0 0 0 0 0 0 0 0 0 0 0 0 0 0 0 723.121 1674.49 3029.94 5077.76 7372.66 8000 6649.54 3818.53 1514.97 0 0 0 0 0 0 0 0 0 0 0 723.121 1822.65 3173.93 3818.53 3173.93 1822.65 723.121 0 0 0 0 0 0 0 0 0 0 0 0 0 0 0 0 0 0 0 0 0 0 0 0 0 0 
0 0 0 0 0 0 0 0 0 0 0 0 0 0 0 0 0 0 0 0 0 0 0 0 0 0 0 0 0 0 0 0 0 0 0 1259.23 3173.93 5527.05 6649.54 5527.05 3173.93 1259.23 0 0 0 0 0 0 0 0 0 0 0 0 723.121 1259.23 1514.97 1259.23 723.121 0 0 0 0 0 0 0 0 0 0 0 0 0 0 0 0 0 0 0 0 0 0 0 0 0 0 0 
0 0 0 0 0 0 0 0 0 0 0 0 0 0 0 0 0 0 0 0 0 0 0 0 0 0 0 0 0 0 0 0 0 0 0 723.121 1822.65 3173.93 3818.53 3173.93 1822.65 723.121 0 0 0 0 0 0 0 0 0 0 0 0 0 0 0 0 0 0 0 0 0 0 0 0 0 0 0 0 0 0 0 0 0 0 0 0 0 0 0 0 0 0 0 0 
0 0 0 0 0 0 0 0 0 0 0 0 0 0 0 0 0 0 0 0 0 0 0 0 0 0 0 0 0 0 0 0 0 0 0 0 0 0 0 0 0 0 0 0 0 0 0 0 0 0 0 0 0 0 0 0 0 0 0 0 0 0 0 0 0 0 0 0 0 0 0 0 0 0 0 0 0 0 0 0 0 0 0 0 0 0 
