0 0 0 0 0 0 0 0 0 0 415.256 0 0 0 0 415.256 723.121 1259.23 1514.97 1259.23 723.121 723.121 1259.23 1514.97 1259.23 723.121 0 415.256 0 0 0 0 0 0 0 0 0 0 0 0 0 0 0 0 0 0 0 0 0 0 0 0 0 0 0 0 0 0 0 0 0 0 0 415.256 0 0 0 0 0 0 0 0 0 0 0 0 0 0 0 0 0 0 0 0 0 0 
0 0 0 0 0 0 0 0 723.121 1259.23 1514.97 1259.23 723.121 723.121 1259.23 2238.09 3081.88 3897.06 3818.53 3173.93 2545.77 2545.77 3173.93 3818.53 3173.93 2545.77 1982.35 1514.97 1259.23 723.121 0 0 0 0 0 0 0 0 0 0 0 0 0 0 0 0 0 0 0 0 0 0 0 0 0 0 415.256 0 0 0 0 723.121 1259.23 1514.97 1259.23 723.121 0 0 0 0 0 0 0 0 0 0 0 0 0 0 0 0 0 0 0 0 
0 0 0 0 0 0 0 723.121 1822.65 3173.93 3818.53 3173.93 2545.77 2545.77 3173.93 5493.02 6347.87 7349.7 7372.66 5527.05 4433.17 5263.68 5527.05 6649.54 6250.17 4996.58 4433.17 3818.53 3173.93 1822.65 723.121 0 0 0 0 0 0 0 0 0 0 0 0 0 0 0 0 0 0 0 0 0 0 0 723.121 1259.23 1514.97 1259.23 723.121 0 723.121 2237.9 3173.93 3818.53 3173.93 1822.65 723.121 0 0 0 0 0 0 0 0 0 0 0 0 0 0 0 0 0 0 0 
0 0 0 0 0 0 0 1259.23 3173.93 5942.3 6649.54 5527.05 4433.17 5156.29 7201.54 9679.48 10604.8 10546.6 9674.49 8511.04 7851.97 8363.45 9168.01 9446.24 7908.77 6992.47 7042.02 6649.54 5527.05 3173.93 1259.23 0 0 0 0 0 0 0 415.256 0 0 0 0 0 0 0 415.256 415.256 0 0 0 0 0 723.121 1822.65 3173.93 3818.53 3173.93 1822.65 1446.24 2518.47 4688.91 6786.28 7372.66 5942.3 3173.93 1259.23 0 415.256 0 0 0 0 415.256 0 0 0 0 0 0 0 0 0 0 0 0 
0 0 0 0 0 0 415.256 2238.09 5077.76 8164.51 9674.49 7787.92 6056.62 7156.15 10238.7 13077.8 13720.5 12427.5 11848.8 10431.6 11504.2 12070.2 11874.9 10710.1 8488.26 6992.47 7908.77 8000 6649.54 3818.53 1514.97 0 0 0 0 0 723.121 1259.23 1514.97 1259.23 723.121 0 0 0 1138.38 1982.35 2774.2 2774.2 1982.35 723.121 0 0 0 1259.23 3173.93 5527.05 6649.54 5527.05 3897.06 3497.14 4688.91 7637.06 10546.6 11081.9 8887.63 5077.76 2961.21 1259.23 1514.97 1259.23 723.121 723.121 1259.23 1514.97 1259.23 723.121 0 0 0 0 0 0 415.256 0 0 0 
0 0 0 0 0 0 723.121 3081.88 7070.99 10604.8 11338.4 8608.93 7861.76 9281.59 12569.1 16004.6 15422.5 12695.7 13089.3 12695.7 15422.5 16568 14228 10166.4 6951.63 4996.58 6250.17 6649.54 5527.05 3173.93 1259.23 0 0 0 0 723.121 1822.65 3589.19 3818.53 3173.93 2237.9 1138.38 723.121 1982.35 4060.74 6255.82 7715.59 6992.47 4996.58 2545.77 723.121 415.256 415.256 1514.97 3818.53 6649.54 8000 6649.54 5077.76 4688.91 6786.28 10961.9 12876.7 12997.4 10604.8 7070.99 4904.53 3897.06 3818.53 3173.93 2545.77 2545.77 3589.19 3818.53 3173.93 1822.65 723.121 0 0 0 723.121 1259.23 1514.97 1259.23 723.121 0 
0 0 0 0 0 0 1259.23 4620.18 9172.34 12997.4 13164.1 11383.3 10224.5 11776.3 14901.2 16974.8 16266.3 15240.3 14947.5 15682.6 17919.3 17982.4 14558.3 9152.03 5012.3 2545.77 3173.93 3818.53 3173.93 1822.65 723.121 0 0 0 0 1982.35 4433.17 7042.02 8631.89 8232.52 5948.14 4756.56 3805 5156.29 8251.7 12290.2 13999.2 12899.7 8700.98 5156.29 2518.47 1514.97 1259.23 1982.35 3173.93 5527.05 6649.54 5942.3 4688.91 5800.89 8631.89 12596.9 14256.6 13887.2 11338.4 8608.93 7070.99 7201.54 6649.54 5527.05 5156.29 5692.4 7042.02 7908.77 6250.17 3173.93 1259.23 0 0 723.121 1822.65 3173.93 3818.53 3173.93 1822.65 0 
0 0 0 0 0 415.256 1514.97 5077.76 10546.6 14786.3 15537.2 14101.9 13019.1 14501.9 17025 17752.3 16324.5 14979.8 15596.2 16586.6 16695.3 15537.2 11054.1 6347.87 2518.47 723.121 1259.23 1514.97 1259.23 1138.38 0 0 0 0 1138.38 3337.62 6992.47 11191.2 13719.7 13468.8 11534.1 9766.67 8585.77 10726.2 13965.4 17510.1 19082.7 16631.9 11191.2 7156.15 4688.91 3818.53 3173.93 2545.77 2545.77 3173.93 3818.53 3173.93 3805 5719.7 9116.24 12706.2 13778.7 13161.1 11656.8 9610.75 8896.3 9679.48 9259.23 8511.04 7156.15 8507.44 10468.1 11173.9 8472.19 4956.91 1514.97 0 0 1259.23 3173.93 5527.05 6649.54 5527.05 3173.93 0 
0 0 0 0 0 0 1674.49 4688.91 9760.83 14022.2 16460.8 16442.6 16405.7 17359.8 16701 16160.5 14599.6 15114.8 17142.9 16214.4 13955 11293.9 6347.87 3645.3 1446.24 415.256 0 723.121 1259.23 1514.97 1259.23 723.121 0 0 1259.23 4433.17 8700.98 13435.8 16609.8 17817.2 17025 14950.8 13242.6 14164.6 16866.3 19169.1 19169.1 15514.2 10683.3 7607.1 6786.28 6649.54 5527.05 3173.93 1982.35 1259.23 1514.97 1259.23 2705.47 4996.58 8700.98 11727.3 11874.9 10523.6 9355.01 8608.93 9521.8 10604.8 9823.47 8608.93 8330.22 9960.22 12176.6 12899.7 10375.5 5948.14 2518.47 723.121 830.511 1514.97 3818.53 7064.8 8000 6649.54 3818.53 0 
0 0 0 0 0 0 1446.24 4341.11 8585.96 13565.8 16494.7 17761 18569 18055.2 15696.7 13098.6 13035.6 14887.7 16507.4 17070.6 13315.9 8605.65 4500.82 2892.48 1259.23 1514.97 1982.35 2545.77 3173.93 3818.53 3173.93 1822.65 723.121 415.256 1514.97 4541.65 8887.44 13827.3 17060.8 18975.5 19246.4 17355 14901.2 14757.6 16237.3 17173.2 15693.4 11840.9 7770.79 6364.3 7372.66 8000 6649.54 3818.53 1514.97 0 0 415.256 1514.97 4956.91 7908.77 10238.1 9731.42 7715.59 6592.74 7070.99 9172.34 10546.6 9760.83 7862.84 7623.53 9195.31 12620.2 13550 11681.4 8415.38 5343.3 3081.88 2238.09 3241.59 5156.29 7042.02 7908.77 6250.17 3173.93 0 
0 0 0 0 0 723.121 1822.65 4620.18 9298.02 12859.4 17583.7 20244.5 19803.6 16802.4 12051.1 8330.22 10060.8 13857.3 18233.2 18432.4 14420.7 8974.82 5156.29 3645.3 3897.06 3818.53 4433.17 4996.58 6250.17 6649.54 5527.05 3173.93 1259.23 0 1259.23 3173.93 6973.29 10990.7 14649.1 16952.7 17332.9 15137.6 12761.7 11425.6 12865.7 13156.3 11246.4 7315.86 4756.56 3897.06 5527.05 6649.54 5527.05 3173.93 1259.23 0 0 723.121 2518.47 4688.91 6786.28 7372.66 6250.17 4848.42 4289.18 5077.76 8095.78 9259.23 8164.51 6337 5412.03 6973.29 10990.7 13805.1 13778.7 12528.9 9172.34 7070.99 5800.89 5719.7 6819.23 7715.59 6992.47 4996.58 2545.77 0 
0 0 0 0 0 1259.23 3897.06 7201.54 11661.8 15761.1 20857.5 23423.8 22130.3 16503.4 10008.9 6202.61 7957.8 12519.5 18376.8 20290.2 17173.2 12450.4 8301.25 6347.87 6786.28 7480.05 7042.02 6992.47 7908.77 8000 6649.54 3818.53 1514.97 830.511 723.121 1822.65 4433.17 7715.59 11246.8 13468.8 13242.6 10166.4 8961.29 8238.17 9280.11 9168.01 6973.29 3173.93 1982.35 1822.65 3173.93 3818.53 3173.93 1822.65 723.121 0 723.121 1822.65 3897.06 5641.18 6347.87 5641.18 3897.06 2237.9 1982.35 3173.93 5527.05 6649.54 5527.05 3897.06 3081.88 5571.54 9766.67 14034.5 16381 16232.5 12997.4 10604.8 9423.74 8700.98 9424.1 9168.01 7042.02 4433.17 1982.35 0 
0 0 0 0 415.256 2238.09 5641.18 10238.7 14592.7 18798.3 22814.3 26311.7 23903.9 17208.4 9445.28 4220.45 5800.89 12221.1 17816.2 19891.8 17977.5 13827.3 9839 8360.18 9423.74 9514.97 9168.01 7715.59 7042.02 6649.54 5527.05 4620.18 3777.7 3029.94 2518.47 2999.87 2774.2 5333.5 8631.89 10705.5 9423.74 7315.86 6043.09 5719.7 6992.47 6992.47 4996.58 2545.77 723.121 723.121 1259.23 1514.97 1259.23 723.121 0 0 1259.23 3173.93 5527.05 7372.66 6786.28 5412.03 3777.7 2238.09 1982.35 2545.77 3173.93 4233.79 3173.93 1822.65 2584.62 4596.85 9766.67 14901.2 18254.6 16636.7 13887.2 11753.7 10774.2 10468.1 10468.1 9514.97 6649.54 3818.53 1514.97 0 
0 0 0 0 0 2518.47 6347.87 11054.1 15696.7 18824.9 22456.6 25163.1 23350.5 17588.4 8974.82 4033.44 5035.43 9172.34 14256.6 16338 15772 12813.3 10470.6 9429.75 10683.3 10468.1 9424.1 6819.23 5156.29 3818.53 4620.18 5467.94 7070.99 8360.18 7607.1 5160.27 3964.71 4312.31 5527.05 6649.54 5527.05 4433.17 4848.42 6250.17 7908.77 7042.02 4433.17 1982.35 0 415.256 0 0 0 0 0 415.256 1514.97 3818.53 6649.54 8000 7372.66 5641.18 4688.91 4233.79 3173.93 3268.89 3656.84 3029.94 2518.47 1446.24 1259.23 4433.17 10147.2 15258.5 16865.5 15038 11504.2 8608.93 8631.89 8700.98 8700.98 7908.77 5527.05 3173.93 1259.23 0 
0 0 0 0 415.256 2653.35 5641.18 9823.47 13680 16402.7 18581.8 21730.5 21065.1 16237.3 9697.94 5479.68 4596.85 8330.22 12051.1 13884.2 13605.5 11612.6 10234.1 9993.17 11662 11191.2 8700.98 5719.7 3241.59 1514.97 3777.7 7070.99 11777.2 15121.7 14228 10889.5 7674.75 5160.27 5156.29 4541.65 4312.31 4596.85 6471.88 7908.77 8723.12 6649.54 3818.53 2238.09 1259.23 1514.97 1259.23 723.121 0 0 0 0 1259.23 3173.93 5527.05 6649.54 6786.28 7070.99 8045.51 8164.51 8232.52 6978.94 5948.14 5077.76 4312.31 2237.9 2238.09 5264.77 10294.8 15071 15545.8 12404.5 8242.15 5343.3 4541.65 4996.58 4996.58 4541.65 3173.93 1822.65 723.121 0 
0 0 0 723.121 1259.23 2774.2 5156.29 8232.52 9987.16 12665.7 14694.5 16471.8 16723.9 14688.9 9993.17 7394.19 6779.74 8251.7 9987.16 11964.7 12221.1 11275.8 11661.8 12051.1 12597.7 12033.4 8631.89 4541.65 1514.97 830.511 3029.94 7637.06 14558.3 19173.9 19549.2 16109.3 11730.9 7715.59 5692.4 4060.74 4528.12 6415.52 8507.44 9960.22 9195.31 6250.17 3897.06 3081.88 3173.93 3818.53 3173.93 1822.65 723.121 0 0 0 723.121 1822.65 3173.93 4233.79 5412.03 7463.83 10546.6 12541.7 12905.4 11989 12306.8 11082.7 8864.67 5156.29 3241.59 4433.17 9424.1 13435.8 13691.6 9960.22 5879.41 2518.47 1514.97 1982.35 1982.35 1514.97 1259.23 723.121 0 0 
0 0 723.121 1822.65 3173.93 4541.65 4996.58 6255.82 7715.59 9424.1 12277.2 13857.3 14034.5 13601.2 11246.8 9424.1 9168.01 8700.98 9839.36 10683 10860.6 11805.8 13064.2 12997.4 13164.1 11338.4 7349.7 3897.06 1259.23 0 2518.47 6763.13 12569.1 17117.6 18962.9 17521.8 14695.1 10468.1 7042.02 5156.29 6255.82 9424.1 12290.7 11874.9 8815.11 5156.29 3081.88 3897.06 5527.05 6649.54 5527.05 3173.93 1259.23 0 0 0 0 723.121 1259.23 1514.97 3777.7 7070.99 11054.1 14973.6 15743 16416.6 17640.2 16701 13642 8251.7 4476 4060.74 6992.47 10468.1 11173.9 8472.19 4541.65 1514.97 0 0 0 0 0 0 0 0 
0 0 1259.23 3173.93 5527.05 6649.54 6665.42 5948.14 6592.74 8324.03 10961.2 11727.3 12398.3 12289.2 11191.2 10468.1 10238.1 9195.31 8815.11 9766.67 10166.4 11782.9 13092.4 13599.9 12997.4 10604.8 6347.87 3081.88 723.121 0 1446.24 3645.3 7607.1 11226.3 13389.9 14113.4 13622.8 11173.9 8324.03 6592.74 8507.44 12176.6 15372.7 13435.8 8507.44 4448.69 2238.09 3818.53 6649.54 8000 6649.54 3818.53 1514.97 0 0 0 0 0 0 415.256 2238.09 5641.18 10238.7 13333.5 14901.2 16723.9 18939.1 18826.1 15995.1 10216 4433.17 3241.59 4433.17 7042.02 7908.77 6250.17 3173.93 1259.23 0 0 0 0 0 0 0 0 
0 415.256 1514.97 3818.53 6649.54 8000 6649.54 5077.76 4688.91 5527.05 7908.77 8700.98 8700.98 9168.01 8700.98 8700.98 7908.77 7509.4 7607.1 9024.37 10146.7 10939.1 10811 11805.8 11081.9 8887.63 5077.76 2238.09 0 0 0 1446.24 3241.59 4852.59 6951.63 8438.71 8700.98 8472.19 6665.42 5948.14 8251.7 12176.6 14649.5 12176.6 6992.47 2774.2 1259.23 3173.93 5527.05 6649.54 5527.05 3173.93 1259.23 0 415.256 0 0 0 0 0 1259.23 3897.06 6786.28 9423.74 11098.6 12761.7 14901.2 15995.1 14347.9 9731.42 4541.65 2238.09 1822.65 3173.93 3818.53 3173.93 1822.65 723.121 0 0 0 0 0 0 0 0 
0 0 1259.23 3173.93 5527.05 6649.54 5527.05 3897.06 3081.88 3173.93 4541.65 4996.58 4996.58 5264.77 4996.58 4996.58 4956.91 4688.91 5641.18 7372.66 8723.12 9168.01 8507.44 8301.25 7372.66 5527.05 3173.93 1259.23 0 0 0 0 0 723.121 1982.35 3337.62 4433.17 4541.65 3173.93 3805 5719.7 8700.98 10468.1 8700.98 4996.58 1982.35 723.121 1822.65 3173.93 3818.53 3173.93 1822.65 1446.24 1259.23 1514.97 1259.23 723.121 0 0 0 723.121 1822.65 3173.93 4541.65 4996.58 6978.94 8974.82 10216 9731.42 6973.29 3173.93 1259.23 723.121 1259.23 1514.97 1259.23 723.121 0 0 0 0 0 0 0 0 0 
0 0 723.121 1822.65 3173.93 3818.53 3173.93 1822.65 1446.24 1259.23 1514.97 1982.35 1982.35 1514.97 1982.35 1982.35 1514.97 2518.47 3897.06 5527.05 6649.54 6250.17 4996.58 4433.17 3818.53 3173.93 1822.65 723.121 0 0 0 0 0 0 0 723.121 1259.23 1514.97 1259.23 1446.24 2545.77 4433.17 5333.5 4433.17 2545.77 723.121 0 723.121 1259.23 1514.97 1259.23 1446.24 1822.65 3173.93 3818.53 3173.93 1822.65 723.121 0 0 0 723.121 1259.23 1514.97 1982.35 2705.47 3337.62 4433.17 4541.65 3173.93 1822.65 723.121 0 0 0 0 0 0 0 0 0 0 0 0 0 0 
0 0 0 723.121 1259.23 1514.97 1259.23 723.121 0 0 0 0 0 0 0 0 0 723.121 1822.65 3173.93 3818.53 3173.93 2545.77 1982.35 1514.97 1259.23 723.121 0 0 0 0 0 0 0 0 0 0 0 0 0 723.121 1259.23 1514.97 1259.23 723.121 0 0 0 0 0 0 1259.23 3173.93 5527.05 6649.54 5527.05 3173.93 1259.23 0 0 0 0 0 0 0 0 723.121 1259.23 1514.97 1259.23 723.121 0 0 0 0 0 0 0 0 0 0 0 0 0 0 0 
0 0 0 0 0 0 0 0 0 0 0 0 0 0 0 0 0 0 723.121 1259.23 1514.97 1259.23 723.121 0 0 0 0 0 0 0 0 0 0 0 0 0 0 0 0 0 0 0 0 0 0 0 0 0 0 0 415.256 1514.97 3818.53 6649.54 8000 6649.54 3818.53 1514.97 0 0 0 0 0 0 0 0 0 0 0 0 0 0 0 0 0 0 0 0 0 0 0 0 0 0 0 0 
0 0 0 0 0 0 0 0 0 0 0 0 0 0 0 0 0 0 0 0 0 0 0 0 0 0 0 0 0 0 0 0 0 0 0 0 0 0 0 0 0 0 0 0 0 0 0 0 0 0 0 1259.23 3173.93 5527.05 6649.54 5527.05 3173.93 1259.23 0 0 0 0 0 0 0 0 0 0 0 0 0 0 0 0 0 0 0 0 0 0 0 0 0 0 0 0 
0 0 0 0 0 0 0 0 0 0 0 0 0 0 0 0 0 0 0 0 0 0 0 0 0 0 0 0 0 0 0 0 0 0 0 0 0 0 0 0 0 0 0 0 0 0 0 0 0 0 0 723.121 1822.65 3173.93 3818.53 3173.93 1822.65 723.121 0 0 0 0 0 0 0 0 0 0 0 0 0 0 0 0 0 0 0 0 0 0 0 0 0 0 0 0 
0 0 0 0 0 0 0 0 0 0 0 0 0 0 0 0 0 0 0 0 0 0 0 0 0 0 0 0 0 0 0 0 0 0 0 0 0 0 0 0 0 0 0 0 0 0 0 0 0 0 0 0 723.121 1259.23 1514.97 1259.23 723.121 0 0 0 0 0 0 0 0 0 0 0 0 0 0 0 0 0 0 0 0 0 0 0 0 0 0 0 0 0 
0 0 0 0 0 0 0 0 0 0 0 0 0 0 0 0 0 0 0 0 0 0 0 0 0 0 0 0 0 0 0 0 0 0 0 0 0 0 0 0 0 0 0 0 0 0 0 0 0 0 0 0 0 0 0 0 0 0 0 0 0 0 0 0 0 0 0 0 0 0 0 0 0 0 0 0 0 0 0 0 0 0 0 0 0 0 
