0 0 0 0 0 0 0 0 0 0 0 0 0 0 0 0 0 0 0 0 0 0 0 415.256 0 0 0 0 0 0 0 0 0 723.121 1259.23 1514.97 1259.23 723.121 0 0 0 0 0 0 0 0 0 0 0 0 0 0 0 0 0 0 0 0 0 0 0 0 0 0 0 415.256 0 0 0 0 0 0 0 0 0 0 0 0 0 0 0 0 0 0 0 0 
0 0 0 0 0 0 0 0 0 0 0 0 0 0 0 0 0 0 0 0 0 723.121 1259.23 1514.97 1259.23 723.121 0 0 0 0 0 0 723.121 1822.65 3173.93 3818.53 3173.93 1822.65 723.121 0 0 0 0 0 0 0 0 0 0 0 0 0 0 0 0 0 0 0 0 0 0 0 0 723.121 1259.23 1930.23 1259.23 723.121 0 0 0 0 0 0 0 0 0 0 0 0 0 0 0 0 0 0 
0 0 0 0 0 0 0 0 0 0 0 0 0 0 0 0 0 0 0 0 723.121 1822.65 3173.93 3818.53 3173.93 1822.65 723.121 0 0 0 415.256 0 1259.23 3173.93 5527.05 7064.8 5527.05 3173.93 1259.23 0 0 0 0 0 0 0 0 0 0 0 0 0 0 0 0 0 415.256 0 0 0 0 0 723.121 2545.77 4433.17 5333.5 4433.17 2545.77 723.121 0 0 0 415.256 0 0 0 0 415.256 0 0 0 0 0 0 0 0 
0 0 0 0 0 0 0 0 0 0 0 0 0 0 0 0 0 0 0 0 1259.23 3173.93 5527.05 6649.54 5942.3 3173.93 1259.23 0 723.121 1259.23 1514.97 1674.49 2238.09 4541.65 7908.77 9514.97 7908.77 4541.65 1514.97 0 415.256 0 0 0 0 0 0 0 0 0 0 0 0 0 723.121 1259.23 1514.97 1259.23 723.121 0 0 0 1982.35 4996.58 8700.98 10468.1 8700.98 5411.84 1982.35 0 723.121 1259.23 1514.97 1259.23 723.121 723.121 1259.23 1514.97 1259.23 723.121 0 0 0 0 0 0 
0 0 0 0 0 0 0 0 0 0 0 0 0 0 0 0 0 0 0 415.256 1514.97 4233.79 7372.66 9259.23 8164.51 5077.76 2238.09 723.121 1822.65 3173.93 3818.53 3173.93 3805 5719.7 8700.98 10468.1 9116.24 4996.58 2705.47 1259.23 1514.97 1259.23 723.121 0 0 0 0 0 0 0 0 0 0 723.121 1822.65 3173.93 3818.53 3173.93 1822.65 723.121 0 415.256 2774.2 6992.47 12176.6 15372.7 13435.8 8507.44 4033.44 1446.24 1822.65 3173.93 3818.53 3173.93 2545.77 2545.77 3173.93 3818.53 3173.93 1822.65 723.121 0 0 0 0 0 
0 0 0 0 0 0 0 0 415.256 0 0 0 0 0 0 415.256 0 0 0 723.121 2518.47 5827.28 8608.93 10546.6 9345.58 6347.87 3081.88 2397.61 3173.93 5527.05 6649.54 5527.05 5156.29 6255.82 9424.1 11727.3 10216 6978.94 4528.12 3173.93 3818.53 3173.93 1822.65 1138.38 0 0 0 0 0 0 0 0 0 1674.49 3173.93 5527.05 6649.54 5527.05 3173.93 1259.23 0 415.256 2774.2 6992.47 12899.7 16472.2 15350.5 10811 5948.14 3081.88 3897.06 5527.05 6649.54 5527.05 4433.17 4433.17 5527.05 6649.54 5527.05 3173.93 1259.23 0 0 0 0 0 
0 0 0 0 0 0 723.121 1259.23 1514.97 1259.23 723.121 0 0 723.121 1259.23 1514.97 1259.23 723.121 723.121 2545.77 5156.29 8415.38 10781 11891.3 10546.6 8072.82 5571.54 4289.18 5077.76 7372.66 8415.26 7064.8 5333.5 6779.74 9731.42 12688.9 11727.3 8974.82 6511.55 6250.17 6649.54 6250.17 4433.17 2774.2 1259.23 723.121 0 0 0 0 0 723.121 1674.49 3029.94 5077.76 7372.66 8000 6649.54 4233.79 1514.97 0 0 1982.35 4996.58 9960.22 13642 14228 11646.1 7924.66 4688.91 5077.76 6649.54 8000 7064.8 5333.5 5333.5 7064.8 8000 6649.54 3818.53 1514.97 0 0 0 0 0 
0 0 0 0 0 723.121 1822.65 3173.93 3818.53 3173.93 1822.65 723.121 723.121 1822.65 3173.93 3818.53 3173.93 1822.65 2705.47 4996.58 9116.24 12706.2 13778.7 13161.1 11964.7 9195.31 6992.47 7007.99 7070.99 8608.93 8887.63 6786.28 5156.29 5692.4 8700.98 12176.6 12591.8 10216 8251.7 7908.77 8723.12 8472.19 6992.47 5333.5 3173.93 1822.65 723.121 0 415.256 0 723.121 1822.65 3173.93 5077.76 6763.13 7349.7 8095.78 6786.28 4688.91 2518.47 723.121 0 723.121 2961.02 5948.14 9152.03 11082.7 10545.8 7372.66 5077.76 4688.91 5527.05 6649.54 5527.05 5156.29 5692.4 7457.27 7908.77 6250.17 3173.93 1259.23 0 0 0 0 0 
0 0 0 0 0 1259.23 3173.93 5527.05 6649.54 5527.05 3173.93 1259.23 1259.23 3173.93 5527.05 6649.54 5527.05 3589.19 4033.44 6992.47 12176.6 15908.8 15350.5 12519.5 11098.2 9424.1 9960.22 10870 10431.6 10244.9 8896.3 6347.87 4783.67 4783.86 6992.47 10468.1 11173.9 9731.42 7715.59 7042.02 7908.77 8700.98 8700.98 7908.77 5527.05 3173.93 2397.61 1259.23 1514.97 1259.23 1982.35 3589.19 6250.17 8631.89 8864.67 8745.48 7623.53 6347.87 5641.18 3897.06 1822.65 723.121 0 1138.38 2933.72 4688.91 6786.28 7372.66 5527.05 4312.31 3081.88 3173.93 3818.53 3897.06 5091.54 6978.94 8507.44 8251.7 5719.7 2545.77 723.121 0 0 0 0 0 
0 0 0 415.256 415.256 1514.97 3818.53 6649.54 8000 6649.54 3818.53 1930.23 1930.23 3818.53 6649.54 8000 6649.54 4233.79 4289.18 6992.47 12176.6 15787.9 14722.4 11840.9 10345.8 10074.3 12369.2 13800.9 13720.5 12427.5 10402.6 6786.28 3897.06 3241.59 4433.17 7042.02 7908.77 6973.29 4996.58 4848.42 5333.5 6992.47 8472.19 8723.12 7372.66 5800.89 4852.59 4433.17 4541.65 4312.31 4596.85 6779.74 9731.42 12620.2 12450.4 11025.9 9285.76 8232.52 7372.66 5527.05 3173.93 1982.35 1982.35 2774.2 3497.32 3805 3897.06 4541.65 4433.17 3337.62 2705.47 2397.61 1514.97 3241.59 5719.7 9424.1 11727.3 10216 6255.82 2705.47 0 0 0 0 0 0 
0 723.121 1259.23 1514.97 1259.23 1982.35 3173.93 5527.05 6649.54 5527.05 3897.06 2518.47 2774.2 4433.17 6250.17 6649.54 5527.05 3173.93 3241.59 5719.7 9960.22 12706.2 12506 10152.9 9834.32 10781 14015.1 15537.2 14872.6 12997.4 10518.5 6649.54 3818.53 2238.09 1822.65 3173.93 3818.53 3173.93 2545.77 1982.35 2774.2 4433.17 6250.17 7372.66 7349.7 7607.1 8251.7 8700.98 9195.31 8072.82 7607.1 9510.93 12598 15821.9 16904.2 14034.5 11425.6 9731.42 8723.12 6649.54 4541.65 4060.74 4996.58 6992.47 6992.47 5719.7 4528.12 4476 4433.17 5264.77 4433.17 3337.62 2397.61 3497.32 6992.47 12176.6 14649.5 12591.8 6992.47 2774.2 0 0 0 0 0 0 
723.121 1822.65 3173.93 3818.53 3173.93 2545.77 2545.77 3173.93 3818.53 3897.06 3645.3 4312.31 4541.65 4996.58 5411.84 4541.65 3173.93 1822.65 2169.36 4368.42 7607.1 10411.3 10781 10310.7 10333.9 11168.2 12997.4 14752.3 12997.4 11168.2 8887.63 5527.05 3589.19 1259.23 723.121 1259.23 1514.97 1259.23 723.121 0 723.121 1822.65 3173.93 5077.76 6763.13 8864.67 11191.2 12176.6 12433.2 11082.7 10484 11917.4 14501.9 18075.2 19475.2 17640.2 13965.8 10216 7908.77 5527.05 4848.42 5692.4 8700.98 12591.8 12176.6 9424.1 6951.63 5948.14 7924.66 9195.31 8700.98 7407.72 4848.42 4596.85 8130.84 12899.7 15908.8 13691.6 8251.7 3497.32 0 0 0 0 0 0 
1259.23 3173.93 5527.05 6649.54 5527.05 3173.93 1982.35 1259.23 1514.97 3241.59 5156.29 7042.02 8631.89 8232.52 5948.14 4033.44 1982.35 723.121 1259.23 3897.06 7201.54 9679.48 10604.8 10546.6 10518.5 11269.7 11864 11917.6 9868.16 7794.11 5800.89 4433.17 3337.62 1982.35 723.121 0 0 0 0 0 0 723.121 1674.49 3029.94 5493.02 8631.89 11173.9 12591.8 11983 11583.7 11082.7 13894.9 15679.6 18576.1 19891.8 18147.2 13468.8 8974.82 6056.62 4848.42 5267.85 8038.98 12450.4 16164.5 16631.9 13429.1 10745.5 10411.3 12597.7 15394.2 14882.1 11983 9024.37 7138.64 8493.91 11782.9 14365.1 12519.5 8170.52 3805 723.121 0 0 0 0 0 
1514.97 3818.53 6649.54 8000 6649.54 3818.53 1514.97 0 1138.38 3337.62 6992.47 11191.2 12996.6 11646.1 8360.18 4688.91 1822.65 1138.38 1930.23 3818.53 6649.54 9259.23 9823.47 9345.58 9610.75 9172.34 9521.8 8896.3 7070.99 5627.65 4783.86 4433.17 4541.65 3173.93 1822.65 723.121 0 0 0 415.256 0 0 723.121 2518.47 4688.91 7509.4 9195.31 8700.98 8974.82 9429.75 10523.6 13173.5 14956.8 16871.5 18392.7 15350.5 11246.8 7138.64 4596.85 4433.17 6524.01 9429.75 13697.6 16718.2 16609.8 14420.7 13765.2 15395 18370 20153.6 19691.6 17161.8 12905.4 9538.24 9861.63 10781 12683.2 11805.8 8072.82 3897.06 1259.23 0 0 0 0 0 
1259.23 3173.93 5527.05 6649.54 5527.05 3173.93 1259.23 0 1259.23 4433.17 8700.98 13435.8 15350.5 14228 11082.7 6786.28 3897.06 2518.47 2774.2 4433.17 6250.17 7372.66 7349.7 6347.87 6337 7070.99 8608.93 8887.63 6786.28 5156.29 4433.17 5527.05 6649.54 5527.05 3173.93 1259.23 0 723.121 1259.23 1514.97 1259.23 1446.24 1822.65 3897.06 5641.18 6347.87 6364.3 5156.29 5319.97 7394.19 9839.36 11983 14688.9 15987.2 16186.2 12986.5 8438.71 4596.85 3897.06 5527.05 8631.89 11246.8 13697.6 15316.5 14034.5 13248.3 15074.7 17895.5 22165.4 23330.5 22090.9 19878.1 15674.3 12290.2 11406.1 11020.1 11338.4 10518.5 7372.66 3818.53 1514.97 0 0 0 0 0 
723.121 1822.65 3173.93 3818.53 3173.93 1822.65 723.121 415.256 1514.97 4541.65 9302.7 13104.2 14286.6 13642 11337.6 8095.78 5641.18 4688.91 4541.65 4996.58 4996.58 4541.65 3897.06 3497.14 3753.06 5077.76 7372.66 8000 7064.8 5333.5 5333.5 6649.54 8000 6649.54 3818.53 1930.23 723.121 1822.65 3173.93 3818.53 3173.93 3081.88 3897.06 5527.05 7372.66 6786.28 4688.91 3656.84 3497.32 6056.62 9168.01 12220.4 12905.4 13965.8 13242.3 10216 6671.07 4220.45 3818.53 7064.8 9514.97 11191.2 12450.4 12289.2 11098.2 10489.8 12842.9 17611.4 22551.4 24352.3 23362 20260.5 16160.5 13737 12756.6 11338.4 10604.8 8887.63 5527.05 3173.93 1259.23 0 0 0 0 0 
0 723.121 1259.23 1514.97 1259.23 723.121 0 0 1982.35 5156.29 9024.37 11942.2 12198.3 10683.3 8631.89 6786.28 6347.87 6786.28 6649.54 6250.17 4433.17 2774.2 1259.23 723.121 1259.23 3173.93 5527.05 6649.54 5527.05 4433.17 4433.17 5527.05 6649.54 6250.17 4433.17 2774.2 2518.47 3897.06 5527.05 6649.54 5942.3 4688.91 5077.76 6649.54 8000 6649.54 4956.91 3337.62 4433.17 6992.47 8700.98 10454.5 11246.8 11874.9 11727.3 8700.98 4996.58 3241.59 3173.93 5942.3 7908.77 8700.98 8700.98 7908.77 6250.17 6671.07 9122.07 13164.1 18455.4 21069.4 20506.8 18320 15372.2 13484.7 12528.9 11168.2 9521.8 6900.41 3897.06 1822.65 723.121 0 0 0 0 0 
0 0 0 0 0 0 0 723.121 3268.89 6819.23 10166.4 11534.1 9993.17 7542.35 5680.03 4688.91 5641.18 7372.66 8000 6649.54 3818.53 1514.97 0 0 723.121 1822.65 3173.93 3818.53 3173.93 2545.77 2545.77 3173.93 4541.65 4996.58 4996.58 4956.91 4688.91 5641.18 7372.66 8000 7064.8 5077.76 4688.91 5527.05 7372.66 6786.28 6363.39 5692.4 6973.29 8472.19 9116.24 8507.44 8974.82 9731.42 10238.1 7908.77 4541.65 2961.21 3081.88 4688.91 5800.89 5719.7 4996.58 4956.91 3173.93 3268.89 5479.49 7862.84 12587.2 15543.2 16050.7 15811.4 14301.3 12859.4 12587.2 11269.7 8608.93 5412.03 2518.47 723.121 0 0 0 0 0 0 
0 0 0 0 0 0 0 1259.23 4433.17 9424.1 13435.8 13691.6 10683.3 6415.52 2774.2 2518.47 3897.06 5527.05 6649.54 5527.05 3173.93 1259.23 0 0 0 723.121 1259.23 1514.97 1259.23 723.121 723.121 1259.23 2774.2 4433.17 6250.17 6649.54 6786.28 6347.87 7509.4 7908.77 7042.02 5156.29 3805 3897.06 6364.3 8022.36 8671.12 8974.82 9195.31 9446.24 7908.77 6592.74 5948.14 6250.17 6649.54 5527.05 3897.06 3081.88 3897.06 5077.76 4688.91 4528.12 3964.71 3029.94 3241.59 2705.47 2961.21 4756.37 6927 9619.42 12528.9 13575.5 14043.9 13437.9 12853.4 11081.9 8095.78 3818.53 1514.97 0 0 0 0 0 0 0 
0 0 0 0 0 0 415.256 1930.23 5333.5 10468.1 14649.5 14649.5 10468.1 5333.5 1514.97 723.121 1822.65 3173.93 3818.53 3173.93 1822.65 723.121 0 0 0 0 0 0 0 0 0 415.256 1514.97 3818.53 6649.54 8000 7372.66 6364.3 6511.55 6992.47 6992.47 4996.58 3268.89 3964.71 6511.55 9960.22 12450.4 11874.9 10523.6 8631.89 5527.05 3897.06 3081.88 3173.93 3818.53 3173.93 3081.88 3897.06 5527.05 6649.54 6250.17 4996.58 4433.17 4541.65 4996.58 4996.58 4541.65 3897.06 4341.11 5412.03 8045.51 10546.6 12313.3 12997.4 12313.3 9823.47 6786.28 3173.93 1259.23 0 0 0 0 0 0 0 
0 0 0 0 0 0 0 1259.23 4433.17 8700.98 12176.6 12176.6 8700.98 4433.17 1259.23 0 723.121 1259.23 1514.97 1259.23 723.121 0 0 0 0 0 0 0 0 0 0 0 1259.23 3173.93 5527.05 6649.54 5527.05 5156.29 5692.4 7042.02 7908.77 6250.17 3589.19 4033.44 6992.47 12176.6 15372.7 13999.2 10166.4 6592.74 3173.93 1822.65 1446.24 1259.23 1514.97 1674.49 2238.09 3818.53 6649.54 8000 7908.77 6992.47 7042.02 7908.77 8700.98 8700.98 7908.77 5527.05 3897.06 3497.14 4688.91 7637.06 10546.6 11645.3 10546.6 7637.06 4688.91 1822.65 723.121 0 0 0 0 0 0 0 
0 0 0 0 0 0 0 723.121 2545.77 4996.58 6992.47 6992.47 4996.58 2545.77 723.121 0 0 0 0 0 0 0 0 0 0 0 0 0 0 0 0 0 723.121 1822.65 3173.93 3818.53 3589.19 3337.62 4541.65 6649.54 8000 6649.54 4233.79 4289.18 6992.47 12176.6 14649.5 12899.7 8251.7 4289.18 1259.23 723.121 0 0 0 0 1259.23 3173.93 5527.05 7064.8 7042.02 6992.47 8324.03 9514.97 10468.1 10468.1 9514.97 6649.54 3818.53 2238.09 2518.47 4688.91 6786.28 8095.78 6786.28 4688.91 2518.47 723.121 0 0 0 0 0 0 0 0 
0 0 0 0 0 0 0 0 723.121 1982.35 2774.2 2774.2 1982.35 723.121 0 0 0 0 0 0 0 0 0 0 0 0 0 0 0 0 0 0 0 723.121 1259.23 1514.97 1259.23 1982.35 3173.93 5527.05 6649.54 5527.05 3173.93 3241.59 4996.58 8700.98 10468.1 8700.98 4996.58 1982.35 0 0 0 0 0 0 723.121 1822.65 3173.93 3818.53 4433.17 4996.58 6250.17 7908.77 8700.98 8700.98 7908.77 5527.05 3173.93 1259.23 723.121 1822.65 3173.93 3818.53 3173.93 1822.65 723.121 0 0 0 0 0 0 0 0 0 
0 0 0 0 0 0 0 0 0 0 0 0 0 0 0 0 0 0 0 0 0 0 0 0 0 0 0 0 0 0 0 0 0 0 0 0 0 723.121 1822.65 3173.93 3818.53 3173.93 1822.65 1446.24 2545.77 4433.17 5333.5 4433.17 2545.77 723.121 0 0 0 0 0 0 0 723.121 1259.23 1514.97 1982.35 2545.77 3173.93 4541.65 4996.58 4996.58 4541.65 3173.93 1822.65 723.121 0 723.121 1259.23 1514.97 1259.23 723.121 0 0 0 0 0 0 0 0 0 0 
0 0 0 0 0 0 0 0 0 0 0 0 0 0 0 0 0 0 0 0 0 0 0 0 0 0 0 0 0 0 0 0 0 0 0 0 0 0 723.121 1259.23 1514.97 1259.23 723.121 0 723.121 1259.23 1514.97 1259.23 723.121 0 0 0 0 0 0 0 0 0 0 0 0 723.121 1259.23 1514.97 1982.35 1982.35 1514.97 1259.23 723.121 0 0 0 0 0 0 0 0 0 0 0 0 0 0 0 0 0 
0 0 0 0 0 0 0 0 0 0 0 0 0 0 0 0 0 0 0 0 0 0 0 0 0 0 0 0 0 0 0 0 0 0 0 0 0 0 0 0 0 0 0 0 0 0 0 0 0 0 0 0 0 0 0 0 0 0 0 0 0 0 0 0 0 0 0 0 0 0 0 0 0 0 0 0 0 0 0 0 0 0 0 0 0 0 
0 0 0 0 0 0 0 0 0 0 0 0 0 0 0 0 0 0 0 0 0 0 0 0 0 0 0 0 0 0 0 0 0 0 0 0 0 0 0 0 0 0 0 0 0 0 0 0 0 0 0 0 0 0 0 0 0 0 0 0 0 0 0 0 0 0 0 0 0 0 0 0 0 0 0 0 0 0 0 0 0 0 0 0 0 0 
