0 0 0 0 0 0 0 0 0 0 0 0 0 0 0 0 0 0 0 0 0 0 0 0 0 0 0 0 0 0 0 0 0 415.256 0 0 0 723.121 1259.23 1514.97 1259.23 723.121 0 0 0 0 0 0 0 0 0 0 0 0 0 0 0 0 0 0 0 0 0 0 0 0 0 0 0 0 0 0 0 0 0 0 0 0 0 0 0 0 0 0 0 0 
0 0 0 0 0 0 0 0 0 0 0 0 0 0 0 0 415.256 0 0 0 415.256 0 0 415.256 0 0 0 0 0 0 0 723.121 1259.23 1930.23 1259.23 723.121 723.121 1822.65 3589.19 3818.53 3173.93 1822.65 723.121 0 0 0 0 0 0 0 0 0 0 0 0 0 0 0 0 0 0 0 0 0 0 0 0 0 0 0 0 0 0 0 0 0 0 0 0 0 0 0 0 0 0 0 
0 0 0 0 0 0 0 0 415.256 0 0 0 0 0 723.121 1259.23 1514.97 1259.23 1446.24 1259.23 1514.97 1982.35 1982.35 1514.97 1259.23 723.121 0 0 0 0 723.121 2545.77 4433.17 5333.5 4433.17 2545.77 2705.47 4433.17 7042.02 7908.77 6250.17 3173.93 1259.23 0 0 0 0 0 0 0 0 0 0 0 0 0 0 0 0 0 0 0 0 0 0 415.256 0 0 0 0 0 0 0 0 0 0 0 0 0 0 0 0 0 0 0 0 
0 0 0 0 0 0 723.121 1259.23 1514.97 1259.23 723.121 0 0 723.121 1822.65 3173.93 4233.79 3897.06 3645.3 4312.31 4541.65 5411.84 4996.58 4541.65 3173.93 1822.65 723.121 0 0 0 1982.35 4996.58 8700.98 10468.1 8700.98 6134.96 5319.97 7407.72 10468.1 11173.9 8472.19 4956.91 1514.97 0 0 0 0 0 0 0 0 0 0 0 0 0 0 0 0 0 0 0 0 723.121 1259.23 1514.97 1259.23 723.121 0 0 0 0 0 0 0 0 0 0 0 0 0 0 0 0 0 0 
0 0 0 0 0 723.121 2237.9 3173.93 3818.53 3173.93 1822.65 723.121 0 1259.23 4312.31 6786.28 8164.51 8768.63 8330.22 9024.37 10427.2 10939.1 9960.22 8631.89 5527.05 3173.93 1259.23 830.511 0 415.256 2774.2 6992.47 12176.6 14649.5 12176.6 8974.82 8466.6 10216 13435.8 13622.8 9960.22 5948.14 2518.47 723.121 0 0 0 0 0 0 0 0 0 0 0 0 0 0 0 0 415.256 0 723.121 1822.65 3173.93 3818.53 3173.93 1822.65 723.121 0 0 0 0 0 0 0 0 0 0 0 0 0 0 0 0 0 
0 0 0 0 723.121 2518.47 4688.91 6786.28 7372.66 5527.05 3173.93 1259.23 1138.38 3497.32 7156.15 11082.7 13680 13161.1 13356.8 14944.1 15862.8 16109.3 14365.1 11752.9 7372.66 5264.77 4448.69 3029.94 2518.47 1861.5 2774.2 6992.47 12176.6 14649.5 13315 10330.1 10489.8 12290.7 15901.5 14113.4 10889.5 7156.15 3897.06 1822.65 723.121 0 0 0 0 0 0 0 0 0 0 0 0 0 723.121 1259.23 1514.97 1259.23 1982.35 3173.93 5527.05 6649.54 5527.05 3173.93 1259.23 0 0 0 0 0 0 0 0 0 0 0 415.256 0 0 0 0 0 
0 0 0 723.121 2237.9 4688.91 7637.06 10238.7 9822.65 7372.66 3818.53 2238.09 1822.65 5692.4 10166.4 14228 16381 16625.6 16308.1 17869 18962.9 19247.6 16746.5 12597.7 10214.9 8801.58 9122.07 8896.3 7486.25 3645.3 3428.6 4996.58 8700.98 10468.1 9960.22 9429.75 12129.6 15833.4 17725 15908.4 13080.9 8631.89 5527.05 3173.93 1259.23 0 0 0 0 0 0 0 0 0 0 0 0 723.121 1822.65 3173.93 3818.53 4004.45 3337.62 4541.65 6649.54 8415.26 6649.54 3818.53 1514.97 0 0 0 0 0 0 0 0 0 723.121 1259.23 1514.97 1259.23 723.121 0 0 0 
0 0 0 1259.23 3173.93 7509.4 11082.7 12569.1 11082.7 7509.4 3173.93 2518.47 3589.19 7765.14 12290.7 16488.9 17766.7 17554.6 16887.6 17953.7 18979.1 18637.8 16335 12901.8 12204 13167.1 17457.2 17732.2 14391.7 8330.22 3964.71 2545.77 4433.17 5748.76 5948.14 9256.78 14099.8 19452 21602.5 19141.2 15147.4 11428.6 7787.92 3818.53 1514.97 0 0 0 0 0 0 0 0 0 0 0 0 1259.23 3173.93 6250.17 7908.77 7042.02 5692.4 5879.41 6786.28 8164.51 6786.28 4312.31 1674.49 0 0 0 0 0 0 0 0 723.121 1822.65 3173.93 3818.53 3173.93 1822.65 723.121 0 0 
0 0 415.256 1514.97 4541.65 9195.31 12996.6 13642 10811 6511.55 2961.02 2238.09 3818.53 7908.77 12620.2 15258.5 16831.5 15293.7 15303.5 15839.1 16066.4 16239 15018.8 13428.2 14972.5 19043.5 24545.5 25960.2 21014.7 12070.2 4852.59 1446.24 1259.23 1514.97 3241.59 8238.17 15772 23504.5 27012.2 23657.8 19122 13601.2 9279.92 5156.29 1982.35 0 0 0 0 0 0 0 0 0 0 0 415.256 1514.97 4541.65 8472.19 11173.9 10468.1 8438.71 6982.92 7070.99 8360.18 8745.48 6419.5 4220.45 1982.35 723.121 0 0 0 0 0 0 1259.23 3173.93 5527.05 6649.54 5942.3 3173.93 1259.23 0 0 
0 0 0 1259.23 4433.17 8700.98 12899.7 13435.8 10216 5692.4 2397.61 1259.23 3173.93 6665.42 10454.5 13549.4 15172.9 15610.8 15051.8 14642.4 14199.8 13356.8 13199.8 13199.1 15532.3 21249.1 27561.5 28649.6 23344.8 14113 5692.4 1259.23 0 0 2812.86 8026.53 17061.2 26285.6 30113 27627.7 22711.8 16808.7 11681.4 7515.05 3684.15 723.121 0 0 0 0 0 0 0 0 0 0 0 1259.23 4433.17 8700.98 12176.6 12176.6 9960.22 8330.22 9491.75 11969.5 13297.8 12148.8 8974.82 4996.58 2545.77 723.121 0 0 0 0 415.256 1514.97 4233.79 7372.66 9259.23 8164.51 5077.76 2238.09 0 0 
0 0 0 1138.38 3337.62 6992.47 10468.1 11173.9 9195.31 5800.89 3029.94 2705.47 3805 6965.66 11536.1 14923 17303 18943.6 17525.5 16125.3 15839.3 15159.3 13457.5 13924.6 15718.8 20111.4 24724.7 25340.7 20695.7 12813.3 5264.77 1514.97 0 415.256 1514.97 8198.49 16494.5 25258 29260.2 28124.7 23941.3 20107.1 16269 12198.3 6511.55 3241.59 723.121 0 0 0 0 0 0 0 0 0 0 1138.38 3337.62 7407.72 10468.1 11589.2 9987.16 9083.3 11246.4 15607.1 19169.1 19169.1 15514.2 9424.1 4433.17 1259.23 0 0 415.256 0 1138.38 2518.47 5412.03 8608.93 10546.6 9345.58 6347.87 3081.88 723.121 0 
0 0 0 0 1982.35 4433.17 7457.27 8631.89 8072.82 6347.87 5800.89 5719.7 8425.18 12380.1 16892.9 21172.9 23012.9 21862.1 20592.3 19901.6 19314.4 18157.7 16918.7 15287.2 14227 17312.6 18957.2 18380.5 14809.2 9211.38 3173.93 1259.23 0 723.121 2518.47 7394.38 14328.6 21766 24917.8 24609.3 22443.6 21132.2 19646.1 16609.8 10811 5948.14 1822.65 723.121 0 0 0 0 0 830.511 0 415.256 0 723.121 3241.59 5948.14 8301.25 8631.89 7509.4 8022.36 12305.7 17510.1 22644.7 23350.5 19082.7 11727.3 5333.5 1514.97 723.121 1259.23 2238.09 3241.59 4060.74 5156.29 7623.53 9521.8 11168.2 10546.6 7349.7 3897.06 1259.23 0 
0 0 0 0 1446.24 3081.88 4688.91 6337 7070.99 7349.7 9355.01 11246.8 15372.1 21572.5 27021.4 30749.5 29929.7 25693.1 21972.2 21205.8 21629.3 22588.2 22437 20015 17354.6 15439.9 13228.7 10683.3 8130.84 4433.17 1822.65 723.121 723.121 1822.65 4312.31 7879.27 13435.3 18706.2 20983.4 20112.7 18621.5 18847.8 19646.1 18426.8 13642 8301.25 3173.93 1259.23 0 0 0 1446.24 2518.47 3753.06 3777.7 2961.21 1982.35 2545.77 3897.06 5641.18 6347.87 5641.18 5758.55 6419.5 10489.8 16160.5 20598 20648.8 16718.2 10216 4433.17 1982.35 1822.65 3897.06 5641.18 7607.1 8815.11 9839.36 10710.3 11327.9 11338.4 10518.5 7372.66 3818.53 1514.97 0 
0 0 0 723.121 1822.65 3897.06 5493.02 6203.88 6900.41 8511.04 10774.2 15316.5 22237.7 30106.9 35642.1 37653 32939.6 24489 19514 18425 20929.3 25447.8 27319.2 25525.5 21265.5 15499.9 11776.3 8238.17 5575.71 3241.59 1446.24 0 1259.23 3173.93 5527.05 9891.13 13134.1 15743 16540.7 15018.8 13274.7 13993.7 15009.7 15350.5 12996.6 8631.89 3818.53 1514.97 0 0 1446.24 4060.55 7070.99 9459.71 9521.8 7463.83 5879.41 4996.58 6250.17 7372.66 6786.28 5412.03 4341.11 5879.41 8974.82 12761.7 14728 13965.8 10166.4 6255.82 2545.77 1982.35 3173.93 6786.28 10238.7 12569.1 13642 13435.8 12433.2 11082.7 9345.58 8164.51 5527.05 3173.93 1259.23 0 
0 0 0 1259.23 3173.93 5527.05 6649.54 6786.28 6347.87 7201.54 10562.1 15293.7 23202.5 33286.1 38209.6 37157 30097.3 19524.8 12927.1 12861 17594.3 24216 28939.3 27870 24938.3 19315.2 13713.1 8866.34 5800.89 3173.93 1822.65 1138.38 1514.97 3818.53 7064.8 10238.1 12290.7 13642 13333.5 10546.6 8186.95 7930.49 8507.44 9960.22 9195.31 6250.17 3173.93 1259.23 0 723.121 3777.7 7862.84 13572.6 17196.1 16581.1 13412.7 9560.48 6992.47 7908.77 8000 6649.54 5077.76 4688.91 6250.17 8472.19 9424.1 8974.82 7207.37 4596.85 2705.47 1138.38 1514.97 4233.79 8164.51 11818.5 14558.3 14992.5 13691.6 11191.2 8864.67 6763.13 5077.76 3173.93 1822.65 723.121 0 
0 0 415.256 1514.97 3818.53 6649.54 8000 7372.66 5641.18 5412.03 7623.53 13742.1 21736.5 29594.1 33975.6 32040.1 23487.2 13879.3 8025.45 7394.38 13644.4 21501 26017.5 27420.8 25525.5 20973 15880.1 12119.8 8887.63 5527.05 3173.93 1259.23 1259.23 3173.93 5527.05 7908.77 9424.1 9960.22 9423.74 6786.28 4620.18 3241.59 3337.62 4433.17 4541.65 3173.93 1822.65 723.121 723.121 2653.16 6203.88 11870.9 17988 21641.2 20671.7 15637.1 10938.7 7407.72 7042.02 6649.54 5942.3 4688.91 5077.76 6649.54 8723.12 7908.77 5333.5 2774.2 723.121 0 0 1259.23 3173.93 6786.28 9823.47 11777.2 11646.1 9960.22 7715.59 6415.52 4596.85 3497.32 1982.35 723.121 0 0 
0 0 0 1259.23 3173.93 5527.05 6649.54 5527.05 3897.06 4192.95 6135.15 11877.8 19736.1 24924 27636 24874.9 17097.2 9053.34 4379.96 4783.86 10797.5 18398.6 23459.1 24567.6 22761.1 19826.7 16338 14256.6 11081.9 7372.66 3818.53 1514.97 723.121 1822.65 3173.93 4541.65 4996.58 4996.58 4541.65 3173.93 1822.65 723.121 723.121 1674.49 1514.97 1259.23 723.121 0 1259.23 3173.93 8045.51 12997.4 17840.4 19646.9 17840.4 13720.5 10027.9 6511.55 5692.4 4541.65 3173.93 3081.88 3897.06 5527.05 6649.54 5527.05 3173.93 1259.23 0 0 0 723.121 1822.65 3897.06 5641.18 6347.87 6364.3 5879.41 5160.27 5156.29 4541.65 3173.93 1822.65 723.121 0 0 
0 0 0 723.121 1822.65 3173.93 3818.53 3897.06 3497.14 3753.06 7060.12 12944.2 19262.5 22973.7 22666.4 18489.8 11805.8 5641.18 2961.21 5064.23 10781 17110.7 20278 19855.7 17237.4 16297.2 15235.3 13599.9 10546.6 6786.28 3173.93 1259.23 0 723.121 1259.23 1514.97 1982.35 1982.35 1514.97 1259.23 723.121 723.121 1259.23 1514.97 1259.23 723.121 0 415.256 1514.97 3818.53 8511.04 11645.3 13720.5 13278.2 11759.9 9286.48 7794.11 6364.3 5156.29 3337.62 1982.35 1446.24 1822.65 3173.93 3818.53 3173.93 1822.65 723.121 0 0 0 0 723.121 1259.23 2238.09 2518.47 2238.09 2518.47 3897.06 5527.05 6649.54 5527.05 3173.93 1259.23 0 0 
0 0 0 0 723.121 1259.23 2238.09 3081.88 3897.06 6216.14 9685.49 14342.2 19100 20598 18432.4 13965.4 8301.25 3897.06 2933.72 5412.03 11168.2 16473 18484 16494.7 14216.3 13644.2 13320 11805.8 8360.18 4688.91 1822.65 723.121 0 0 0 0 0 0 0 0 723.121 1822.65 3173.93 3818.53 3173.93 1822.65 723.121 0 1982.35 4433.17 7042.02 9355.01 8768.63 6927 6296.16 6135.15 6786.28 7372.66 5527.05 3173.93 1259.23 0 723.121 1259.23 1514.97 1259.23 723.121 0 0 0 0 0 0 0 0 0 415.256 1514.97 3818.53 6649.54 8000 6649.54 3818.53 1514.97 0 0 
0 0 0 0 0 0 1259.23 3173.93 5527.05 8631.89 11782.9 15048.9 17977.5 17173.2 13697.6 8974.82 4433.17 2237.9 2238.09 5077.76 10546.6 14786.3 14814.1 12587.2 10408.6 9960.22 11191.2 9960.22 6511.55 3241.59 723.121 0 0 0 0 0 0 0 0 0 1259.23 3173.93 5527.05 6649.54 5527.05 3173.93 1259.23 723.121 2545.77 4996.58 6992.47 6992.47 4996.58 2961.02 2238.09 3818.53 6649.54 8000 6649.54 3818.53 1514.97 0 0 0 0 0 0 0 0 0 0 0 0 0 0 0 0 1259.23 3173.93 5527.05 6649.54 5527.05 3173.93 1259.23 0 0 
0 0 0 0 0 415.256 1514.97 3818.53 7064.8 9514.97 11914.3 13550 14203.9 12450.4 8974.82 4852.59 1982.35 723.121 1259.23 3897.06 7349.7 9823.47 9345.58 8330.22 8078.46 9424.1 10468.1 8700.98 4996.58 1982.35 0 0 0 0 0 0 0 0 0 415.256 1514.97 3818.53 6649.54 8000 6649.54 3818.53 1514.97 1259.23 3173.93 6250.17 7908.77 7042.02 4433.17 1982.35 1259.23 3173.93 5527.05 6649.54 5527.05 3173.93 1259.23 0 0 0 0 0 0 0 0 0 0 0 0 0 0 0 0 723.121 1822.65 3173.93 3818.53 3173.93 1822.65 723.121 0 0 
0 0 0 0 0 0 1259.23 3173.93 5527.05 7908.77 8700.98 9424.1 9168.01 7042.02 4433.17 1982.35 0 0 723.121 1822.65 3897.06 5077.76 5104.16 4596.85 5987.89 7908.77 9514.97 7908.77 4541.65 1514.97 0 0 0 0 0 0 0 0 0 0 1259.23 3173.93 5527.05 6649.54 5527.05 3173.93 1674.49 1514.97 3818.53 6649.54 8000 6649.54 3818.53 1514.97 723.121 1822.65 3173.93 3818.53 3173.93 1822.65 723.121 0 0 0 0 0 0 0 0 0 0 0 0 0 0 0 0 0 723.121 1259.23 1514.97 1259.23 723.121 0 0 0 
0 0 0 0 0 0 723.121 1822.65 3173.93 4541.65 4996.58 4996.58 4541.65 3173.93 1822.65 723.121 0 0 0 723.121 1259.23 1514.97 1259.23 1982.35 3173.93 5527.05 6649.54 5527.05 3173.93 1259.23 0 0 0 0 0 0 0 0 0 0 723.121 1822.65 3173.93 3818.53 3173.93 1822.65 723.121 1259.23 3173.93 5527.05 6649.54 5527.05 3173.93 1259.23 0 723.121 1259.23 1514.97 1259.23 723.121 0 0 0 0 0 0 0 0 0 0 0 0 0 0 0 0 0 0 0 0 0 0 0 0 0 0 
0 0 0 0 0 0 0 723.121 1259.23 1514.97 1982.35 1982.35 1514.97 1259.23 723.121 0 0 0 0 0 0 0 0 723.121 1822.65 3173.93 3818.53 3173.93 1822.65 723.121 0 0 0 0 0 0 0 0 0 0 0 723.121 1259.23 1514.97 1259.23 723.121 0 723.121 1822.65 3173.93 3818.53 3173.93 1822.65 723.121 0 0 0 0 0 0 0 0 0 0 0 0 0 0 0 0 0 0 0 0 0 0 0 0 0 0 0 0 0 0 0 0 
0 0 0 0 0 0 0 0 0 0 0 0 0 0 0 0 0 0 0 0 0 0 0 0 723.121 1259.23 1514.97 1259.23 723.121 0 0 0 0 0 0 0 0 0 0 0 0 0 0 0 0 0 0 0 723.121 1259.23 1514.97 1259.23 723.121 0 0 0 0 0 0 0 0 0 0 0 0 0 0 0 0 0 0 0 0 0 0 0 0 0 0 0 0 0 0 0 0 0 
0 0 0 0 0 0 0 0 0 0 0 0 0 0 0 0 0 0 0 0 0 0 0 0 0 0 0 0 0 0 0 0 0 0 0 0 0 0 0 0 0 0 0 0 0 0 0 0 0 0 0 0 0 0 0 0 0 0 0 0 0 0 0 0 0 0 0 0 0 0 0 0 0 0 0 0 0 0 0 0 0 0 0 0 0 0 
0 0 0 0 0 0 0 0 0 0 0 0 0 0 0 0 0 0 0 0 0 0 0 0 0 0 0 0 0 0 0 0 0 0 0 0 0 0 0 0 0 0 0 0 0 0 0 0 0 0 0 0 0 0 0 0 0 0 0 0 0 0 0 0 0 0 0 0 0 0 0 0 0 0 0 0 0 0 0 0 0 0 0 0 0 0 
