0 0 0 0 0 0 0 0 0 0 415.256 0 0 0 0 0 0 0 415.256 0 0 0 0 0 0 0 0 0 0 0 723.121 1259.23 1514.97 1259.23 723.121 0 0 0 0 0 0 0 0 0 0 0 0 0 415.256 0 0 0 0 0 0 0 0 0 0 0 0 0 0 0 0 0 0 0 0 0 0 0 0 0 0 0 0 0 0 0 0 0 0 0 0 0 
0 0 0 0 0 0 0 0 723.121 1259.23 1514.97 1259.23 723.121 0 0 0 723.121 1259.23 1514.97 1259.23 723.121 0 0 0 415.256 0 0 0 0 723.121 1822.65 3173.93 3818.53 3173.93 1822.65 723.121 0 0 0 415.256 0 0 0 0 0 0 723.121 1259.23 1514.97 1259.23 723.121 0 0 0 0 0 0 0 0 0 0 0 0 0 0 0 0 0 0 0 0 0 0 0 0 0 0 0 0 0 0 0 0 0 0 0 
0 0 0 0 0 0 415.256 723.121 1822.65 3589.19 3818.53 3173.93 1822.65 723.121 0 1138.38 2237.9 3173.93 3818.53 3173.93 1822.65 723.121 1138.38 1259.23 1514.97 1259.23 723.121 415.256 0 1259.23 3173.93 5527.05 6649.54 5527.05 3173.93 1259.23 0 723.121 1259.23 1514.97 1259.23 723.121 0 0 0 723.121 1822.65 3173.93 3818.53 3173.93 1822.65 723.121 0 0 0 0 0 0 0 0 0 0 0 0 0 0 0 0 0 0 0 0 0 0 0 0 0 0 0 0 0 0 0 0 0 0 
0 0 0 0 723.121 1259.23 1514.97 3241.59 5156.29 7042.02 7908.77 6250.17 3173.93 2397.61 1982.35 4033.44 5948.14 7509.4 7372.66 5527.05 3897.06 3241.59 3337.62 4433.17 4541.65 3897.06 3081.88 2238.09 1674.49 2238.09 3818.53 6649.54 8000 6649.54 3818.53 1514.97 723.121 1822.65 3173.93 3818.53 3173.93 1822.65 723.121 0 0 1259.23 3589.19 5527.05 6649.54 5527.05 3173.93 1259.23 0 0 0 0 0 0 0 0 0 0 0 0 0 0 0 0 0 0 0 0 415.256 0 0 0 0 0 0 0 0 0 0 0 0 0 
0 0 0 723.121 1822.65 3173.93 4956.91 6511.55 8815.11 11191.2 11173.9 9195.31 6524.01 5575.71 6671.07 9230.56 10811 11646.1 10545.8 8095.78 5641.18 6363.39 6992.47 8700.98 9195.31 8072.82 6347.87 5077.76 3173.93 3081.88 3897.06 5527.05 6649.54 5527.05 3173.93 1259.23 1259.23 3173.93 5942.3 6649.54 5527.05 3173.93 1259.23 0 1138.38 2774.2 5333.5 7908.77 8723.12 6649.54 3818.53 1514.97 0 0 0 0 0 0 0 0 0 0 0 0 0 0 0 0 0 0 723.121 1259.23 1514.97 1259.23 723.121 0 0 0 0 0 0 0 0 0 0 0 
0 0 0 1259.23 3173.93 5527.05 7908.77 9960.22 11874.9 13435.8 12899.7 10938.9 8866.34 9510.93 11874.9 15258.5 16073.6 14228 11082.7 8768.63 8022.36 9816.22 11727.3 12899.7 12848.4 11082.7 9345.58 8164.51 5527.05 3897.06 3081.88 3173.93 3818.53 3173.93 2237.9 1138.38 2238.09 5077.76 8164.51 9259.23 7372.66 3818.53 1514.97 723.121 1822.65 4433.17 6992.47 8700.98 8472.19 6250.17 3173.93 1259.23 0 0 0 0 0 0 0 0 0 415.256 0 0 0 0 0 0 0 723.121 1822.65 3173.93 3818.53 3173.93 1822.65 723.121 0 0 0 0 0 0 0 0 0 0 
0 0 415.256 1514.97 3818.53 7064.8 9514.97 11191.2 12290.7 13412 12986.5 12511.9 12054.1 13429.3 15995.1 18546.6 17731.4 13642 10290.4 8026.53 8815.11 12450.4 15071 15673.7 14221.1 12119.8 10546.6 9259.23 6649.54 3818.53 2238.09 1259.23 2238.09 2518.47 2238.09 1982.35 4220.26 6347.87 9345.58 9823.47 7349.7 3897.06 1259.23 1259.23 3173.93 6250.17 8472.19 8700.98 6992.47 4433.17 1822.65 723.121 0 0 0 0 415.256 0 0 723.121 1259.23 1514.97 1259.23 723.121 0 0 0 0 0 1259.23 3173.93 5527.05 6649.54 5527.05 3173.93 1259.23 0 0 0 0 0 0 0 0 0 0 
0 0 0 1259.23 3173.93 5527.05 7908.77 8700.98 10147.2 12544.3 12990.2 13585.2 14324.3 14978.9 16073.6 15995.1 14414.7 10375.5 7622.63 6951.63 9424.1 13622.8 15821.9 15048.9 13744.7 10781 9172.34 8095.78 5527.05 3173.93 1259.23 723.121 1822.65 3173.93 4541.65 5692.4 7234.67 9332.05 10546.6 9760.83 6347.87 3081.88 1138.38 1514.97 3818.53 6649.54 8723.12 7908.77 5333.5 2774.2 723.121 0 0 0 723.121 1259.23 1514.97 1259.23 1446.24 1822.65 3173.93 3818.53 3173.93 1822.65 723.121 0 0 0 415.256 1514.97 4233.79 6649.54 8000 6649.54 3818.53 1514.97 0 415.256 415.256 0 0 0 0 0 0 0 
0 0 0 723.121 1822.65 3173.93 4956.91 5719.7 8238.17 11053.2 14393.4 16187.8 15674.3 14191.9 12506 10889.5 10234.1 8186.04 6834.94 7247.13 9195.31 12433.2 15088.2 15038 13740.2 10591.3 7794.11 5077.76 3173.93 1822.65 723.121 1259.23 3173.93 6250.17 8887.44 10216 10811 12528.9 12341.1 10402.6 6337 2961.21 0 1259.23 3173.93 5527.05 6649.54 5527.05 3173.93 1259.23 0 0 0 723.121 1822.65 3173.93 3818.53 3173.93 3081.88 3897.06 5527.05 6649.54 5527.05 3173.93 1259.23 0 0 0 723.121 2518.47 4688.91 6786.28 7372.66 5527.05 3173.93 1982.35 1982.35 2774.2 2774.2 1982.35 723.121 0 0 0 0 0 
0 0 0 0 1446.24 2518.47 4168.32 5479.49 9068.87 12326 17748.1 19018 16073.6 11534.1 8653.61 7142.62 8493.91 9390.08 8974.82 8170.52 9211.19 10870 12683.2 14256.6 13800.9 10546.6 6900.41 3753.06 1259.23 723.121 415.256 1514.97 3818.53 7908.77 11173.9 13435.8 14365.1 14391.7 12997.4 10604.8 6347.87 3497.14 723.121 723.121 1822.65 3173.93 3818.53 3173.93 2237.9 723.121 0 0 0 1259.23 3173.93 5527.05 6649.54 5942.3 4688.91 5077.76 6649.54 8000 7064.8 3818.53 1514.97 0 0 723.121 1822.65 3897.06 5641.18 6347.87 5641.18 3897.06 2545.77 3268.89 4996.58 6992.47 6992.47 4996.58 2545.77 723.121 0 0 0 0 
0 0 0 723.121 2545.77 4433.17 7315.86 9696.85 13085.1 16883.6 19941.7 19805.8 15418.2 8507.44 6538.44 6294.66 9960.22 13691.6 14158.9 11246.8 7607.1 7596.23 9521.8 12876.7 14022.2 11054.1 6347.87 2518.47 0 0 0 1259.23 3589.19 7042.02 10468.1 12899.7 14255.8 14256.6 13579.4 12061.6 8608.93 5412.03 2518.47 723.121 723.121 1259.23 2238.09 2518.47 2238.09 1259.23 723.121 0 415.256 1514.97 3818.53 6649.54 8000 6649.54 5077.76 4688.91 6250.17 7908.77 7042.02 4433.17 1982.35 0 0 1259.23 3173.93 5527.05 7372.66 6786.28 4688.91 2518.47 1982.35 4433.17 8700.98 12591.8 12176.6 8700.98 4433.17 1259.23 0 0 0 0 
0 0 0 1982.35 4996.58 10562.5 15480.2 17931.5 20528.9 22049.9 20991.7 18183.7 14208 10635.8 10855.1 12864.1 17485.9 19606.4 17823.5 13013.8 7731.11 5268.03 6900.41 10546.6 11818.5 9823.47 5641.18 2238.09 0 0 0 723.121 1822.65 4433.17 6992.47 9116.24 11433.4 12587.2 13576.5 13600.3 11269.7 7637.06 4688.91 1822.65 1138.38 723.121 1822.65 3173.93 3818.53 3173.93 1822.65 723.121 0 1259.23 3173.93 5527.05 7064.8 5527.05 3897.06 3805 4996.58 6992.47 6992.47 4996.58 2545.77 723.121 415.256 1930.23 3818.53 6649.54 8415.26 6649.54 3818.53 1930.23 1930.23 6056.62 11727.3 16164.5 15908.8 11191.2 5333.5 1514.97 0 0 0 0 
0 0 415.256 2774.2 8438.71 16517.7 23771.6 27214.6 26963.2 24846.3 20506.8 17463.1 15780.5 17131.8 21368.4 25704 27626.5 26315.5 20824.4 12598 5692.4 2518.47 3897.06 6786.28 8164.51 6786.28 3897.06 1259.23 0 0 0 0 1138.38 1982.35 3337.62 5156.29 7623.53 9521.8 12427.5 13720.5 12876.7 10546.6 7509.4 4433.17 2774.2 2518.47 3897.06 5527.05 6649.54 5527.05 3589.19 1259.23 0 723.121 2545.77 4433.17 5333.5 4433.17 2545.77 2705.47 4433.17 7042.02 7908.77 6250.17 3173.93 1982.35 1259.23 2774.2 5156.29 7509.4 8164.51 6786.28 3897.06 1259.23 1982.35 6255.82 11874.9 15995.1 15350.5 10523.6 5156.29 1259.23 0 0 0 0 
0 0 415.256 3497.32 10489.6 20039.4 28952 31987.2 29334.6 24927.2 17510.9 16002.9 19127.7 28128.1 37252 41584 39822.4 32741.6 22551.2 12620.1 5506.98 1446.24 1822.65 3173.93 3818.53 3173.93 1822.65 723.121 0 0 723.121 1674.49 1514.97 1259.23 1446.24 2518.47 5827.28 9024.18 12061.6 13579.4 12997.4 11805 9195.31 6992.47 5748.76 4688.91 5641.18 7787.92 8723.12 7908.77 5333.5 2774.2 723.121 723.121 2545.77 4433.17 5333.5 4433.17 2961.02 2238.09 3818.53 6649.54 8000 6649.54 4541.65 3337.62 3589.19 5264.77 6819.23 8170.52 8775.44 6347.87 3645.3 1446.24 1982.35 5719.7 10523.6 13642 12519.5 8170.52 3805 723.121 0 0 0 0 
0 0 0 3656.84 9685.49 19305.8 26941.1 30460.6 27162 21144.2 15102.7 14451.9 20577.7 35401.9 49241.6 54705.6 50552.8 40089.3 25833.1 14022.6 5787.36 723.121 723.121 1259.23 1930.23 1259.23 723.121 0 0 1446.24 3081.88 4688.91 5077.76 3897.06 3376.28 3497.32 5333.5 9355.01 12500.8 12853.4 11864 10870 8700.98 8700.98 7908.77 7509.4 7607.1 9024.37 9731.42 9424.1 6992.47 4433.17 1822.65 1982.35 3173.93 5527.05 6649.54 5527.05 3173.93 2518.47 3173.93 5527.05 6649.54 5942.3 5156.29 5692.4 7042.02 9168.01 10870.3 11219.4 10938.7 8045.51 4620.18 1674.49 1514.97 4541.65 8631.89 10774.2 9423.74 5800.89 2238.09 0 0 0 0 0 
0 0 415.256 2238.09 7623.53 14979.8 21406.3 23452 20706.5 15578.4 10489.6 12150.7 20334.8 35114.6 49263.7 56050.4 52155.5 42628.1 28706.9 16995.5 7234.67 1982.35 723.121 1259.23 1514.97 1674.49 723.121 0 723.121 3081.88 6347.87 9345.58 10546.6 9332.05 7649.93 6951.63 8438.71 10523.6 12369.2 11891.3 9937.06 8415.38 7715.59 8472.19 9446.24 9195.31 8815.11 9766.67 10166.4 10523.6 9195.31 6250.17 3589.19 2774.2 3818.53 6649.54 8000 6649.54 3818.53 2238.09 1822.65 3897.06 5077.76 6242.54 6419.5 8438.71 10883.3 13412 14113.4 14780.4 13333.5 9823.47 5641.18 2238.09 1259.23 3173.93 5527.05 6649.54 5527.05 3173.93 1259.23 0 0 0 0 0 
0 0 0 1259.23 4620.18 8608.93 13320.8 15038 14836.1 12249.9 9211.38 9684.41 15780.5 26382.4 38002.4 45064.9 45143.8 40543.5 31025.3 20107.1 9510.93 4220.45 1822.65 3897.06 5077.76 4688.91 3081.88 1446.24 1674.49 4688.91 9345.58 14022.2 16072.8 15515.9 13585.2 12198.3 12277.2 12598 12519.5 11805.8 8608.93 6671.26 5692.4 6665.42 7908.77 8700.98 9839.36 11098.2 11275.8 11082.7 9982.35 6649.54 3818.53 2774.2 3173.93 5527.05 6649.54 5527.05 3173.93 1259.23 1446.24 3805 5948.14 7851.97 9589.46 11246.8 12899.7 15418.2 16308.1 17002.2 15817.5 11777.2 6347.87 2518.47 723.121 1822.65 3173.93 3818.53 3173.93 1822.65 723.121 0 0 0 0 0 
0 0 0 723.121 1822.65 4312.31 6592.74 8922.69 9731.42 9446.24 7908.77 7715.59 12172.4 18385 25103.2 29879.4 32392.5 30910.1 27361.7 20055.9 10889.5 5856.08 4620.18 7349.7 9823.47 9345.58 6347.87 3497.14 2238.09 5077.76 9823.47 15509.4 18710.9 19561.5 18975.5 17025 15234.7 13709.7 11983 10774.2 7372.66 5264.77 4596.85 5104.16 6592.74 8438.71 10454.5 12756.6 12597.7 11327.9 8887.63 5527.05 3173.93 1982.35 1822.65 3173.93 3818.53 3173.93 1822.65 723.121 1982.35 4996.58 9116.24 11983 13242.6 13468.8 14294.7 14944.1 15807.6 16979.6 15715.6 11646.1 6364.3 2238.09 0 723.121 1259.23 1514.97 1259.23 723.121 0 0 0 0 0 0 
0 0 0 0 723.121 1982.35 4033.44 5948.14 7509.4 7787.92 7042.02 6992.47 8631.89 11241.6 13320.8 16084.5 19176.9 20899.3 21151.4 17332.9 10938.9 7086.52 6337 9823.47 13527 13299.1 9345.58 4688.91 2933.72 3897.06 7764.95 12597.7 16338 19783.7 20905.4 18426.8 14901.2 11890.4 8700.98 7908.77 6250.17 4996.58 5156.29 5077.76 6671.26 8801.58 11969.9 14365.1 14342.2 11344.5 7623.53 3897.06 2237.9 723.121 723.121 1259.23 1514.97 1259.23 723.121 415.256 2774.2 6992.47 12176.6 15908.8 15350.5 13965.8 13201.4 12990.2 15116.5 16141.3 13691.6 9960.22 5571.54 1259.23 0 415.256 0 0 0 0 0 0 0 0 0 0 
0 0 0 0 723.121 1822.65 3897.06 5641.18 6347.87 5641.18 5156.29 4996.58 6250.17 7372.66 7349.7 7486.25 9138.5 11425.6 13805.7 13879.4 10454.5 7731.11 7463.11 10068.7 13299.1 13527 10546.6 6337 3753.06 3081.88 5035.43 7851.97 11681.4 15981.6 17918.4 16073.6 12793.4 9285.76 6255.82 5264.77 4433.17 4996.58 6250.17 6649.54 7509.4 9429.75 13134.1 15995.1 16073.6 11782.9 7394.38 3777.7 2238.09 1259.23 723.121 0 0 0 0 415.256 2774.2 6992.47 12176.6 15372.7 14722.4 12404.3 11281.6 11534.1 13468.8 13719.7 11914.3 8251.7 4852.59 2705.47 1982.35 1514.97 1259.23 723.121 0 0 0 0 0 0 0 0 
0 0 0 0 1259.23 3173.93 5527.05 7372.66 6786.28 4688.91 3241.59 2545.77 3173.93 3818.53 3897.06 3081.88 4220.45 5692.4 8488.26 9731.42 9424.1 7715.59 7515.05 8170.52 10068.7 10546.6 9172.34 7070.99 5077.76 3897.06 3081.88 4220.45 6255.82 9424.1 11914.3 11782.9 9685.49 7783.24 5156.29 3752.88 3497.32 4541.65 6649.54 8415.26 8579.77 9875.16 13242.3 16164.5 15908.8 11914.3 7156.15 4688.91 3818.53 3173.93 1822.65 723.121 0 0 0 0 1982.35 4996.58 8700.98 10468.1 10683.3 9429.75 10283.6 11082.7 12500.3 11805.8 10123.9 7607.1 6524.01 4996.58 4996.58 4541.65 3173.93 1822.65 723.121 0 0 0 0 0 0 0 
0 0 0 415.256 1514.97 3818.53 6649.54 8000 6649.54 3818.53 1514.97 723.121 1259.23 1514.97 1259.23 723.121 723.121 1822.65 4433.17 6992.47 8700.98 8472.19 7696.41 6255.82 5948.14 6337 7070.99 7349.7 7372.66 5527.05 3173.93 1982.35 2545.77 4433.17 6592.74 7607.1 8072.82 7372.66 5527.05 3173.93 2518.47 3173.93 5527.05 6649.54 6786.28 7607.1 9960.22 12176.6 12176.6 9960.22 7607.1 6786.28 6649.54 5527.05 3173.93 1259.23 0 0 0 0 723.121 2545.77 4433.17 5748.76 5948.14 6364.3 8095.78 9822.65 9823.47 8896.3 7862.84 7349.7 8631.89 8700.98 8700.98 7908.77 5527.05 3173.93 1259.23 0 0 0 0 0 0 0 
0 0 0 0 1259.23 3173.93 5527.05 6649.54 5527.05 3173.93 1259.23 0 0 0 0 0 0 1138.38 2774.2 5333.5 7908.77 8723.12 6649.54 4541.65 3189.46 3029.94 5077.76 7372.66 8000 6649.54 3818.53 1514.97 723.121 1674.49 3029.94 5077.76 7372.66 8000 6649.54 3818.53 2238.09 1822.65 3173.93 3818.53 3897.06 4368.42 5719.7 6992.47 7407.72 6511.55 6364.3 7372.66 8000 6649.54 3818.53 1514.97 0 0 0 0 0 723.121 1259.23 1514.97 2518.47 3897.06 5527.05 7372.66 7201.54 6203.88 6337 7787.92 9514.97 10468.1 10468.1 9514.97 6649.54 3818.53 1514.97 0 0 0 0 0 0 0 
0 0 0 0 723.121 1822.65 3173.93 3818.53 3173.93 1822.65 723.121 0 0 0 0 0 0 0 1259.23 3173.93 5527.05 6649.54 5527.05 3173.93 1259.23 1259.23 3173.93 5527.05 6649.54 5527.05 3173.93 1259.23 0 0 1259.23 3173.93 5527.05 6649.54 5527.05 3173.93 1259.23 723.121 1259.23 1514.97 1259.23 1446.24 1982.35 2774.2 2774.2 3241.59 3897.06 5527.05 6649.54 5527.05 3173.93 1259.23 0 0 0 0 0 0 0 0 723.121 1822.65 3173.93 3818.53 3173.93 3081.88 3897.06 5527.05 7908.77 8700.98 8700.98 7908.77 5527.05 3173.93 1259.23 0 0 0 0 0 0 0 
0 0 0 0 0 723.121 1259.23 1514.97 1259.23 723.121 0 0 0 0 0 0 0 0 723.121 1822.65 3173.93 3818.53 3173.93 1822.65 723.121 723.121 1822.65 3173.93 3818.53 3173.93 1822.65 723.121 0 0 723.121 1822.65 3173.93 3818.53 3173.93 1822.65 723.121 0 0 0 0 0 0 0 0 723.121 1822.65 3173.93 3818.53 3173.93 1822.65 723.121 0 0 0 0 0 0 0 0 0 723.121 1259.23 1514.97 1259.23 1446.24 1822.65 3173.93 4541.65 4996.58 4996.58 4541.65 3173.93 1822.65 723.121 0 0 0 0 0 0 0 
0 0 0 0 0 0 0 0 0 0 0 0 0 0 0 0 0 0 0 723.121 1259.23 1514.97 1259.23 723.121 0 0 723.121 1259.23 1514.97 1259.23 723.121 0 0 0 0 723.121 1259.23 1514.97 1259.23 723.121 0 0 0 0 0 0 0 0 0 0 723.121 1259.23 1514.97 1259.23 723.121 0 0 0 0 0 0 0 0 0 0 0 0 0 0 0 723.121 1259.23 1514.97 1982.35 1982.35 1514.97 1259.23 723.121 0 0 0 0 0 0 0 0 
0 0 0 0 0 0 0 0 0 0 0 0 0 0 0 0 0 0 0 0 0 0 0 0 0 0 0 0 0 0 0 0 0 0 0 0 0 0 0 0 0 0 0 0 0 0 0 0 0 0 0 0 0 0 0 0 0 0 0 0 0 0 0 0 0 0 0 0 0 0 0 0 0 0 0 0 0 0 0 0 0 0 0 0 0 0 
