0 0 0 0 0 0 0 0 0 415.256 0 0 0 0 415.256 0 0 0 0 0 0 723.121 1259.23 1514.97 1259.23 723.121 0 415.256 0 0 0 0 0 0 0 0 0 0 0 0 0 0 0 0 0 0 0 0 0 0 0 0 0 0 0 0 0 0 0 0 0 0 0 0 0 0 0 0 0 0 0 0 0 0 0 0 415.256 0 0 0 0 0 0 0 0 0 
0 0 0 0 0 0 0 723.121 1259.23 1514.97 1259.23 723.121 723.121 1259.23 1514.97 1259.23 723.121 0 0 0 723.121 1822.65 3589.19 3818.53 3173.93 2545.77 1982.35 1514.97 1259.23 723.121 0 0 0 0 0 0 0 0 0 0 0 0 0 0 0 0 0 0 0 0 0 0 0 0 0 0 0 0 0 0 0 0 0 0 0 0 0 0 0 0 0 0 0 0 723.121 1259.23 1514.97 1259.23 1138.38 0 0 0 0 0 0 0 
0 0 0 0 0 0 723.121 1822.65 3173.93 3818.53 3173.93 2545.77 2545.77 3173.93 3818.53 3173.93 1822.65 723.121 0 0 1982.35 4433.17 7042.02 7908.77 6973.29 4996.58 4433.17 4233.79 3173.93 1822.65 723.121 0 0 0 415.256 0 0 0 0 0 0 0 0 0 0 0 0 0 0 0 0 0 0 0 0 0 0 0 0 0 0 0 0 0 0 0 0 0 0 0 0 0 0 723.121 1822.65 3173.93 4956.91 4433.17 3337.62 1982.35 723.121 0 0 0 0 0 
0 0 0 0 0 0 1259.23 3173.93 5527.05 6649.54 5527.05 4433.17 4433.17 5527.05 6649.54 5942.3 3173.93 1259.23 0 1138.38 3337.62 6992.47 10468.1 11173.9 9731.42 8438.71 8301.25 8164.51 6786.28 3897.06 1259.23 415.256 723.121 1259.23 1514.97 1259.23 723.121 0 0 0 0 415.256 0 0 0 0 0 0 0 0 0 0 0 0 415.256 0 0 0 0 0 0 0 0 0 0 0 0 0 0 0 0 415.256 0 1259.23 3897.06 7509.4 9987.16 9960.22 7715.59 4433.17 1822.65 723.121 0 0 0 0 
0 0 0 0 0 415.256 1514.97 3818.53 6649.54 8000 7064.8 5333.5 5333.5 7372.66 9259.23 8164.51 5077.76 2238.09 0 1259.23 4433.17 8700.98 12591.8 12591.8 10939.1 10074.3 11082.7 11818.5 9823.47 6364.3 3497.32 2238.09 3081.88 3897.06 3818.53 3173.93 1822.65 723.121 0 723.121 1259.23 1514.97 1259.23 723.121 0 0 0 0 0 0 0 0 723.121 1259.23 1514.97 1259.23 723.121 0 0 0 0 0 0 0 415.256 0 0 0 0 723.121 1259.23 1514.97 1674.49 2961.21 5641.18 11082.7 14992.5 15350.5 12290.7 7765.14 3173.93 1259.23 0 0 0 0 
0 0 0 0 0 0 1259.23 3173.93 5527.05 6649.54 5527.05 4433.17 5156.29 7349.7 9823.47 9345.58 6347.87 3081.88 1138.38 1514.97 5680.03 9731.42 12688.9 11727.3 10234.1 9685.49 11777.2 13299.1 11777.2 8585.77 5692.4 5077.76 6347.87 7349.7 7372.66 5527.05 3173.93 1259.23 723.121 1822.65 3173.93 3818.53 3173.93 1822.65 723.121 0 0 0 0 0 0 1138.38 1822.65 3173.93 3818.53 3173.93 1822.65 723.121 0 0 0 0 723.121 1259.23 1514.97 1259.23 723.121 0 723.121 1822.65 3173.93 3818.53 3173.93 4341.11 7486.25 12569.1 17117.6 17703.6 14347.9 9168.01 3818.53 1514.97 0 0 0 0 
0 0 0 0 0 0 723.121 1822.65 3589.19 3818.53 3173.93 2545.77 3805 6347.87 9345.58 9823.47 7349.7 3897.06 1982.35 3656.84 6511.55 10683.3 12450.4 10631.2 8493.91 8346.65 9823.47 12541.7 12341.9 10330.1 9439.63 8887.63 9345.58 9823.47 9259.23 6649.54 3818.53 1514.97 1259.23 3173.93 5527.05 6649.54 5527.05 3173.93 1259.23 0 0 0 0 723.121 1259.23 2774.2 4433.17 6250.17 6649.54 5527.05 3173.93 1259.23 0 0 0 723.121 1822.65 3173.93 3818.53 3173.93 1822.65 723.121 1259.23 3173.93 5527.05 6649.54 5942.3 5412.03 6900.41 11082.7 14992.5 15765.8 12290.7 7765.14 3173.93 1259.23 0 0 0 0 
0 0 0 0 415.256 0 723.121 1982.35 2774.2 2774.2 1982.35 1138.38 2238.09 5077.76 8164.51 9259.23 7372.66 5264.77 4596.85 6671.26 10074.3 12598 12706 9424.1 6255.82 5879.41 7509.4 10402.4 11475.2 11534.1 11082.7 11081.9 10546.6 9345.58 8164.51 5527.05 3173.93 1674.49 1514.97 3818.53 6649.54 8000 6649.54 3818.53 1514.97 0 0 0 723.121 1822.65 3589.19 5333.5 6992.47 8472.19 8723.12 6649.54 3818.53 1514.97 0 0 0 1674.49 3173.93 5527.05 6649.54 5527.05 3173.93 1674.49 1514.97 4233.79 6649.54 8000 6649.54 5077.76 5412.03 8232.52 11246.4 11890.4 8974.82 5156.29 1822.65 723.121 0 0 0 0 
0 0 723.121 1259.23 1514.97 1982.35 2545.77 3173.93 3818.53 3173.93 1822.65 723.121 1259.23 3173.93 5527.05 6649.54 6250.17 6255.82 8022.36 10860.6 15088.2 16517.7 14927 10427.2 5987.89 3337.62 4433.17 6992.47 9960.22 12061.4 11777.2 10961.9 8608.93 6347.87 5077.76 3173.93 1822.65 723.121 1259.23 3173.93 5527.05 6649.54 5527.05 3173.93 1259.23 0 0 0 1259.23 3173.93 5527.05 8324.03 8700.98 8700.98 7908.77 5527.05 3173.93 1259.23 0 1138.38 1674.49 3029.94 5077.76 7372.66 8000 6649.54 3818.53 2238.09 2518.47 4688.91 6786.28 7372.66 5527.05 3897.06 3805 5719.7 8974.82 9766.67 7770.79 4528.12 1446.24 0 0 0 0 0 
0 723.121 1822.65 3173.93 3818.53 4433.17 4996.58 6250.17 6649.54 5527.05 3173.93 1259.23 723.121 1822.65 3173.93 3818.53 4848.42 6511.55 10068.7 15281.4 18523.6 18524.5 15545.8 10216 4996.58 3120.73 2774.2 6056.62 9891.13 12783.9 12341.9 9875.16 6671.26 3805 2238.09 1259.23 723.121 0 723.121 1822.65 3173.93 3818.53 3173.93 1822.65 723.121 0 0 415.256 1514.97 4541.65 8739.28 10238.1 9731.42 7715.59 5333.5 3173.93 1822.65 1446.24 1982.35 3752.88 4433.17 5800.89 6763.13 7349.7 7372.66 5527.05 4312.31 3081.88 3897.06 5641.18 6347.87 5641.18 3897.06 1822.65 3428.6 6671.07 10216 11727.3 9424.1 4996.58 1982.35 0 0 0 0 0 
0 1259.23 3173.93 5527.05 7064.8 7457.27 6992.47 7908.77 8000 6649.54 3818.53 1514.97 0 1138.38 1259.23 1930.23 2774.2 5800.89 9823.47 15924.7 18295.7 18046.6 15157 9960.22 4996.58 1982.35 1982.35 4996.58 9424.1 13013.8 13134.1 10330.1 6415.52 2545.77 723.121 0 415.256 0 0 723.121 1259.23 1514.97 1259.23 723.121 0 0 0 0 3428.6 7515.05 11730.9 12986.5 10870.3 6255.82 3497.32 1259.23 1861.5 2545.77 5692.4 8507.44 10683.3 11177.7 9587.79 7607.1 6524.01 5263.68 4596.85 5156.29 6250.17 7372.66 6786.28 4688.91 2518.47 1861.5 4033.44 8507.44 13851.1 15372.7 12591.8 6992.47 2774.2 0 0 0 0 0 
415.256 1514.97 3818.53 7372.66 9259.23 9423.74 8251.7 7765.14 7064.8 5527.05 3173.93 1982.35 1674.49 1514.97 1259.23 723.121 1259.23 4620.18 9024.18 13268.7 15146.5 14979.8 12596.9 8631.89 4541.65 1930.23 1982.35 4996.58 9960.22 13642 14228 11646.1 7509.4 3589.19 1982.35 1259.23 1514.97 1259.23 723.121 0 0 0 0 0 0 0 0 1446.24 5627.65 11344.5 16338 16815.9 12346.3 6442.82 2705.47 1259.23 3497.32 6671.07 10939.1 15009.7 17173.2 16170.5 13173.5 10421.1 9193.7 8601.49 8575.09 8438.71 8472.19 8723.12 6649.54 3818.53 2238.09 2237.9 6671.26 12070.2 17588.6 18990.7 15137.8 8251.7 3497.32 0 0 0 0 0 
0 1259.23 3897.06 7349.7 10238.7 10068.7 8893.64 7515.05 6056.62 4433.17 3992.01 3805 4688.91 5077.76 3897.06 2237.9 2169.36 4783.67 8330.22 11670.5 12296 11154.7 8818.9 6250.17 4433.17 3189.46 3189.46 5680.03 9423.74 13333.5 14558.3 13264.8 9423.74 6056.62 4596.85 3897.06 3818.53 3173.93 1822.65 723.121 0 0 0 0 0 0 0 2933.72 7862.84 15595.7 21207.9 20569.1 14256.6 7783.24 3337.62 3589.19 6592.74 10166.4 15258.5 19805.8 20877.6 19169.1 16397 13605.5 13955 14423.3 14256.6 12346.3 10147.2 7908.77 5527.05 3173.93 2518.47 3897.06 9332.05 15543.2 19869.2 19989.9 15601.4 8893.64 3805 723.121 0 0 0 0 
0 723.121 3805 7607.1 10860.6 11805.8 10618.6 8330.22 6592.74 5156.29 5627.65 7070.99 9345.58 10546.6 8608.93 6135.15 5760.05 8373.05 11219.4 13429.3 11782.9 8893.64 6939.26 4996.58 5719.7 5800.89 5948.14 6255.82 8232.52 9823.47 11777.2 11646.1 9960.22 8251.7 7607.1 7349.7 7372.66 5527.05 3173.93 1259.23 0 0 0 0 0 0 830.511 3445.2 8896.3 16473 21527 19948.6 13164.1 7463.11 4433.17 5942.3 9423.74 12519.5 16488.9 19246.4 19169.1 17875.8 16881.9 16335 19414.3 21463.6 19777.2 14820.1 9510.93 5333.5 3173.93 2653.16 2238.09 5077.76 10546.6 17332 20906.2 20206.1 15771.6 9332.05 3897.06 1259.23 0 0 0 0 
0 1138.38 4060.74 8251.7 12398.3 13692.4 12369.2 10068.7 8164.51 7201.54 7862.84 10604.8 14022.2 15349.7 13720.5 11857.3 11896.3 14148.6 17332.9 17195.3 14345.9 9510.93 7063.38 6415.52 8795.94 9823.47 10068.7 8170.52 7394.19 6364.3 7607.1 8815.11 9839.36 9987.16 10068.7 9823.47 9259.23 7064.8 3818.53 1514.97 0 0 0 0 0 723.121 1259.23 4033.44 8745.48 13599.9 16473 14872.6 9937.06 5856.08 4541.65 6649.54 9982.35 11646.1 12519.5 14688.5 14393.4 14384.1 14180.3 15869.6 19646.9 22786.3 19948.6 13887.2 7463.11 3497.32 2518.47 2238.09 2933.72 5827.28 9760.83 15537.2 18604.8 17988 14337 8887.63 3818.53 1514.97 0 0 0 0 
0 1259.23 5156.29 9960.22 14106.8 14950.8 13242.6 11082.7 9674.49 8164.51 8896.3 11338.4 14786.3 16473 16855 16750.3 18261.5 20634.5 22136.8 20369.2 15981.6 10581.7 8107.71 8251.7 11646.1 14250.2 14022.2 11327.9 7463.11 5171.81 4756.56 6056.62 7908.77 9982.35 9823.47 10068.7 9423.74 7042.02 4433.17 1982.35 0 0 0 0 723.121 1822.65 3897.06 6524.01 8334.2 10152.9 10342.5 7862.84 4904.53 3428.6 3173.93 5527.05 7372.66 8072.82 8330.22 9138.5 9429.75 9538.24 10234.1 12067.6 15422.5 17196.1 14872.6 9521.8 5064.23 2545.77 3173.93 4541.65 5156.29 6419.5 8330.22 11327.9 12997.4 12876.7 10546.6 7201.54 3173.93 1259.23 0 0 0 0 
415.256 2238.09 6364.3 11646.1 14992.5 14901.2 11989 9587.79 7372.66 6786.28 7070.99 9024.18 11338.4 13579.4 15771.6 18074.3 21531.6 23464.7 22392.5 18719.8 14649.1 10523.6 10306.4 10216 12519.5 15281.4 15349.7 12997.4 8896.3 4688.91 3081.88 3897.06 5942.3 7372.66 8072.82 8170.52 8666.96 6992.47 5411.84 2545.77 723.121 0 0 0 1259.23 3897.06 7349.7 9823.47 11207.1 8866.34 6111.82 3241.59 1446.24 723.121 1822.65 3173.93 3818.53 3897.06 4341.11 5412.03 7509.4 8631.89 8488.26 8078.46 9053.34 8896.3 7862.84 4904.53 3428.6 3173.93 6250.17 8472.19 8700.98 8438.71 7515.05 7234.67 7623.53 8624.62 6900.41 5412.03 3081.88 1446.24 0 0 0 0 
0 2518.47 6347.87 11777.2 14558.3 13292.2 9429.75 6415.52 3818.53 3897.06 3645.3 4620.18 6337 8278.1 11383.1 15088.2 18426.8 20369.2 18284.2 13840.9 11025.9 9195.31 9446.24 9731.42 10166.4 12119.8 13412.7 12876.7 10546.6 6786.28 4620.18 4341.11 4688.91 5077.76 6602.53 7515.05 10003.2 10427.2 8903.52 4433.17 1982.35 0 0 415.256 1514.97 5077.76 10546.6 14786.3 14814.1 10604.8 5412.03 1259.23 0 0 723.121 1259.23 1514.97 1674.49 2238.09 3818.53 6649.54 8000 6649.54 5264.77 4033.44 3029.94 2518.47 1861.5 1514.97 4233.79 7908.77 11173.9 12176.6 10468.1 7765.14 5879.41 6738.91 7371.06 7930.49 6524.01 3897.06 1822.65 723.121 0 0 0 
415.256 2238.09 5641.18 9823.47 11818.5 9823.47 6364.3 3497.32 1514.97 1259.23 1446.24 1259.23 2238.09 3081.88 5879.41 8815.11 11874.9 13013.8 10683.3 7770.79 6415.52 6250.17 6649.54 6973.29 7394.19 8722.34 10411.3 11805.8 10545.8 8095.78 5641.18 5412.03 5077.76 5827.28 6419.5 9577.08 13013.8 15607.1 13805.7 9390.08 4060.74 723.121 0 0 2089.74 5412.03 11168.2 16473 17345.6 12997.4 6900.41 2238.09 0 0 0 0 0 0 1259.23 3173.93 5527.05 6649.54 5527.05 3173.93 1259.23 0 0 723.121 2518.47 5104.16 8301.25 11191.2 12176.6 11173.9 9355.01 7463.83 9122.07 10811 11874.9 10294.8 6973.29 3173.93 1259.23 0 0 0 
0 1259.23 3897.06 6786.28 8164.51 6786.28 3897.06 1259.23 0 0 0 0 0 723.121 1982.35 4060.74 5692.4 6056.62 4433.17 3268.89 2961.02 3173.93 3818.53 3897.06 4368.42 6415.52 8507.44 9960.22 9195.31 7509.4 6347.87 6786.28 6649.54 7509.4 8866.34 13457.5 18432.4 22323.8 20428.3 14649.1 7515.05 2705.47 723.121 1259.23 2238.09 5600.35 10244.9 14872.6 16473 12876.7 7070.99 2518.47 0 0 0 0 0 0 723.121 1822.65 3173.93 3818.53 3173.93 1822.65 723.121 0 723.121 1822.65 3897.06 5641.18 7607.1 8815.11 9424.1 8472.19 8768.63 9937.06 13828.3 17117.6 17703.6 14347.9 9168.01 3818.53 1514.97 0 0 0 
0 723.121 1822.65 3173.93 3818.53 3173.93 1822.65 723.121 0 0 0 0 0 0 0 723.121 1259.23 1514.97 1982.35 1982.35 2238.09 2518.47 2238.09 2518.47 3897.06 6250.17 8472.19 8700.98 7407.72 5948.14 5641.18 7372.66 9138.38 9987.16 11949.4 16579.9 22063.5 26290 25539.1 19332.7 10889.5 5319.97 2545.77 3173.93 4233.79 6135.15 8723.06 12061.6 13077.8 10546.6 5641.18 2238.09 0 0 0 0 0 0 0 723.121 1259.23 1514.97 1259.23 723.121 0 0 1259.23 3173.93 5527.05 7372.66 7509.4 6511.55 5692.4 5372.16 6203.88 9459.71 15281.4 19173.9 18826.1 14286.6 8556.99 3173.93 1259.23 0 0 0 
0 0 723.121 1259.23 1514.97 1259.23 723.121 0 0 0 0 0 0 0 0 0 0 723.121 1822.65 3173.93 3818.53 3173.93 2237.9 2238.09 3818.53 6649.54 8723.12 7908.77 5333.5 4033.44 3897.06 5527.05 7908.77 9960.22 12290.2 16933.1 21687.5 25566.5 25869 20808.5 12519.5 7207.37 4433.17 5527.05 6649.54 6786.28 7070.99 8045.51 8164.51 6786.28 3897.06 1259.23 0 0 0 0 0 0 0 0 0 0 0 0 0 415.256 1514.97 3818.53 6649.54 8000 6649.54 4541.65 2774.2 1514.97 3777.7 7070.99 11777.2 15121.7 14228 10166.4 5692.4 1822.65 723.121 0 0 0 
0 0 0 0 0 0 0 0 0 0 0 0 0 0 0 0 0 1259.23 3173.93 5527.05 6649.54 5527.05 3173.93 2518.47 3173.93 5527.05 6649.54 5527.05 3173.93 1982.35 1822.65 3589.19 5333.5 7715.59 10294.8 14294.7 16979.6 19512 20455.2 17424.1 12061.4 7315.86 5333.5 6649.54 8000 7372.66 5641.18 4688.91 3818.53 3173.93 1822.65 723.121 0 0 0 0 0 0 0 0 0 0 0 0 0 0 1259.23 3173.93 5527.05 6649.54 5527.05 3173.93 1259.23 0 1446.24 3645.3 6347.87 8360.18 7607.1 5160.27 2705.47 723.121 0 0 0 0 
0 0 0 0 0 0 0 0 0 0 0 0 0 0 0 0 415.256 1514.97 3818.53 6649.54 8000 6649.54 3818.53 2238.09 1822.65 3173.93 3818.53 3173.93 1822.65 723.121 723.121 1259.23 2774.2 4433.17 6973.29 8631.89 10847 12040.3 12842.9 11082.7 8072.82 5156.29 4433.17 5527.05 6649.54 5527.05 3897.06 2518.47 1514.97 1259.23 723.121 0 0 0 0 0 0 0 0 0 0 0 0 0 0 0 723.121 1822.65 3173.93 3818.53 3173.93 1822.65 723.121 0 0 1446.24 2518.47 3029.94 2518.47 1446.24 0 0 0 0 0 0 
0 0 0 0 0 0 0 0 0 0 0 0 0 0 0 0 0 1259.23 3173.93 5527.05 6649.54 5527.05 3173.93 1259.23 723.121 1259.23 1514.97 1259.23 723.121 0 0 0 723.121 1822.65 3173.93 3818.53 4620.18 4904.53 5412.03 5077.76 3897.06 2545.77 2545.77 3173.93 3818.53 3173.93 1822.65 723.121 0 0 0 0 0 0 0 0 0 0 0 0 0 0 0 0 0 0 0 723.121 1259.23 1514.97 1259.23 723.121 0 0 0 0 0 0 0 0 0 0 0 0 0 0 
0 0 0 0 0 0 0 0 0 0 0 0 0 0 0 0 0 723.121 1822.65 3173.93 3818.53 3173.93 1822.65 723.121 0 0 0 0 0 0 0 0 0 723.121 1259.23 1514.97 1259.23 1446.24 1259.23 1514.97 1259.23 723.121 723.121 1259.23 1514.97 1259.23 723.121 0 0 0 0 0 0 0 0 0 0 0 0 0 0 0 0 0 0 0 0 0 0 0 0 0 0 0 0 0 0 0 0 0 0 0 0 0 0 0 
0 0 0 0 0 0 0 0 0 0 0 0 0 0 0 0 0 0 0 0 0 0 0 0 0 0 0 0 0 0 0 0 0 0 0 0 0 0 0 0 0 0 0 0 0 0 0 0 0 0 0 0 0 0 0 0 0 0 0 0 0 0 0 0 0 0 0 0 0 0 0 0 0 0 0 0 0 0 0 0 0 0 0 0 0 0 
