0 0 0 0.0401161 0.139623 0.391513 0.871086 1.55016 2.25065 2.67257 2.72892 2.61279 2.58641 2.66557 2.6049 2.16194 1.5245 0.856626 0.387358 0.194198 0.189949 0.526981 1.16539 2.05434 2.88663 3.23319 2.88663 2.0688 1.21572 0.666603 0.498718 0.584408 0.904429 1.24398 1.62143 2.05434 2.43059 2.51618 2.17215 1.51005 0.856626 0.387358 0.139623 0 0 0 0 0 0 0 0 0 0 0 0 0 0 0 0 0 0 0 0 0 0 0 0 0 0 0 0 0 0 0 0 0 0 0 0 0 0 0 0 0 0 0 
0 0 0 0.0887149 0.312923 0.885545 1.98483 3.56773 5.24618 6.32846 6.56403 6.32462 6.19509 6.27066 6.0697 5.06614 3.63585 2.11413 1.01301 0.526315 0.488507 1.25844 2.75102 4.8536 6.8286 7.67233 6.90285 5.04594 3.11038 1.87747 1.52476 1.75514 2.52346 3.29192 4.08525 4.97827 5.79404 6.01914 5.29781 3.80526 2.27052 1.10173 0.4376 0.0545758 0.0144597 0 0 0 0 0 0 0.00415455 0.0144597 0.0401161 0.0887149 0.156385 0.219743 0.246124 0.219743 0.156385 0.0887149 0.0401161 0.0144597 0 0 0 0 0 0 0 0 0 0 0 0 0 0 0 0 0 0 0 0 0 0 0 
0 0 0 0.156385 0.558752 1.60049 3.61864 6.58276 9.83299 12.0982 12.8146 12.5064 12.1881 12.1289 11.5955 9.69377 7.03926 4.19292 2.09445 1.11262 0.992684 2.417 5.23379 9.24049 13.0142 14.6599 13.2726 9.85903 6.30736 4.07992 3.51641 4.05453 5.59995 7.05883 8.42837 9.89416 11.2651 11.65 10.3581 7.59678 4.68861 2.37757 0.992684 0.189949 0.0503266 0.00415455 0.0144597 0.0401161 0.0887149 0.156385 0.219743 0.260584 0.270069 0.296008 0.397484 0.584408 0.779266 0.856626 0.764806 0.544292 0.308769 0.139623 0.0503266 0 0 0 0 0 0 0 0 0 0 0 0 0 0 0 0 0 0 0 0 0 0 0 
0 0.00415455 0.0144597 0.259859 0.893637 2.50655 5.60819 10.2309 15.481 19.4508 21.0818 20.8298 20.1123 19.5661 18.4457 15.5456 11.5899 7.27929 3.99123 2.29401 1.9162 3.92788 8.12043 14.2384 20.0483 22.6741 20.7653 15.8647 10.7865 7.67486 7.00452 7.91287 10.2924 12.4187 14.2635 16.2071 18.204 18.9392 17.2497 13.1674 8.62019 4.75856 2.25491 0.746724 0.296008 0.103175 0.0904427 0.154082 0.308769 0.544292 0.764806 0.896742 0.904429 0.931651 1.16539 1.64967 2.17215 2.37656 2.12182 1.51005 0.856626 0.387358 0.139623 0 0 0 0 0 0 0 0 0 0 0 0 0 0 0 0 0 0 0 0 0 0 0 
0 0.0144597 0.0503266 0.385747 1.25411 3.38601 7.42138 13.5256 20.7479 26.7004 29.7066 29.7821 28.5482 27.2063 25.3998 21.7906 16.8833 11.3489 6.86812 4.21313 3.24286 5.35144 10.2609 17.7789 25.0399 28.5587 26.7418 21.4546 15.96 12.6399 11.9674 12.942 15.6547 18.0641 20.1713 22.5486 25.3855 26.9066 25.3805 20.3779 14.219 8.51478 4.46427 1.9302 0.853061 0.348885 0.279245 0.437685 0.856626 1.51005 2.12182 2.46528 2.43475 2.38113 2.79113 3.81547 4.98832 5.4754 4.93844 3.55914 2.05077 0.945341 0.348885 0.0144597 0 0 0 0 0 0 0 0 0 0 0 0.00415455 0.0186143 0.0545758 0.128831 0.2451 0.376128 0.465867 0.465867 0.376128 0.2451 0.128831 
0 0.0401161 0.139623 0.607101 1.77782 4.3959 9.08899 16.1093 24.6319 32.1447 36.5013 37.0794 35.4622 33.4272 31.2671 27.64 22.4969 16.3683 10.9869 7.25955 5.26776 6.59284 10.9078 18.2866 25.6839 29.704 28.8837 24.9774 20.8781 18.4545 17.9179 18.365 20.3967 22.3765 24.5339 27.5455 31.7172 34.6974 34.1816 29.0509 21.6566 14.0912 8.16824 4.25639 2.08326 0.945341 0.696127 0.996248 1.89439 3.3394 4.69232 5.41204 5.25107 4.89977 5.37341 7.05202 9.12875 10.0438 9.16827 6.74015 4.04007 2.03856 0.930039 0.270069 0.156385 0.0887149 0.0401161 0.0144597 0 0 0 0 0 0 0 0.0144597 0.0647864 0.189949 0.448391 0.853061 1.3091 1.62143 1.62143 1.3091 0.853061 0.448391 
0 0.0887149 0.308769 1.01301 2.65842 5.86037 11.0102 18.2112 26.8038 34.5798 39.4418 40.3904 38.8328 36.791 35.0312 32.1637 27.5423 21.6408 15.9839 11.4271 8.17356 7.87569 10.275 15.9184 22.1199 26.2105 27.1846 26.2123 25.0876 24.5289 24.2529 23.6021 23.8926 24.6526 26.624 30.5085 36.3781 41.1692 42.196 37.6941 29.769 20.8878 13.2759 7.88711 4.24497 2.13949 1.5573 2.03856 3.58552 6.10637 8.42792 9.57304 9.11657 8.16253 8.41907 10.6382 13.6914 15.1902 14.1388 10.7021 6.74665 3.74325 2.00879 0.904429 0.544292 0.308769 0.139623 0.0503266 0 0 0 0 0 0 0 0.0401161 0.179739 0.526981 1.24398 2.36667 3.63187 4.49838 4.49838 3.63187 2.36667 1.24398 
0 0.156385 0.544292 1.59876 3.89429 7.81962 13.3073 19.9815 27.2292 33.5054 37.4598 38.3288 37.3134 36.1108 35.4602 33.8215 30.296 25.4914 20.5146 15.879 11.6408 9.49729 9.51852 12.801 17.3432 21.3386 24.2753 26.499 28.5565 29.9682 29.9456 28.0203 26.1113 25.1631 26.5943 31.214 38.5785 45.0001 47.7174 44.488 36.9734 27.7421 19.0729 12.3801 7.16212 3.86791 2.81914 3.43092 5.54894 9.03634 12.1669 13.5729 12.7076 11.0072 10.8046 13.2808 17.1623 19.4128 18.661 14.8135 10.1051 6.39277 4.08981 2.43059 1.51005 0.856626 0.387358 0.139623 0 0 0 0 0 0 0.00415455 0.103175 0.4376 1.25411 2.9074 5.45353 8.27784 10.1677 10.1044 8.12043 5.2739 2.76548 
0 0.219743 0.764806 2.16194 5.05168 9.58008 15.1454 20.7304 25.6416 29.1536 31.0874 31.3962 31.0609 31.0182 31.5947 31.1633 29.0437 26.0466 22.7468 19.0805 14.7214 11.3831 9.71385 11.2311 14.6348 18.6491 23.0043 27.3298 31.3903 34.0284 34.1514 31.2416 27.4152 24.648 25.0188 29.7607 37.984 45.7108 50.2189 48.7318 42.2936 33.3659 24.188 16.5018 10.0412 5.79507 4.48849 5.26319 7.63222 11.3864 14.5281 15.6573 14.3266 12.0703 11.458 13.9875 18.4546 21.6025 21.7583 18.4776 14.0071 10.3099 7.75025 5.48273 3.55914 2.05077 0.945341 0.348885 0.0144597 0 0 0 0 0 0.0144597 0.206712 0.8403 2.36311 5.39373 9.99083 15.0148 18.3009 18.0804 14.4669 9.36565 4.89977 
0.0144597 0.28624 0.945341 2.54741 5.68211 10.2833 15.3653 19.4776 21.8868 22.5874 22.4096 21.9934 22.0702 22.7914 24.0727 24.4509 23.6952 22.6768 21.4749 19.4948 16.0416 12.7426 10.8337 11.9436 15.2239 19.465 24.3077 29.0764 33.4812 36.3582 36.518 33.1073 28.0232 23.6205 22.5393 26.8029 35.466 44.5667 51.1335 51.4696 45.8922 36.9048 27.1449 18.7244 11.7541 7.36979 6.48076 7.67076 9.94797 12.9638 14.962 15.0688 13.2433 10.8552 10.1535 12.7049 17.4787 21.4861 22.9386 21.1447 18.0261 15.2643 12.9152 10.0493 6.74015 3.92381 1.83327 0.683915 0.0503266 0 0 0 0 0 0.0401161 0.359365 1.37191 3.74325 8.32418 15.0857 22.2707 26.7625 26.1507 20.7508 13.3512 6.95376 
0.0647864 0.399481 1.16229 2.8225 5.76558 9.72317 13.6034 16.0004 16.3725 15.1979 13.7333 12.8389 12.9693 13.7943 15.0965 15.862 16.2026 16.847 17.5485 17.4615 15.6863 13.5143 12.4588 13.9919 17.5238 21.7611 26.119 30.0478 33.7387 36.3734 36.7113 33.3672 27.7731 22.1829 19.6957 23.2301 32.2019 42.7871 51.3733 53.0521 47.4895 37.592 26.9597 18.1706 11.62 8.1881 8.55275 10.5464 12.604 14.1582 14.1582 12.6927 10.3365 8.14417 7.61035 10.1196 14.7713 19.2182 21.8434 21.9855 21.0664 20.1417 18.6787 15.5565 10.9219 6.58811 3.24852 1.30855 0.228337 0.0401161 0.0144597 0 0 0 0.0887149 0.554893 1.95938 5.12758 10.9716 19.2126 27.5383 32.2912 30.9383 24.177 15.3769 7.94099 
0.230065 0.772081 1.86607 3.78413 6.51227 9.49364 11.7522 12.4039 11.3846 9.40295 7.56745 6.52251 6.5459 7.12071 8.05645 8.83177 9.72322 11.3038 13.3016 14.9309 15.1668 14.719 14.9176 16.9849 20.4958 24.1632 27.2582 29.6817 32.3911 34.8625 35.6306 32.6803 27.0077 20.6785 17.2564 20.2576 29.5203 41.1421 50.7784 52.6385 46.1927 35.0251 23.7488 15.2209 9.86133 8.12043 10.0903 13.0236 14.9124 14.962 12.9638 9.98809 7.1735 5.25637 4.87284 7.0991 11.0879 15.3319 18.6818 20.7695 22.4593 23.9533 23.9653 21.0928 15.5783 9.83904 5.17538 2.25754 0.617538 0.139623 0.0503266 0 0 0 0.156385 0.764035 2.49459 6.22603 12.7008 21.2354 29.1588 32.9122 30.5273 23.2336 14.4739 7.35843 
0.588014 1.64147 3.60408 6.47087 9.57961 11.7867 12.1904 10.7226 8.16736 5.53814 3.60123 2.52838 2.50273 2.86819 3.50887 4.33733 5.66198 7.98092 11.0996 14.3405 16.4888 17.5912 18.6187 20.6981 23.5933 26.1644 27.7323 28.709 30.8012 33.4956 34.9104 32.4549 26.8525 20.0102 15.8663 18.0537 26.7811 37.9931 47.0741 48.1333 40.9252 29.4668 18.7244 11.3677 7.54202 7.40991 10.4172 13.8029 15.4777 14.5425 11.3864 7.64668 4.70509 3.05059 2.67544 4.35976 7.31957 10.906 14.5899 18.3977 22.6383 26.6313 28.3989 26.281 20.5593 13.8121 7.89181 3.7849 1.40092 0.387358 0.139623 0 0 0 0.219743 0.921191 2.8225 6.74665 13.121 20.8487 27.1762 29.1588 25.8076 18.8505 11.3478 5.61425 
1.24042 3.26341 6.88345 11.7352 16.197 18.1521 16.5957 12.4592 7.75743 4.06667 1.84931 0.696127 0.683915 0.893637 1.30502 2.22853 4.06011 7.28003 11.6862 16.4466 20.0524 22.1315 23.5078 25.3858 27.5831 28.97 29.0673 28.7381 30.3383 33.1722 34.8696 32.4905 26.7278 19.4177 14.6974 15.8358 23.1824 32.5719 39.7718 39.6391 32.4905 22.2859 13.4513 7.98062 5.57708 6.32821 9.25351 12.2107 13.4664 12.2173 9.03634 5.54894 2.97534 1.61787 1.16539 2.1904 4.0904 6.9664 10.8699 16.1289 22.4986 28.5587 31.9098 30.8243 25.541 18.3766 11.439 6.00551 2.6592 0.856626 0.308769 0 0 0 0.246124 0.945341 2.77404 6.42105 12.0156 18.2518 22.6126 22.966 19.2126 13.2874 7.61035 3.60764 
2.16572 5.54072 11.4214 18.9901 25.4586 27.5192 23.9984 16.9092 9.65315 4.48493 1.61787 0.139623 0.0503266 0.170845 0.594619 1.89579 4.50479 8.80748 14.3807 20.0917 24.2933 26.7413 28.5268 30.9163 33.2654 33.9672 32.7651 31.0096 31.6774 33.9861 35.1782 32.2818 26.1549 18.5391 13.5111 13.7362 19.567 26.843 32.0034 30.9426 24.5146 16.3464 9.9437 6.45327 5.04844 5.76999 7.5363 9.17848 9.65194 8.41115 5.88663 3.3394 1.55016 0.683915 0.387358 1.07637 2.36357 4.79854 8.78213 14.8207 22.272 29.3416 33.6231 33.571 29.3213 22.5495 15.1631 8.61208 4.28474 1.66643 0.764035 0.246124 0.219743 0.156385 0.308458 0.845038 2.31602 5.2193 9.51552 13.9893 16.6499 16.121 12.7699 8.32418 4.48849 2.00879 
3.13148 7.83778 15.8346 25.8076 33.9052 35.8705 30.5273 20.8755 11.458 5.04268 1.62143 0 0 0.219743 0.764806 2.34157 5.46128 10.4078 16.5115 22.3652 26.4523 29.1227 31.9139 35.8423 39.2857 39.7243 37.0683 33.2777 31.9864 32.7679 32.8276 29.4602 23.5801 16.5853 12.0634 11.9228 16.3392 21.4952 24.7132 23.081 17.8439 12.1149 8.37455 6.9412 6.39153 6.58671 6.67879 6.58671 6.11228 5.00524 3.35386 1.93451 0.959801 0.515481 0.359365 0.801017 1.66078 3.65712 7.35316 13.2677 20.5439 27.4049 31.8492 32.7263 30.011 24.5372 17.6093 10.6726 5.76589 2.66612 1.52961 0.856626 0.764806 0.544292 0.465154 0.698375 1.62516 3.52935 6.33502 9.12459 10.5737 9.89296 7.50806 4.6485 2.36311 0.992684 
3.74325 9.1907 18.2195 29.1588 37.6587 39.2216 32.9122 22.2284 12.0698 5.26319 1.62143 0 0 0.246124 0.856626 2.53295 5.81441 10.825 16.7168 21.9951 25.5356 28.3695 32.3487 37.9577 42.5332 42.7158 38.5623 32.6107 28.9868 27.9477 26.9872 23.8057 19.084 13.6934 10.4336 10.4592 13.6801 16.9549 18.5906 16.8586 13.2086 10.1165 9.05347 9.59483 9.75259 9.12816 7.39667 5.46122 3.88661 2.68057 1.56037 0.996248 0.696127 0.688069 0.779266 1.11648 1.63279 3.02921 5.90474 10.7222 16.633 22.2024 26.0952 27.6056 26.5406 22.9382 17.4015 11.2123 6.65658 3.88661 2.9826 2.39102 2.16194 1.59876 1.10173 0.91587 1.24237 2.11413 3.49578 4.78103 5.29577 4.70678 3.3394 1.89439 0.856626 0.308769 
3.68566 8.88752 17.2963 27.1762 34.4751 35.3006 29.1588 19.4138 10.4083 4.48849 1.3091 0 0 0.219743 0.764806 2.21054 5.0412 9.26778 14.1505 18.4732 21.6025 24.7913 29.6208 35.9087 40.584 40.2576 35.1843 28.0828 22.8913 20.4387 18.7975 16.3166 13.4032 10.43 9.18152 9.99015 12.2812 13.7287 13.6803 11.6955 9.40937 8.64925 9.93566 12.2676 13.1576 11.9314 8.81582 5.45712 2.97845 1.56973 0.683915 0.696127 0.996248 1.57483 2.17215 2.67257 2.97488 3.6531 5.2696 8.20698 11.8352 15.2701 17.9649 19.5534 19.7047 17.9562 14.3701 9.98478 6.89547 5.46122 5.47158 5.30598 4.83194 3.64817 2.4788 1.76105 1.55275 1.62143 2.05434 2.43059 2.51618 2.17215 1.51005 0.856626 0.387358 0.139623 
2.97488 7.05899 13.5053 20.8487 25.9819 26.1429 21.2354 13.9183 7.35561 3.13148 0.853061 0 0 0.156385 0.544292 1.55016 3.56773 6.58276 10.2045 13.7423 16.9281 20.6263 25.5751 31.0347 34.3821 33.1234 27.7859 20.808 15.2952 12.3383 10.6146 9.13935 8.18547 7.84419 8.94641 11.0225 12.9127 12.9638 11.3884 8.88834 7.226 7.69434 10.1212 13.3268 14.5809 13.018 9.26458 5.25566 2.37656 0.945341 0.308769 0.856626 1.89439 3.37951 4.83194 5.73173 5.85771 5.74618 6.05023 7.11633 8.52383 9.78579 11.0102 11.9899 12.4274 11.7876 9.98122 7.78403 6.81842 7.39667 8.85594 9.4042 8.65889 6.74326 4.8639 3.68219 3.06048 2.43059 2.05434 1.62143 1.24398 0.904429 0.544292 0.308769 0.139623 0.0503266 
1.95844 4.58338 8.63765 13.121 16.0787 15.9037 12.7008 8.18884 4.26106 1.78828 0.448391 0 0 0.0887149 0.308769 0.871086 2.1011 4.02331 6.66752 9.88014 13.5377 17.7044 22.0064 25.3808 26.3017 23.8192 18.8366 13.1778 8.68452 6.3283 5.1473 4.65141 5.14039 6.72934 9.65514 12.8666 14.6677 13.7445 10.8678 7.57895 5.75369 6.31375 8.65889 11.7623 13.018 11.6227 8.27153 4.69232 2.12182 0.921191 0.544292 1.51005 3.3394 5.97534 8.5803 10.1613 10.3055 9.62785 8.93867 8.50408 7.97597 7.11688 6.67541 6.56269 6.62252 6.40705 5.90551 5.60084 6.63703 9.12816 12.0201 13.3268 12.4793 10.1659 8.03171 6.81414 6.02046 4.69232 3.3394 1.89439 0.856626 0.308769 0 0 0 0 
1.04658 2.42137 4.50479 6.74665 8.14229 7.9255 6.22603 3.94873 2.02202 0.83575 0.189949 0 0 0.0401161 0.139623 0.387358 1.07637 2.27485 4.33236 7.48082 11.6091 16.0233 19.4172 20.6005 19.1743 15.651 11.2774 7.2268 4.13336 2.70594 2.13483 2.25754 3.4646 5.9899 9.7633 13.4664 15.1755 13.7828 10.2776 6.56476 4.4309 4.50479 6.02625 8.32186 9.26458 8.27153 5.88663 3.3394 1.51005 0.764035 0.764806 2.12182 4.69232 8.42792 12.1669 14.5425 15.0124 14.2978 13.2726 11.9708 9.94077 7.13061 4.96083 3.56438 2.97488 2.76231 3.02878 3.88661 6.11228 9.65194 13.314 15.1252 14.5281 12.604 11.1423 10.6481 10.1212 8.27153 5.88663 3.3394 1.51005 0.544292 0 0 0 0 
0.437685 0.996248 1.81881 2.66612 3.14137 2.97845 2.27485 1.40092 0.696127 0.279245 0.0503266 0 0 0.0144597 0.0503266 0.139623 0.554893 1.40092 3.18148 6.29202 10.5564 14.8063 17.2564 16.7895 13.8133 9.75404 6.00843 3.2233 1.24398 0.526981 0.359365 0.764806 2.12182 4.69232 8.27153 11.6227 13.018 11.6227 8.36025 5.00109 2.97845 2.6592 3.3394 4.69232 5.25566 4.69232 3.3394 1.89439 0.856626 0.554893 0.856626 2.37656 5.25566 9.48432 13.7828 16.7027 17.7103 17.5361 16.8783 15.409 12.5296 8.41115 5.00109 2.66612 1.52961 1.07637 1.52961 2.66612 5.00109 8.41115 11.8927 13.7828 13.7445 12.9638 12.9638 13.7445 13.7828 11.6227 8.27153 4.69232 2.12182 0.764806 0 0 0 0 
0.139623 0.308769 0.544292 0.764806 0.856626 0.764806 0.544292 0.308769 0.139623 0.0503266 0 0 0 0 0 0 0.219743 0.764806 2.13628 4.7571 8.46148 12.071 13.8711 12.9317 9.89296 6.31375 3.43092 1.61787 0.448391 0.189949 0.206712 0.544292 1.51005 3.3394 5.88663 8.27153 9.26458 8.27153 5.92675 3.47902 1.8974 1.40092 1.51005 2.12182 2.37656 2.12182 1.51005 0.856626 0.387358 0.359365 0.764806 2.12182 4.69232 8.51766 12.4793 15.3946 16.8783 17.5361 17.7103 16.7027 13.7828 9.26458 5.25566 2.37656 0.856626 0.156385 0.544292 1.51005 3.3394 5.88663 8.51766 10.1212 10.6481 11.1423 12.604 14.5281 15.1252 13.018 9.26458 5.25566 2.37656 0.856626 0 0 0 0 
0 0 0 0 0 0 0 0 0 0 0 0 0 0 0 0 0.156385 0.544292 1.51005 3.3394 5.88663 8.27153 9.26458 8.27153 5.88663 3.3394 1.51005 0.544292 0 0 0.0887149 0.308769 0.856626 1.89439 3.3394 4.69232 5.25566 4.69232 3.35386 1.94472 0.996248 0.617538 0.544292 0.764806 0.856626 0.764806 0.544292 0.308769 0.139623 0.206712 0.544292 1.51005 3.3394 6.10637 9.03634 11.3864 12.9638 14.1582 14.962 14.5281 12.1669 8.27153 4.69232 2.12182 0.764806 0.0887149 0.308769 0.856626 1.89439 3.3394 4.91206 6.02046 6.81414 8.03171 10.1659 12.4793 13.3268 11.6227 8.27153 4.69232 2.12182 0.764806 0 0 0 0 
0 0 0 0 0 0 0 0 0 0 0 0 0 0 0 0 0.0887149 0.308769 0.856626 1.89439 3.3394 4.69232 5.25566 4.69232 3.3394 1.89439 0.856626 0.308769 0 0 0.0401161 0.139623 0.387358 0.856626 1.51005 2.12182 2.37656 2.12182 1.51005 0.856626 0.387358 0.139623 0 0 0 0 0 0 0 0.0887149 0.308769 0.856626 1.89439 3.49578 5.23661 6.7657 8.03171 9.22603 10.1659 10.1212 8.5803 5.88663 3.3394 1.51005 0.544292 0.0401161 0.139623 0.387358 0.856626 1.51005 2.27821 2.92085 3.63187 4.84944 6.74326 8.65889 9.4042 8.27153 5.88663 3.3394 1.51005 0.544292 0 0 0 0 
0 0 0 0 0 0 0 0 0 0 0 0 0 0 0 0 0.0401161 0.139623 0.387358 0.856626 1.51005 2.12182 2.37656 2.12182 1.51005 0.856626 0.387358 0.139623 0 0 0.0144597 0.0503266 0.139623 0.308769 0.544292 0.764806 0.856626 0.764806 0.544292 0.308769 0.139623 0.0503266 0 0 0 0 0 0 0 0.0401161 0.139623 0.387358 0.856626 1.59876 2.43059 3.23319 4.01621 4.84944 5.54894 5.64302 4.83194 3.3394 1.89439 0.856626 0.308769 0.0144597 0.0503266 0.139623 0.308769 0.544292 0.853521 1.16539 1.62143 2.43868 3.64817 4.83194 5.30598 4.69232 3.3394 1.89439 0.856626 0.308769 0 0 0 0 
0 0 0 0 0 0 0 0 0 0 0 0 0 0 0 0 0.0144597 0.0503266 0.139623 0.308769 0.544292 0.764806 0.856626 0.764806 0.544292 0.308769 0.139623 0.0503266 0 0 0 0 0 0 0 0 0 0 0 0 0 0 0 0 0 0 0 0 0 0.0144597 0.0503266 0.139623 0.308769 0.584408 0.904429 1.24398 1.62143 2.05434 2.43059 2.51618 2.17215 1.51005 0.856626 0.387358 0.139623 0 0 0 0 0 0.0401161 0.139623 0.387358 0.856626 1.51005 2.12182 2.37656 2.12182 1.51005 0.856626 0.387358 0.139623 0 0 0 0 
