0 0 0 0 0 0 0 0 0 0 0 0 0 0 0 0 0 0 415.256 0 0 0 0 0 0 0 415.256 0 0 0 0 0 0 0 0 0 0 415.256 0 0 415.256 0 0 0 0 0 0 0 0 0 0 0 0 0 0 0 0 0 0 0 0 0 0 0 415.256 0 0 0 0 415.256 0 0 0 0 0 0 0 0 0 0 0 0 0 0 0 0 
0 0 0 0 0 0 0 0 0 0 0 0 0 0 0 0 723.121 1259.23 1514.97 1674.49 723.121 0 0 0 723.121 1259.23 1514.97 1259.23 723.121 0 0 0 0 0 0 723.121 1259.23 1514.97 1982.35 1982.35 1514.97 1259.23 723.121 0 0 0 0 0 0 0 0 0 0 0 0 0 0 0 0 0 0 0 723.121 1259.23 1514.97 1259.23 723.121 723.121 1259.23 1514.97 1259.23 723.121 0 0 0 0 0 0 0 0 0 0 0 0 0 0 
0 0 0 0 0 0 0 0 0 0 0 0 0 0 0 723.121 1822.65 3897.06 5077.76 4688.91 3081.88 1446.24 0 723.121 1822.65 3173.93 3818.53 3173.93 1822.65 723.121 0 0 0 0 723.121 1822.65 3173.93 4541.65 4996.58 4996.58 4541.65 3173.93 2237.9 723.121 0 0 0 0 0 0 0 0 0 0 0 0 0 0 0 0 0 723.121 1822.65 3173.93 4233.79 3173.93 2545.77 2545.77 3173.93 3818.53 3173.93 1822.65 723.121 0 0 0 0 0 0 0 0 0 0 0 0 0 
0 0 0 0 0 0 0 0 0 0 0 0 0 0 0 1259.23 3897.06 7349.7 9823.47 9345.58 6763.13 3081.88 723.121 1259.23 3173.93 5527.05 6649.54 5527.05 3173.93 1259.23 0 415.256 0 0 1259.23 3173.93 5527.05 7908.77 8700.98 9116.24 8631.89 6786.28 4688.91 2518.47 723.121 0 0 0 0 0 0 0 0 0 0 0 0 0 0 0 0 1259.23 3897.06 6786.28 8579.77 6786.28 5156.29 4433.17 5527.05 6649.54 5527.05 3173.93 1259.23 0 0 0 0 0 0 0 0 0 0 0 0 0 
0 0 0 0 0 0 0 0 0 0 0 0 0 0 415.256 1514.97 5077.76 9823.47 14250.2 14558.3 10860.6 5948.14 2397.61 1514.97 3818.53 6649.54 8000 6649.54 3818.53 2238.09 1259.23 1514.97 1259.23 1138.38 1514.97 3818.53 7064.8 10238.1 11727.3 12706.2 12596.9 10546.6 7637.06 4688.91 1822.65 723.121 415.256 0 0 0 0 0 0 0 415.256 0 0 0 0 0 415.256 2238.09 6364.3 11082.7 13333.5 11498 7879.27 6056.62 6649.54 8415.26 6649.54 3818.53 1514.97 0 0 0 0 0 0 0 0 0 0 0 0 0 
0 0 0 0 0 0 0 415.256 0 0 0 0 0 0 0 1674.49 4688.91 10068.7 15121.7 16701 13642 8666.96 3337.62 1982.35 3589.19 5527.05 6649.54 5527.05 3897.06 3081.88 3173.93 3818.53 3173.93 1822.65 2397.61 3173.93 6250.17 9731.42 12290.2 13778.7 14256.6 12876.7 10546.6 6786.28 3897.06 2518.47 1514.97 1259.23 723.121 0 0 0 723.121 1259.23 1514.97 1259.23 723.121 0 0 0 0 3241.59 8170.52 14228 17117.6 14643.3 9429.75 7138.64 6786.28 8164.51 6786.28 3897.06 1259.23 0 0 0 0 0 0 0 0 0 0 0 0 0 
0 0 0 0 0 723.121 1259.23 1514.97 1259.23 1138.38 0 0 0 0 0 723.121 3081.88 7607.1 12519.5 16073.6 15258.5 10939.1 6415.52 3964.71 3337.62 4433.17 4541.65 3173.93 3081.88 3897.06 5942.3 6649.54 6250.17 4433.17 3497.32 3081.88 5879.41 8974.82 12453.9 14420.3 14610.4 12997.4 11081.9 8095.78 5641.18 4688.91 3818.53 3173.93 1822.65 723.121 0 723.121 1822.65 3173.93 3818.53 3173.93 1822.65 723.121 0 0 415.256 3497.32 8815.11 16073.6 19727.3 16865.5 11935.8 7865.74 6347.87 7637.06 6347.87 3645.3 1446.24 0 415.256 0 0 0 0 0 0 0 0 0 0 0 
0 0 0 0 723.121 1822.65 3173.93 4541.65 4433.17 3337.62 1982.35 723.121 0 0 0 0 1861.5 4596.85 9230.56 13550 15071 13429.1 9538.24 6926.81 5264.77 4433.17 3337.62 2397.61 2961.21 5077.76 8164.51 9982.35 9195.31 6992.47 5333.5 5035.43 6419.5 9230.56 12450.4 14415.5 13161.1 11327.9 8887.63 6786.28 6347.87 6786.28 7064.8 5527.05 3173.93 1259.23 0 1259.23 3173.93 5527.05 6649.54 5527.05 3173.93 1259.23 0 0 415.256 2774.2 8853.96 15258.5 20061.6 18513.6 13663.7 9753.14 8232.52 8164.51 6786.28 3897.06 1982.35 1259.23 1514.97 1259.23 723.121 0 0 0 0 0 0 0 0 0 
0 0 0 0 1259.23 3173.93 6250.17 8472.19 8700.98 7407.72 4433.17 1822.65 723.121 0 0 0 0 1982.35 5692.4 10939.1 14695.1 16397 14393.4 12198.3 9168.01 6250.17 3173.93 1982.35 3081.88 6347.87 9345.58 11082.7 10523.6 9424.1 7908.77 6786.28 7607.1 9960.22 12176.6 12899.7 10523.6 7607.1 5493.02 4688.91 6364.3 8631.89 9514.97 7908.77 4541.65 1514.97 415.256 1514.97 3818.53 6649.54 8000 6649.54 3818.53 1514.97 0 0 723.121 3656.84 7770.79 13857.3 18540.9 18939.7 15857.1 12148.8 9731.42 9138.38 6649.54 4541.65 3337.62 3173.93 3818.53 3173.93 1822.65 723.121 0 0 0 0 0 0 0 0 
0 0 0 415.256 1514.97 3818.53 7908.77 11897.1 13435.8 11983 8301.25 3897.06 1259.23 0 0 0 0 1138.38 4060.74 8815.11 14780.4 18330.1 18638.6 16832.4 13412 8472.19 4541.65 2774.2 3897.06 7349.7 10238.7 10860.6 10166.4 9731.42 9138.38 8164.51 8360.18 9987.16 11173.9 10468.1 7715.59 4596.85 2238.09 3656.84 5719.7 8700.98 10468.1 8700.98 4996.58 1982.35 0 1259.23 3173.93 5527.05 6649.54 5527.05 3173.93 1259.23 0 1446.24 3081.88 5827.28 9138.5 13408 16979.6 18683.3 17104.1 13965.8 11475.2 9423.74 6786.28 5156.29 4433.17 5527.05 6649.54 5942.3 3173.93 1259.23 0 0 0 0 0 0 0 0 
0 0 0 0 1259.23 3589.19 7765.14 12290.7 15350.5 14992.5 11082.7 5641.18 2238.09 0 0 0 0 415.256 3241.59 7607.1 13828.3 18991.5 20478.2 18524.5 14695.1 8700.98 4848.42 2774.2 3818.53 7372.66 9259.23 9423.74 8251.7 7765.14 6649.54 7201.54 6347.87 7509.4 7908.77 7042.02 4433.17 3120.73 1259.23 3497.32 6671.07 9424.1 10468.1 8700.98 4996.58 1982.35 0 723.121 2237.9 3173.93 3818.53 3173.93 1822.65 723.121 723.121 3081.88 6347.87 9345.58 12221.1 13297.8 15172.9 15817.5 15696.4 13468.8 11840.9 9152.03 6763.13 5160.27 5264.77 7372.66 9259.23 8164.51 5077.76 2238.09 0 0 0 0 0 0 0 0 
0 0 0 0 723.121 1822.65 5692.4 10166.4 14228 15121.7 11777.2 6347.87 2518.47 0 0 723.121 1259.23 1930.23 3497.32 6779.56 11338.4 16360.2 18295.7 16815.1 12706.2 6992.47 3337.62 1982.35 3173.93 5527.05 6649.54 6250.17 4996.58 5156.29 5077.76 5412.03 4904.53 4620.18 3818.53 3897.06 3805 4060.74 5571.54 7315.86 9230.56 10990.7 10961.2 7908.77 4541.65 1514.97 723.121 1259.23 2238.09 2518.47 2238.09 1259.23 723.121 0 1674.49 4688.91 9345.58 13714.3 14973.3 14164.6 12940.6 12119.8 12528.9 12506 12198.3 10683 7509.4 5156.29 5156.29 7349.7 9823.47 9345.58 6347.87 3081.88 723.121 0 0 0 0 0 0 0 
0 0 0 415.256 0 1138.38 3497.32 7156.15 11082.7 12541.7 9823.47 5641.18 2653.35 0 723.121 1822.65 3173.93 3818.53 5263.68 5719.7 8768.63 11338.4 13036.4 11805.8 8301.25 4433.17 1982.35 723.121 1822.65 3173.93 3818.53 3173.93 3268.89 4220.26 5104.16 5077.76 4620.18 3081.88 2961.21 3081.88 5156.29 7715.59 10523.6 12905.4 13242.6 11874.9 9731.42 6250.17 3173.93 1982.35 1822.65 3173.93 3818.53 3173.93 1822.65 723.121 0 415.256 1514.97 5800.89 11498 15765.1 16381 14688.9 11589.3 10260.5 10238 11612.6 12290.7 11897.1 8472.19 5264.77 4596.85 6347.87 9345.58 9823.47 7349.7 3897.06 1259.23 0 0 0 0 0 0 0 
0 723.121 1259.23 1514.97 1259.23 723.121 1259.23 3897.06 6786.28 8164.51 7509.4 5156.29 2774.2 1259.23 1982.35 3173.93 6973.29 9168.01 9280.11 7515.05 7017.79 5641.18 6347.87 5641.18 3897.06 1822.65 723.121 0 723.121 1259.23 1514.97 1982.35 3964.71 5948.14 8301.25 8631.89 6250.17 3173.93 2518.47 3589.19 7042.02 11727.3 15350.5 17424.1 16381 12519.5 8507.44 4848.42 1822.65 1982.35 3173.93 5527.05 6649.54 5527.05 3173.93 1259.23 0 0 2705.47 6978.94 12038.6 16160.5 16416.6 13697.6 11177.7 8768.63 9122.07 11219.4 13315 12176.6 8700.98 4848.42 3497.32 5077.76 8164.51 9259.23 7372.66 3818.53 1514.97 0 0 0 0 0 0 0 
723.121 1822.65 3173.93 3818.53 3173.93 1822.65 1446.24 1822.65 3173.93 4541.65 4996.58 4996.58 4541.65 3589.19 3752.88 5987.89 10294.8 14347.9 15009.7 12564 7934.47 4943.57 3241.59 2238.09 1674.49 723.121 0 0 0 0 723.121 2961.02 6511.55 10811 13642 12996.6 9195.31 4956.91 3029.94 3818.53 8324.03 12688.9 15995.1 17117.6 15765.1 12636.3 7851.97 4289.18 2397.61 2238.09 3818.53 6649.54 8000 6649.54 3818.53 1514.97 415.256 723.121 3805 8170.52 13657.9 16831.5 15857.1 13628.5 11120.7 8164.51 9083.3 11246.4 12688.9 11727.3 7715.59 3337.62 1982.35 3173.93 5527.05 6649.54 5942.3 3173.93 1259.23 0 0 0 0 0 0 0 
1259.23 3173.93 5527.05 6649.54 5527.05 3173.93 1259.23 723.121 1259.23 3189.46 4433.17 6250.17 7372.66 6786.28 5948.14 8626.12 12598 19149.9 21908 18916.9 12684.9 6415.52 2545.77 2397.61 1514.97 1259.23 723.121 0 0 0 1259.23 4433.17 9960.22 15350.5 17703.6 15350.5 9960.22 4433.17 2518.47 3173.93 6250.17 9731.42 11874.9 13965.8 14324.3 12202.3 9589.46 6524.01 3173.93 3081.88 3897.06 5527.05 6649.54 5527.05 3897.06 2518.47 1514.97 2933.72 5412.03 10791.8 15817.5 18231.5 15515.9 12051.1 8164.51 7509.4 8170.52 10683.3 11727.3 10216 6255.82 2705.47 723.121 1822.65 3897.06 5077.76 4688.91 3081.88 1446.24 0 0 0 0 0 0 0 
1514.97 3818.53 6649.54 8000 6649.54 3818.53 1514.97 723.121 1674.49 3029.94 5077.76 8095.78 9822.65 10546.6 10449.9 11056.5 15031.3 21645.7 25521.8 24467.3 18183.7 11825.9 6978.94 5948.14 5077.76 3897.06 1822.65 723.121 0 415.256 1930.23 5333.5 11191.2 16472.2 17823.5 14286.6 8507.44 3337.62 1446.24 1822.65 3173.93 5264.77 7702.06 10156.9 13408 14708.1 13697.6 11018 6973.29 3897.06 3081.88 3173.93 3818.53 3897.06 3645.3 3897.06 4233.79 5104.16 7623.53 13092.4 17960.2 19355.7 15601.4 10408.6 5800.89 5156.29 6819.23 9424.1 10468.1 8700.98 4996.58 1982.35 0 1446.24 3081.88 4688.91 5077.76 3897.06 1822.65 723.121 0 0 0 0 0 0 
1259.23 3173.93 5527.05 6649.54 5527.05 3173.93 1982.35 1822.65 3173.93 5077.76 6347.87 8608.93 11269.7 12876.7 13720.5 15105.6 17144.4 21599.1 25350.1 25076.3 20598 15423.8 11425.6 10860.6 9823.47 7349.7 3897.06 1259.23 0 0 1259.23 4433.17 8700.98 12899.7 13435.8 10216 5692.4 1982.35 0 723.121 1259.23 1514.97 4500.82 8745.48 14084 18376.8 18426.8 14347.9 9168.01 3818.53 2238.09 1259.23 1514.97 2518.47 3897.06 6250.17 7908.77 8301.25 10312.6 14328.6 18524.5 19813.7 16187.2 9337.7 5050.96 2774.2 5264.77 7908.77 9514.97 7908.77 4541.65 1514.97 0 1259.23 3173.93 5527.05 6649.54 5527.05 3173.93 1259.23 0 0 0 0 0 0 
723.121 1822.65 3173.93 3818.53 3173.93 1822.65 1982.35 3173.93 5527.05 7372.66 7764.95 7862.84 10155.5 13720.5 17172.3 19057.6 18324.4 19288.5 20542.4 20598 18618.9 15480.7 14034.5 14558.3 13527 9823.47 5077.76 1514.97 0 0 723.121 2545.77 4996.58 6992.47 6992.47 4996.58 2545.77 1138.38 0 0 0 830.511 3029.94 7637.06 14558.3 19173.9 18826.1 14286.6 8556.99 3173.93 1259.23 0 415.256 1514.97 4541.65 8472.19 11173.9 11606.4 11589.3 14227.1 18700.6 20597.7 17496.6 10957.2 5012.3 2518.47 3897.06 5527.05 6649.54 5527.05 3173.93 1259.23 415.256 1514.97 3818.53 6649.54 8000 6649.54 3818.53 1514.97 0 0 0 0 0 0 
0 723.121 1259.23 1514.97 1259.23 1138.38 1514.97 3818.53 6649.54 8000 7372.66 6752.25 7718.85 11864 17196.1 19054.1 19178.5 17020.3 15068.5 14016.4 12306.8 11425.6 12905.4 14250.2 13299.1 9345.58 4688.91 1259.23 0 0 0 723.121 1982.35 2774.2 2774.2 2705.47 1982.35 1514.97 1259.23 723.121 0 0 2518.47 6347.87 11777.2 15121.7 14228 10166.4 5692.4 1822.65 723.121 0 0 1259.23 4433.17 8700.98 12176.6 12591.8 12198.3 13408 16773.4 19805.8 18540.9 13340.3 8415.38 4620.18 3645.3 3897.06 3818.53 3173.93 1822.65 723.121 0 1259.23 3173.93 5527.05 6649.54 5527.05 3173.93 1259.23 0 0 0 0 0 0 
0 0 0 0 0 0 1259.23 3173.93 5527.05 6649.54 5527.05 3897.06 4756.37 7862.84 13164.1 16473 16072.8 12369.2 8974.82 6592.74 5948.14 6978.94 8795.94 9823.47 9345.58 6347.87 3081.88 723.121 0 0 0 0 0 0 723.121 1822.65 3173.93 3818.53 3173.93 1822.65 723.121 0 1446.24 3645.3 6347.87 8360.18 7607.1 5160.27 2705.47 723.121 0 0 0 1138.38 3337.62 6992.47 10468.1 11173.9 10454.5 10797.5 13389.9 17254.4 18524.5 16050.7 11805.8 6786.28 3897.06 2518.47 1514.97 1259.23 723.121 0 0 723.121 1822.65 3173.93 3818.53 3173.93 1822.65 723.121 0 0 0 0 0 0 
0 0 0 0 0 0 723.121 1822.65 3173.93 3818.53 3173.93 1822.65 2169.36 4341.11 7862.84 10604.8 10546.6 8072.82 5156.29 2774.2 1982.35 2545.77 3897.06 5077.76 4688.91 3081.88 1446.24 0 0 0 0 0 0 0 1259.23 3173.93 5527.05 6649.54 5527.05 3173.93 1259.23 0 0 1446.24 2518.47 3029.94 2518.47 1446.24 0 0 0 0 0 0 1982.35 4433.17 7042.02 7908.77 7388.54 7234.67 9926.19 13498 16251.7 15844.8 12541.7 8164.51 3818.53 1514.97 0 0 0 0 0 0 723.121 1259.23 1514.97 1259.23 723.121 0 0 0 0 0 0 0 
0 0 0 0 0 0 0 723.121 1259.23 1514.97 1259.23 723.121 0 1446.24 3081.88 4688.91 5077.76 3897.06 1822.65 723.121 0 723.121 1259.23 1514.97 1259.23 723.121 0 0 0 0 0 0 0 415.256 1514.97 3818.53 6649.54 8000 6649.54 3818.53 1514.97 0 0 0 0 0 0 0 0 0 0 0 0 0 723.121 1822.65 3173.93 3818.53 3173.93 3805 5156.29 8301.25 11082.7 11777.2 9823.47 6786.28 3173.93 1259.23 0 0 0 0 0 0 0 0 0 0 0 0 0 0 0 0 0 0 
0 0 0 0 0 0 0 0 0 0 0 0 0 0 723.121 1259.23 1514.97 1259.23 723.121 0 0 0 0 0 0 0 0 0 0 0 0 0 0 0 1259.23 3173.93 5527.05 6649.54 5527.05 3173.93 1259.23 0 0 0 0 0 0 0 0 0 0 0 0 0 0 723.121 1259.23 1514.97 1259.23 1446.24 1822.65 3897.06 5641.18 6347.87 5641.18 3897.06 1822.65 723.121 0 0 0 0 0 0 0 0 0 0 0 0 0 0 0 0 0 0 
0 0 0 0 0 0 0 0 0 0 0 0 0 0 0 0 0 0 0 0 0 0 0 0 0 0 0 0 0 0 0 0 0 0 723.121 1822.65 3173.93 3818.53 3173.93 1822.65 723.121 0 0 0 0 0 0 0 0 0 0 0 0 0 0 0 0 0 0 0 723.121 1259.23 2238.09 2518.47 2238.09 1259.23 723.121 0 0 0 0 0 0 0 0 0 0 0 0 0 0 0 0 0 0 0 
0 0 0 0 0 0 0 0 0 0 0 0 0 0 0 0 0 0 0 0 0 0 0 0 0 0 0 0 0 0 0 0 0 0 0 723.121 1259.23 1514.97 1259.23 723.121 0 0 0 0 0 0 0 0 0 0 0 0 0 0 0 0 0 0 0 0 0 0 0 0 0 0 0 0 0 0 0 0 0 0 0 0 0 0 0 0 0 0 0 0 0 0 
0 0 0 0 0 0 0 0 0 0 0 0 0 0 0 0 0 0 0 0 0 0 0 0 0 0 0 0 0 0 0 0 0 0 0 0 0 0 0 0 0 0 0 0 0 0 0 0 0 0 0 0 0 0 0 0 0 0 0 0 0 0 0 0 0 0 0 0 0 0 0 0 0 0 0 0 0 0 0 0 0 0 0 0 0 0 
