0 0 0 0 0 0 0 0 0 0 0 0 0 0 0 0 0 0 0 0 0 0 0 0 0 0 0 0 0 0 0 0 0 0 0 723.121 1259.23 1514.97 1259.23 723.121 0 0 0 0 0 0 0 0 0 0 0 0 0 0 0 0 0 0 0 0 0 0 0 0 0 0 0 0 0 0 0 0 0 0 0 0 0 0 0 0 0 0 0 0 0 0 
0 0 0 0 0 0 0 0 0 0 0 0 0 0 0 0 830.511 0 0 0 0 0 0 0 0 0 0 0 0 0 0 0 0 0 723.121 1822.65 3589.19 3818.53 3173.93 1822.65 723.121 0 0 0 0 0 0 0 0 0 0 0 0 0 0 0 0 0 0 0 0 0 0 0 0 0 0 0 0 0 0 0 0 0 0 0 0 0 0 0 0 0 0 0 0 0 
0 0 0 0 0 0 0 0 0 0 0 0 0 0 1446.24 2518.47 3029.94 2518.47 1446.24 0 0 0 0 0 0 0 0 0 0 0 0 0 0 0 1982.35 4433.17 7042.02 7908.77 6250.17 3173.93 1259.23 0 0 0 0 415.256 0 0 415.256 0 0 0 0 0 0 0 0 0 0 0 0 0 0 0 0 0 0 415.256 0 0 0 0 0 0 0 0 0 0 0 0 0 0 0 0 0 0 
0 0 0 0 0 0 0 0 0 0 0 0 0 1446.24 3645.3 6347.87 7637.06 6347.87 3645.3 1446.24 0 0 0 0 0 0 0 0 0 0 0 0 0 1138.38 3337.62 6992.47 10468.1 11173.9 8472.19 4541.65 1514.97 0 0 1138.38 1259.23 1514.97 1982.35 1982.35 1514.97 1259.23 723.121 0 0 0 0 0 0 0 0 0 0 0 0 0 0 723.121 1259.23 1514.97 1259.23 723.121 0 0 0 0 0 0 0 0 0 0 0 0 0 0 0 0 
0 0 0 0 0 0 0 0 0 0 0 0 0 2518.47 6347.87 11054.1 13299.1 11054.1 6347.87 2518.47 0 0 0 0 415.256 0 0 0 0 0 0 0 0 1259.23 4433.17 8700.98 12176.6 12176.6 8700.98 4433.17 1259.23 723.121 1982.35 3337.62 4433.17 5264.77 4996.58 4996.58 4541.65 3589.19 1822.65 723.121 0 0 0 0 0 0 0 0 0 0 0 0 723.121 1822.65 3173.93 3818.53 3173.93 1822.65 723.121 0 0 0 0 415.256 415.256 0 0 0 0 0 0 0 0 0 
0 0 0 0 0 0 0 0 0 0 0 0 1245.77 3029.94 7637.06 13299.1 16000 13299.1 7637.06 3029.94 0 0 723.121 1259.23 1514.97 1259.23 723.121 0 0 0 0 0 415.256 1514.97 4541.65 8887.44 11173.9 10468.1 6992.47 3337.62 1446.24 1822.65 4433.17 6992.47 8700.98 9731.42 9424.1 9424.1 9168.01 7042.02 4433.17 1982.35 0 0 0 0 0 0 0 0 0 0 0 0 1674.49 3173.93 5527.05 6649.54 5527.05 3173.93 1259.23 0 0 723.121 1982.35 2774.2 2774.2 1982.35 723.121 0 0 415.256 0 0 0 0 
0 0 0 0 0 0 0 0 0 0 723.121 1259.23 1514.97 3777.7 7070.99 11469.4 13299.1 11054.1 6763.13 2518.47 0 723.121 1822.65 3173.93 3818.53 3173.93 1822.65 723.121 0 0 0 0 0 1982.35 4848.42 7765.14 9168.01 7765.14 4433.17 1982.35 1259.23 3589.19 7042.02 10468.1 12591.8 12688.9 12450.4 12290.7 12688.9 10468.1 6992.47 3337.62 723.121 0 0 0 0 0 0 0 0 0 723.121 1674.49 3445.2 5077.76 7372.66 8000 6649.54 3818.53 1514.97 0 1138.38 2545.77 4996.58 6992.47 6992.47 4996.58 2545.77 1446.24 1259.23 1514.97 1259.23 723.121 0 0 
0 0 0 0 0 0 0 0 0 723.121 1822.65 3173.93 3818.53 5343.3 6727.18 8585.96 9619.42 8330.22 5160.27 2705.47 723.121 1674.49 3173.93 5527.05 6649.54 5527.05 3173.93 1259.23 0 0 0 0 1446.24 3805 6511.55 8251.7 8130.84 4996.58 2545.77 1138.38 1514.97 3818.53 7908.77 11589.2 12176.6 11727.3 11475.2 11874.9 13435.8 12176.6 9116.24 4433.17 1259.23 0 0 0 0 0 0 0 0 723.121 2545.77 4433.17 6592.74 7607.1 8072.82 7372.66 5527.05 3173.93 2397.61 1259.23 2774.2 5692.4 9424.1 12176.6 12176.6 8700.98 5156.29 3081.88 3173.93 3818.53 3173.93 1822.65 723.121 0 
0 0 0 0 0 0 0 0 0 1259.23 3173.93 5527.05 7372.66 7349.7 7794.11 8319.35 8026.53 7515.05 5987.89 3897.06 3497.14 3753.06 5077.76 7372.66 8000 6649.54 3818.53 1514.97 0 0 0 723.121 3081.88 6347.87 10791.8 12341.9 10379.6 6415.52 2705.47 0 1259.23 3897.06 7509.4 9987.16 9960.22 8853.96 7770.79 8815.11 11914.3 12433.2 9987.16 5800.89 2238.09 0 0 0 0 0 0 0 0 1982.35 4996.58 8700.98 11191.2 10523.6 8170.52 5800.89 3897.06 3805 4060.74 4848.42 6471.88 8507.44 12290.7 15372.7 14649.5 10468.1 6592.74 4688.91 5527.05 6649.54 5527.05 3173.93 1259.23 0 
0 0 0 0 0 415.256 0 0 415.256 1514.97 3818.53 6649.54 9259.23 9823.47 9345.58 9423.74 8700.98 8700.98 8631.89 7349.7 6347.87 6752.25 6347.87 7349.7 7372.66 5527.05 3173.93 1674.49 0 415.256 0 1674.49 5104.16 10068.7 15121.7 16701 13642 8251.7 3337.62 723.121 1446.24 3645.3 6347.87 8360.18 7607.1 5160.27 4687.83 5879.41 8864.67 11498 10068.7 6347.87 3081.88 723.121 0 0 0 0 0 0 415.256 2774.2 6992.47 12176.6 14649.5 12899.7 8251.7 5012.3 3081.88 5156.29 6992.47 8700.98 9731.42 10683.3 11874.9 13435.8 12176.6 9116.24 5948.14 5077.76 6649.54 8000 6649.54 3818.53 1514.97 0 
0 0 0 723.121 1259.23 1514.97 1259.23 723.121 0 1259.23 3173.93 5942.3 8164.51 9345.58 10238.7 10774.2 10468.1 10468.1 10774.2 10546.6 10604.8 10402.6 8608.93 7070.99 5077.76 3897.06 3081.88 2961.21 2518.47 2238.09 2397.61 3497.32 6592.74 12341.9 17424.1 18826.1 15995.1 10216 4433.17 1259.23 1674.49 3897.06 6786.28 8164.51 6786.28 3897.06 1982.35 3805 7607.1 10860.6 11082.7 8072.82 3897.06 1259.23 0 0 0 0 0 0 415.256 3189.46 6992.47 12176.6 14649.5 12176.6 6992.47 4033.44 3589.19 7042.02 10468.1 12176.6 11897.1 10454.5 8815.11 8507.44 6992.47 4996.58 3805 3897.06 5527.05 6649.54 5527.05 3173.93 1259.23 0 
0 0 723.121 1822.65 3173.93 3818.53 3173.93 1822.65 723.121 723.121 1822.65 3173.93 5077.76 6347.87 7349.7 8631.89 8700.98 9116.24 10146.9 11168.2 12997.4 13077.8 10546.6 6900.41 4476.18 3081.88 4620.18 5641.18 6347.87 6364.3 5719.7 6255.82 8853.96 12038.6 15464.7 16718.2 14347.9 9731.42 5264.77 3189.46 3029.94 5077.76 7372.66 8000 6649.54 3818.53 2653.35 4060.74 8251.7 11983 12433.2 9195.31 4541.65 1514.97 0 0 0 0 0 723.121 1259.23 3497.32 6255.82 9424.1 10468.1 8700.98 5411.84 3497.32 3818.53 7908.77 11173.9 12176.6 10468.1 7765.14 5156.29 4033.44 2774.2 1982.35 1446.24 1822.65 3173.93 3818.53 3173.93 1822.65 723.121 0 
0 0 1259.23 3173.93 5527.05 6649.54 5527.05 3173.93 1259.23 0 723.121 1259.23 2653.35 3081.88 3897.06 4541.65 4996.58 4996.58 7060.12 9521.8 12876.7 14022.2 11054.1 6347.87 3777.7 3173.93 6786.28 9823.47 11054.1 11082.7 9960.22 9424.1 9731.42 10683.3 11425.6 11475.2 9731.42 7696.41 4996.58 4433.17 5077.76 6347.87 7349.7 7372.66 5527.05 3173.93 2518.47 4433.17 8700.98 12176.6 12176.6 8700.98 4848.42 1259.23 0 0 0 0 723.121 1822.65 3173.93 4541.65 5719.7 6255.82 6056.62 4433.17 2545.77 1982.35 3173.93 6250.17 8472.19 8700.98 6992.47 4433.17 1822.65 723.121 0 0 415.256 723.121 1259.23 1514.97 1259.23 723.121 0 0 
0 415.256 1514.97 3818.53 6649.54 8000 6649.54 3818.53 1514.97 0 1138.38 1259.23 1514.97 1982.35 1982.35 1514.97 1982.35 2397.61 3753.06 6900.41 10546.6 11818.5 9823.47 6056.44 3753.06 4233.79 8164.51 11818.5 13714.3 13333.5 11983 10468.1 10238.1 8631.89 7156.15 5948.14 4541.65 4433.17 4996.58 6250.17 7372.66 7349.7 6347.87 5077.76 3173.93 2237.9 2653.35 4541.65 8472.19 11173.9 11191.2 8251.7 4852.59 1982.35 723.121 0 0 0 1259.23 3173.93 5527.05 6649.54 6250.17 4433.17 2774.2 1259.23 723.121 723.121 1822.65 3173.93 4541.65 4433.17 3337.62 1982.35 723.121 0 723.121 1259.23 1514.97 1259.23 723.121 0 0 0 0 0 
0 0 1259.23 3173.93 5527.05 6649.54 5527.05 3173.93 1982.35 2397.61 3752.88 4433.17 4541.65 3173.93 1822.65 723.121 0 0 1259.23 3897.06 6786.28 8164.51 6786.28 4312.31 2518.47 3173.93 6786.28 10238.7 11054.1 11082.7 9960.22 8700.98 7908.77 5527.05 3897.06 2518.47 1930.23 2774.2 4541.65 6649.54 8000 7372.66 5077.76 3029.94 1982.35 1982.35 2774.2 4433.17 6973.29 8631.89 8864.67 7607.1 5800.89 3173.93 1822.65 723.121 0 415.256 1514.97 3818.53 6649.54 8000 6649.54 3818.53 1514.97 0 0 0 723.121 1259.23 1514.97 1259.23 723.121 0 0 723.121 1822.65 3173.93 3818.53 3173.93 1822.65 723.121 0 0 0 0 
0 0 723.121 1822.65 3173.93 3818.53 3173.93 3268.89 4528.12 7207.37 9766.67 10683.3 9195.31 6250.17 3173.93 1259.23 0 0 723.121 1822.65 3173.93 4541.65 4433.17 3337.62 2705.47 3268.89 5156.29 7156.15 7607.1 7087.42 5719.7 4996.58 4541.65 3173.93 1822.65 1138.38 0 1259.23 3173.93 5527.05 6649.54 5527.05 3589.19 1982.35 1822.65 3173.93 4541.65 4996.58 4996.58 5800.89 6347.87 7349.7 7372.66 5527.05 3173.93 1259.23 0 0 1259.23 3173.93 5527.05 6649.54 5527.05 3589.19 1259.23 0 0 0 0 0 0 0 0 0 0 1259.23 3173.93 5527.05 6649.54 5527.05 3173.93 1259.23 0 0 0 0 
0 0 0 723.121 1259.23 1514.97 1982.35 4528.12 8585.77 14034.5 17460.5 17173.2 13719.7 8631.89 3818.53 1514.97 0 0 0 723.121 1982.35 3337.62 4433.17 4541.65 3897.06 4368.42 5156.29 6056.62 6107.66 4060.74 2705.47 1982.35 1514.97 1982.35 1982.35 1514.97 1259.23 1446.24 1822.65 3173.93 4541.65 4433.17 3337.62 3241.59 3897.06 5527.05 6649.54 6250.17 4848.42 4289.18 5077.76 7372.66 8000 6649.54 3818.53 1514.97 0 0 723.121 1822.65 3173.93 4541.65 4433.17 3752.88 1982.35 723.121 0 0 0 0 0 0 0 0 415.256 1514.97 3818.53 6649.54 8000 6649.54 3818.53 1514.97 0 0 0 0 
0 0 0 0 0 0 1674.49 5948.14 12519.5 20085.4 23350.5 20877.6 14901.2 8301.25 3173.93 1259.23 0 0 0 0 1259.23 3173.93 5527.05 6649.54 6786.28 6347.87 7509.4 7908.77 7042.02 4433.17 1982.35 0 723.121 1822.65 3173.93 3818.53 3173.93 1822.65 1446.24 1982.35 3337.62 4433.17 4956.91 4688.91 5641.18 7372.66 8000 6649.54 3818.53 2774.2 3173.93 5527.05 6649.54 5527.05 3173.93 1259.23 0 0 0 723.121 1982.35 4060.74 5692.4 6056.62 4433.17 2545.77 723.121 0 0 0 0 0 0 0 0 1259.23 3173.93 5527.05 6649.54 5527.05 3173.93 1259.23 0 0 0 0 
0 0 0 0 0 415.256 1930.23 6592.74 13642 20899.7 23121.7 19584.3 12326 5948.14 1822.65 723.121 0 0 0 415.256 1514.97 3818.53 6649.54 8415.26 8164.51 8360.18 9987.16 11173.9 10468.1 6992.47 3337.62 723.121 1259.23 3173.93 5527.05 6649.54 5527.05 3173.93 1259.23 1259.23 3173.93 5527.05 6649.54 6786.28 6347.87 6786.28 6649.54 5527.05 3173.93 1982.35 1822.65 3173.93 3818.53 3173.93 1822.65 723.121 0 0 0 0 1982.35 4996.58 8700.98 10468.1 8700.98 4996.58 1982.35 0 0 0 0 0 0 0 0 723.121 1822.65 3173.93 3818.53 3173.93 1822.65 723.121 0 0 0 0 
0 0 0 0 0 0 1259.23 5156.29 10523.6 16073.6 17977.5 14649.1 9030.02 3964.71 723.121 415.256 0 0 0 0 1259.23 3173.93 5527.05 6649.54 6786.28 7607.1 9960.22 12176.6 12176.6 8700.98 4433.17 1674.49 1514.97 3818.53 6649.54 8000 6649.54 3818.53 1930.23 1514.97 3818.53 6649.54 8000 7372.66 5641.18 4688.91 3818.53 3173.93 1822.65 723.121 723.121 1259.23 1514.97 1259.23 723.121 0 0 0 0 415.256 2774.2 6992.47 12176.6 14649.5 12176.6 6992.47 2774.2 0 0 0 0 0 0 0 0 0 723.121 1259.23 1514.97 1259.23 723.121 0 0 0 0 0 
0 0 0 0 0 0 723.121 2545.77 6442.82 10074.3 11681.4 10074.3 6442.82 3268.89 1982.35 1514.97 1259.23 723.121 0 0 723.121 1822.65 3173.93 3818.53 4312.31 5160.27 7715.59 10468.1 11173.9 8472.19 4541.65 1514.97 1259.23 3173.93 5527.05 6649.54 5527.05 3173.93 1259.23 1259.23 3173.93 5527.05 6649.54 5527.05 3897.06 2518.47 1514.97 1259.23 723.121 0 0 0 0 0 0 0 0 0 0 415.256 2774.2 6992.47 12176.6 14649.5 12176.6 6992.47 2774.2 0 0 0 0 0 0 0 0 0 0 0 0 0 0 0 0 0 0 0 
0 0 0 0 0 0 0 723.121 3241.59 5948.14 8301.25 8631.89 6973.29 4996.58 4433.17 3818.53 3173.93 1822.65 723.121 0 0 723.121 1259.23 1514.97 1259.23 2705.47 4433.17 7042.02 7908.77 6250.17 3173.93 1259.23 723.121 1822.65 3173.93 3818.53 3173.93 1822.65 723.121 723.121 1822.65 3173.93 3818.53 3173.93 1822.65 723.121 0 0 0 0 0 0 0 0 0 0 0 0 0 0 1982.35 4996.58 8700.98 10468.1 8700.98 4996.58 1982.35 0 0 0 0 0 0 0 0 0 0 0 0 0 0 0 0 0 0 0 
0 0 0 0 0 0 0 415.256 1514.97 3818.53 6649.54 8000 7908.77 6992.47 7042.02 6649.54 5527.05 3173.93 1259.23 0 0 0 0 0 0 723.121 1822.65 3173.93 3818.53 3173.93 1822.65 723.121 0 723.121 1259.23 1514.97 1259.23 723.121 0 0 723.121 1259.23 1514.97 1259.23 723.121 0 0 0 0 0 0 0 0 0 0 0 0 0 0 0 723.121 2545.77 4433.17 5333.5 4433.17 2545.77 723.121 0 0 0 0 0 0 0 0 0 0 0 0 0 0 0 0 0 0 0 
0 0 0 0 0 0 0 0 1259.23 3173.93 5527.05 7064.8 7042.02 6992.47 7908.77 8000 6649.54 3818.53 1514.97 0 0 0 0 0 0 0 723.121 1259.23 1514.97 1259.23 723.121 0 0 0 0 0 0 0 0 0 0 0 0 0 0 0 0 0 0 0 0 0 0 0 0 0 0 0 0 0 0 723.121 1259.23 1514.97 1259.23 723.121 0 0 0 0 0 0 0 0 0 0 0 0 0 0 0 0 0 0 0 0 
0 0 0 0 0 0 0 0 723.121 1822.65 3173.93 3818.53 4433.17 4996.58 6250.17 6649.54 5527.05 3173.93 1259.23 0 0 0 0 0 0 0 0 0 0 0 0 0 0 0 0 0 0 0 0 0 0 0 0 0 0 0 0 0 0 0 0 0 0 0 0 0 0 0 0 0 0 0 0 0 0 0 0 0 0 0 0 0 0 0 0 0 0 0 0 0 0 0 0 0 0 0 
0 0 0 0 0 0 0 0 0 723.121 1259.23 1514.97 1982.35 2545.77 3173.93 3818.53 3173.93 1822.65 723.121 0 0 0 0 0 0 0 0 0 0 0 0 0 0 0 0 0 0 0 0 0 0 0 0 0 0 0 0 0 0 0 0 0 0 0 0 0 0 0 0 0 0 0 0 0 0 0 0 0 0 0 0 0 0 0 0 0 0 0 0 0 0 0 0 0 0 0 
0 0 0 0 0 0 0 0 0 0 0 0 0 0 0 0 0 0 0 0 0 0 0 0 0 0 0 0 0 0 0 0 0 0 0 0 0 0 0 0 0 0 0 0 0 0 0 0 0 0 0 0 0 0 0 0 0 0 0 0 0 0 0 0 0 0 0 0 0 0 0 0 0 0 0 0 0 0 0 0 0 0 0 0 0 0 
