0 0 0 0 0 0 0 0 0 0 0 0 0 0 0 0 0 0 0 0 0 0 0 0 0 0 0 0 0 0 0 0 0 0 0 0 723.121 1259.23 1514.97 1259.23 1138.38 0 0 0 0 0 0 0 0 0 0 0 0 0 0 0 0 0 0 0 0 0 0 0 0 0 0 0 0 0 0 0 0 0 0 0 0 0 0 0 0 0 0 0 0 0 
0 0 0 0 0 0 0 0 0 0 0 0 0 0 0 0 0 0 0 0 0 0 0 0 0 0 0 0 0 0 0 0 0 0 0 723.121 1822.65 3589.19 4541.65 4433.17 3337.62 1982.35 723.121 0 0 0 0 0 0 0 0 0 0 0 0 0 0 0 0 0 0 0 0 0 0 0 0 0 0 0 0 0 0 0 0 0 0 0 0 0 0 0 0 0 0 0 
0 0 0 0 0 0 415.256 0 0 0 0 0 0 0 0 0 0 0 0 0 0 0 0 0 0 0 0 0 0 0 0 0 415.256 0 0 1982.35 4433.17 8180.4 9731.42 9424.1 6992.47 4848.42 1822.65 723.121 0 0 0 0 0 0 0 0 0 0 0 0 0 0 0 0 0 0 0 0 0 0 0 0 0 0 0 0 0 0 0 0 0 0 415.256 0 0 0 0 0 0 0 
0 0 0 0 723.121 1259.23 1514.97 1259.23 723.121 0 0 0 0 0 0 0 0 0 0 0 0 0 0 0 0 0 0 0 0 0 723.121 1259.23 1514.97 1259.23 1861.5 4060.74 8251.7 13242.3 15607.1 15445.5 12450.4 8556.99 4433.17 1982.35 0 0 0 0 0 0 0 0 0 0 0 0 0 0 0 0 0 415.256 0 0 0 0 0 0 0 0 0 0 0 0 0 0 723.121 1259.23 1514.97 1259.23 723.121 0 0 0 0 0 
0 0 0 723.121 1822.65 3173.93 3818.53 3173.93 1822.65 723.121 0 0 0 0 0 0 0 0 0 0 0 0 0 0 0 0 0 0 0 723.121 1822.65 3173.93 3818.53 3173.93 3805 6978.94 12290.2 17510.1 19892.2 18995.8 16330.2 12142.6 6992.47 3752.88 723.121 0 0 0 415.256 0 0 0 0 0 0 0 0 0 0 723.121 1259.23 1514.97 1259.23 723.121 0 0 0 0 0 0 0 0 0 0 0 723.121 1822.65 3173.93 3818.53 3173.93 1822.65 723.121 0 0 0 0 
0 0 0 1259.23 3173.93 5527.05 6649.54 5527.05 3173.93 1259.23 0 0 0 0 0 0 0 0 0 0 0 0 0 0 0 0 415.256 0 0 1259.23 3173.93 5527.05 6649.54 5942.3 5948.14 8974.82 13999.2 19082.7 20428.3 19590.5 18032.7 15137.8 11219.4 6671.26 2518.47 723.121 723.121 1259.23 1514.97 1259.23 723.121 0 0 0 0 0 0 0 723.121 1822.65 3173.93 3818.53 3173.93 1822.65 723.121 0 0 0 0 0 0 0 0 0 0 1259.23 3173.93 5527.05 6649.54 5527.05 3173.93 1259.23 0 0 0 0 
0 0 415.256 1514.97 3818.53 6649.54 8000 6649.54 3818.53 1514.97 0 0 0 0 0 0 0 0 0 0 0 0 0 0 723.121 1259.23 1514.97 1259.23 1553.63 1514.97 3818.53 6649.54 8000 7064.8 6592.74 8507.44 12899.7 17047.1 17752.3 17066.8 18277.7 16815.1 14820.1 10182.8 5412.03 2545.77 2545.77 3173.93 3818.53 3173.93 1822.65 723.121 0 0 0 0 0 415.256 1259.23 3173.93 5527.05 6649.54 5527.05 3173.93 1259.23 0 0 0 0 0 0 0 0 0 415.256 1514.97 3818.53 7064.8 8000 6649.54 3818.53 1514.97 0 0 0 0 
0 0 0 1259.23 3173.93 5527.05 6649.54 5527.05 3173.93 1259.23 415.256 0 0 0 0 0 0 0 0 0 0 0 0 723.121 1822.65 4004.45 4541.65 4433.17 3337.62 3241.59 3897.06 5527.05 6649.54 5527.05 5156.29 6255.82 8700.98 10468.1 12665.7 13862.9 17325.6 18991.5 18442.6 12997.4 8045.51 4433.17 4433.17 5527.05 7064.8 5527.05 3173.93 1259.23 0 0 0 723.121 1259.23 1930.23 2774.2 4541.65 6649.54 8000 7064.8 4233.79 1514.97 0 0 0 0 0 0 0 0 0 0 1982.35 4433.17 7042.02 7908.77 6250.17 3173.93 1259.23 0 0 0 0 
0 0 0 723.121 1822.65 3173.93 3818.53 3173.93 2545.77 1982.35 1514.97 1259.23 723.121 0 0 0 0 0 0 0 0 0 0 2705.47 5692.4 9280.11 10990.7 10147.2 6992.47 5156.29 4060.55 3897.06 3818.53 3173.93 2545.77 3268.89 4433.17 6471.88 8493.91 11776.1 17018.5 20070.2 19810.6 15623.5 10026 5333.5 6056.62 7908.77 9930.23 7908.77 4541.65 2345.48 0 0 723.121 1822.65 3589.19 3818.53 4433.17 4996.58 6973.29 8631.89 8301.25 5948.14 3241.59 723.121 0 0 0 0 0 0 0 0 1138.38 2545.77 4996.58 6992.47 6992.47 4996.58 2545.77 1138.38 0 0 0 0 
0 0 0 0 723.121 1259.23 1514.97 1982.35 2545.77 3173.93 3818.53 3173.93 1822.65 723.121 0 0 0 415.256 415.256 0 0 0 1861.5 5160.27 10166.4 15961.1 17521.8 15821.9 13052.7 8716.51 5412.03 3777.7 2238.09 1259.23 723.121 723.121 1259.23 3189.46 6415.52 12129.6 18447.9 21298.7 20028.9 14979.8 8608.93 5879.41 6978.94 9960.22 11983 11406.5 8238.17 5012.3 2518.47 1446.24 2397.61 4433.17 7042.02 7908.77 6973.29 5719.7 6978.94 8815.11 10166.4 8815.11 5719.7 2545.77 723.121 0 0 0 0 0 723.121 1259.23 2774.2 4433.17 6973.29 7908.77 7042.02 5156.29 3241.59 1514.97 1259.23 723.121 0 0 
0 0 0 0 0 0 415.256 1259.23 3173.93 5527.05 6649.54 5527.05 3173.93 1259.23 0 723.121 1982.35 2774.2 2774.2 1982.35 723.121 0 2518.47 8330.22 15902.5 21856.1 23504.5 21953.1 18289.3 14272.2 9619.42 5412.03 2237.9 723.121 0 723.121 1674.49 3753.06 8346.65 14887.7 20404.5 22250.9 19361.7 13406.3 7070.99 5787.36 7542.35 11874.9 16148.1 15520.2 13167.1 10342.5 7070.99 6042.91 6298.83 8251.7 11191.2 11173.9 8472.19 6524.01 7207.37 10216 13435.8 13315 9116.24 4433.17 1259.23 0 0 0 415.256 723.121 1822.65 3589.19 5333.5 6992.47 8472.19 8723.12 7372.66 5641.18 4688.91 3818.53 3173.93 1822.65 723.121 0 
0 0 0 0 723.121 1259.23 1930.23 3189.46 4541.65 6649.54 8000 6649.54 3818.53 1930.23 723.121 2545.77 4996.58 6992.47 6992.47 4996.58 2545.77 1553.63 3753.06 10182.8 18295.7 24974.8 26011.2 25139.6 23650.9 20284.7 16802.4 11314.4 5412.03 2518.47 1446.24 1822.65 3173.93 7475.37 11759.7 18288.8 22918.5 23115.7 18689 12129.2 5493.02 5012.3 8438.71 14695.1 20197.9 21042.9 19492.8 16796.4 12876.7 11196.3 10770.2 11874.9 13999.2 12899.7 9116.24 6363.39 6592.74 11191.2 16631.9 17423.7 13242.3 7315.86 2238.09 0 723.121 1259.23 1514.97 2518.47 3897.06 5527.05 7908.77 8700.98 8700.98 7908.77 6786.28 6347.87 6786.28 6649.54 5527.05 3173.93 1259.23 0 
0 0 0 1138.38 2237.9 3897.06 5077.76 5948.14 6255.82 6973.29 6649.54 6250.17 4433.17 2774.2 2518.47 5156.29 8700.98 12591.8 12176.6 8700.98 4433.17 1259.23 3777.7 9521.8 17304.3 23190.2 25490.3 26408.8 27488.4 26541.7 23520.2 16802.4 9619.42 4688.91 3081.88 4620.18 7201.54 11661.8 15601.4 20506.8 22901.2 20877.6 15464.7 9024.37 3589.19 4756.56 8815.11 16181 21498 22987.6 22114.2 21479.7 18147.5 16194.1 15895.6 14722.4 14347.9 11727.3 6992.47 4596.85 5879.41 11246.8 17173.2 19169.1 15693.4 9429.75 3805 1446.24 1822.65 3173.93 4233.79 4688.91 5641.18 7372.66 8723.12 8472.19 6992.47 5748.76 4688.91 5641.18 7372.66 8000 6649.54 3818.53 1514.97 0 
0 723.121 1982.35 4033.44 6671.26 9332.05 10546.6 10068.7 8170.52 6255.82 5264.77 4996.58 4996.58 4956.91 5104.16 7879.27 12450.4 16164.5 15908.8 11191.2 5333.5 1930.23 2961.21 7463.83 13412.7 18290.4 21572.5 25139.3 29085.9 30067.7 26541.7 19561.5 12597.7 7201.54 5412.03 6900.41 10238.7 14592.7 17539.1 19800.1 20640.5 16609.8 11534.1 5948.14 1822.65 3964.71 8170.52 14643.3 19636.1 20575.9 20363 19878.3 18769.7 19334.4 18381.3 15981.6 13173.5 8556.99 4433.17 2705.47 3805 9429.75 15693.4 19169.1 17173.2 11246.8 5156.29 2518.47 3173.93 5527.05 6649.54 6786.28 6347.87 6786.28 6649.54 6250.17 4433.17 2774.2 2518.47 3897.06 5527.05 6649.54 5527.05 3173.93 1259.23 0 
723.121 2545.77 5411.84 8507.44 12070.2 14820.1 16072.8 14022.2 10068.7 5948.14 4033.44 4433.17 6250.17 6649.54 7509.4 9429.75 13134.1 15995.1 15350.5 10523.6 5156.29 1259.23 1259.23 4620.18 8768.63 13591.9 17167.6 21681.3 25497.2 27103.4 23710.7 18075.2 12596.9 7372.66 6337 7862.84 11054.1 15281.4 16773.8 16308.1 15224.6 11219.4 7234.67 3241.59 1138.38 2961.21 7623.53 12597.7 16039 15451.1 13971.4 15031.4 16871.5 19718.9 19264 15048.9 10074.3 5156.29 1822.65 1138.38 2653.35 7315.86 13242.3 17423.7 16631.9 11606.4 5748.76 3029.94 3818.53 6649.54 8415.26 7372.66 5641.18 4688.91 3818.53 3173.93 2237.9 723.121 723.121 1822.65 3173.93 3818.53 3173.93 1822.65 723.121 0 
1259.23 4433.17 8700.98 13851.1 16865.5 18046.6 17732.2 14786.3 9823.47 5493.02 3445.2 3818.53 6649.54 8000 8631.89 9538.24 12038.6 13642 12519.5 8170.52 3805 723.121 723.121 2545.77 5692.4 9230.56 13765.2 18504.2 20752 20849.4 17731 13229.1 9355.01 5942.3 5412.03 6900.41 9823.47 13264.8 14191.9 13248.3 11390.1 7607.1 4368.42 1446.24 723.121 3081.88 7070.99 10604.8 11338.4 10470.4 8653.61 10090.1 14164.6 18147.2 17840.7 13778.7 8026.53 3241.59 1138.38 0 1259.23 4433.17 8700.98 12899.7 13435.8 10216 5692.4 3241.59 3897.06 6786.28 8164.51 6786.28 4620.18 2518.47 2653.35 2518.47 2238.09 1259.23 723.121 723.121 1259.23 1514.97 1259.23 723.121 0 0 
1930.23 5333.5 10468.1 15372.7 17731.4 16815.9 14679.1 11338.4 8072.82 5156.29 4033.44 4848.42 6250.17 7064.8 7042.02 7715.59 9891.13 10774.2 9423.74 5800.89 2238.09 0 723.121 2961.02 5948.14 9875.16 14511.3 17688.4 17754 15676 11667.8 7542.35 5264.77 3173.93 3081.88 4620.18 6786.28 9423.74 10683.3 10683.3 9423.74 6786.28 3897.06 1259.23 1259.23 3897.06 7349.7 9823.47 9345.58 6347.87 4756.37 5412.03 10068.7 14558.3 15042 11082.7 6524.01 2774.2 1514.97 1259.23 1446.24 2545.77 5719.7 8815.11 10581.7 8815.11 5719.7 3992.01 4368.42 6347.87 7637.06 6347.87 4368.42 3428.6 3337.62 4433.17 4541.65 3173.93 1822.65 723.121 0 0 0 0 0 0 
1259.23 4433.17 8700.98 12176.6 13622.8 11782.9 9122.07 7060.12 6134.96 5719.7 6524.01 6511.55 6255.82 5264.77 4433.17 4996.58 6250.17 6649.54 5527.05 3173.93 1259.23 0 1259.23 3173.93 7509.4 11646.1 15487.3 17539.1 16746.5 13161.1 9491.75 5156.29 2774.2 1259.23 1446.24 1822.65 3589.19 5333.5 6992.47 8472.19 8723.12 6649.54 3818.53 1930.23 1514.97 3818.53 7372.66 9259.23 8164.51 5077.76 2961.21 3081.88 6347.87 9345.58 9823.47 8072.82 5719.7 4433.17 3818.53 3589.19 1822.65 1446.24 3964.71 7207.37 9816.22 9891.13 6973.29 4433.17 5156.29 6786.28 8164.51 7509.4 5719.7 5692.4 6992.47 8700.98 8472.19 6250.17 3173.93 1259.23 0 0 0 0 0 0 
723.121 2545.77 4996.58 6992.47 6992.47 5719.7 4528.12 4756.56 6671.26 9332.05 10546.6 10068.7 7607.1 4596.85 2705.47 2545.77 3173.93 3818.53 3173.93 1822.65 723.121 415.256 1514.97 3818.53 8631.89 13411.8 16865.5 18105.1 16865.5 13411.8 8631.89 3818.53 1514.97 0 0 723.121 1259.23 2774.2 4433.17 6250.17 6649.54 5527.05 3173.93 1259.23 1259.23 3173.93 5527.05 6649.54 5527.05 3173.93 1259.23 1446.24 3081.88 4688.91 5077.76 5156.29 4996.58 6973.29 7908.77 7042.02 4433.17 3120.73 3337.62 6992.47 10468.1 11173.9 8887.44 6056.62 5333.5 6649.54 8000 7908.77 7407.72 8556.99 10468.1 12176.6 11173.9 7908.77 3818.53 1514.97 0 0 0 0 0 0 
0 723.121 1982.35 2774.2 2774.2 2705.47 2961.02 4688.91 8896.3 12997.4 15349.7 14022.2 9345.58 4688.91 1259.23 723.121 1259.23 1514.97 1259.23 723.121 0 0 1259.23 3589.19 7042.02 11191.2 14695.1 16586 15954.3 12706.2 8301.25 3897.06 1259.23 0 0 0 0 723.121 1822.65 3173.93 3818.53 3173.93 1822.65 723.121 723.121 1822.65 3173.93 3818.53 3173.93 1822.65 723.121 0 723.121 1259.23 1930.23 2774.2 5264.77 8472.19 11173.9 10468.1 6992.47 4596.85 5156.29 8700.98 12176.6 12176.6 8700.98 5692.4 4433.17 5527.05 7064.8 7042.02 6992.47 9168.01 11173.9 12176.6 10468.1 7042.02 3173.93 1259.23 0 0 0 0 0 0 
0 0 0 0 0 1259.23 3173.93 7201.54 11338.4 14872.6 16473 14786.3 9823.47 5077.76 1514.97 0 0 0 0 0 0 0 723.121 1822.65 4433.17 6992.47 10147.2 12117.5 12598 10811 7607.1 3645.3 1446.24 0 0 0 0 0 723.121 1259.23 1514.97 1259.23 723.121 0 0 723.121 1259.23 1514.97 1259.23 723.121 0 0 0 0 0 1259.23 4433.17 8700.98 12176.6 12176.6 9116.24 5948.14 5800.89 8472.19 11173.9 10468.1 6992.47 4060.74 2545.77 3173.93 3818.53 4433.17 4996.58 6973.29 8472.19 8700.98 6992.47 4433.17 1822.65 723.121 0 0 0 0 0 0 
0 0 0 0 415.256 1514.97 3818.53 7372.66 11081.9 12997.4 13164.1 11338.4 7349.7 3897.06 1259.23 0 0 0 0 0 0 0 0 723.121 1982.35 3337.62 5692.4 8438.71 9960.22 9987.16 7509.4 3897.06 1259.23 0 0 0 0 0 0 0 0 0 0 0 0 0 0 0 0 0 0 0 0 0 0 1138.38 3337.62 6992.47 10468.1 11173.9 8472.19 5800.89 4688.91 6250.17 7908.77 7042.02 4433.17 1982.35 723.121 1259.23 1514.97 1982.35 2545.77 3173.93 4541.65 4433.17 3337.62 1982.35 723.121 0 0 0 0 0 0 0 
0 0 0 0 0 1259.23 3173.93 5527.05 8095.78 8608.93 7862.84 6337 3897.06 1822.65 723.121 0 0 0 0 0 0 0 0 0 0 1138.38 2774.2 5333.5 7908.77 8723.12 6649.54 3818.53 1514.97 0 0 0 0 0 0 0 0 0 0 0 0 0 0 0 0 0 0 0 0 0 0 0 1982.35 4433.17 7042.02 7908.77 6250.17 3897.06 3081.88 3173.93 3818.53 3173.93 1822.65 723.121 0 0 0 0 723.121 1259.23 1514.97 1259.23 723.121 0 0 0 0 0 0 0 0 0 
0 0 0 0 0 723.121 1822.65 3173.93 3818.53 3897.06 3081.88 2238.09 1259.23 723.121 0 0 0 0 0 0 0 0 0 0 0 0 1259.23 3173.93 5527.05 6649.54 5527.05 3173.93 1259.23 0 0 0 0 0 0 0 0 0 0 0 0 0 0 0 0 0 0 0 0 0 0 0 723.121 1822.65 3173.93 3818.53 3173.93 1822.65 1446.24 1259.23 1514.97 1259.23 723.121 0 0 0 0 0 0 0 0 0 0 0 0 0 0 0 0 0 0 0 
0 0 0 0 0 0 723.121 1259.23 1514.97 1259.23 723.121 0 0 0 0 0 0 0 0 0 0 0 0 0 0 0 723.121 1822.65 3173.93 3818.53 3173.93 1822.65 723.121 0 0 0 0 0 0 0 0 0 0 0 0 0 0 0 0 0 0 0 0 0 0 0 0 723.121 1259.23 1514.97 1259.23 723.121 0 0 0 0 0 0 0 0 0 0 0 0 0 0 0 0 0 0 0 0 0 0 0 0 
0 0 0 0 0 0 0 0 0 0 0 0 0 0 0 0 0 0 0 0 0 0 0 0 0 0 0 723.121 1259.23 1514.97 1259.23 723.121 0 0 0 0 0 0 0 0 0 0 0 0 0 0 0 0 0 0 0 0 0 0 0 0 0 0 0 0 0 0 0 0 0 0 0 0 0 0 0 0 0 0 0 0 0 0 0 0 0 0 0 0 0 0 
0 0 0 0 0 0 0 0 0 0 0 0 0 0 0 0 0 0 0 0 0 0 0 0 0 0 0 0 0 0 0 0 0 0 0 0 0 0 0 0 0 0 0 0 0 0 0 0 0 0 0 0 0 0 0 0 0 0 0 0 0 0 0 0 0 0 0 0 0 0 0 0 0 0 0 0 0 0 0 0 0 0 0 0 0 0 
