0 0 0 0 0 0 723.121 1674.49 1514.97 1259.23 723.121 0 0 0 0 0 0 0 415.256 0 0 723.121 1259.23 1930.23 1259.23 723.121 723.121 1259.23 1514.97 1259.23 723.121 0 0 0 0 0 0 415.256 0 0 0 0 0 0 0 0 0 0 0 723.121 1982.35 2774.2 2774.2 1982.35 723.121 0 0 0 0 0 0 0 0 0 0 0 0 0 0 0 0 0 0 0 0 0 0 0 0 0 0 0 0 0 0 0 
0 0 0 0 0 1446.24 3081.88 4688.91 5077.76 3897.06 2237.9 1138.38 415.256 0 415.256 0 723.121 2089.74 1514.97 1259.23 1446.24 2545.77 4433.17 5333.5 4433.17 3268.89 2545.77 3173.93 3818.53 3173.93 1822.65 723.121 0 0 0 1138.38 1259.23 1930.23 1259.23 723.121 0 0 0 0 0 0 0 0 723.121 2545.77 4996.58 6992.47 6992.47 4996.58 2545.77 723.121 0 0 0 0 0 0 0 0 0 0 0 0 0 0 0 0 0 0 0 0 0 0 0 0 0 0 0 0 0 0 
0 0 0 0 723.121 3081.88 6347.87 9345.58 10546.6 9332.05 7394.38 5292.67 4220.45 3241.59 2238.09 3428.6 5064.23 6203.88 6337 4620.18 3805 5719.7 8700.98 10468.1 8700.98 6255.82 5156.29 5527.05 6649.54 5942.3 3173.93 1259.23 0 723.121 1982.35 4060.74 5692.4 6471.88 4433.17 3376.28 723.121 415.256 0 0 0 0 0 0 1259.23 4433.17 8700.98 12176.6 12176.6 8700.98 4433.17 1259.23 0 0 0 0 0 0 0 0 0 0 0 0 0 0 0 0 0 0 0 0 0 0 0 0 0 0 0 0 0 0 
0 0 0 0 1674.49 4688.91 9345.58 14022.2 16072.8 15958.4 14308.1 12404.5 10637.8 8893.64 7810.54 8801.58 11344.5 13887.2 12997.4 9587.6 7394.38 8666.96 12591.8 14649.5 12591.8 8507.44 6592.74 7372.66 9259.23 8164.51 5077.76 2238.09 723.121 1822.65 5156.29 9538.24 13549.4 15251.9 13201.8 9472.77 5760.05 2961.21 1259.23 723.121 0 0 0 415.256 1930.23 5333.5 10468.1 14649.5 14649.5 10468.1 5333.5 1514.97 0 0 0 0 0 0 0 0 0 0 0 0 0 0 0 0 0 0 0 0 0 0 0 0 0 415.256 0 0 0 0 
0 0 0 415.256 1514.97 5077.76 9823.47 15924.7 19714.6 22495.3 22813.6 22204.5 19247.6 15487.3 14016.4 14649.1 18046.6 21207.9 19054.1 14135.8 11093.6 11281.6 14950.8 16631.9 12899.7 8251.7 7086.52 7349.7 9823.47 9345.58 6347.87 3081.88 1982.35 3589.19 9747.49 17139.1 23838.8 26546.5 24403.9 18274.8 13019.1 7463.83 5035.43 1822.65 723.121 0 0 0 1259.23 4433.17 8700.98 12176.6 12176.6 8700.98 4433.17 1259.23 0 0 0 415.256 0 0 0 0 0 0 0 0 0 0 0 0 0 0 0 0 0 0 0 723.121 1259.23 1514.97 1259.23 723.121 0 0 
0 0 0 0 1259.23 4620.18 9747.3 16537.6 22609.4 27561.5 30216.9 29256.9 25247.6 20186.2 16778.7 17060.8 20291.5 23042 20671.7 15709.9 13182.8 13663.5 15693.4 15879.9 12385.1 7702.06 6579.21 7607.1 10068.7 9823.47 7764.95 4312.31 2774.2 5680.03 13764.9 22855.3 31949.4 35362.5 33354.6 27362.5 21337.7 14256.6 9560.48 4433.17 1982.35 0 0 0 1138.38 2545.77 4996.58 6992.47 6992.47 4996.58 2545.77 723.121 0 1138.38 1259.23 1514.97 1674.49 723.121 0 0 0 0 0 0 0 0 0 0 0 0 0 0 0 0 723.121 1822.65 3173.93 3818.53 3173.93 1822.65 723.121 0 
0 0 0 415.256 1446.24 3645.3 9053.34 16411.3 24170.9 30859.9 33593.5 30745.7 25918.8 19265 15839.3 15531.8 16773.8 17732.2 16131.9 15093.3 15439.7 17683.6 19851.3 18254.9 13463.2 9376.55 7918.12 8251.7 10710.3 11241.6 8887.63 5077.76 4220.45 6671.07 15372.2 25640.7 34146.2 37044 35320.9 30616 25268.6 18811 13913.3 6992.47 3337.62 723.121 723.121 1259.23 1514.97 1982.35 2705.47 2774.2 2774.2 1982.35 723.121 723.121 1982.35 3337.62 5156.29 5800.89 4688.91 3081.88 1446.24 0 0 0 0 415.256 0 0 0 0 0 0 0 0 0 0 1259.23 3173.93 5527.05 6649.54 5527.05 3173.93 1259.23 0 
0 723.121 1259.23 1514.97 2518.47 5035.43 9975.74 17395.1 25327.2 32054.2 32488.8 28843.8 22871.7 17479.6 14711 13369.6 11975.5 12204 12498.5 14834.9 19723.9 23719.3 24802.4 22057.4 18205.4 14021 11969.5 11406.5 11662 11082.7 9760.83 6347.87 5479.49 7649.93 15225 24096.5 30694.6 31236.3 28797.5 24966.9 22460.6 20198.9 16210 9960.22 5156.29 1982.35 1822.65 3173.93 3818.53 3173.93 1822.65 723.121 0 0 723.121 1822.65 4433.17 7715.59 10523.6 11646.1 10068.7 6347.87 3081.88 723.121 0 723.121 1259.23 1514.97 1259.23 723.121 0 0 0 0 0 0 0 415.256 1514.97 3818.53 6649.54 8000 6649.54 3818.53 1514.97 0 
723.121 1822.65 3173.93 4233.79 4688.91 6056.44 10146.9 16974.8 24705.5 30734 31045.8 26836.6 23112.8 18823.8 16494.7 14825.3 11571.8 9795.97 11895 17305 24410 29515.1 30504 27428 23510.2 19783.7 17697.9 15423.8 14227.1 14102.1 12061.6 9747.3 7394.38 9298.21 14887.7 21484.8 24256.3 22221.4 18431 16949 17145.3 18802.3 17697.9 12369.2 6364.3 3497.32 3173.93 5527.05 6649.54 5527.05 3173.93 1259.23 0 0 1259.23 3589.19 7042.02 11727.3 15350.5 16701 14558.3 9345.58 4688.91 1259.23 723.121 1822.65 3173.93 3818.53 3173.93 1822.65 723.121 0 0 0 0 0 0 0 1259.23 3173.93 5527.05 6649.54 5527.05 3173.93 1259.23 0 
1259.23 3173.93 5527.05 6649.54 6786.28 6763.13 9491.75 15330.3 22600.9 27146 28902.1 26409.4 24840.6 22823.8 21965.8 19771 15761.1 14857.3 18241.4 25371.7 32532.7 35442.5 33863.2 31154.9 27040.5 23691.5 20870.5 18704.2 17066.8 17030.8 15623.5 13507.6 10074.3 11212.9 13697.6 17896.3 17977.5 14836.1 10756.6 10799.7 13299.5 17833.8 17732.2 14015.1 7486.25 4033.44 3818.53 6649.54 8000 6649.54 4233.79 1514.97 0 415.256 1930.23 3818.53 8324.03 12688.9 15995.1 17117.6 15042 9823.47 5077.76 1514.97 1259.23 3173.93 5527.05 6649.54 5527.05 3589.19 1259.23 0 0 0 0 0 0 0 723.121 1822.65 3173.93 3818.53 3173.93 1822.65 723.121 0 
1514.97 3818.53 6649.54 8723.12 8631.89 7879.27 9912.85 14294.8 21064.6 27730.6 30094.6 29531 27822.7 26376.8 27064.3 27050.2 24367.1 23283.1 26490.6 32967.3 38977.8 39468.8 35999.3 31575.7 26055.9 23052.6 20148.8 19128.2 18638.6 19542.4 18991.5 17002.2 14272.5 13228.7 13242.6 14901.2 13948.1 9731.42 6939.26 6927 11168.2 17196.1 18604.8 14512.4 8159.65 4220.45 3173.93 5527.05 7372.66 6786.28 4688.91 2518.47 1446.24 1259.23 2774.2 4433.17 6973.29 9731.42 11874.9 12519.5 11082.7 7349.7 3897.06 1674.49 1514.97 3818.53 6649.54 8723.12 7908.77 5333.5 2774.2 723.121 0 0 0 0 0 0 0 723.121 1259.23 1514.97 1259.23 723.121 0 0 
1259.23 3173.93 6250.17 8472.19 9839.36 10676.6 12619.2 16802 22632.4 27685.1 30100.7 29753.7 28186.3 26746.7 29645.3 32091 32668.3 32163.8 33536.7 36551.3 40312.6 39024.7 34946.7 30102.9 23902.8 19553.7 16926.4 16397 18261.4 19970.2 20326 18975.5 15464.7 14043.1 11805.8 10860.6 9839 6665.42 4688.91 6337 11269.7 16608.9 17988 14423.3 8585.96 3805 2545.77 4312.31 5641.18 6347.87 5641.18 4620.18 3645.3 3897.06 4541.65 4996.58 4996.58 5987.89 6255.82 6511.55 5800.89 3897.06 1822.65 723.121 1259.23 3173.93 6250.17 8472.19 8700.98 6992.47 4433.17 3068.42 723.121 0 0 0 0 0 0 0 0 0 0 0 0 0 
723.121 1822.65 5156.29 8251.7 11475.2 14164.6 17656.6 21042.9 25326.3 26825.7 28124.7 25777.8 25678 27130.3 32462.7 37910.2 40813.8 39967.4 37369.3 35251.7 36086.7 35291.4 32956.4 29016.9 20592 14923 10489.8 9960.22 13628.5 16210.4 18124.7 17869 15366.4 11805.8 9332.05 7607.1 6592.74 4433.17 3805 4620.18 8608.93 12997.4 14872.6 12997.4 8608.93 4620.18 3241.59 4033.44 5948.14 7509.4 7372.66 6786.28 6347.87 6786.28 6649.54 6250.17 4848.42 2774.2 1982.35 1982.35 1930.23 1259.23 723.121 0 723.121 1822.65 4433.17 6992.47 8700.98 10641.6 10027.9 7718.85 5036.93 2169.36 0 0 415.256 0 0 0 0 0 0 0 0 0 
0 1861.5 4596.85 8922.69 14072.8 17953.7 21486 25326.2 26118 24439.5 22319.1 20892.6 20944.3 26264.7 35564.2 46506 49744.2 46419.1 37802.3 30357 26797.5 26284.7 25684.2 22158.9 16073.6 10649.3 6527.08 5986.8 7879.27 10166.4 13737 14978.9 13161.1 10757.8 7957.8 6255.82 6056.62 4433.17 3268.89 2961.02 5412.03 8896.3 11338.4 11081.9 8818.9 5641.18 5104.16 5333.5 6992.47 8472.19 9138.38 8164.51 7637.06 8164.51 8723.12 7908.77 5333.5 2774.2 1446.24 1259.23 1514.97 1259.23 723.121 0 0 1553.63 2774.2 5333.5 10078.1 14191.1 16171.3 15274.1 11036.8 5467.94 2892.48 1259.23 1514.97 1259.23 723.121 0 0 0 0 0 0 0 
0 1259.23 5156.29 9960.22 14950.8 20266.6 23281.4 25634.1 24841.9 21690.1 18083.4 16954.7 19229.1 27645 38860.2 51865 56706.3 49950.8 36821 25311.8 18657.6 18175.2 17839.5 16347.5 13229.1 9217.03 6738.91 4756.56 5479.68 7138.64 9587.79 12528.9 12587.2 10637 9189.54 8111.67 6649.54 5527.05 3173.93 1982.35 2518.47 4688.91 6786.28 7372.66 6786.28 6347.87 6786.28 7908.77 8700.98 8700.98 7908.77 6786.28 6347.87 7509.4 8472.19 8700.98 6992.47 5156.29 3645.3 3897.06 3818.53 3173.93 1822.65 1446.24 1259.23 1514.97 2518.47 3897.06 9304.75 16171.3 22108.2 23122.6 17840.4 10244.9 5600.35 3173.93 3818.53 3173.93 1822.65 723.121 0 0 0 0 0 0 
415.256 2238.09 6364.3 12369.2 18113.2 21763.5 23886 25418.3 23123.3 18157.7 14711 14767 19114.1 27877.5 38447 50072.6 54933.2 48842.2 36489.6 24184.4 15934.2 14294.8 13987.1 13035.6 13113.9 12084 10889.5 8815.11 6442.82 5627.65 7794.11 11168.2 14135.8 14665.6 13663.7 12505.6 10705.5 7787.92 3818.53 1514.97 723.121 1822.65 3173.93 4233.79 4688.91 5641.18 7372.66 8723.12 8472.19 6992.47 5333.5 3897.06 3645.3 5156.29 6992.47 8700.98 8472.19 7509.4 6347.87 6786.28 6649.54 5527.05 3897.06 3081.88 3173.93 3818.53 3897.06 4891.06 8441.97 15274.1 23122.6 25822.6 20671.7 12714.8 7718.85 5527.05 6649.54 5527.05 3173.93 1259.23 0 0 0 0 0 0 
0 2518.47 7070.99 13599.9 18991.5 22803.1 24638.3 25542.1 22323.5 17884.9 13742.3 13686.7 17611.4 25786.3 32757.2 40104 44962.4 40853.1 32123.4 24107.4 17286.9 15065.3 15462.7 14557.1 16631.5 18592.1 18426.8 15350.5 10375.5 7086.52 7596.23 12061.6 17332 20278 19512 18346.8 14579.8 9587.79 5571.54 1982.35 0 723.121 1259.23 1514.97 2518.47 3897.06 5527.05 6649.54 6250.17 4433.17 2774.2 1259.23 1861.5 2774.2 5333.5 7908.77 9138.38 8164.51 7637.06 8164.51 8000 6649.54 5077.76 4688.91 5527.05 6649.54 5527.05 3897.06 6296.16 11036.8 17840.4 20671.7 16996.4 11036.8 7596.23 6649.54 8000 6649.54 3818.53 1514.97 0 0 0 0 0 0 
415.256 2238.09 6900.41 13412.7 19275.8 22529.6 23458.9 23235.5 19727.3 14780.4 11497.3 11759.9 14872.6 19901.6 23660.7 26876.4 30426.3 29936.6 27986.5 24210.3 21851.6 21416.4 20777.2 20005.4 21602.5 23157 23121.7 19914.3 13242.3 8522.96 7878.37 11327.9 18147.5 23674.3 26528.2 25025.1 20705.7 14667.2 8493.91 3805 1446.24 0 0 0 723.121 1822.65 3589.19 3818.53 3173.93 1822.65 723.121 0 0 1259.23 3173.93 5527.05 6649.54 6786.28 6347.87 6786.28 6649.54 5942.3 4688.91 5077.76 6649.54 8415.26 6649.54 3818.53 3684.33 5467.94 9521.8 11455.6 9521.8 6727.18 5343.3 5527.05 6649.54 5527.05 3173.93 1259.23 0 0 0 0 0 0 
0 1674.49 5412.03 10604.8 16073.3 19219.4 19970.7 19236.7 16465.8 11890.4 9376.73 8882.77 11338.4 13800.9 14538.6 14830.7 16949.4 19994.9 22931.4 23388.7 24282.5 23761.1 23065.8 22479.7 23121.3 22859.9 22015.9 18432.4 13857.3 10234.1 10168.4 12619.2 18363.4 24096.5 29701.3 30695.4 27584.4 21412.8 14129.4 7070.99 3081.88 723.121 0 0 723.121 1982.35 2774.2 2774.2 1982.35 723.121 0 0 0 723.121 1822.65 3173.93 3818.53 3897.06 3645.3 3897.06 4233.79 3173.93 3081.88 4620.18 6786.28 8164.51 6786.28 3897.06 1259.23 2169.36 3777.7 4544.91 3777.7 2892.48 1822.65 3173.93 3818.53 3173.93 1822.65 723.121 0 0 0 0 0 0 
0 723.121 3081.88 6347.87 10068.7 12369.2 13069.4 12712.2 11425.6 8815.11 6978.94 6442.82 7509.4 8164.51 7924.66 7394.38 9834.32 13856.9 19729.8 22956.2 24037.5 24072.9 23242.2 21070.2 20698.6 18706.2 16759.1 15486.4 13792.5 13092.4 13337.6 13862.9 17281.7 22524.2 28112.2 31976.7 31424.2 26661.2 18991.5 10604.8 4688.91 1259.23 0 723.121 1822.65 3173.93 3818.53 3173.93 1822.65 723.121 0 0 0 0 723.121 1259.23 1514.97 1259.23 2169.36 2518.47 3029.94 2518.47 2892.48 3645.3 6347.87 7637.06 6347.87 3645.3 1446.24 0 0 0 0 0 723.121 1259.23 1514.97 1259.23 723.121 0 0 0 0 0 0 0 
0 0 1446.24 3081.88 4688.91 5800.89 7138.64 7770.79 9024.37 8631.89 6973.29 4996.58 4433.17 3818.53 3173.93 3805 6442.82 11969.9 18425.7 22205 23523.2 23139.4 20231.3 18151 15719.3 14128.5 12540.9 13008.3 13628.5 16232.5 16473 16734.1 17073.7 18631.3 23568.2 28313.3 28991.7 26312.9 19583.7 11338.4 5077.76 1514.97 0 1259.23 3173.93 5527.05 6649.54 5527.05 3173.93 1259.23 0 0 0 0 0 0 0 723.121 1822.65 3173.93 3818.53 3173.93 3081.88 4620.18 6786.28 8164.51 6786.28 3897.06 1259.23 0 0 0 0 0 0 0 0 0 0 0 0 0 0 0 0 0 
0 0 0 723.121 1259.23 1930.23 2774.2 4541.65 6649.54 8000 6649.54 4541.65 2774.2 1514.97 1259.23 2705.47 4996.58 11942.6 18075.2 23252.4 23988.1 21524.7 16079.3 13201.8 10166.4 9960.22 10146.7 10939.1 12934.8 16073.3 17345.6 16473 15060.1 14580 16016.8 19547.6 20506.8 18769.7 14256.6 8608.93 3897.06 1259.23 415.256 1514.97 3818.53 6649.54 8000 6649.54 3818.53 1514.97 0 0 0 0 0 0 0 1259.23 3173.93 5527.05 6649.54 5942.3 4688.91 5077.76 6649.54 8000 6649.54 3818.53 1514.97 0 0 0 0 0 0 0 0 0 0 0 0 0 0 0 0 0 
0 0 0 0 0 0 1259.23 3173.93 5527.05 6649.54 5527.05 3173.93 1259.23 0 415.256 1514.97 5372.16 10938.7 17152 21931 22364.3 17988 12594 8978.08 7156.15 8631.89 9446.24 9731.42 10166.4 12119.8 12997.4 12876.7 11269.7 9332.05 8170.52 9697.94 10074.3 9685.49 7623.53 4620.18 1822.65 723.121 0 1259.23 3173.93 5527.05 6649.54 5527.05 3173.93 1259.23 0 0 0 0 0 0 415.256 1514.97 3818.53 6649.54 8000 6649.54 5077.76 4688.91 5527.05 6649.54 5527.05 3173.93 1259.23 0 0 0 0 0 0 0 0 0 0 0 0 0 0 0 0 0 
0 0 0 0 0 0 723.121 1822.65 3173.93 3818.53 3173.93 1822.65 723.121 0 0 1259.23 3173.93 8045.51 12997.4 16581.1 17196.1 13572.6 7862.84 5036.93 3897.06 5527.05 6649.54 6973.29 6255.82 6671.26 6900.41 7070.99 5641.18 4620.18 3805 3497.32 3497.32 3241.59 2238.09 1259.23 723.121 0 0 723.121 1822.65 3173.93 3818.53 3173.93 1822.65 723.121 0 0 0 0 0 0 0 1259.23 3173.93 5527.05 6649.54 5527.05 3897.06 3081.88 3173.93 3818.53 3173.93 1822.65 723.121 0 0 0 0 0 0 0 0 0 0 0 0 0 0 0 0 0 
0 0 0 0 0 0 0 723.121 1259.23 1514.97 1259.23 723.121 0 0 0 723.121 1822.65 4620.18 7463.83 9521.8 9459.71 7070.99 3645.3 2169.36 1822.65 3173.93 3818.53 3173.93 2545.77 1982.35 2238.09 2518.47 2238.09 1259.23 723.121 0 0 0 0 0 0 0 0 0 723.121 1259.23 1514.97 1259.23 723.121 0 0 0 0 0 0 0 0 723.121 1822.65 3173.93 3818.53 3173.93 1822.65 1446.24 1259.23 1514.97 1259.23 723.121 0 0 0 0 0 0 0 0 0 0 0 0 0 0 0 0 0 0 
0 0 0 0 0 0 0 0 0 0 0 0 0 0 0 0 723.121 1259.23 2961.21 3777.7 3753.06 2518.47 1446.24 0 723.121 1259.23 1514.97 1259.23 723.121 0 0 0 0 0 0 0 0 0 0 0 0 0 0 0 0 0 0 0 0 0 0 0 0 0 0 0 0 0 723.121 1259.23 1514.97 1259.23 723.121 0 0 0 0 0 0 0 0 0 0 0 0 0 0 0 0 0 0 0 0 0 0 0 
0 0 0 0 0 0 0 0 0 0 0 0 0 0 0 0 0 0 0 0 0 0 0 0 0 0 0 0 0 0 0 0 0 0 0 0 0 0 0 0 0 0 0 0 0 0 0 0 0 0 0 0 0 0 0 0 0 0 0 0 0 0 0 0 0 0 0 0 0 0 0 0 0 0 0 0 0 0 0 0 0 0 0 0 0 0 
