0 0 0 0 0 0 0 0 0 0 0 723.121 1674.49 2238.09 2518.47 2238.09 1259.23 723.121 0 0 0 0 0 0 0 0 0 0 0 0 0 0 0 0 0 0 0 0 0 0 0 0 0 0 0 0 0 0 0 0 0 0 0 0 0 0 0 0 0 0 0 0 0 0 0 0 0 0 0 0 0 0 0 0 0 0 0 0 0 0 0 0 0 0 0 0 
0 0 0 0 0 0 0 0 0 0 1446.24 3081.88 5827.28 6900.41 7070.99 5641.18 4312.31 1822.65 723.121 0 0 0 0 0 0 0 0 0 0 0 0 0 0 0 0 0 0 0 0 0 0 0 0 0 415.256 0 0 0 0 0 0 0 0 0 0 0 0 0 0 0 0 0 415.256 0 0 0 0 0 0 0 0 0 415.256 0 0 0 0 0 0 0 0 0 0 0 0 0 
0 0 0 0 0 0 0 0 0 1138.38 3805 7607.1 12119.8 14256.6 14323 11805.8 8301.25 4433.17 1982.35 0 0 0 0 0 0 0 0 0 0 0 0 0 0 0 0 0 415.256 0 0 0 0 0 723.121 1259.23 1514.97 1259.23 723.121 0 0 0 0 0 0 0 0 0 0 0 0 0 723.121 1674.49 1514.97 1259.23 723.121 0 0 0 0 0 723.121 1259.23 1514.97 1259.23 723.121 0 0 0 0 0 0 0 0 0 0 0 
0 0 0 0 0 0 0 723.121 1259.23 3912.58 7770.79 13657.9 18632.6 21242.6 20533.6 16974.8 11983 6992.47 3337.62 723.121 0 415.256 0 415.256 0 0 0 0 0 0 0 0 0 0 723.121 1259.23 1514.97 1259.23 723.121 0 0 723.121 1822.65 3173.93 3818.53 3589.19 1822.65 723.121 0 0 0 0 0 0 0 0 0 0 0 1446.24 3081.88 4688.91 5077.76 3897.06 1822.65 723.121 0 0 0 1138.38 1822.65 3173.93 3818.53 3173.93 1822.65 723.121 0 0 0 0 0 0 0 0 0 0 
0 0 0 0 0 0 723.121 1822.65 3589.19 6592.74 11425.6 17173.2 22882.1 24518.5 22735.5 19384 14158.9 8700.98 4433.17 1982.35 1259.23 2238.09 2518.47 2238.09 1259.23 723.121 0 0 0 0 0 0 0 723.121 1822.65 3173.93 3818.53 3173.93 1822.65 723.121 0 1259.23 3173.93 6250.17 7908.77 7042.02 4433.17 1982.35 0 0 0 0 0 0 0 0 0 0 723.121 3081.88 6347.87 9345.58 9823.47 7349.7 3897.06 1259.23 0 723.121 1259.23 2774.2 4433.17 6250.17 6649.54 5527.05 3173.93 1259.23 0 0 0 0 0 0 0 0 0 0 
0 0 0 0 0 0 1259.23 3173.93 5942.3 9423.74 13657.9 17896.3 22043.7 22506.7 21392.7 18238.9 14135 9195.31 5264.77 3337.62 3897.06 5641.18 6347.87 5641.18 3897.06 1822.65 723.121 0 415.256 0 0 0 0 1259.23 3173.93 5527.05 6649.54 5527.05 3173.93 1259.23 415.256 1514.97 4541.65 8472.19 11589.2 10468.1 6992.47 3337.62 723.121 0 0 0 0 0 0 0 0 0 1674.49 4688.91 9345.58 13299.1 13527 9823.47 5077.76 1514.97 723.121 1822.65 3589.19 5333.5 6992.47 8472.19 8723.12 6649.54 3818.53 1514.97 0 0 0 0 0 0 0 0 0 0 
0 0 0 0 0 415.256 1514.97 4233.79 7372.66 11241.6 13161.1 15761.1 17862.5 19399.8 19576.6 17793 13320.8 9183.89 5156.29 4433.17 6786.28 9823.47 11054.1 9823.47 6786.28 3173.93 1982.35 1259.23 1514.97 1259.23 723.121 415.256 415.256 1514.97 3818.53 6649.54 8000 6649.54 3818.53 1514.97 0 1259.23 5156.29 9960.22 13691.6 13435.8 9839.36 4433.17 1259.23 0 0 0 0 0 0 0 0 415.256 1514.97 5077.76 9823.47 13527 13299.1 9345.58 4688.91 1259.23 1259.23 3173.93 5527.05 7908.77 8700.98 9116.24 7908.77 5527.05 3173.93 1259.23 0 0 0 415.256 0 0 0 0 0 0 
0 0 0 0 0 723.121 2518.47 5412.03 8608.93 11269.7 12306.6 13742.3 15315.8 17941 19268.8 18340.7 14537.5 10516.2 6419.5 6403.15 8164.51 11818.5 13299.1 11818.5 8164.51 4541.65 3337.62 3173.93 3818.53 3897.06 3081.88 2238.09 1259.23 1982.35 3173.93 5527.05 6649.54 5527.05 3173.93 1259.23 0 1861.5 5160.27 10166.4 15009.7 15607.1 11809.8 6524.01 2238.09 0 0 0 0 0 0 0 0 0 1259.23 3897.06 7349.7 10238.7 9345.58 6347.87 3081.88 1138.38 1514.97 3818.53 6649.54 9446.24 9731.42 8507.44 6592.74 3897.06 1822.65 723.121 0 723.121 1259.23 1514.97 1259.23 723.121 0 0 0 0 
0 0 0 0 723.121 1822.65 3897.06 6900.41 9521.8 11168.2 11992.8 12950 14933.8 18650.3 21816.3 21900.9 18409.4 13123.3 8330.22 6255.82 7509.4 9823.47 11054.1 10238.7 6786.28 4433.17 4433.17 5527.05 7372.66 7349.7 6347.87 5077.76 3173.93 2545.77 3376.28 3173.93 3818.53 3173.93 1822.65 723.121 0 1259.23 5986.8 10683.3 15514.2 16609.8 13242.6 7607.1 3081.88 723.121 0 0 0 0 0 0 0 0 723.121 2545.77 5156.29 6592.74 6363.39 4220.26 1446.24 0 1259.23 3173.93 6250.17 8472.19 9424.1 8251.7 6363.39 3081.88 1446.24 0 723.121 1822.65 3173.93 3818.53 3173.93 1822.65 723.121 0 0 0 
0 0 0 0 1259.23 3173.93 5942.3 8887.63 10604.8 11338.4 12193 12784.7 15402 20226.1 23682.6 24335.9 21686.7 16260.3 10068.7 6511.55 5156.29 6364.3 7607.1 7156.15 5571.54 4060.74 4541.65 6649.54 9259.23 9823.47 9345.58 8164.51 6973.29 5692.4 5012.3 3777.7 2961.21 1259.23 1138.38 0 1861.5 4033.44 7571.6 12249.9 15794.1 15995.1 13642 9279.92 3897.06 1259.23 0 0 0 0 0 0 0 0 723.121 2545.77 5156.29 7315.86 7207.37 5319.97 2705.47 723.121 723.121 1822.65 4433.17 6992.47 9424.1 9731.42 7765.14 4433.17 1982.35 0 1259.23 3173.93 5527.05 6649.54 5527.05 3173.93 1259.23 0 0 0 
0 0 0 415.256 1514.97 3818.53 6649.54 9259.23 9823.47 9760.83 9679.48 10604.8 14443.7 19957.9 22676.9 23768.9 21885 16608.9 10546.6 5800.89 3497.32 4060.74 5692.4 6056.62 4433.17 3805 3897.06 5942.3 8164.51 9345.58 9823.47 10705.5 10294.8 10166.4 9152.03 6347.87 4368.42 2705.47 1514.97 2705.47 4368.42 7607.1 11226.3 14113 15372.6 16276.2 13692.4 10146.9 5077.76 2238.09 0 0 0 0 415.256 0 0 0 1259.23 3897.06 8072.82 12061.4 12519.5 10166.4 6255.82 2545.77 723.121 1138.38 2774.2 6056.62 9731.42 11897.1 10468.1 6992.47 3337.62 1138.38 1514.97 3818.53 6649.54 8000 6649.54 3818.53 1514.97 0 0 0 
0 0 0 0 1674.49 3173.93 5527.05 7372.66 7349.7 6347.87 6337 7794.11 11690.8 15958.6 19213.7 20068.4 17954.5 13720.5 8608.93 4312.31 2933.72 3173.93 5527.05 6649.54 5527.05 3897.06 3081.88 3173.93 5077.76 6347.87 7349.7 9891.13 11874.9 14228 14558.3 11777.2 8170.52 5692.4 3818.53 5692.4 8170.52 12500.3 15121.7 16210.4 15322.7 14557.1 12905.4 10791.8 6347.87 3081.88 723.121 0 723.121 1259.23 1514.97 1259.23 723.121 415.256 1514.97 5800.89 12341.9 18631.2 20085.4 16718.2 10216 4433.17 1259.23 0 1259.23 4433.17 8700.98 12591.8 12176.6 8700.98 4433.17 1259.23 1259.23 3173.93 5527.05 6649.54 5527.05 3173.93 1259.23 0 0 0 
0 0 723.121 1259.23 2238.09 3081.88 3897.06 3818.53 3897.06 3081.88 3684.33 5319.78 9309.08 12714.8 15958.6 15986.4 13507.8 9619.42 7394.38 5012.11 5012.3 5800.89 7372.66 8000 6649.54 3818.53 2238.09 1259.23 2238.09 3081.88 4727.57 6848.47 10811 15121.7 16723.1 14558.3 10811 8556.99 7480.05 8556.99 10811 14558.3 17446.2 17104.1 15407.9 14455.6 13242.6 11646.1 8072.82 3897.06 1674.49 723.121 1822.65 3173.93 3818.53 3173.93 1822.65 723.121 2397.61 7649.93 15293.7 22451.1 24609.8 20369.2 12450.4 5333.5 1514.97 0 1138.38 4060.74 8251.7 11983 12433.2 9195.31 4541.65 1514.97 723.121 1822.65 3173.93 3818.53 3173.93 1822.65 723.121 0 0 0 
0 723.121 1822.65 3173.93 3818.53 3897.06 3081.88 2238.09 1259.23 723.121 1259.23 3897.06 8045.51 11338.4 12313.3 11269.7 8768.63 7234.67 7515.05 7715.59 8251.7 8170.52 8488.07 7372.66 5527.05 3173.93 1259.23 0 0 723.121 1259.23 4033.44 7607.1 11777.2 13714.3 12569.1 10166.4 9168.01 8000 9168.01 10166.4 12569.1 14558.3 14643.3 14113 14245.8 13691.6 12433.2 9355.01 5077.76 3029.94 2518.47 3897.06 5527.05 6649.54 5527.05 3173.93 1259.23 2705.47 8078.46 16308.1 22987.6 24051.5 18995.8 11406.5 4433.17 1259.23 0 723.121 3805 7607.1 10860.6 11498 8072.82 3897.06 1259.23 0 723.121 1259.23 1514.97 1259.23 723.121 0 0 0 0 
0 1259.23 3173.93 5527.05 6649.54 5527.05 3173.93 1259.23 0 415.256 1514.97 3818.53 7372.66 9822.65 9823.47 8467.57 5948.14 6255.82 9424.1 12176.6 13622.8 11782.9 9122.07 6752.25 3897.06 1822.65 723.121 0 0 0 0 1446.24 3645.3 6347.87 7637.06 7607.1 6819.23 6973.29 6649.54 7388.54 6819.23 8022.36 9152.03 10166.4 11554.1 12620.2 12176.6 11191.2 8864.67 6347.87 5493.02 4688.91 5641.18 7372.66 8000 6649.54 3818.53 1930.23 2774.2 8438.71 15981.6 21161.1 20428.3 14708.1 7770.79 2545.77 723.121 0 1259.23 3897.06 8072.82 11082.7 10860.6 7607.1 3805 723.121 0 0 0 0 0 0 0 0 0 0 
415.256 1514.97 3818.53 6649.54 8000 6649.54 3818.53 1514.97 415.256 0 1259.23 3173.93 5527.05 8818.9 9304.75 8134.1 6967.16 7502.87 10468.1 15372.7 16472.2 15088.2 11670.5 7718.85 4341.11 2169.36 415.256 0 0 0 0 0 1446.24 2518.47 3029.94 3241.59 3268.89 3897.06 5077.76 4688.91 4528.12 3964.71 4289.18 5692.4 7696.41 8887.44 8700.98 8251.7 7607.1 7349.7 7372.66 6786.28 6347.87 6786.28 6649.54 5527.05 3173.93 1674.49 2774.2 6992.47 12899.7 16631.9 14950.8 9766.67 4756.56 723.121 0 830.511 1514.97 4541.65 9195.31 12433.2 11983 8251.7 4060.74 723.121 0 0 0 0 0 0 0 0 0 0 
0 1259.23 3173.93 5527.05 6649.54 5527.05 3897.06 2518.47 1514.97 1259.23 1861.5 1822.65 4620.18 7463.83 9521.8 9459.71 8330.22 8078.46 10147.2 13435.8 16073.6 16050.7 14671.9 10604.8 7070.99 4341.11 2238.09 1259.23 723.121 0 0 0 0 0 0 0 1446.24 3497.14 5104.16 5077.76 3897.06 1822.65 1446.24 2545.77 4433.17 6056.62 6107.66 5575.71 5800.89 7372.66 8000 7372.66 5641.18 4688.91 3818.53 3173.93 1822.65 723.121 1982.35 4996.58 8700.98 10468.1 8700.98 4996.58 1982.35 723.121 1259.23 1514.97 2518.47 5156.29 8700.98 12176.6 12176.6 8700.98 4433.17 1259.23 0 0 0 0 0 0 0 0 0 0 
0 723.121 1822.65 3173.93 3818.53 3897.06 3645.3 3897.06 4541.65 4433.17 3337.62 2705.47 4500.82 7862.84 12313.3 14022.2 11777.2 8893.64 7930.3 8507.44 13208.6 16079.3 17587.8 16004.6 11891.3 7862.84 5077.76 3173.93 1822.65 723.121 0 0 0 0 0 723.121 3241.59 5948.14 8301.25 8631.89 7080.68 3173.93 1982.35 2545.77 4433.17 5333.5 4433.17 3805 3897.06 5527.05 6649.54 5527.05 3897.06 2518.47 1514.97 1259.23 723.121 0 723.121 2545.77 4433.17 5333.5 4433.17 2545.77 1446.24 1822.65 3173.93 3818.53 4312.31 5160.27 7715.59 10468.1 11173.9 8472.19 4541.65 1514.97 0 0 0 0 0 0 0 0 0 0 
0 0 723.121 1259.23 1514.97 2518.47 3897.06 6250.17 8472.19 8700.98 6992.47 5263.68 4852.59 8360.18 13299.1 16000 13299.1 8360.18 5735.42 6846.3 10800.7 15761.1 18563.9 17960.2 14820.1 11327.9 8164.51 5527.05 3173.93 1259.23 0 415.256 0 0 723.121 2961.02 6511.55 10811 15088.2 15515 12225.3 7060.12 4220.45 3173.93 5527.05 6649.54 5527.05 3897.06 3081.88 3173.93 3818.53 3173.93 1822.65 723.121 0 0 0 0 0 723.121 1259.23 1930.23 1259.23 723.121 1259.23 3173.93 5527.05 6649.54 5527.05 5156.29 5692.4 7042.02 7908.77 6250.17 3173.93 1259.23 0 0 0 0 0 0 0 0 0 0 
0 0 0 0 415.256 1514.97 3818.53 7908.77 11173.9 12176.6 10468.1 7042.02 5692.4 7607.1 11054.1 13299.1 11054.1 7794.11 5600.35 6671.26 11333.6 15772 18233 17588.6 14342.2 11805.8 9259.23 6649.54 3818.53 2238.09 1259.23 1514.97 1259.23 723.121 1259.23 4433.17 9960.22 16796.8 21348.9 21698.4 17597.3 11196.3 6419.5 5264.77 6649.54 8000 6649.54 3818.53 2238.09 1259.23 1514.97 1259.23 723.121 0 0 0 0 0 0 723.121 1259.23 1514.97 1259.23 1138.38 1514.97 3818.53 6649.54 8000 6649.54 4541.65 3337.62 3173.93 3818.53 3173.93 1822.65 723.121 0 0 0 0 0 0 0 0 0 0 
0 0 0 0 0 1259.23 3589.19 7042.02 10468.1 12176.6 11173.9 7908.77 5264.77 5160.27 6347.87 7637.06 7070.99 6727.18 8209.37 10860.6 15088.2 17081.1 16586 14245.8 10889.5 8864.67 7372.66 5527.05 3897.06 3081.88 3173.93 3818.53 3173.93 2237.9 2653.35 5333.5 11191.2 18990.7 24171.3 25340.7 21806.5 14391.7 8330.22 5692.4 5527.05 6649.54 5527.05 3173.93 1259.23 0 0 0 0 0 0 0 0 0 723.121 1822.65 3173.93 3818.53 3173.93 1822.65 1982.35 3173.93 5527.05 6649.54 5527.05 3173.93 1982.35 1259.23 1514.97 1259.23 723.121 0 0 0 0 0 0 0 0 0 0 0 
0 0 0 0 0 723.121 1822.65 4433.17 6992.47 8700.98 8472.19 6250.17 3173.93 2705.47 2518.47 3029.94 4192.95 6135.15 9345.58 14558.3 16701 16073.6 12986.5 9280.11 6255.82 5156.29 3818.53 3173.93 3081.88 3897.06 5527.05 6649.54 5527.05 3173.93 2518.47 4433.17 9531.49 15929.7 21072.9 23515 21692.4 15281.4 8360.18 4852.59 3173.93 3818.53 3173.93 1822.65 723.121 0 0 0 0 0 0 0 0 0 1259.23 3173.93 5527.05 6649.54 5527.05 3173.93 1982.35 1822.65 3173.93 3818.53 3173.93 1822.65 723.121 0 0 0 0 0 0 0 0 0 0 0 0 0 0 0 
0 0 0 0 0 0 723.121 1982.35 3337.62 4433.17 4541.65 3173.93 1822.65 723.121 0 415.256 1514.97 5077.76 9823.47 14250.2 15121.7 12519.5 8507.44 4433.17 2545.77 1982.35 1514.97 1674.49 2238.09 3818.53 6649.54 8000 6649.54 3818.53 2238.09 2545.77 4996.58 9510.93 13340.3 16050.7 15844.8 11777.2 6347.87 3241.59 1259.23 1514.97 1259.23 723.121 0 0 0 0 0 0 0 0 0 415.256 1514.97 3818.53 6649.54 8000 6649.54 3818.53 1514.97 723.121 1259.23 1514.97 1259.23 723.121 0 0 0 0 0 0 0 0 0 0 0 0 0 0 0 0 
0 0 0 0 0 0 0 0 723.121 1259.23 1514.97 1259.23 723.121 0 0 0 1259.23 3897.06 7349.7 9823.47 10068.7 7607.1 4596.85 1982.35 723.121 0 0 0 1259.23 3173.93 5527.05 6649.54 5527.05 3173.93 1259.23 723.121 1982.35 4220.45 6419.5 8330.22 8360.18 6347.87 3645.3 1446.24 0 0 0 0 0 0 0 0 0 0 0 0 0 0 1259.23 3173.93 5527.05 6649.54 5527.05 3173.93 1259.23 0 0 0 0 0 0 0 0 0 0 0 0 0 0 0 0 0 0 0 0 0 
0 0 0 0 0 0 0 0 0 0 0 0 0 0 0 0 723.121 1822.65 3897.06 5077.76 4688.91 3081.88 1446.24 0 0 0 0 0 723.121 1822.65 3173.93 3818.53 3173.93 1822.65 723.121 0 0 0 1446.24 2518.47 3029.94 2518.47 1446.24 0 0 0 0 0 0 0 0 0 0 0 0 0 0 0 723.121 1822.65 3173.93 3818.53 3173.93 1822.65 723.121 0 0 0 0 0 0 0 0 0 0 0 0 0 0 0 0 0 0 0 0 0 
0 0 0 0 0 0 0 0 0 0 0 0 0 0 0 0 0 723.121 1259.23 1514.97 1259.23 723.121 0 0 0 0 0 0 0 723.121 1259.23 1514.97 1259.23 723.121 0 0 0 0 0 0 0 0 0 0 0 0 0 0 0 0 0 0 0 0 0 0 0 0 0 723.121 1259.23 1514.97 1259.23 723.121 0 0 0 0 0 0 0 0 0 0 0 0 0 0 0 0 0 0 0 0 0 0 
0 0 0 0 0 0 0 0 0 0 0 0 0 0 0 0 0 0 0 0 0 0 0 0 0 0 0 0 0 0 0 0 0 0 0 0 0 0 0 0 0 0 0 0 0 0 0 0 0 0 0 0 0 0 0 0 0 0 0 0 0 0 0 0 0 0 0 0 0 0 0 0 0 0 0 0 0 0 0 0 0 0 0 0 0 0 
