0 0 0 0 0 0 0 0 0 0 0.00381997 0.0190859 0.0589781 0.131838 0.224918 0.307372 0.35594 0.370856 0.361349 0.340787 0.307459 0.252822 0.177902 0.102753 0.0543034 0.050081 0.0905906 0.169 0.27217 0.410378 0.597805 0.817149 1.02727 1.18659 1.28271 1.31595 1.31685 1.30252 1.28155 1.25869 1.22311 1.15743 1.04797 0.887005 0.682995 0.468749 0.287344 0.155629 0.0711787 0.0287883 0.00722099 0 0 0 0 0 0 0 0 0 0 0 0 0 0 0 0 0 0 0 0 0 0 0 0 0 0 0 0 0 0 0 0 0 0 0 0 0 0 0 0 0 0 0 0 0 0 0 0 0 0 0 0 
0 0 0 0 0 0 0 0.00457281 0.0248347 0.0799277 0.19791 0.390171 0.654089 0.973805 1.30062 1.55191 1.68141 1.70583 1.6556 1.57261 1.44967 1.25796 0.998894 0.737765 0.564828 0.540755 0.667688 0.916082 1.22625 1.60555 2.08024 2.60901 3.10673 3.48025 3.70384 3.77682 3.77169 3.72949 3.67173 3.61052 3.5189 3.35435 3.08376 2.68797 2.18192 1.63542 1.14328 0.74338 0.437757 0.233113 0.0989091 0.0298049 0.00710427 0 0 0 0 0 0 0 0 0 0 0 0 0 0 0 0 0 0 0 0 0 0 0 0 0 0 0 0 0 0 0 0 0 0 0 0 0 0 0 0 0 0 0 0 0 0 0 0 0 0 
0 0 0 0 0 0.00531208 0.0288943 0.107565 0.295458 0.639175 1.16648 1.84404 2.61668 3.42602 4.18212 4.72637 4.97835 4.99164 4.83717 4.61055 4.29268 3.81426 3.17613 2.53229 2.09874 2.02304 2.31096 2.87846 3.55286 4.29859 5.13681 6.00136 6.79043 7.37157 7.71417 7.81351 7.78527 7.69581 7.58209 7.46559 7.30019 7.01501 6.55562 5.88884 5.0244 4.05282 3.10874 2.25238 1.5099 0.933045 0.505481 0.234519 0.0970919 0.029243 0.00698351 0 0 0 0 0 0 0 0 0 0 0 0 0 0 0 0 0 0 0 0 0 0 0 0 0 0 0 0 0 0 0 0 0 0 0 0 0 0 0 0 0 0 0 0 0 0 0 0 
0 0 0 0 0.00905644 0.0611079 0.226711 0.62678 1.37106 2.48573 3.92182 5.52167 7.09454 8.50833 9.66392 10.3913 10.6424 10.5418 10.1995 9.75758 9.18033 8.35477 7.27555 6.18514 5.43222 5.2612 5.68305 6.54833 7.54224 8.54516 9.54084 10.4583 11.2536 11.8174 12.1369 12.1993 12.1238 11.9811 11.8149 11.6517 11.4374 11.0926 10.5581 9.7958 8.79095 7.5981 6.32082 5.00908 3.71626 2.56677 1.61625 0.919324 0.478531 0.210604 0.0801499 0.0203779 0.00401518 0 0 0 0 0 0 0 0 0 0 0 0 0 0 0 0 0 0 0 0 0 0 0 0 0 0 0 0 0 0 0 0 0 0 0 0 0 0 0 0 0 0 0 0 0 0 
0 0 0 0.00986797 0.0777606 0.330088 0.975189 2.2455 4.22307 6.74018 9.49686 12.1198 14.2886 15.8606 16.858 17.2747 17.1983 16.8226 16.2519 15.6116 14.8537 13.8568 12.6021 11.3341 10.4206 10.1313 10.481 11.305 12.2402 13.11 13.8522 14.4147 14.8492 15.1216 15.2489 15.2098 15.0767 14.8973 14.7067 14.5277 14.317 14.0167 13.5856 12.9977 12.2127 11.2119 10.0048 8.58462 6.98322 5.34748 3.81239 2.50665 1.5169 0.81191 0.381622 0.140288 0.0414918 0.00560268 0 0 0 0 0 0 0 0 0 0 0 0 0 0 0 0 0 0 0 0 0 0 0 0 0 0 0 0 0 0 0 0 0 0 0 0 0 0 0 0 0 0 0 0 0 
0 0 0.0108083 0.0848246 0.38696 1.22945 2.99897 5.91555 9.75357 13.8645 17.5664 20.4076 22.1943 23.013 23.114 22.7354 22.092 21.3749 20.6294 19.897 19.1316 18.2503 17.2222 16.1885 15.3864 15.0063 15.0618 15.4487 15.9113 16.3038 16.5514 16.6251 16.6183 16.5542 16.4637 16.3232 16.1489 15.9588 15.772 15.602 15.4254 15.2163 14.9591 14.6473 14.24 13.6769 12.8957 11.8302 10.438 8.78487 6.98663 5.18964 3.56553 2.21115 1.21661 0.558677 0.212986 0.0546734 0.00886516 0 0 0 0 0 0 0 0 0 0 0 0 0 0 0 0 0 0 0 0 0 0 0 0 0 0 0 0 0 0 0 0 0 0 0 0 0 0 0 0 0 0 0 0 
0 0.00724753 0.0766396 0.382109 1.31651 3.42066 7.10233 12.1797 17.7311 22.5379 25.8048 27.4485 27.7796 27.2718 26.2993 25.1784 24.1 23.167 22.359 21.6372 20.9675 20.3178 19.6562 19.006 18.4384 18.0286 17.7852 17.6832 17.6299 17.5601 17.4224 17.2001 16.957 16.7224 16.5189 16.3285 16.1406 15.9566 15.7835 15.6265 15.4771 15.3298 15.1842 15.0459 14.8936 14.6809 14.3452 13.8122 12.9865 11.8214 10.312 8.50729 6.54849 4.60928 2.90306 1.57387 0.72191 0.252477 0.0662204 0.00934106 0 0 0 0 0 0 0 0 0 0 0 0 0 0 0 0 0 0 0 0 0 0 0 0 0 0 0 0 0 0 0 0 0 0 0 0 0 0 0 0 0 0 0 
0.00275909 0.0502445 0.318582 1.22577 3.46008 7.61922 13.6429 20.4474 26.3679 30.1114 31.4391 31.0361 29.74 28.1909 26.6359 25.2428 24.0685 23.1154 22.3339 21.6605 21.0738 20.5683 20.1208 19.7016 19.2938 18.9026 18.5303 18.1883 17.8737 17.5687 17.2436 16.8929 16.553 16.2511 16.0012 15.7934 15.6074 15.436 15.2783 15.1342 15.0044 14.8947 14.8115 14.7639 14.7435 14.7219 14.6586 14.5108 14.2038 13.6586 12.7801 11.4835 9.75809 7.68583 5.48053 3.43728 1.86465 0.835152 0.312676 0.092961 0.0232319 0.00492271 0 0 0 0 0 0 0 0 0 0 0 0 0 0 0 0 0 0 0 0 0 0 0 0 0 0 0 0 0 0 0 0 0 0 0 0 0 0 0 0 0 
0.0210705 0.20167 0.956616 3.0428 7.32373 13.9745 21.8609 28.8906 33.2806 34.5365 33.4533 31.357 29.1341 27.1838 25.5156 24.1393 23.033 22.1505 21.4369 20.8304 20.318 19.906 19.5797 19.2905 18.9836 18.6289 18.2242 17.7978 17.3968 17.045 16.742 16.4798 16.2439 16.0278 15.829 15.6445 15.4708 15.3074 15.154 15.0099 14.8747 14.7492 14.6346 14.5355 14.459 14.4128 14.4 14.4105 14.3952 14.2889 13.9869 13.3636 12.2812 10.6404 8.48129 6.06372 3.82957 2.09277 1.00074 0.411729 0.146601 0.0428898 0.00508515 0 0 0 0 0 0 0 0 0 0 0 0 0 0 0 0 0 0 0 0 0 0 0 0 0 0 0 0 0 0 0 0 0 0 0 0 0 0 0 0 
0.0784695 0.565442 2.2232 6.12456 12.9107 21.6854 30.0097 35.4248 36.9947 35.5323 32.6753 29.7967 27.4215 25.6273 24.2581 23.1861 22.3084 21.5611 20.9123 20.3374 19.8253 19.3696 18.9638 18.5969 18.2565 17.9331 17.623 17.3275 17.0524 16.7989 16.5646 16.3464 16.1399 15.9434 15.7564 15.5787 15.4105 15.2515 15.1011 14.959 14.8247 14.698 14.5786 14.4666 14.3628 14.2713 14.2009 14.1662 14.171 14.2063 14.2115 14.0838 13.6607 12.7324 11.143 8.94447 6.4891 4.2092 2.44779 1.25625 0.557551 0.204444 0.0472119 0.00660634 0 0 0 0 0 0 0 0 0 0 0 0 0 0 0 0 0 0 0 0 0 0 0 0 0 0 0 0 0 0 0 0 0 0 0 0 0 0 0 
0.216897 1.24205 4.22279 10.3357 19.4253 29.1209 36.1542 38.7682 37.4266 34.1229 30.7173 28.053 26.1134 24.6922 23.5799 22.6586 21.8733 21.1903 20.5877 20.05 19.5661 19.1275 18.728 18.3628 18.0281 17.7205 17.4363 17.1717 16.9234 16.6889 16.4667 16.2555 16.0545 15.863 15.6808 15.5079 15.3442 15.1893 15.0426 14.9037 14.7723 14.6483 14.5314 14.4209 14.3161 14.2167 14.1241 14.0447 13.9883 13.9738 14.0073 14.0628 14.0377 13.7302 12.9014 11.3973 9.32749 7.00105 4.78146 2.91284 1.54697 0.701189 0.249227 0.075796 0.019383 0.00390018 0 0 0 0 0 0 0 0 0 0 0 0 0 0 0 0 0 0 0 0 0 0 0 0 0 0 0 0 0 0 0 0 0 0 0 0 0 
0.470262 2.23316 6.76422 14.9935 25.5151 34.6477 39.2475 39.0494 35.7467 31.9461 28.9243 26.7815 25.2262 24.017 23.0248 22.1865 21.4649 20.8341 20.2753 19.7751 19.3234 18.9125 18.5369 18.1919 17.8738 17.5794 17.3055 17.0491 16.8076 16.5794 16.363 16.1574 15.9619 15.7757 15.5989 15.4312 15.2725 15.122 14.9794 14.8442 14.7163 14.5957 14.4819 14.3743 14.2719 14.1742 14.0811 13.9937 13.9143 13.853 13.8257 13.8503 13.912 13.9119 13.6676 12.9571 11.6725 9.85495 7.67334 5.38737 3.34689 1.829 0.862466 0.36723 0.138368 0.0426616 0.00653218 0 0 0 0 0 0 0 0 0 0 0 0 0 0 0 0 0 0 0 0 0 0 0 0 0 0 0 0 0 0 0 0 0 0 0 0 
0.841992 3.42719 9.41758 19.1483 29.9333 37.4442 39.4973 37.3533 33.2946 29.8955 27.493 25.78 24.4575 23.384 22.487 21.723 21.0611 20.4796 19.9623 19.4973 19.0758 18.6908 18.3372 18.0109 17.7085 17.4271 17.1638 16.9163 16.6826 16.4615 16.252 16.053 15.8637 15.6835 15.5125 15.3504 15.1969 15.0513 14.913 14.7819 14.658 14.5411 14.4309 14.3263 14.2267 14.1316 14.0409 13.9549 13.8738 13.7989 13.7373 13.7044 13.7166 13.7626 13.7776 13.6104 13.0876 12.0544 10.417 8.25428 5.90986 3.82237 2.23531 1.2135 0.628558 0.332449 0.1935 0.134502 0.0913772 0.0502788 0.0205637 0.00508849 0 0 0 0 0 0 0 0 0 0 0 0 0 0 0 0 0 0 0 0 0 0 0 0 0 0 0 0 0 0 0 
1.30083 4.67122 11.7573 22.1089 32.1321 37.6782 37.8516 34.8202 30.9147 28.208 26.3301 24.8952 23.7367 22.7768 21.9664 21.2706 20.6641 20.1284 19.6496 19.2174 18.8239 18.463 18.1301 17.8216 17.5345 17.266 17.0138 16.776 16.551 16.3379 16.136 15.9442 15.7618 15.5882 15.4233 15.2671 15.1191 14.9784 14.8448 14.7181 14.5985 14.4857 14.379 14.2777 14.181 14.0887 14.001 13.9179 13.8392 13.7647 13.6951 13.6356 13.5974 13.5931 13.6312 13.6716 13.6063 13.2479 12.3698 10.8332 8.77805 6.57288 4.55274 2.95318 1.85616 1.21449 0.873187 0.694027 0.546563 0.404773 0.30116 0.246911 0.228395 0.226736 0.220715 0.206789 0.18303 0.14793 0.10327 0.0582914 0.0248116 0.00652171 0 0 0 0 0 0 0 0 0 0 0 0 0 0 0 0 0 0 0 0 0 
1.77535 5.79463 13.5261 23.7324 32.4461 36.2806 35.4501 32.2761 28.9619 26.8586 25.3222 24.0821 23.0576 22.1981 21.4655 20.8316 20.2755 19.7817 19.3384 18.9366 18.5694 18.2312 17.9181 17.6267 17.3545 17.0992 16.8586 16.631 16.4153 16.211 16.0173 15.8332 15.6579 15.4911 15.3328 15.1826 15.0401 14.9046 14.7758 14.6538 14.5387 14.43 14.327 14.2289 14.1353 14.0462 13.9617 13.8817 13.806 13.7341 13.6657 13.6012 13.5439 13.5027 13.4962 13.5399 13.6131 13.6119 13.3416 12.5778 11.2501 9.49064 7.53208 5.65983 4.1574 3.15503 2.54359 2.15177 1.79438 1.44909 1.19538 1.06236 1.01667 1.01187 0.992002 0.944609 0.863549 0.743377 0.587173 0.420517 0.278597 0.173108 0.0992274 0.0524054 0.0203763 0.00490487 0 0 0 0 0 0 0 0 0 0 0 0 0 0 0 0 0 
2.15783 6.60904 14.5774 24.2102 31.5603 34.1533 32.9524 30.0033 27.3876 25.7229 24.4155 23.3303 22.4208 21.6491 20.9853 20.4068 19.8963 19.4408 19.0303 18.6569 18.3143 17.9977 17.7034 17.4288 17.1715 16.9294 16.7005 16.4836 16.2779 16.0828 15.8975 15.7213 15.5534 15.3936 15.2419 15.0979 14.961 14.8307 14.707 14.5899 14.4793 14.3748 14.2754 14.1807 14.0904 14.0046 13.9235 13.8468 13.7742 13.7053 13.6396 13.5767 13.5166 13.4608 13.4183 13.4076 13.4467 13.5197 13.5454 13.3528 12.7887 11.7903 10.3963 8.79801 7.31967 6.20153 5.41719 4.82221 4.23392 3.66136 3.23716 3.01426 2.93686 2.92655 2.87939 2.76474 2.56843 2.2774 1.89642 1.48088 1.10948 0.805394 0.556552 0.358299 0.194023 0.0854 0.027504 0.00664856 0 0 0 0 0 0 0 0 0 0 0 0 0 0 0 
2.36201 6.98308 14.8758 23.8578 30.1831 32.0652 30.8273 28.1716 26.1139 24.7255 23.5925 22.6364 21.8249 21.1293 20.5261 19.9971 19.5278 19.1074 18.7271 18.3801 18.0608 17.7646 17.4886 17.2303 16.9876 16.7587 16.5419 16.336 16.1404 15.9547 15.7781 15.6098 15.4494 15.2967 15.1516 15.0137 14.8824 14.7575 14.6389 14.5267 14.4207 14.3203 14.2246 14.1333 14.0465 13.9643 13.8867 13.8133 13.7439 13.6781 13.6153 13.5551 13.497 13.4411 13.3892 13.3497 13.3378 13.3664 13.4348 13.4771 13.3859 13.0442 12.3754 11.4263 10.4082 9.53186 8.82709 8.21585 7.57209 6.93766 6.46111 6.21022 6.12255 6.10908 6.03422 5.84636 5.524 5.04569 4.41191 3.69662 3.01327 2.39001 1.81082 1.28637 0.814202 0.45624 0.219328 0.0917703 0.0278314 0.0066984 0 0 0 0 0 0 0 0 0 0 0 0 0 
2.39213 6.95892 14.5806 22.9864 28.6552 30.1971 29.0553 26.6897 25.0184 23.8369 22.8445 21.9959 21.2678 20.6381 20.0882 19.6032 19.1712 18.7829 18.4307 18.1084 17.8108 17.5342 17.2757 17.0332 16.805 16.5892 16.3843 16.1894 16.0041 15.8279 15.6599 15.4996 15.3467 15.201 15.0625 14.9307 14.8051 14.6855 14.5721 14.4648 14.3633 14.2668 14.1748 14.0872 14.004 13.9255 13.8514 13.7815 13.7153 13.6524 13.5925 13.5349 13.4795 13.4262 13.3751 13.3279 13.2906 13.2723 13.2907 13.3456 13.4088 13.4079 13.2538 12.9121 12.4528 11.9875 11.5624 11.1571 10.7071 10.2529 9.90326 9.71942 9.65671 9.6492 9.57306 9.36945 9.01853 8.49768 7.79528 6.96159 6.09123 5.19151 4.23976 3.26554 2.30748 1.49339 0.873862 0.466954 0.214052 0.0863881 0.0245702 0.00538736 0 0 0 0 0 0 0 0 0 0 0 
2.27789 6.61499 13.837 21.7821 27.1378 28.6333 27.6489 25.5292 24.0709 23.0403 22.1627 21.4041 20.7471 20.1745 19.6715 19.2258 18.8276 18.4687 18.1425 17.8433 17.5663 17.3082 17.0666 16.8395 16.6254 16.4224 16.2292 16.0453 15.8701 15.7031 15.5437 15.3913 15.2458 15.1072 14.9752 14.8494 14.7294 14.6152 14.5069 14.4044 14.3071 14.2146 14.1264 14.0426 13.9632 13.8883 13.8178 13.7513 13.6882 13.6282 13.5709 13.5161 13.4635 13.4131 13.3648 13.3189 13.2763 13.2394 13.217 13.2193 13.2564 13.3179 13.3647 13.349 13.2593 13.1224 12.9717 12.82 12.6422 12.4517 12.2969 12.2175 12.1955 12.2018 12.1581 12.0199 11.7787 11.4212 10.9261 10.2902 9.54232 8.64944 7.56661 6.30225 4.91441 3.57481 2.40325 1.49696 0.837028 0.417655 0.167441 0.0538061 0.00886619 0 0 0 0 0 0 0 0 0 0 
2.06297 6.04621 12.7732 20.3299 25.6088 27.2705 26.4995 24.6046 23.2439 22.3226 21.5395 20.8566 20.2604 19.7374 19.2758 18.8654 18.4978 18.166 17.8639 17.5862 17.3287 17.0882 16.8627 16.6505 16.4499 16.2593 16.0776 15.9043 15.7389 15.581 15.4299 15.2853 15.1472 15.0155 14.8899 14.77 14.6557 14.5468 14.4435 14.3456 14.2525 14.164 14.0797 13.9997 13.9241 13.8529 13.7859 13.7226 13.6625 13.6053 13.5507 13.4986 13.4489 13.4015 13.3564 13.3134 13.2728 13.2348 13.201 13.1752 13.1662 13.1823 13.2266 13.2845 13.3321 13.3528 13.3552 13.3507 13.3345 13.3079 13.2802 13.2701 13.2764 13.2945 13.2907 13.2436 13.1562 13.0274 12.8392 12.5553 12.1535 11.5763 10.7518 9.62468 8.20633 6.62366 5.01418 3.54382 2.2848 1.31657 0.636634 0.251086 0.0666976 0.00949794 0 0 0 0 0 0 0 0 0 
1.75007 5.24909 11.3563 18.546 23.948 26.0011 25.5434 23.8838 22.5336 21.676 20.9684 20.3496 19.8055 19.3257 18.9008 18.5221 18.1825 17.8756 17.5958 17.3382 17.0989 16.8752 16.6652 16.4672 16.2795 16.1008 15.9301 15.767 15.6111 15.4619 15.319 15.182 15.0512 14.9262 14.8069 14.6929 14.5841 14.4804 14.382 14.2885 14.1997 14.1151 14.0347 13.9586 13.8868 13.8192 13.7556 13.6953 13.6381 13.5836 13.5318 13.4825 13.4357 13.3914 13.3495 13.3098 13.2722 13.237 13.2042 13.1743 13.1487 13.1294 13.1194 13.1196 13.1299 13.1503 13.1859 13.2407 13.306 13.3653 13.4071 13.4349 13.4557 13.4772 13.4953 13.5041 13.51 13.5183 13.5222 13.491 13.3981 13.1977 12.8178 12.1615 11.1711 9.85721 8.27064 6.53378 4.75374 3.1016 1.73711 0.808313 0.284178 0.0692167 0.0095609 0 0 0 0 0 0 0 0 
1.34312 4.21805 9.53847 16.3078 21.9825 24.676 24.7025 23.3391 21.9503 21.0996 20.4451 19.8796 19.3804 18.9385 18.546 18.1959 17.8817 17.5977 17.3386 17.0998 16.8777 16.6699 16.4745 16.2899 16.1146 15.9472 15.7871 15.6339 15.4871 15.3464 15.2113 15.0819 14.958 14.8397 14.7265 14.6181 14.5146 14.4161 14.3224 14.2334 14.1487 14.0682 13.9917 13.9194 13.8512 13.7871 13.7267 13.6695 13.615 13.5633 13.5142 13.4678 13.424 13.3827 13.3439 13.3074 13.273 13.2408 13.2107 13.183 13.158 13.1358 13.1171 13.1021 13.0916 13.0863 13.0872 13.0946 13.1071 13.1215 13.1357 13.15 13.1667 13.1882 13.2164 13.2545 13.3086 13.3849 13.4827 13.5804 13.6569 13.6898 13.6407 13.438 13.0126 12.2914 11.2064 9.73114 7.86578 5.75004 3.67227 1.98896 0.868016 0.291281 0.0696859 0.00963163 0 0 0 0 0 0 0 
0.90406 3.07645 7.45707 13.6428 19.5677 23.0786 23.8262 22.8933 21.5108 20.6056 19.9683 19.4444 18.9835 18.5745 18.2109 17.8864 17.5953 17.3323 17.0924 16.8712 16.6653 16.4724 16.2909 16.119 15.9554 15.7989 15.6489 15.5051 15.3671 15.2345 15.1071 14.9849 14.8679 14.756 14.6486 14.5458 14.4475 14.3538 14.2649 14.1803 14.0997 14.0231 13.9505 13.8819 13.8174 13.7566 13.6993 13.6449 13.5933 13.5443 13.4981 13.4545 13.4136 13.3754 13.3396 13.3061 13.2747 13.2453 13.2179 13.1927 13.17 13.15 13.133 13.119 13.1084 13.1011 13.097 13.096 13.0979 13.1025 13.1102 13.1208 13.1346 13.1513 13.1707 13.193 13.2194 13.2523 13.2969 13.3578 13.4416 13.548 13.6587 13.7286 13.7062 13.5197 13.0658 12.2041 10.7721 8.72876 6.29735 3.93786 2.06659 0.882847 0.293294 0.0702051 0.00970786 0 0 0 0 0 0 
0.524712 2.02602 5.39635 10.7587 16.6853 21.0102 22.716 22.425 21.215 20.224 19.5514 19.0445 18.6135 18.2329 17.8946 17.5931 17.323 17.0793 16.8571 16.6522 16.4616 16.2829 16.1145 15.9546 15.8021 15.6559 15.5156 15.3809 15.2512 15.1264 15.0064 14.8913 14.781 14.6751 14.5734 14.4758 14.3825 14.2938 14.2095 14.1291 14.0526 13.9799 13.9111 13.8462 13.7852 13.7277 13.6733 13.6218 13.5729 13.5267 13.4833 13.4426 13.4046 13.3691 13.3361 13.3054 13.2767 13.2499 13.225 13.2023 13.182 13.1644 13.1497 13.1379 13.1291 13.1234 13.1206 13.1206 13.1233 13.1288 13.137 13.1481 13.1618 13.1777 13.1957 13.2153 13.2364 13.259 13.2838 13.3125 13.3492 13.4013 13.4773 13.5809 13.7033 13.8034 13.7977 13.5327 12.7731 11.299 9.10307 6.50437 4.01577 2.09122 0.889022 0.295485 0.070757 0.00978782 0 0 0 0 0 
0.257644 1.19551 3.57869 7.88185 13.3959 18.3 21.102 21.7327 20.9811 19.9842 19.2268 18.694 18.2723 17.913 17.5965 17.3154 17.0643 16.8382 16.6324 16.4429 16.2667 16.1014 15.9453 15.7968 15.6547 15.5184 15.3873 15.2611 15.1394 15.0221 14.9094 14.8011 14.6971 14.597 14.5006 14.4081 14.3199 14.236 14.1561 14.08 14.0074 13.9386 13.8735 13.8122 13.7546 13.7002 13.6487 13.6 13.5538 13.5104 13.4698 13.4319 13.3966 13.3639 13.3334 13.3051 13.2788 13.2543 13.2318 13.2115 13.1936 13.1784 13.1659 13.1562 13.1491 13.1448 13.143 13.1439 13.1474 13.1536 13.1625 13.1739 13.1877 13.2037 13.2216 13.2412 13.2624 13.2849 13.3086 13.3333 13.3591 13.3874 13.4225 13.4736 13.5559 13.6803 13.8303 13.9142 13.731 12.9989 11.4932 9.23523 6.57324 4.04696 2.09661 0.883352 0.286954 0.0648648 0.00709016 0 0 0 0 
0.102812 0.615003 2.12279 5.23917 9.90342 14.9393 18.7541 20.559 20.6248 19.8656 19.0428 18.4315 17.9782 17.6194 17.3172 17.0526 16.8186 16.6087 16.4181 16.243 16.0804 15.9278 15.7833 15.6454 15.5133 15.3863 15.2639 15.1458 15.0317 14.9217 14.8159 14.7141 14.616 14.5213 14.4301 14.3428 14.2596 14.1804 14.1049 14.0327 13.9641 13.899 13.8377 13.7799 13.7256 13.6742 13.6255 13.5794 13.536 13.4953 13.4574 13.4222 13.3896 13.3593 13.3312 13.305 13.2808 13.2585 13.2382 13.2203 13.2047 13.1918 13.1813 13.1733 13.1678 13.1646 13.1638 13.1655 13.1698 13.1767 13.1861 13.1979 13.2118 13.2279 13.2459 13.2658 13.2874 13.3104 13.3346 13.3596 13.3854 13.412 13.4396 13.4699 13.5101 13.5755 13.6863 13.8376 13.9426 13.7898 13.0805 11.5775 9.30045 6.60803 4.04293 2.0644 0.842923 0.256942 0.0493023 0.00408458 0 0 0 
0.0359787 0.274401 1.1091 3.10374 6.6203 11.2178 15.6315 18.6285 19.8246 19.6828 18.9812 18.3006 17.771 17.3746 17.0649 16.8062 16.5857 16.3904 16.214 16.0525 15.9026 15.7618 15.6282 15.5004 15.3777 15.2594 15.1453 15.0349 14.9281 14.825 14.7258 14.63 14.5374 14.448 14.3621 14.2799 14.2016 14.127 14.0556 13.9874 13.9225 13.8612 13.8035 13.7492 13.698 13.6495 13.6034 13.56 13.5193 13.4813 13.4461 13.4135 13.3833 13.3553 13.3292 13.305 13.2828 13.2625 13.2445 13.2287 13.2154 13.2044 13.1957 13.1892 13.1848 13.1827 13.1829 13.1855 13.1907 13.1983 13.2082 13.2203 13.2345 13.2508 13.2692 13.2895 13.3114 13.3348 13.3594 13.3851 13.4118 13.4394 13.4677 13.4967 13.5273 13.5649 13.6244 13.7265 13.8723 13.9825 13.8463 13.1499 11.6412 9.3274 6.56216 3.92466 1.91725 0.722336 0.185445 0.0249065 0 0 0 
0.00669741 0.0874815 0.469987 1.57813 3.91889 7.60445 11.9486 15.7632 18.1607 19.0195 18.8257 18.2637 17.6893 17.2235 16.8702 16.5887 16.3683 16.1836 16.0199 15.871 15.733 15.6033 15.4798 15.3615 15.2476 15.1378 15.0314 14.9283 14.8285 14.732 14.6388 14.5487 14.4614 14.3772 14.2965 14.2194 14.1459 14.0756 14.0082 13.9439 13.8828 13.8251 13.771 13.72 13.6717 13.6259 13.5825 13.5417 13.5036 13.4683 13.4356 13.4055 13.3775 13.3516 13.3275 13.3052 13.2849 13.2667 13.2507 13.2371 13.2256 13.2164 13.2091 13.2038 13.2005 13.1995 13.2007 13.2044 13.2104 13.2187 13.2291 13.2415 13.2562 13.2729 13.2917 13.3123 13.3345 13.3582 13.3834 13.4099 13.4377 13.4666 13.4964 13.5267 13.5575 13.5896 13.6281 13.6883 13.792 13.9413 14.0601 13.9299 13.223 11.6575 9.21995 6.30287 3.57897 1.605 0.518018 0.0985383 0.0045715 0 0 
0 0.0161113 0.155013 0.670852 1.99785 4.51233 8.1027 12.0293 15.311 17.3375 18.0949 18.056 17.6582 17.1858 16.7764 16.4352 16.1847 15.9941 15.8367 15.6984 15.5715 15.452 15.3381 15.2286 15.1232 15.0211 14.9221 14.8259 14.7326 14.6423 14.5548 14.4701 14.388 14.3091 14.2335 14.1613 14.0923 14.0261 13.9627 13.9021 13.8448 13.7907 13.7399 13.6921 13.6466 13.6034 13.5627 13.5245 13.4891 13.4563 13.4261 13.3982 13.3723 13.3483 13.326 13.3056 13.2873 13.2711 13.2571 13.2453 13.2355 13.2277 13.2216 13.2174 13.2153 13.2154 13.2178 13.2225 13.2293 13.2381 13.249 13.262 13.2771 13.2943 13.3134 13.3342 13.3568 13.3809 13.4069 13.4344 13.4635 13.4937 13.5249 13.5568 13.5893 13.6222 13.6563 13.6968 13.7593 13.8658 14.0232 14.152 14.0156 13.2398 11.4937 8.78769 5.66129 2.93189 1.13579 0.281882 0.0268131 0 0 
0 0 0.0371536 0.230383 0.851493 2.27654 4.72657 8.00355 11.4485 14.3279 16.2159 17.1424 17.3428 17.1203 16.7573 16.3682 16.0625 15.8401 15.6708 15.5355 15.4178 15.3079 15.2028 15.1018 15.0041 14.9093 14.817 14.7272 14.6401 14.5557 14.4738 14.3943 14.3175 14.2436 14.173 14.1055 14.0408 13.9786 13.919 13.8622 13.8084 13.7579 13.7104 13.6654 13.6227 13.5821 13.5439 13.5084 13.4756 13.4453 13.4174 13.3915 13.3675 13.3453 13.3249 13.3063 13.2899 13.2757 13.2636 13.2534 13.2451 13.2384 13.2335 13.2304 13.2295 13.2308 13.2342 13.2398 13.2472 13.2566 13.268 13.2816 13.2972 13.3148 13.3342 13.3554 13.3784 13.4033 13.4301 13.4587 13.4888 13.5203 13.5529 13.5864 13.6206 13.6554 13.6906 13.727 13.7699 13.8348 13.9486 14.1207 14.2548 14.0563 13.0727 10.9492 7.86298 4.61382 2.09063 0.655167 0.103735 0.00460516 0 
0 0 0.00711414 0.0637239 0.294003 0.940075 2.28202 4.47213 7.30959 10.3134 12.9887 14.992 16.1795 16.6308 16.6165 16.335 16.0116 15.741 15.5342 15.3852 15.2722 15.1708 15.074 14.9807 14.8901 14.8019 14.716 14.6323 14.5511 14.4722 14.3957 14.3214 14.2497 14.1809 14.1151 14.052 13.9913 13.9329 13.877 13.8239 13.7738 13.7266 13.6821 13.6399 13.5998 13.5618 13.5263 13.4934 13.4631 13.4351 13.4093 13.3854 13.3631 13.3427 13.324 13.3074 13.2929 13.2805 13.27 13.2613 13.2541 13.2486 13.2448 13.243 13.2433 13.2457 13.25 13.2562 13.2642 13.2742 13.2863 13.3004 13.3165 13.3345 13.3543 13.3761 13.3998 13.4255 13.4532 13.4826 13.5137 13.5462 13.5801 13.6151 13.6511 13.688 13.7255 13.7633 13.8021 13.8472 13.9176 14.0474 14.2392 14.3371 13.9516 12.5427 9.87671 6.47354 3.35747 1.27572 0.288955 0.025712 0 
0 0 0 0.00719779 0.0624357 0.277182 0.840036 1.98463 3.81453 6.2212 8.93323 11.5651 13.7113 15.1508 15.9224 16.1206 15.9803 15.7145 15.451 15.2589 15.1362 15.0406 14.9513 14.865 14.7809 14.6989 14.6188 14.541 14.4654 14.392 14.3206 14.2513 14.1846 14.1207 14.0594 14.0005 13.9437 13.8891 13.8369 13.7873 13.7406 13.6967 13.6551 13.6155 13.578 13.5426 13.5097 13.4793 13.4514 13.4257 13.4018 13.3797 13.3592 13.3404 13.3236 13.3088 13.2961 13.2853 13.2763 13.2688 13.2628 13.2584 13.2558 13.2553 13.2567 13.26 13.265 13.2718 13.2804 13.2911 13.3038 13.3185 13.335 13.3534 13.3739 13.3964 13.4209 13.4474 13.4758 13.5059 13.5377 13.5713 13.6065 13.6431 13.681 13.72 13.7598 13.8 13.8404 13.8813 13.9299 14.0138 14.173 14.3638 14.3361 13.5665 11.5345 8.33661 4.86988 2.163 0.636174 0.0869975 0 
0 0 0 0 0.00693524 0.0553159 0.221172 0.659124 1.54913 3.019 5.08063 7.55867 10.1161 12.4162 14.2319 15.3498 15.7683 15.7046 15.4315 15.1739 15.0168 14.9182 14.8344 14.7544 14.6763 14.6001 14.5258 14.4535 14.3833 14.315 14.2485 14.1841 14.1222 14.0629 14.0059 13.9509 13.8979 13.847 13.7984 13.7524 13.709 13.6681 13.6292 13.5923 13.5573 13.5245 13.4941 13.4662 13.4405 13.4168 13.3948 13.3744 13.3556 13.3386 13.3236 13.3106 13.2995 13.2901 13.2823 13.2759 13.2711 13.2679 13.2666 13.2673 13.2697 13.2737 13.2793 13.2867 13.2961 13.3075 13.3208 13.3359 13.353 13.372 13.3932 13.4164 13.4417 13.4688 13.4978 13.5286 13.5613 13.596 13.6326 13.6709 13.7107 13.7518 13.7938 13.8365 13.8792 13.9214 13.9644 14.0225 14.137 14.3274 14.4675 14.1588 12.7866 10.0489 6.50608 3.28472 1.1738 0.225937 0 
0 0 0 0 0 0.00475118 0.0315079 0.138596 0.441936 1.10053 2.27268 4.02252 6.28295 8.89568 11.5642 13.783 15.124 15.5716 15.4438 15.1435 14.9251 14.8059 14.7234 14.6489 14.5764 14.5057 14.4368 14.3699 14.3047 14.2411 14.1793 14.1196 14.0623 14.0073 13.9544 13.9032 13.8539 13.8066 13.7616 13.7191 13.6788 13.6407 13.6045 13.5701 13.5377 13.5075 13.4796 13.454 13.4304 13.4086 13.3883 13.3696 13.3525 13.3373 13.324 13.3127 13.303 13.2949 13.2882 13.283 13.2793 13.2774 13.2773 13.279 13.2822 13.2869 13.2932 13.3013 13.3115 13.3235 13.3374 13.3531 13.3707 13.3904 13.4123 13.4362 13.4621 13.4898 13.5194 13.5511 13.5848 13.6208 13.6588 13.6989 13.7406 13.7837 13.828 13.8729 13.9179 13.9624 14.0061 14.0538 14.1332 14.2879 14.4794 14.448 13.6354 11.4742 8.10377 4.54386 1.87923 0.470465 0 
0 0 0 0 0 0 0 0.0117572 0.0743864 0.269963 0.739982 1.6638 3.21616 5.52464 8.48497 11.5371 13.8982 15.137 15.3994 15.1651 14.8816 14.7134 14.6196 14.5483 14.4811 14.4156 14.3519 14.2898 14.2293 14.1702 14.1129 14.0577 14.0047 13.9539 13.9047 13.8572 13.8115 13.7678 13.7263 13.6871 13.6499 13.6145 13.5809 13.5491 13.5192 13.4916 13.4661 13.4426 13.421 13.4009 13.3823 13.3652 13.3499 13.3364 13.3249 13.315 13.3067 13.2997 13.2941 13.29 13.2875 13.2868 13.2878 13.2904 13.2943 13.2998 13.3069 13.3159 13.3267 13.3394 13.3538 13.3701 13.3884 13.4089 13.4313 13.4557 13.4821 13.5105 13.541 13.5737 13.6087 13.646 13.6856 13.7273 13.7709 13.8161 13.8624 13.9095 13.9567 14.0036 14.0498 14.0965 14.1577 14.2781 14.4745 14.5885 14.1831 12.5848 9.55461 5.84914 2.71549 0.832938 0 
0 0 0 0 0 0 0 0 0.00648323 0.0378474 0.1524 0.499184 1.33949 2.99892 5.6466 8.95737 12.0865 14.2226 15.1343 15.1711 14.8906 14.654 14.527 14.4531 14.3902 14.3296 14.2706 14.213 14.1568 14.102 14.049 13.9981 13.9493 13.9023 13.8568 13.8128 13.7706 13.7304 13.6924 13.6564 13.6221 13.5895 13.5584 13.5291 13.5018 13.4766 13.4534 13.4321 13.4123 13.3938 13.3768 13.3613 13.3477 13.336 13.326 13.3176 13.3105 13.3046 13.3 13.2971 13.2958 13.2962 13.2982 13.3015 13.3063 13.3126 13.3206 13.3304 13.3419 13.3552 13.3702 13.3872 13.4062 13.4273 13.4502 13.4752 13.5022 13.5314 13.563 13.5969 13.6332 13.6719 13.7129 13.7562 13.8016 13.8486 13.897 13.9462 13.9959 14.0456 14.0947 14.1428 14.1943 14.2815 14.452 14.6223 14.4825 13.376 10.7869 7.12833 3.64276 1.30469 0 
0 0 0 0 0 0 0 0 0 0 0.0114622 0.102431 0.466245 1.45303 3.42415 6.4087 9.83254 12.749 14.4838 15.0408 14.9205 14.6399 14.4554 14.3649 14.3036 14.2472 14.1924 14.139 14.0868 14.0361 13.9874 13.9406 13.8957 13.8523 13.8103 13.7699 13.7312 13.6945 13.6598 13.627 13.5956 13.5655 13.537 13.5102 13.4854 13.4625 13.4415 13.4221 13.404 13.3872 13.3718 13.358 13.3461 13.336 13.3275 13.3203 13.3143 13.3095 13.3061 13.3043 13.3042 13.3056 13.3085 13.3126 13.3182 13.3254 13.3343 13.3449 13.3571 13.3709 13.3867 13.4044 13.424 13.4456 13.4691 13.4947 13.5226 13.5529 13.5857 13.6209 13.6584 13.6983 13.7407 13.7855 13.8326 13.8815 13.9319 13.9836 14.036 14.0886 14.1408 14.1917 14.2421 14.3108 14.4551 14.6458 14.6624 13.9361 11.7944 8.30887 4.58612 1.83362 0 
0 0 0 0 0 0 0 0 0 0 0 0.0225759 0.162521 0.668108 1.9219 4.23092 7.44893 10.8096 13.3614 14.6398 14.8928 14.669 14.422 14.2915 14.2221 14.168 14.117 14.0673 14.0189 13.9723 13.9275 13.8847 13.8435 13.8037 13.7652 13.7282 13.6931 13.6599 13.6285 13.5986 13.57 13.5426 13.5166 13.4923 13.4699 13.4493 13.4304 13.4128 13.3964 13.3812 13.3674 13.3553 13.345 13.3364 13.3292 13.3232 13.3183 13.3146 13.3124 13.3118 13.3127 13.3151 13.3187 13.3237 13.3302 13.3383 13.348 13.3593 13.3721 13.3867 13.4032 13.4216 13.4419 13.4641 13.4883 13.5149 13.5438 13.5753 13.6093 13.6455 13.6841 13.7252 13.7689 13.8152 13.864 13.9149 13.9677 14.022 14.0775 14.1333 14.1887 14.2425 14.294 14.3518 14.4652 14.6496 14.7401 14.2817 12.5351 9.28026 5.42567 2.33186 0 
0 0 0 0 0 0 0 0 0 0 0 0.00427302 0.0492589 0.276902 0.987259 2.57665 5.24708 8.61382 11.7494 13.8244 14.6718 14.6927 14.441 14.2492 14.1512 14.0927 14.044 13.9977 13.953 13.9102 13.8693 13.8302 13.7926 13.7562 13.7212 13.6877 13.6561 13.6264 13.5982 13.5712 13.5453 13.5205 13.4971 13.4753 13.4553 13.4369 13.4199 13.4041 13.3893 13.3757 13.3636 13.3531 13.3444 13.3372 13.3312 13.3263 13.3225 13.32 13.319 13.3195 13.3214 13.3246 13.3291 13.3349 13.3424 13.3513 13.3618 13.3737 13.3873 13.4027 13.4199 13.439 13.46 13.4829 13.5081 13.5357 13.5657 13.5983 13.6333 13.6707 13.7104 13.7526 13.7976 13.8456 13.8963 13.9495 14.0049 14.0622 14.1208 14.1799 14.2385 14.2953 14.3493 14.404 14.4971 14.6798 14.8156 14.5427 13.0962 10.0391 6.10027 2.73919 0 
0 0 0 0 0 0 0 0 0 0 0 0 0.00765089 0.0888531 0.437502 1.40913 3.37604 6.35035 9.70708 12.491 14.1019 14.6016 14.4898 14.2516 14.1006 14.0236 13.9737 13.9303 13.8891 13.8499 13.8127 13.7772 13.743 13.71 13.6784 13.6485 13.6203 13.5939 13.5688 13.5447 13.5214 13.4993 13.4784 13.4592 13.4415 13.4252 13.4101 13.396 13.3829 13.3709 13.3605 13.3517 13.3444 13.3385 13.3336 13.3298 13.3271 13.3258 13.3259 13.3275 13.3303 13.3343 13.3397 13.3464 13.3547 13.3645 13.3756 13.3883 13.4026 13.4188 13.4368 13.4566 13.4784 13.5023 13.5284 13.5569 13.5879 13.6214 13.6575 13.6961 13.7371 13.7807 13.8273 13.8771 13.93 13.9858 14.0442 14.1046 14.1664 14.2288 14.2906 14.3506 14.4074 14.4615 14.541 14.7223 14.8856 14.7371 13.4991 10.5837 6.58671 3.03387 0 
0 0 0 0 0 0 0 0 0 0 0 0 0 0.022996 0.170155 0.695167 1.9773 4.29899 7.4604 10.6767 13.0654 14.2523 14.4939 14.3024 14.0907 13.9711 13.908 13.8655 13.8275 13.7918 13.758 13.7258 13.695 13.6654 13.6372 13.6107 13.5859 13.5626 13.5404 13.519 13.4983 13.4788 13.4605 13.4438 13.4285 13.4143 13.4011 13.3886 13.3771 13.3669 13.3581 13.3508 13.3449 13.3401 13.3363 13.3336 13.3321 13.332 13.3333 13.3358 13.3395 13.3443 13.3505 13.3582 13.3673 13.3777 13.3896 13.403 13.4182 13.4352 13.4539 13.4745 13.4971 13.5219 13.5489 13.5782 13.6099 13.6444 13.6817 13.7217 13.7644 13.8099 13.8584 13.9103 13.9657 14.0244 14.0858 14.1494 14.2145 14.2802 14.3453 14.4086 14.4686 14.5241 14.5977 14.7805 14.9612 14.8826 13.7589 10.9161 6.87689 3.2073 0 
0 0 0 0 0 0 0 0 0 0 0 0 0 0.00466994 0.0548688 0.300441 1.03931 2.64953 5.28309 8.52053 11.4869 13.4537 14.2868 14.3425 14.1336 13.9548 13.8562 13.805 13.7683 13.7357 13.7052 13.6763 13.6488 13.6225 13.5978 13.5746 13.553 13.5326 13.5131 13.4943 13.4762 13.4592 13.4436 13.4293 13.4163 13.4041 13.3926 13.3819 13.372 13.3635 13.3564 13.3506 13.3459 13.3422 13.3395 13.3379 13.3376 13.3387 13.341 13.3444 13.3489 13.3546 13.3617 13.3702 13.38 13.3912 13.4038 13.4181 13.4341 13.4518 13.4713 13.4927 13.5161 13.5417 13.5694 13.5994 13.632 13.6676 13.7063 13.7482 13.793 13.8406 13.8913 13.9456 14.0037 14.0654 14.13 14.1969 14.2654 14.3346 14.4033 14.4701 14.5334 14.5916 14.6647 14.8513 15.0436 14.9994 13.9249 11.1052 7.03229 3.29674 0 
0 0 0 0 0 0 0 0 0 0 0 0 0 0 0.00969021 0.101241 0.467123 1.44801 3.37652 6.22469 9.40518 12.0698 13.677 14.2419 14.2013 13.9935 13.8363 13.7564 13.7127 13.6817 13.6544 13.6286 13.6043 13.5814 13.56 13.5401 13.5215 13.504 13.4871 13.4708 13.4552 13.4408 13.4277 13.4157 13.4048 13.3945 13.3848 13.3758 13.3677 13.3609 13.3553 13.3509 13.3473 13.3447 13.3431 13.3427 13.3436 13.3458 13.349 13.3532 13.3586 13.3652 13.3732 13.3826 13.3931 13.4051 13.4185 13.4335 13.4502 13.4686 13.4889 13.5111 13.5353 13.5616 13.5901 13.621 13.6547 13.6917 13.7322 13.7761 13.8231 13.8731 13.9263 13.9833 14.0443 14.109 14.1769 14.2473 14.3193 14.3923 14.4648 14.5355 14.6025 14.6639 14.7383 14.9269 15.1222 15.0876 14.0263 11.2069 7.11048 3.33993 0 
0 0 0 0 0 0 0 0 0 0 0 0 0 0 0 0.0262511 0.178062 0.694366 1.92438 4.11125 7.07629 10.142 12.5226 13.817 14.189 14.0761 13.8701 13.7358 13.666 13.6306 13.6052 13.5825 13.5614 13.5418 13.5237 13.5071 13.4915 13.4767 13.4624 13.4486 13.4356 13.4237 13.4129 13.4032 13.3942 13.3857 13.3777 13.3705 13.3642 13.359 13.3549 13.3516 13.3492 13.3477 13.3472 13.3481 13.3502 13.3533 13.3573 13.3624 13.3686 13.3763 13.3851 13.3952 13.4066 13.4193 13.4335 13.4493 13.4666 13.4857 13.5068 13.5298 13.5549 13.5821 13.6116 13.6438 13.6789 13.7176 13.7599 13.8059 13.8552 13.9078 13.9637 14.0235 14.0875 14.1554 14.2267 14.3007 14.3767 14.4536 14.5304 14.6052 14.6763 14.7413 14.8185 15.0094 15.2058 15.1715 14.1067 11.2747 7.15614 3.36271 0 
0 0 0 0 0 0 0 0 0 0 0 0 0 0 0 0.00566874 0.0567889 0.287732 0.966227 2.42874 4.83113 7.85102 10.75 12.835 13.8724 14.0957 13.949 13.7637 13.6429 13.5874 13.5585 13.5378 13.5199 13.5036 13.4889 13.4754 13.4628 13.4507 13.439 13.4278 13.4174 13.4079 13.3994 13.3916 13.3844 13.3776 13.3714 13.366 13.3615 13.3579 13.355 13.3529 13.3515 13.3512 13.352 13.3541 13.3572 13.3612 13.366 13.372 13.3792 13.3877 13.3974 13.4083 13.4205 13.434 13.4489 13.4653 13.4834 13.5033 13.5252 13.5492 13.5754 13.6038 13.6348 13.6685 13.7053 13.7456 13.7898 13.8378 13.8895 13.9446 14.0034 14.0662 14.1333 14.2045 14.2794 14.3573 14.4374 14.5188 14.6001 14.6795 14.755 14.8242 14.9051 15.1005 15.3014 15.2709 14.2036 11.3556 7.20961 3.38874 0 
0 0 0 0 0 0 0 0 0 0 0 0 0 0 0 0 0.00936008 0.0890438 0.403926 1.24631 2.9242 5.46448 8.43686 11.1287 12.9704 13.8209 13.9685 13.827 13.6554 13.5614 13.5167 13.495 13.4799 13.4669 13.4554 13.4451 13.4354 13.426 13.417 13.4084 13.4005 13.3934 13.387 13.3811 13.3755 13.3705 13.3661 13.3625 13.3596 13.3574 13.3557 13.3547 13.3545 13.3554 13.3575 13.3606 13.3646 13.3694 13.3752 13.3821 13.3903 13.3997 13.4102 13.4218 13.4348 13.449 13.4647 13.4818 13.5007 13.5215 13.5445 13.5697 13.5972 13.6272 13.6598 13.6953 13.7338 13.7758 13.8219 13.872 13.926 13.9838 14.0454 14.1113 14.1817 14.2564 14.3351 14.4172 14.5019 14.588 14.6742 14.7586 14.839 14.9128 14.9985 15.2003 15.4096 15.3884 14.3228 11.4584 7.27872 3.42283 0 
0 0 0 0 0 0 0 0 0 0 0 0 0 0 0 0 0 0.0206399 0.14049 0.5452 1.53149 3.33513 5.90714 8.79279 11.3248 12.9939 13.7379 13.8583 13.7122 13.572 13.4893 13.4557 13.4417 13.4318 13.4235 13.4162 13.4094 13.4027 13.3963 13.3903 13.385 13.3801 13.3757 13.3715 13.3677 13.3644 13.3617 13.3598 13.3584 13.3575 13.3569 13.3571 13.3582 13.3604 13.3636 13.3677 13.3725 13.3782 13.385 13.3929 13.402 13.4121 13.4234 13.4358 13.4495 13.4645 13.4809 13.499 13.5188 13.5408 13.565 13.5916 13.6206 13.6522 13.6866 13.7239 13.7643 13.8081 13.8561 13.9083 13.9647 14.0251 14.0897 14.1589 14.2328 14.3113 14.3942 14.4809 14.5704 14.6618 14.7532 14.843 14.9287 15.0078 15.099 15.3084 15.5271 15.5151 14.449 11.5644 7.34829 3.45633 0 
0 0 0 0 0 0 0 0 0 0 0 0 0 0 0 0 0 0.00404895 0.0410244 0.199101 0.678806 1.75091 3.62634 6.21614 9.04425 11.4611 13.0171 13.6902 13.7615 13.628 13.4924 13.4273 13.4066 13.3984 13.3932 13.3889 13.3848 13.3808 13.377 13.3736 13.3706 13.368 13.3655 13.3631 13.361 13.3594 13.3584 13.3581 13.358 13.3582 13.3588 13.3602 13.3626 13.366 13.3703 13.3752 13.381 13.3876 13.3954 13.4042 13.4141 13.4251 13.4371 13.4503 13.4648 13.4806 13.498 13.5171 13.5381 13.5613 13.5868 13.6148 13.6453 13.6785 13.7147 13.7539 13.7963 13.8423 13.8923 13.9467 14.0054 14.0687 14.1365 14.2093 14.2871 14.3699 14.4574 14.5491 14.644 14.7409 14.8382 14.9338 15.0252 15.1101 15.208 15.4257 15.6533 15.6452 14.5682 11.6543 7.40089 3.47868 0 
0 0 0 0 0 0 0 0 0 0 0 0 0 0 0 0 0 0 0.00528857 0.0461827 0.225331 0.745206 1.89249 3.85302 6.4977 9.32627 11.685 13.1378 13.6871 13.7029 13.5397 13.422 13.3782 13.3671 13.3646 13.3631 13.3618 13.3604 13.3592 13.3582 13.3576 13.357 13.3564 13.3558 13.3554 13.3555 13.3562 13.3571 13.3582 13.3596 13.3615 13.3641 13.3677 13.3722 13.3774 13.3833 13.39 13.3977 13.4065 13.4162 13.4268 13.4385 13.4513 13.4653 13.4807 13.4975 13.516 13.5363 13.5587 13.5832 13.6101 13.6395 13.6714 13.7063 13.7442 13.7854 13.83 13.8782 13.9304 13.9871 14.0485 14.1149 14.1863 14.2631 14.3454 14.433 14.5257 14.6229 14.7236 14.8265 14.93 15.0318 15.1294 15.2205 15.3271 15.5527 15.7842 15.7615 14.6429 11.6773 7.39118 3.46255 0 
0 0 0 0 0 0 0 0 0 0 0 0 0 0 0 0 0 0 0 0.00562986 0.0549883 0.254012 0.831703 2.07789 4.17 6.9418 9.81261 12.0676 13.3137 13.6983 13.6153 13.4529 13.3651 13.3396 13.3376 13.3389 13.3403 13.3416 13.3429 13.3444 13.346 13.3473 13.3485 13.3497 13.3511 13.3529 13.3549 13.357 13.3593 13.3618 13.3649 13.3688 13.3735 13.379 13.3851 13.392 13.3997 13.4085 13.4181 13.4286 13.44 13.4525 13.4662 13.4811 13.4975 13.5155 13.5352 13.5568 13.5805 13.6065 13.6348 13.6656 13.6992 13.7357 13.7753 13.8186 13.8654 13.9159 13.9706 14.03 14.0944 14.1644 14.24 14.3213 14.4085 14.5014 14.5998 14.7029 14.8098 14.9193 15.0294 15.1379 15.2419 15.3401 15.4594 15.6915 15.9155 15.8365 14.6083 11.5428 7.23724 3.35811 0 
0 0 0 0 0 0 0 0 0 0 0 0 0 0 0 0 0 0 0 0 0.00892414 0.0666692 0.305654 0.977524 2.39547 4.70851 7.6267 10.443 12.4589 13.4446 13.6432 13.5156 13.3787 13.3204 13.313 13.3165 13.3206 13.3245 13.3284 13.3322 13.3357 13.3389 13.3419 13.3449 13.348 13.3513 13.3546 13.3578 13.3611 13.3648 13.3692 13.3743 13.38 13.3864 13.3934 13.4013 13.4101 13.4198 13.4303 13.4416 13.4539 13.4672 13.4819 13.4978 13.5153 13.5345 13.5556 13.5786 13.6037 13.6312 13.6611 13.6936 13.7289 13.7671 13.8085 13.8537 13.9027 13.9557 14.0133 14.0759 14.1439 14.218 14.2981 14.3844 14.477 14.5757 14.6801 14.7897 14.9034 15.0199 15.1371 15.2526 15.3634 15.4699 15.609 15.8493 16.0553 15.8654 14.4303 11.191 6.87944 3.12698 0 
0 0 0 0 0 0 0 0 0 0 0 0 0 0 0 0 0 0 0 0 0 0.00941036 0.0868917 0.392944 1.21972 2.87576 5.40134 8.36357 11.0136 12.7537 13.4839 13.5624 13.4246 13.3183 13.2923 13.296 13.3027 13.3092 13.3156 13.3216 13.327 13.332 13.3367 13.3413 13.3461 13.3507 13.3552 13.3595 13.3639 13.3689 13.3744 13.3805 13.3872 13.3945 13.4026 13.4115 13.4212 13.4317 13.443 13.4552 13.4684 13.4828 13.4985 13.5156 13.5344 13.5549 13.5773 13.6017 13.6284 13.6575 13.6892 13.7235 13.7606 13.8006 13.8439 13.891 13.9424 13.9983 14.0591 14.1254 14.1976 14.2761 14.3612 14.4529 14.5513 14.6562 14.7673 14.8838 15.0048 15.1288 15.2536 15.3765 15.4945 15.6114 15.7807 16.0351 16.2156 15.8539 14.0969 10.5934 6.28758 2.74883 0 
0 0 0 0 0 0 0 0 0 0 0 0 0 0 0 0 0 0 0 0 0 0 0.0198397 0.136532 0.543856 1.5556 3.43487 6.12737 9.10196 11.5762 13.0245 13.5149 13.4865 13.3412 13.2785 13.2781 13.2869 13.296 13.3046 13.3125 13.3198 13.3264 13.3328 13.3391 13.3453 13.3512 13.3567 13.3621 13.3677 13.3738 13.3805 13.3876 13.3952 13.4035 13.4125 13.4224 13.433 13.4443 13.4564 13.4695 13.4838 13.4993 13.5162 13.5346 13.5547 13.5766 13.6004 13.6263 13.6546 13.6854 13.7189 13.7552 13.7942 13.836 13.8813 13.9308 13.9849 14.044 14.1087 14.1791 14.2559 14.3393 14.4296 14.5271 14.6318 14.7434 14.8616 14.9857 15.1147 15.2467 15.3797 15.5104 15.6359 15.7666 15.9751 16.2487 16.3917 15.7963 13.616 9.77944 5.49958 2.2504 0 
0 0 0 0 0 0 0 0 0 0 0 0 0 0 0 0 0 0 0 0 0 0 0.00395227 0.0405561 0.207823 0.740796 1.97016 4.13475 7.06802 10.0554 12.2502 13.3084 13.5271 13.3937 13.2777 13.2636 13.2735 13.2848 13.2955 13.3052 13.3142 13.3225 13.3305 13.3383 13.3457 13.3526 13.3591 13.3657 13.3725 13.3797 13.3874 13.3954 13.404 13.4133 13.4234 13.4341 13.4454 13.4575 13.4705 13.4847 13.5002 13.5169 13.535 13.5548 13.5763 13.5996 13.6249 13.6525 13.6825 13.7151 13.7503 13.7883 13.8292 13.8732 13.921 13.9733 14.0307 14.0936 14.1624 14.2374 14.319 14.4076 14.5037 14.6074 14.7189 14.8378 14.9638 15.0962 15.2337 15.3746 15.5162 15.6552 15.7889 15.9383 16.1866 16.4715 16.5379 15.6397 12.9838 8.82406 4.62468 1.71342 0 
0 0 0 0 0 0 0 0 0 0 0 0 0 0 0 0 0 0 0 0 0 0 0 0.0054803 0.0533423 0.28773 1.0118 2.59838 5.21515 8.41097 11.222 12.9108 13.4955 13.4625 13.2969 13.2544 13.2627 13.2759 13.2884 13.2998 13.3103 13.3202 13.3298 13.3388 13.3472 13.355 13.3627 13.3704 13.3783 13.3865 13.3951 13.4041 13.4137 13.4241 13.4351 13.4466 13.4587 13.4716 13.4857 13.501 13.5176 13.5356 13.5551 13.5762 13.5992 13.624 13.651 13.6803 13.7121 13.7464 13.7833 13.823 13.866 13.9126 13.9635 14.0192 14.0804 14.1473 14.2205 14.3003 14.3871 14.4815 14.5838 14.6944 14.8133 14.9402 15.0748 15.2162 15.363 15.5132 15.6641 15.8117 15.9552 16.1297 16.4093 16.6849 16.612 15.3463 12.2295 7.84582 3.80992 1.24239 0 
0 0 0 0 0 0 0 0 0 0 0 0 0 0 0 0 0 0 0 0 0 0 0 0 0.00863848 0.0973681 0.500796 1.59649 3.75911 6.87123 10.0719 12.3465 13.368 13.5221 13.3408 13.2525 13.2546 13.2694 13.2834 13.2963 13.3083 13.3197 13.3305 13.3406 13.3499 13.3587 13.3674 13.3761 13.385 13.3942 13.4037 13.4138 13.4245 13.4358 13.4476 13.4599 13.4728 13.4868 13.5019 13.5184 13.5362 13.5555 13.5764 13.599 13.6236 13.65 13.6787 13.7098 13.7434 13.7795 13.8182 13.8598 13.9052 13.9548 14.0092 14.0689 14.1341 14.2054 14.2833 14.3681 14.4605 14.5611 14.6702 14.7884 14.9156 15.0514 15.1954 15.3466 15.5035 15.6639 15.8244 15.9812 16.1378 16.3475 16.6511 16.8916 16.5959 14.8774 11.3206 6.84209 3.07405 0.85891 0 
0 0 0 0 0 0 0 0 0 0 0 0 0 0 0 0 0 0 0 0 0 0 0 0 0 0.0273311 0.246702 0.990327 2.70506 5.55651 8.92286 11.6767 13.1507 13.5482 13.4068 13.2595 13.2495 13.2651 13.2804 13.2948 13.3082 13.3209 13.3328 13.3438 13.3539 13.3636 13.3733 13.383 13.3928 13.4029 13.4134 13.4245 13.4362 13.4483 13.4609 13.474 13.488 13.503 13.5193 13.5369 13.556 13.5767 13.5991 13.6233 13.6494 13.6776 13.7081 13.741 13.7765 13.8145 13.8553 13.8993 13.9475 14.0005 14.0587 14.1224 14.192 14.2679 14.3507 14.4411 14.5395 14.6469 14.7637 14.8904 15.0267 15.1724 15.3267 15.4886 15.6565 15.8278 15.9986 16.1655 16.3418 16.5966 16.9176 17.0824 16.46 14.1927 10.2159 5.76945 2.37384 0.541435 0 
0 0 0 0 0 0 0 0 0 0 0 0 0 0 0 0 0 0 0 0 0 0 0 0 0 0.00657798 0.123661 0.634748 1.97081 4.48785 7.84654 10.9523 12.8535 13.5208 13.4767 13.2742 13.2473 13.2629 13.2795 13.2951 13.3099 13.3237 13.3365 13.3482 13.3593 13.3699 13.3804 13.391 13.4017 13.4127 13.4242 13.4363 13.4488 13.4618 13.4751 13.4892 13.5042 13.5203 13.5378 13.5567 13.5772 13.5993 13.6232 13.6491 13.6769 13.7069 13.7391 13.7739 13.8114 13.8517 13.895 13.9419 13.9934 14.05 14.1121 14.1801 14.2543 14.3351 14.4233 14.5197 14.6249 14.74 14.8653 15.0013 15.1478 15.3043 15.47 15.6438 15.8236 16.0065 16.188 16.3671 16.5725 16.8737 17.1939 17.2121 16.1506 13.2812 8.96118 4.67955 1.7275 0.297799 0 
0 0 0 0 0 0 0 0 0 0 0 0 0 0 0 0 0 0 0 0 0 0 0 0 0 0 0.0534655 0.405236 1.44379 3.63529 6.89036 10.2258 12.4993 13.4356 13.5272 13.2957 13.2483 13.2628 13.2805 13.2974 13.3132 13.3278 13.3414 13.354 13.3659 13.3774 13.3888 13.4002 13.4118 13.4237 13.4363 13.4492 13.4625 13.4762 13.4904 13.5055 13.5216 13.5389 13.5577 13.5779 13.5998 13.6234 13.6489 13.6765 13.7061 13.7379 13.772 13.8087 13.8483 13.891 13.9373 13.9877 14.0429 14.1034 14.1698 14.2422 14.3212 14.4074 14.5016 14.6048 14.7178 14.8414 14.9763 15.1226 15.2803 15.4486 15.6268 15.8135 16.0063 16.2014 16.3946 16.5916 16.8406 17.185 17.4721 17.2332 15.6037 12.1199 7.58587 3.60162 1.13715 0.121546 0 
0 0 0 0 0 0 0 0 0 0 0 0 0 0 0 0 0 0 0 0 0 0 0 0 0 0 0.0209659 0.27423 1.1049 3.02101 6.11792 9.56076 12.1206 13.308 13.5475 13.325 13.2531 13.2647 13.2835 13.3013 13.318 13.3334 13.3477 13.3611 13.3738 13.3862 13.3984 13.4106 13.4231 13.436 13.4494 13.4632 13.4772 13.4917 13.5068 13.5229 13.5402 13.5588 13.5789 13.6005 13.6239 13.6491 13.6763 13.7056 13.737 13.7707 13.8067 13.8454 13.8873 13.9329 13.9825 14.0367 14.096 14.1609 14.2317 14.3089 14.3932 14.4854 14.5865 14.6974 14.8192 14.9525 15.0979 15.2556 15.4255 15.6069 15.7988 15.9996 16.2061 16.4141 16.6208 16.8449 17.1493 17.5217 17.712 17.0717 14.7607 10.7226 6.16971 2.62206 0.667682 0.031563 0 
0 0 0 0 0 0 0 0 0 0 0 0 0 0 0 0 0 0 0 0 0 0 0 0 0 0 0.00516059 0.192243 0.877851 2.57176 5.49546 8.96906 11.7517 13.1763 13.5551 13.3702 13.263 13.2686 13.2882 13.3069 13.3242 13.3403 13.3554 13.3695 13.3831 13.3962 13.4092 13.4223 13.4357 13.4495 13.4637 13.4782 13.493 13.5083 13.5244 13.5416 13.5601 13.58 13.6015 13.6246 13.6496 13.6765 13.7054 13.7365 13.7699 13.8054 13.8434 13.8843 13.9289 13.9776 14.031 14.0893 14.153 14.2225 14.2982 14.3808 14.4711 14.5701 14.679 14.7988 14.9303 15.0744 15.2315 15.4018 15.5851 15.7809 15.9879 16.2038 16.425 16.6465 16.8705 17.1359 17.5012 17.8767 17.872 16.673 13.6113 9.14008 4.7688 1.76136 0.327323 0 0 
0 0 0 0 0 0 0 0 0 0 0 0 0 0 0 0 0 0 0 0 0 0 0 0 0 0 0 0.137086 0.707077 2.19168 4.91008 8.36206 11.3491 13.031 13.5588 13.4358 13.279 13.2743 13.2945 13.3139 13.3319 13.3487 13.3644 13.3793 13.3935 13.4074 13.4212 13.4351 13.4494 13.464 13.479 13.4942 13.5099 13.5261 13.5432 13.5616 13.5813 13.6026 13.6255 13.6502 13.6769 13.7055 13.7363 13.7694 13.8046 13.8421 13.8823 13.9259 13.9735 14.0259 14.0832 14.1459 14.2142 14.2887 14.3697 14.4583 14.5555 14.6624 14.7801 14.9098 15.0523 15.2083 15.3783 15.5626 15.7609 15.9726 16.1961 16.4284 16.6649 16.9013 17.1501 17.4709 17.8878 18.2132 17.8748 15.9798 12.2011 7.51054 3.5119 1.08663 0.132215 0 0 
0 0 0 0 0 0 0 0 0 0 0 0 0 0 0 0 0 0 0 0 0 0 0 0 0 0 0 0.0930822 0.555679 1.82428 4.30393 7.69739 10.8853 12.8523 13.5512 13.5125 13.3009 13.282 13.3023 13.3223 13.3409 13.3584 13.3748 13.3903 13.4052 13.4198 13.4344 13.4492 13.4643 13.4797 13.4953 13.5114 13.5278 13.5451 13.5633 13.5829 13.604 13.6267 13.6512 13.6776 13.7059 13.7365 13.7692 13.8041 13.8412 13.8809 13.9237 13.9704 14.0218 14.0781 14.1397 14.2069 14.2801 14.3599 14.4469 14.5423 14.6472 14.763 14.8908 15.0315 15.1861 15.3554 15.5398 15.7397 15.9548 16.1843 16.4258 16.6756 16.9285 17.183 17.4684 17.8513 18.2892 18.4652 17.6209 14.9403 10.5739 5.91017 2.42374 0.581711 0.0329173 0 0 
0 0 0 0 0 0 0 0 0 0 0 0 0 0 0 0 0 0 0 0 0 0 0 0 0 0 0 0.0511769 0.406791 1.45792 3.68611 6.99612 10.366 12.6236 13.5163 13.5791 13.3275 13.2917 13.3114 13.3319 13.3512 13.3692 13.3863 13.4025 13.4182 13.4336 13.449 13.4646 13.4804 13.4965 13.5129 13.5297 13.5471 13.5653 13.5848 13.6058 13.6283 13.6525 13.6786 13.7067 13.737 13.7694 13.804 13.8408 13.88 13.9222 13.9681 14.0186 14.0739 14.1345 14.2006 14.2726 14.3511 14.4367 14.5304 14.6335 14.7473 14.8731 15.0119 15.165 15.3331 15.5171 15.7177 15.9352 16.1692 16.4184 16.6796 16.9483 17.2193 17.4998 17.8389 18.2791 18.6772 18.5378 16.9846 13.4891 8.75785 4.39244 1.53287 0.256882 0 0 0 
0 0 0 0 0 0 0 0 0 0 0 0 0 0 0 0 0 0 0 0 0 0 0 0 0 0 0 0.0209107 0.289062 1.15794 3.15332 6.34512 9.82871 12.3394 13.4382 13.6175 13.3613 13.3041 13.3217 13.3428 13.3626 13.3813 13.3989 13.4159 13.4324 13.4487 13.4649 13.4812 13.4977 13.5145 13.5317 13.5493 13.5676 13.5871 13.6079 13.6302 13.6542 13.6801 13.7079 13.7379 13.7701 13.8044 13.841 13.8798 13.9214 13.9665 14.016 14.0705 14.1302 14.1953 14.2661 14.3432 14.4274 14.5196 14.6209 14.7328 14.8565 14.9934 15.1447 15.3114 15.4946 15.6952 15.9142 16.1516 16.4069 16.6778 16.9606 17.2497 17.5426 17.8638 18.2725 18.7479 19.0028 18.3355 15.9046 11.6777 6.87678 3.04764 0.870608 0.093998 0 0 0 
0 0 0 0 0 0 0 0 0 0 0 0 0 0 0 0 0 0 0 0 0 0 0 0 0 0 0 0.00516369 0.210101 0.941287 2.7291 5.76412 9.2834 12.0051 13.3237 13.6322 13.4093 13.3205 13.3332 13.3548 13.3752 13.3944 13.4127 13.4305 13.4478 13.4649 13.4819 13.499 13.5163 13.5338 13.5518 13.5703 13.5897 13.6104 13.6326 13.6564 13.682 13.7096 13.7392 13.7711 13.8052 13.8415 13.88 13.9211 13.9655 14.0141 14.0676 14.1264 14.1905 14.2603 14.3362 14.419 14.5097 14.6094 14.7193 14.841 14.9758 15.1251 15.2901 15.4721 15.6722 15.8918 16.1316 16.3916 16.6706 16.9657 17.272 17.5839 17.9079 18.2906 18.7734 19.2292 19.1729 17.7434 14.3613 9.61404 5.04894 1.90822 0.407857 0.0201988 0 0 0 
0 0 0 0 0 0 0 0 0 0 0 0 0 0 0 0 0 0 0 0 0 0 0 0 0 0 0 0 0.154389 0.76786 2.34154 5.16392 8.65548 11.5819 13.1652 13.6324 13.4788 13.3435 13.3461 13.3677 13.3887 13.4085 13.4276 13.4462 13.4644 13.4823 13.5001 13.518 13.5361 13.5544 13.5731 13.5926 13.6133 13.6353 13.659 13.6844 13.7116 13.741 13.7726 13.8064 13.8424 13.8807 13.9214 13.9651 14.0128 14.0653 14.123 14.1862 14.255 14.3298 14.4113 14.5005 14.5985 14.7066 14.8262 14.9589 15.106 15.269 15.4494 15.6485 15.868 16.1091 16.3725 16.6579 16.9635 17.2853 17.6175 17.957 18.3284 18.7912 19.3263 19.6477 19.0397 16.6394 12.3734 7.43436 3.39966 1.0352 0.143774 0 0 0 0 
0 0 0 0 0 0 0 0 0 0 0 0 0 0 0 0 0 0 0 0 0 0 0 0 0 0 0 0 0.107072 0.602371 1.93774 4.49173 7.9092 11.0529 12.9587 13.6273 13.5719 13.3797 13.3611 13.3814 13.403 13.4235 13.4434 13.4628 13.4818 13.5006 13.5193 13.538 13.5569 13.576 13.5957 13.6163 13.6384 13.6619 13.6871 13.7142 13.7432 13.7745 13.8079 13.8437 13.8816 13.922 13.9652 14.0121 14.0635 14.1202 14.1823 14.2501 14.3238 14.4041 14.4918 14.5881 14.6943 14.8119 14.9424 15.0873 15.248 15.4263 15.6239 15.8425 16.0839 16.3494 16.6396 16.9535 17.2887 17.6401 18.0015 18.3792 18.821 19.3697 19.8954 19.8959 18.4761 15.0271 10.1369 5.39043 2.08384 0.474737 0.0356833 0 0 0 0 
0 0 0 0 0 0 0 0 0 0 0 0 0 0 0 0 0 0 0 0 0 0 0 0 0 0 0 0 0.0597703 0.427064 1.5003 3.73802 7.02883 10.3776 12.6512 13.5844 13.6642 13.4329 13.3802 13.3959 13.4179 13.4393 13.46 13.4801 13.5 13.5196 13.5392 13.5589 13.5786 13.5987 13.6195 13.6415 13.665 13.6902 13.717 13.7459 13.7768 13.8099 13.8453 13.8829 13.923 13.9658 14.012 14.0624 14.1179 14.1789 14.2455 14.3182 14.3973 14.4837 14.5783 14.6826 14.798 14.9262 15.0686 15.2269 15.4028 15.5981 15.8151 16.0558 16.322 16.6152 16.9354 17.2814 17.6495 18.0341 18.4316 18.8677 19.4037 20.0178 20.411 19.8323 17.3761 12.9577 7.81408 3.59191 1.104 0.15891 0 0 0 0 0 
0 0 0 0 0 0 0 0 0 0 0 0 0 0 0 0 0 0 0 0 0 0 0 0 0 0 0 0 0.0250752 0.279757 1.11433 3.02688 6.12102 9.59428 12.2257 13.4796 13.735 13.5105 13.4078 13.4113 13.4333 13.4555 13.477 13.498 13.5187 13.5393 13.5599 13.5804 13.6011 13.6224 13.6446 13.6682 13.6933 13.7201 13.7487 13.7794 13.8122 13.8472 13.8846 13.9244 13.9668 14.0124 14.0619 14.1163 14.176 14.2415 14.313 14.3908 14.4758 14.5689 14.6712 14.7844 14.9101 15.0499 15.2055 15.3786 15.5712 15.7857 16.0246 16.2902 16.5845 16.9087 17.2626 17.6443 18.0492 18.4718 18.9186 19.44 20.0779 20.6904 20.7464 19.3035 15.7195 10.6098 5.64343 2.18043 0.495744 0.0371285 0 0 0 0 0 
0 0 0 0 0 0 0 0 0 0 0 0 0 0 0 0 0 0 0 0 0 0 0 0 0 0 0 0 0.00658722 0.172049 0.802279 2.38431 5.18762 8.65927 11.6105 13.2536 13.7533 13.6083 13.4511 13.4292 13.449 13.4719 13.4943 13.5162 13.5378 13.5594 13.581 13.6026 13.6245 13.6473 13.6711 13.6963 13.723 13.7516 13.7821 13.8146 13.8494 13.8865 13.926 13.9681 14.0132 14.062 14.1153 14.1738 14.2379 14.3081 14.3847 14.4683 14.5598 14.6602 14.7711 14.8942 15.0311 15.1836 15.3535 15.5429 15.7543 15.9903 16.2538 16.5474 16.8731 17.232 17.6235 18.0449 18.491 18.9621 19.4837 20.1215 20.8391 21.3073 20.7377 18.1911 13.5792 8.1924 3.77165 1.15794 0.166186 0 0 0 0 0 0 
0 0 0 0 0 0 0 0 0 0 0 0 0 0 0 0 0 0 0 0 0 0 0 0 0 0 0 0 0 0.096945 0.54739 1.78771 4.20006 7.52272 10.7277 12.8284 13.6792 13.7087 13.5219 13.4567 13.4659 13.4881 13.5114 13.5344 13.5571 13.5798 13.6025 13.6254 13.6488 13.6732 13.6987 13.7256 13.7542 13.7847 13.8171 13.8517 13.8886 13.9278 13.9696 14.0143 14.0625 14.1148 14.172 14.2348 14.3037 14.3789 14.4611 14.5509 14.6495 14.7581 14.8784 15.0122 15.1613 15.3276 15.5132 15.7206 15.9528 16.2128 16.5038 16.8285 17.189 17.5864 18.0195 18.4851 18.9804 19.5202 20.1517 20.9121 21.6135 21.6769 20.148 16.4022 11.081 5.9002 2.29549 0.520706 0.0387611 0 0 0 0 0 0 
0 0 0 0 0 0 0 0 0 0 0 0 0 0 0 0 0 0 0 0 0 0 0 0 0 0 0 0 0 0.050246 0.347632 1.25579 3.20471 6.2172 9.54496 12.1209 13.4452 13.7663 13.6225 13.5031 13.4861 13.5042 13.5283 13.5525 13.5765 13.6004 13.6245 13.6489 13.6741 13.7002 13.7275 13.7563 13.7868 13.8192 13.8538 13.8905 13.9296 13.9711 14.0154 14.0631 14.1146 14.1707 14.2321 14.2995 14.3733 14.454 14.5423 14.6389 14.7452 14.8628 14.9934 15.1389 15.3011 15.4823 15.685 15.9123 16.1675 16.4539 16.7751 17.1339 17.5328 17.9723 18.4509 18.9658 19.5242 20.1633 20.9329 21.7659 22.2409 21.5271 18.7583 13.9507 8.41757 3.88546 1.22231 0.174932 0 0 0 0 0 0 0 
0 0 0 0 0 0 0 0 0 0 0 0 0 0 0 0 0 0 0 0 0 0 0 0 0 0 0 0 0 0.0190559 0.185961 0.787135 2.24651 4.81563 8.09387 11.0908 12.9939 13.7372 13.748 13.5871 13.5191 13.5215 13.5449 13.5704 13.5959 13.6214 13.6471 13.6733 13.7003 13.7283 13.7574 13.7882 13.8207 13.8553 13.8921 13.9311 13.9725 14.0164 14.0635 14.1144 14.1695 14.2297 14.2956 14.3678 14.4469 14.5335 14.6283 14.7324 14.8472 14.9745 15.1162 15.2741 15.4504 15.6478 15.8692 16.1181 16.3983 16.7134 17.0673 17.4633 17.9035 18.3885 18.9166 19.4913 20.1401 20.9175 21.8169 22.5671 22.4594 20.5642 16.4727 11.0019 5.8297 2.27515 0.550404 0.0407224 0 0 0 0 0 0 0 
0 0 0 0 0 0 0 0 0 0 0 0 0 0 0 0 0 0 0 0 0 0 0 0 0 0 0 0 0 0.00435859 0.0811984 0.43729 1.44259 3.47715 6.48824 9.73144 12.2273 13.5241 13.8387 13.71 13.5786 13.5463 13.5623 13.5882 13.6153 13.6425 13.6701 13.6983 13.7273 13.7572 13.7884 13.8212 13.8559 13.8927 13.9318 13.9732 14.017 14.0637 14.1138 14.1681 14.2272 14.2916 14.3622 14.4396 14.5244 14.6173 14.7192 14.8314 14.9554 15.0931 15.2465 15.4176 15.6091 15.824 16.0656 16.3379 16.6449 16.9907 17.3795 17.8148 18.2989 18.8321 19.4169 20.0723 20.8495 21.7764 22.6941 23.043 21.901 18.5755 13.4228 7.90392 3.58178 1.12595 0.185301 0 0 0 0 0 0 0 0 
0 0 0 0 0 0 0 0 0 0 0 0 0 0 0 0 0 0 0 0 0 0 0 0 0 0 0 0 0 0 0.0263404 0.20789 0.832294 2.30488 4.84703 8.07301 11.0521 12.9969 13.7919 13.8432 13.6822 13.594 13.5859 13.6067 13.6345 13.6636 13.6934 13.7237 13.7548 13.7869 13.8202 13.8552 13.8922 13.9314 13.9728 14.0167 14.0631 14.1126 14.166 14.2241 14.2873 14.3564 14.4319 14.5147 14.6056 14.7053 14.8149 14.9357 15.0694 15.2181 15.3838 15.5691 15.7768 16.0104 16.2736 16.5706 16.9058 17.2837 17.709 18.1851 18.7143 19.3002 19.9584 20.7314 21.67 22.6862 23.3607 22.8477 20.2806 15.6019 9.97287 5.0609 1.88895 0.452047 0.0430451 0 0 0 0 0 0 0 0 
0 0 0 0 0 0 0 0 0 0 0 0 0 0 0 0 0 0 0 0 0 0 0 0 0 0 0 0 0 0 0.00666306 0.0859329 0.435845 1.40809 3.36432 6.27674 9.47471 12.0301 13.4539 13.8893 13.8198 13.6851 13.6308 13.6314 13.6545 13.6846 13.7165 13.7492 13.7825 13.8169 13.8525 13.8899 13.9293 13.9708 14.0147 14.0611 14.1102 14.1628 14.2199 14.2821 14.3497 14.4236 14.5044 14.5929 14.6902 14.7971 14.9147 15.0447 15.1886 15.3488 15.5276 15.7278 15.9527 16.206 16.4917 16.8143 17.1785 17.5894 18.0514 18.5685 19.1457 19.797 20.562 21.494 22.5698 23.4736 23.4768 21.6384 17.5542 12.0099 6.64186 2.80399 0.799776 0.124644 0 0 0 0 0 0 0 0 0 
0 0 0 0 0 0 0 0 0 0 0 0 0 0 0 0 0 0 0 0 0 0 0 0 0 0 0 0 0 0 0 0.0244412 0.190001 0.75934 2.11162 4.47496 7.54636 10.5136 12.6232 13.6607 13.9026 13.8187 13.7184 13.6776 13.6807 13.7065 13.7396 13.7745 13.8102 13.8469 13.8851 13.9249 13.9667 14.0107 14.0571 14.1061 14.1581 14.2141 14.2751 14.3416 14.4139 14.4928 14.5791 14.6737 14.7777 14.8921 15.0182 15.1576 15.3122 15.4844 15.6768 15.8926 16.1354 16.409 16.7176 17.066 17.4593 17.9024 18.4005 18.96 19.5959 20.3407 21.2525 22.331 23.3697 23.7613 22.5914 19.206 13.9806 8.36465 3.90581 1.31504 0.258985 0.0209103 0 0 0 0 0 0 0 0 0 
0 0 0 0 0 0 0 0 0 0 0 0 0 0 0 0 0 0 0 0 0 0 0 0 0 0 0 0 0 0 0 0.00536392 0.0723985 0.364784 1.18748 2.87216 5.45813 8.46313 11.121 12.8973 13.7235 13.9125 13.8503 13.767 13.7287 13.7346 13.7634 13.7995 13.8376 13.8768 13.9175 13.9598 14.0041 14.0506 14.0996 14.1513 14.2064 14.2661 14.3312 14.4021 14.4794 14.5635 14.6555 14.7564 14.8674 14.9896 15.1243 15.2735 15.439 15.6236 15.8301 16.0619 16.3227 16.6165 16.9477 17.3213 17.7424 18.2166 18.7515 19.3633 20.0844 20.9603 22.0108 23.0703 23.6669 22.9902 20.2891 15.5789 9.99212 5.12181 1.94404 0.483709 0.0467088 0 0 0 0 0 0 0 0 0 0 
0 0 0 0 0 0 0 0 0 0 0 0 0 0 0 0 0 0 0 0 0 0 0 0 0 0 0 0 0 0 0 0 0.0194031 0.141248 0.564444 1.59363 3.46993 6.09255 8.94609 11.3838 12.9923 13.7544 13.9472 13.9017 13.8206 13.7848 13.7936 13.8253 13.8645 13.9061 13.9492 13.9941 14.0409 14.0899 14.1415 14.1962 14.2548 14.3183 14.3877 14.4632 14.5454 14.6349 14.7328 14.8402 14.9583 15.0884 15.2319 15.3909 15.5676 15.7647 15.9854 16.2331 16.5115 16.8248 17.1774 17.5745 18.0217 18.5284 19.1121 19.8066 20.6537 21.6567 22.6851 23.3198 22.8832 20.6797 16.5454 11.2591 6.25467 2.68765 0.79228 0.132248 0 0 0 0 0 0 0 0 0 0 0 
0 0 0 0 0 0 0 0 0 0 0 0 0 0 0 0 0 0 0 0 0 0 0 0 0 0 0 0 0 0 0 0 0.00397311 0.044142 0.222715 0.747305 1.89504 3.83145 6.40675 9.146 11.4824 13.0409 13.798 14.0054 13.9629 13.8837 13.8492 13.8591 13.8925 13.9348 13.98 14.0272 14.0764 14.1281 14.1825 14.2404 14.3026 14.3702 14.4438 14.5239 14.611 14.706 14.8098 14.9237 15.049 15.187 15.3394 15.5082 15.6959 15.9054 16.1399 16.4028 16.6979 17.0291 17.4012 17.8198 18.2955 18.848 19.5117 20.3279 21.2917 22.2622 22.8683 22.4919 20.5276 16.8077 11.9173 7.03832 3.30606 1.14769 0.241753 0.0218106 0 0 0 0 0 0 0 0 0 0 0 
0 0 0 0 0 0 0 0 0 0 0 0 0 0 0 0 0 0 0 0 0 0 0 0 0 0 0 0 0 0 0 0 0 0.00680633 0.0595031 0.265841 0.83478 2.02101 3.9613 6.50686 9.21338 11.5333 13.0907 13.8607 14.0758 14.0396 13.9627 13.9266 13.9343 13.9661 14.0103 14.0587 14.1103 14.1646 14.222 14.2833 14.3493 14.4208 14.4985 14.5831 14.6751 14.7753 14.885 15.0054 15.1378 15.2837 15.4448 15.6232 15.8216 16.0429 16.2903 16.5671 16.877 17.2246 17.6161 18.0621 18.5844 19.2167 19.9967 20.9171 21.8286 22.3653 21.9669 20.0848 16.5772 11.979 7.32881 3.63752 1.3787 0.352621 0.0369261 0 0 0 0 0 0 0 0 0 0 0 0 
0 0 0 0 0 0 0 0 0 0 0 0 0 0 0 0 0 0 0 0 0 0 0 0 0 0 0 0 0 0 0 0 0 0 0.00944147 0.0687363 0.289003 0.875218 2.07147 4.01017 6.54986 9.25604 11.5764 13.1427 13.9239 14.1544 14.1311 14.0589 14.0209 14.0194 14.0482 14.0904 14.1424 14.1989 14.2594 14.3241 14.3936 14.4689 14.5507 14.6395 14.7361 14.8415 14.9568 15.0835 15.2228 15.3763 15.5457 15.7333 15.9417 16.1737 16.4325 16.722 17.0468 17.4154 17.8396 18.3384 18.9427 19.6722 20.5136 21.3285 21.7659 21.2963 19.439 16.0811 11.7039 7.28385 3.73341 1.49521 0.428432 0.068375 0 0 0 0 0 0 0 0 0 0 0 0 0 
0 0 0 0 0 0 0 0 0 0 0 0 0 0 0 0 0 0 0 0 0 0 0 0 0 0 0 0 0 0 0 0 0 0 0 0.00947725 0.069016 0.29025 0.879146 2.0811 4.02476 6.56765 9.26562 11.5746 13.1403 13.9427 14.2097 14.2226 14.1763 14.1347 14.1298 14.1447 14.1834 14.2351 14.2956 14.3621 14.4347 14.5134 14.5988 14.6916 14.7925 14.9027 15.0234 15.156 15.3019 15.4626 15.6397 15.8356 16.053 16.2951 16.566 16.8733 17.2257 17.6401 18.1313 18.7117 19.389 20.1132 20.7535 21.0004 20.3939 18.5053 15.2797 11.1664 6.9939 3.64117 1.48407 0.433321 0.072654 0 0 0 0 0 0 0 0 0 0 0 0 0 0 
0 0 0 0 0 0 0 0 0 0 0 0 0 0 0 0 0 0 0 0 0 0 0 0 0 0 0 0 0 0 0 0 0 0 0 0 0.00952114 0.0693519 0.291694 0.883633 2.08268 4.01376 6.51272 9.14738 11.4019 12.9631 13.8231 14.1851 14.295 14.2941 14.2855 14.2706 14.2795 14.3061 14.3502 14.4079 14.4776 14.5559 14.6428 14.7383 14.8427 14.9572 15.0829 15.2211 15.3733 15.5411 15.7268 15.9331 16.164 16.4255 16.7245 17.0753 17.4861 17.9708 18.5255 19.1283 19.7179 20.1194 20.0704 19.2041 17.2291 14.103 10.2802 6.48257 3.39157 1.42014 0.421545 0.0708461 0 0 0 0 0 0 0 0 0 0 0 0 0 0 0 
0 0 0 0 0 0 0 0 0 0 0 0 0 0 0 0 0 0 0 0 0 0 0 0 0 0 0 0 0 0 0 0 0 0 0 0 0 0.00957314 0.0697289 0.293314 0.876437 2.04728 3.89284 6.2533 8.72744 10.8825 12.4707 13.4773 14.0381 14.297 14.4162 14.4418 14.4546 14.4669 14.4901 14.5214 14.5683 14.6292 14.7072 14.8009 14.9067 15.0242 15.1546 15.2992 15.4595 15.6382 15.8399 16.0706 16.3369 16.6421 16.9842 17.3766 17.8209 18.318 18.8193 19.2209 19.3513 18.9435 17.7464 15.5882 12.5836 9.07182 5.69793 3.01371 1.25711 0.396061 0.0686802 0 0 0 0 0 0 0 0 0 0 0 0 0 0 0 0 
0 0 0 0 0 0 0 0 0 0 0 0 0 0 0 0 0 0 0 0 0 0 0 0 0 0 0 0 0 0 0 0 0 0 0 0 0 0 0.00962833 0.0701458 0.284376 0.835102 1.90183 3.55705 5.64804 7.87511 9.9284 11.6107 12.8511 13.6691 14.1764 14.4276 14.5549 14.6148 14.6571 14.6899 14.7365 14.7959 14.8772 14.9757 15.0864 15.2087 15.3456 15.4998 15.6705 15.8585 16.0681 16.3093 16.594 16.9187 17.2639 17.6299 17.992 18.303 18.4416 18.2279 17.4571 15.9448 13.655 10.7353 7.62003 4.71858 2.47324 1.04941 0.315017 0.0615285 0 0 0 0 0 0 0 0 0 0 0 0 0 0 0 0 0 
0 0 0 0 0 0 0 0 0 0 0 0 0 0 0 0 0 0 0 0 0 0 0 0 0 0 0 0 0 0 0 0 0 0 0 0 0 0 0 0.00969164 0.0642151 0.254354 0.717384 1.60376 2.95629 4.69575 6.6472 8.60356 10.3754 11.8357 12.9464 13.681 14.1518 14.4335 14.619 14.7349 14.8352 14.9282 15.0369 15.1523 15.2736 15.4029 15.548 15.7154 15.898 16.0889 16.2862 16.5038 16.7581 17.0227 17.2379 17.3637 17.343 17.0986 16.4974 15.387 13.6706 11.3831 8.7179 5.99211 3.63116 1.8482 0.754997 0.231488 0.0326978 0 0 0 0 0 0 0 0 0 0 0 0 0 0 0 0 0 0 
0 0 0 0 0 0 0 0 0 0 0 0 0 0 0 0 0 0 0 0 0 0 0 0 0 0 0 0 0 0 0 0 0 0 0 0 0 0 0 0 0.00701511 0.0487972 0.184904 0.524887 1.17055 2.18911 3.56446 5.21703 6.99844 8.74956 10.3201 11.5766 12.5314 13.2194 13.7447 14.1344 14.4508 14.6994 14.9134 15.0814 15.2287 15.3698 15.524 15.7047 15.8912 16.0552 16.1713 16.2475 16.2996 16.277 16.0944 15.6858 14.996 13.9921 12.6354 10.889 8.8004 6.55886 4.39441 2.56269 1.27008 0.496204 0.141839 0.0275013 0 0 0 0 0 0 0 0 0 0 0 0 0 0 0 0 0 0 0 
0 0 0 0 0 0 0 0 0 0 0 0 0 0 0 0 0 0 0 0 0 0 0 0 0 0 0 0 0 0 0 0 0 0 0 0 0 0 0 0 0 0.00405559 0.0252347 0.104502 0.30641 0.724641 1.42749 2.44558 3.74284 5.23128 6.76601 8.19106 9.42971 10.4644 11.3763 12.1597 12.8255 13.3388 13.7236 13.9692 14.148 14.2975 14.4513 14.6309 14.7984 14.894 14.8542 14.6677 14.3449 13.8411 13.1094 12.1239 10.8748 9.41225 7.80983 6.10789 4.40225 2.86295 1.60331 0.734355 0.259178 0.0534106 0 0 0 0 0 0 0 0 0 0 0 0 0 0 0 0 0 0 0 0 0 
0 0 0 0 0 0 0 0 0 0 0 0 0 0 0 0 0 0 0 0 0 0 0 0 0 0 0 0 0 0 0 0 0 0 0 0 0 0 0 0 0 0 0 0.00705615 0.037506 0.137021 0.367177 0.800067 1.4734 2.38045 3.44685 4.56692 5.65664 6.6948 7.73829 8.74328 9.6393 10.3353 10.8292 11.1139 11.2969 11.4335 11.5647 11.7146 11.8369 11.8519 11.6702 11.2608 10.6286 9.76664 8.71259 7.5218 6.22839 4.91097 3.66533 2.52449 1.55118 0.827901 0.350131 0.108434 0.0213744 0 0 0 0 0 0 0 0 0 0 0 0 0 0 0 0 0 0 0 0 0 0 
0 0 0 0 0 0 0 0 0 0 0 0 0 0 0 0 0 0 0 0 0 0 0 0 0 0 0 0 0 0 0 0 0 0 0 0 0 0 0 0 0 0 0 0 0 0.00712958 0.0378129 0.134114 0.347959 0.718708 1.23542 1.85677 2.53068 3.25573 4.0741 4.9342 5.72994 6.3539 6.78588 7.02254 7.16366 7.26086 7.3486 7.44608 7.51446 7.48372 7.27276 6.84723 6.20903 5.38249 4.45524 3.52281 2.62625 1.81587 1.14792 0.629607 0.283359 0.103478 0.0206007 0 0 0 0 0 0 0 0 0 0 0 0 0 0 0 0 0 0 0 0 0 0 0 0 
0 0 0 0 0 0 0 0 0 0 0 0 0 0 0 0 0 0 0 0 0 0 0 0 0 0 0 0 0 0 0 0 0 0 0 0 0 0 0 0 0 0 0 0 0 0 0 0.00524159 0.0279992 0.0926711 0.222535 0.431451 0.711577 1.07066 1.52402 2.03126 2.51134 2.88999 3.14823 3.28535 3.36316 3.41367 3.45682 3.50332 3.53073 3.49718 3.35323 3.07545 2.66373 2.14392 1.58935 1.07882 0.648032 0.32677 0.132213 0.0329625 0 0 0 0 0 0 0 0 0 0 0 0 0 0 0 0 0 0 0 0 0 0 0 0 0 0 0 
0 0 0 0 0 0 0 0 0 0 0 0 0 0 0 0 0 0 0 0 0 0 0 0 0 0 0 0 0 0 0 0 0 0 0 0 0 0 0 0 0 0 0 0 0 0 0 0 0 0 0 0 0 0 0 0 0 0 0 0 0 0 0 0 0 0 0 0 0 0 0 0 0 0 0 0 0 0 0 0 0 0 0 0 0 0 0 0 0 0 0 0 0 0 0 0 0 0 0 0 0 0 0 
